1000 9813 0
49 192 104 222 278 390 494 497 568 648 959 981 
241 940 956 965 980 21 25 81 191 199 267 315 332 343 425 440 469 477 565 569 731 763 873 880 892 926 929 977 
189 419 48 86 153 230 451 697 718 752 829 835 935 
530 708 34 38 103 163 198 374 603 786 975 997 
8 84 781 61 103 146 164 167 199 205 238 299 512 609 665 735 787 815 836 962 
569 846 187 309 367 407 480 496 676 729 745 784 791 
230 569 662 932 25 42 98 149 195 213 249 318 345 388 446 490 543 545 556 645 675 805 860 
5 155 482 628 16 83 89 100 142 190 204 296 475 848 850 885 984 
32 115 320 388 451 538 796 861 39 67 92 109 117 118 127 150 154 167 192 242 252 266 283 345 377 468 481 526 528 563 585 616 653 658 673 680 707 783 799 820 822 834 850 903 
390 659 73 180 299 544 579 708 813 823 843 845 961 
368 19 42 249 529 671 704 731 838 972 
280 307 327 765 839 847 18 66 90 93 117 128 158 201 234 313 338 410 483 550 622 657 685 687 702 797 821 843 885 903 944 
104 302 78 208 238 286 304 424 539 616 736 779 793 829 
116 210 804 989 44 64 87 254 310 404 410 423 704 707 728 744 813 863 870 873 926 978 
107 829 34 158 191 253 297 429 563 566 670 695 830 941 957 
307 373 409 8 33 38 240 266 335 395 402 404 432 456 518 612 645 708 870 938 
275 856 249 534 542 624 677 687 715 834 924 
549 804 12 101 318 322 339 493 531 607 692 741 824 844 
725 11 149 158 226 404 408 511 872 923 
803 986 160 327 469 517 522 540 565 583 760 806 816 848 
526 604 696 2 83 136 216 284 323 416 439 547 649 674 691 822 835 868 926 976 
94 120 394 452 638 690 50 91 102 113 142 151 238 251 255 263 380 477 497 539 592 698 716 757 762 796 797 806 837 848 871 906 963 968 971 
751 787 55 394 402 403 479 675 701 772 902 903 
148 873 68 95 171 203 382 437 471 507 748 839 
213 459 643 653 663 911 7 2 28 61 62 79 157 251 302 304 385 414 465 483 526 550 582 650 693 695 750 784 872 876 878 907 935 
111 119 837 963 42 55 69 143 171 276 286 295 367 458 509 723 737 780 791 807 907 988 
205 770 926 43 61 75 82 222 252 485 520 725 729 760 856 860 992 
424 455 529 602 895 25 85 86 87 111 142 165 173 251 302 441 486 504 583 608 609 611 692 711 715 779 838 855 912 944 
41 100 794 31 284 360 404 442 467 759 763 945 
149 307 327 90 96 103 110 671 867 882 920 
913 29 38 133 302 711 727 746 783 784 
9 281 133 415 482 696 797 822 831 883 959 
231 626 16 43 44 76 189 350 508 571 589 623 681 856 925 
573 589 928 950 15 4 208 237 249 424 511 639 698 711 750 841 
37 75 207 235 348 380 695 800 89 108 131 144 159 176 302 343 347 391 431 488 534 547 589 621 625 641 746 758 779 801 804 831 843 846 867 898 916 
120 122 630 807 108 133 193 237 269 305 426 548 565 575 673 711 845 870 882 905 927 948 984 991 
35 262 174 187 244 428 459 527 904 928 972 
414 584 31 16 4 419 479 607 660 802 889 934 963 
70 92 308 419 429 528 977 9 52 59 192 215 241 252 293 385 402 415 422 431 454 499 524 584 797 833 838 841 863 917 983 
64 69 189 213 788 76 207 251 268 279 314 320 404 455 479 495 526 543 639 674 692 860 873 897 949 985 
29 209 220 319 368 508 542 602 727 999 
217 278 286 358 406 494 938 26 11 7 71 120 259 322 347 366 396 416 424 436 542 587 616 622 682 726 736 806 893 941 961 976 
113 242 457 466 519 584 709 907 955 33 27 52 81 87 167 205 211 293 295 304 315 318 353 365 366 385 390 415 428 431 452 465 492 528 571 581 607 614 616 618 680 695 762 776 797 804 876 935 950 
415 461 547 33 14 100 111 123 280 374 431 440 730 832 862 883 892 912 997 
266 856 910 65 130 142 262 274 330 372 382 416 530 545 576 628 917 971 
111 726 783 62 85 98 258 270 289 381 469 489 543 732 811 858 904 965 
300 410 495 75 248 370 375 415 421 552 798 881 898 918 949 950 
483 640 677 3 118 163 191 196 304 308 448 467 555 577 584 596 695 974 977 
1 366 899 216 267 316 360 410 419 449 450 461 517 726 770 788 913 926 947 
247 22 121 259 285 289 533 552 710 839 
528 911 59 108 455 607 647 747 769 939 958 971 
87 359 440 731 776 806 43 39 69 82 175 289 303 318 362 387 491 556 589 692 717 743 853 860 882 980 
569 708 818 103 180 249 251 372 407 408 415 496 545 549 711 759 773 973 
429 1000 60 239 326 405 430 442 471 700 747 
171 356 552 608 839 961 26 23 82 154 155 286 315 330 366 375 394 437 439 445 455 544 554 591 606 740 747 819 881 895 943 970 984 
526 66 100 108 511 523 530 555 607 729 
279 422 67 163 189 252 276 362 445 596 672 838 890 930 
234 323 340 511 726 98 127 213 231 254 287 295 583 601 603 607 610 612 615 699 700 770 814 862 889 923 990 
296 321 416 474 646 694 836 51 39 75 98 121 189 210 270 285 386 459 511 528 556 574 595 621 628 649 650 676 678 684 728 772 780 782 814 823 838 880 909 950 
498 834 54 107 215 452 479 543 598 630 789 798 846 
167 304 424 455 529 768 27 25 5 66 98 258 263 288 366 486 519 612 641 643 679 685 704 724 798 799 838 866 869 878 882 897 972 980 
296 474 46 25 86 112 167 246 635 847 928 
437 575 760 108 153 256 294 429 480 481 581 606 612 663 668 699 736 765 811 881 
40 225 528 653 707 756 855 900 953 14 95 116 175 208 229 241 262 265 291 318 345 379 405 411 470 530 543 566 587 651 652 690 732 752 761 815 820 854 901 913 987 
179 310 367 45 100 131 278 365 404 481 528 534 587 604 663 779 950 995 
126 267 61 56 12 73 145 201 261 468 530 537 751 
125 185 189 225 267 900 953 57 9 127 135 138 193 226 240 255 303 306 318 320 340 374 392 428 470 473 505 540 640 662 692 723 730 746 766 848 904 961 
529 823 848 24 125 332 347 405 507 597 694 732 863 867 888 911 
40 594 615 52 26 81 115 259 377 386 665 689 793 873 912 914 954 
39 856 142 190 203 265 427 444 603 664 766 
321 592 686 836 42 177 194 195 353 587 679 693 773 785 838 881 897 
158 284 802 978 167 234 254 280 354 527 579 604 632 729 812 908 998 
898 990 10 66 86 236 395 490 737 780 922 
327 552 894 937 324 443 474 609 641 671 707 735 913 932 954 963 
35 263 319 598 692 701 47 59 27 115 146 170 215 223 256 364 381 401 421 429 471 514 531 556 669 700 723 781 857 876 962 
121 375 422 571 40 33 103 171 228 414 509 527 549 615 616 633 644 750 913 920 927 
552 83 101 338 606 651 696 766 946 967 
429 589 977 13 120 192 229 375 403 420 422 552 591 632 654 774 831 907 963 978 
294 711 25 81 246 256 267 356 423 507 634 870 
328 535 792 875 172 223 249 303 307 362 446 462 549 556 558 620 627 652 793 796 818 940 976 
138 742 975 69 43 2 79 115 154 172 229 301 359 589 634 721 930 
165 387 449 463 550 763 52 27 55 91 98 120 177 181 230 249 284 318 321 323 334 343 392 430 488 559 583 637 738 907 996 
424 476 575 693 848 979 21 77 8 174 296 318 321 322 361 369 416 430 503 550 603 608 723 736 797 841 847 853 907 953 980 
5 128 145 257 516 108 222 249 278 321 362 378 390 402 406 423 501 540 680 711 753 868 957 959 974 997 
158 748 879 993 28 46 171 194 277 297 331 479 488 491 529 600 645 671 712 733 804 919 992 
129 246 249 261 730 752 815 862 976 3 28 73 62 93 131 137 154 170 187 205 223 253 304 327 337 366 393 408 606 610 620 624 644 650 658 670 682 700 718 726 778 788 819 891 900 906 926 937 963 987 
52 226 248 606 671 28 14 43 95 167 201 203 255 279 399 497 498 527 532 546 589 651 667 787 834 894 902 991 
173 599 905 90 240 424 587 666 736 909 942 954 
364 754 8 35 221 327 425 537 541 615 636 809 955 
304 437 88 12 30 114 189 381 463 483 576 584 834 950 963 
361 499 22 82 201 252 255 683 708 820 839 
39 93 9 116 137 432 539 591 738 909 945 955 958 998 
92 227 275 389 743 86 12 121 134 153 218 238 315 316 343 464 467 563 665 684 711 780 784 848 923 981 983 994 
22 120 150 108 165 303 316 511 603 712 725 810 818 829 908 934 
98 206 405 479 789 838 64 24 87 106 117 129 143 167 245 337 390 404 465 482 487 491 520 529 544 546 554 711 726 850 856 865 872 901 935 
367 474 954 974 30 252 264 274 291 369 437 441 487 508 567 581 668 739 763 788 837 936 
538 877 228 455 543 799 807 821 870 950 982 
95 285 479 531 858 82 46 61 59 7 58 197 251 323 347 358 468 483 551 606 702 752 792 830 914 999 
274 933 207 267 424 436 510 559 610 671 747 876 989 
29 231 255 578 698 703 794 904 966 56 65 44 8 132 157 158 202 235 239 251 252 259 345 355 376 529 544 551 562 610 641 726 734 755 761 793 845 896 935 940 950 963 
302 618 18 77 195 233 268 319 737 747 805 859 963 
420 710 854 22 115 254 295 349 390 403 410 501 584 732 818 820 857 876 913 
200 365 473 483 714 815 5 53 30 4 76 109 134 157 177 192 207 236 269 271 292 354 535 615 723 834 938 
13 583 958 1 148 165 190 277 316 336 455 458 568 620 704 721 727 886 891 
197 873 912 157 236 255 308 335 477 480 531 554 556 603 664 667 682 839 959 
114 940 95 165 234 249 258 480 631 642 727 749 856 972 
15 569 888 913 60 169 172 297 312 455 459 472 568 589 633 726 743 757 775 836 838 853 906 942 975 
294 413 607 675 711 805 94 63 84 35 56 36 51 146 149 175 246 284 321 374 408 424 504 530 551 553 581 587 659 757 864 928 933 948 
687 834 9 103 254 276 480 499 527 632 727 
400 729 962 30 122 168 178 202 278 288 299 457 511 663 693 756 852 912 
46 26 315 726 44 28 153 224 290 366 390 420 563 584 808 841 968 
185 189 679 756 948 62 120 205 222 255 323 329 366 369 374 703 759 770 798 799 805 806 807 888 941 949 
43 542 22 124 176 262 348 434 529 592 795 913 963 
106 367 90 126 174 353 491 700 709 730 772 908 916 958 961 
9 193 281 538 894 75 102 69 81 158 222 234 435 439 447 481 484 507 596 609 635 671 693 710 760 783 872 957 975 981 
14 435 986 992 92 64 142 152 270 277 322 384 410 468 509 559 575 584 770 900 908 909 960 
165 396 491 550 930 942 967 12 95 9 129 157 179 235 254 267 305 322 346 401 509 527 580 583 630 632 690 698 719 775 778 830 920 954 961 963 
201 344 48 9 217 243 400 447 739 822 888 914 924 932 
26 262 121 297 471 538 543 652 668 718 791 
36 22 94 122 735 807 890 112 78 82 42 172 227 276 294 345 380 405 420 451 464 468 494 663 692 713 722 740 750 769 789 795 818 834 841 842 857 871 880 984 998 
76 317 471 604 636 780 50 119 59 93 157 180 187 219 221 304 316 337 511 543 576 597 652 669 709 716 770 798 923 940 972 988 
36 120 439 481 824 110 182 187 191 232 261 303 309 310 323 327 352 389 569 572 581 626 627 648 753 759 767 969 
433 444 735 779 44 134 160 192 282 286 410 415 545 557 567 607 609 833 835 850 901 916 923 954 971 
480 113 174 251 294 307 365 727 797 936 
67 397 707 68 254 415 422 520 971 989 992 
66 589 114 262 338 387 455 690 812 861 969 
382 443 499 742 9 58 67 203 263 284 345 470 477 478 497 541 593 598 635 674 729 794 807 893 894 
84 317 12 234 240 263 297 429 459 567 619 656 784 856 
86 254 350 361 95 117 158 166 179 189 198 279 284 388 436 461 527 581 711 743 885 
471 604 830 45 149 251 411 416 500 543 592 700 725 799 832 845 892 907 977 
223 335 390 392 624 86 65 35 149 180 239 246 264 422 505 587 623 633 675 709 757 780 824 847 859 890 939 955 965 
258 535 981 100 164 227 302 326 341 565 644 741 838 846 864 919 
479 583 32 36 31 390 548 550 679 723 785 879 880 916 961 
665 943 103 123 93 302 349 386 512 543 653 907 926 
671 750 852 67 286 297 323 468 479 598 722 744 895 915 951 996 
290 757 21 229 346 424 628 632 659 663 736 815 828 939 
297 531 583 86 92 184 325 360 368 374 420 445 551 569 614 737 963 997 
81 204 245 67 165 171 227 238 297 315 327 434 447 668 720 896 905 907 932 
569 818 186 297 390 477 714 775 856 887 967 
304 376 432 164 262 285 296 351 390 416 453 467 477 578 604 611 637 776 782 869 
399 468 941 461 464 503 672 705 856 879 906 990 
181 263 462 116 8 28 22 70 45 213 306 395 495 579 662 673 
615 637 881 95 26 193 284 307 526 587 662 745 807 848 891 968 993 
403 762 35 165 279 301 659 664 691 711 841 883 955 
84 338 374 471 612 66 158 159 225 234 274 288 303 305 436 445 458 560 589 616 707 726 770 786 789 856 
190 939 5 108 75 246 407 519 567 584 747 848 881 900 
807 172 261 368 372 631 680 696 769 840 
24 750 104 238 304 321 362 389 543 687 718 724 838 872 897 
30 171 295 131 108 130 19 7 235 304 368 483 750 757 838 919 
94 439 9 211 422 578 624 715 728 848 865 
855 867 22 207 327 514 515 535 546 668 774 836 916 
184 688 116 483 523 686 789 829 857 872 963 
244 414 542 812 841 907 955 3 63 111 93 167 175 323 359 366 429 436 442 456 504 540 556 599 637 733 740 789 839 894 932 999 
530 708 818 55 81 86 9 244 307 339 422 558 586 675 694 778 855 
8 196 865 55 166 228 365 428 862 920 954 
865 183 188 361 508 611 665 671 737 947 
263 511 564 567 598 689 934 103 105 100 25 121 117 187 201 317 370 549 552 571 573 610 668 748 757 766 789 859 870 879 971 995 
72 85 568 802 115 145 19 100 129 12 15 171 222 274 278 281 352 386 476 480 535 583 596 679 
469 35 145 172 385 609 665 867 910 928 
340 511 123 20 449 497 554 587 810 818 928 947 958 
422 571 334 349 363 416 418 540 581 722 735 859 928 978 
272 474 327 370 422 545 594 638 796 826 958 
187 685 48 4 57 271 421 500 607 623 689 774 848 885 
806 810 852 132 140 5 353 373 468 489 812 813 867 884 944 954 968 973 
117 82 351 491 967 104 144 94 106 28 138 255 297 327 435 441 445 479 502 526 631 632 645 659 663 704 902 921 
954 965 155 129 361 420 453 493 624 712 778 781 785 786 787 
61 304 345 424 455 674 760 778 990 87 95 62 153 43 5 9 72 175 176 195 255 265 269 296 303 373 397 429 441 480 508 517 526 542 550 556 587 610 617 639 719 813 818 938 940 947 
507 559 636 110 222 258 318 445 455 583 632 642 728 747 788 807 894 954 969 
549 982 107 263 292 361 402 493 558 581 790 881 
485 972 75 86 180 281 283 337 512 668 737 
149 55 281 295 425 562 922 138 85 24 158 76 26 198 203 234 245 254 273 279 429 493 540 586 598 653 757 828 907 930 950 993 
486 616 925 120 159 81 147 80 107 225 318 858 
88 28 397 564 697 698 788 790 815 817 
322 527 632 723 736 83 37 124 114 265 310 409 474 476 555 586 612 621 671 686 762 779 837 841 883 899 900 950 
759 153 52 167 64 108 302 661 757 883 
302 583 35 167 113 182 238 328 416 652 672 807 835 966 
329 464 82 71 103 193 229 489 519 575 633 667 789 937 
790 791 110 262 326 359 372 394 436 466 671 913 926 953 
65 980 129 117 198 251 418 530 589 800 846 904 
523 534 751 794 121 131 53 10 170 187 212 253 260 283 457 548 550 707 739 747 750 856 964 972 
142 82 204 275 379 583 623 740 822 872 
218 222 698 176 122 201 468 592 676 808 818 859 
957 156 191 222 296 366 402 480 528 651 
152 856 137 258 276 408 450 848 923 939 940 
112 67 648 257 274 302 303 320 321 358 362 431 479 552 662 697 718 757 
194 628 139 327 332 401 424 511 620 627 704 729 
163 211 585 762 845 944 991 121 180 86 37 122 6 157 197 199 202 210 259 324 339 362 483 563 606 657 665 681 682 690 739 757 758 806 829 864 865 901 916 
896 156 294 310 429 525 603 662 854 856 
40 3 112 67 596 688 881 950 90 33 59 57 129 202 240 261 271 276 286 294 345 369 438 448 457 514 552 556 562 610 656 723 733 747 782 797 876 912 954 959 978 997 
146 544 104 8 70 346 709 798 842 884 970 977 
393 462 800 183 15 122 48 2 304 437 444 456 471 690 770 814 831 849 944 
1 464 652 697 716 960 78 39 9 123 103 237 253 276 284 310 374 387 403 408 426 503 563 572 588 618 643 699 719 807 835 846 975 
115 327 506 581 876 897 177 36 67 143 218 238 276 387 392 426 480 484 497 616 632 751 761 788 888 916 
186 865 85 71 238 474 691 732 757 911 958 
685 762 7 71 167 101 336 490 514 655 772 913 
155 48 228 304 532 719 750 848 912 996 
105 224 427 912 98 187 250 257 258 326 469 514 542 685 984 993 
387 400 729 745 179 171 129 4 321 437 455 481 540 573 623 631 632 754 780 793 887 936 965 969 
502 607 675 2 187 5 235 270 407 528 530 630 651 657 751 928 966 971 
103 361 740 218 234 260 341 535 684 727 757 
118 291 318 87 66 182 91 157 12 239 245 550 726 779 802 807 856 905 946 
622 187 100 110 189 302 480 592 733 773 
257 612 24 70 127 171 87 238 435 439 469 856 975 
138 246 483 181 8 331 583 668 914 968 982 
27 322 545 659 724 983 86 5 112 43 245 265 315 371 380 405 419 430 435 471 569 586 610 611 626 634 676 713 818 827 837 869 874 900 913 
95 574 238 258 471 599 652 655 727 792 856 895 932 
35 235 319 99 151 103 40 249 316 378 603 648 666 734 746 835 932 979 
598 13 64 34 374 477 517 634 815 990 
395 530 41 407 410 426 442 545 583 649 950 951 967 
14 739 59 187 389 413 439 459 604 927 963 
187 468 497 544 971 972 43 150 255 367 408 429 479 533 614 630 665 833 837 874 876 924 956 961 965 970 977 
509 180 321 326 333 388 711 783 875 923 
40 25 7 58 142 268 531 657 805 878 886 965 996 
315 777 336 529 530 586 614 641 805 838 975 
565 913 75 39 60 238 471 690 810 849 850 908 938 
271 584 720 49 21 221 235 435 471 626 721 803 821 846 853 958 
42 118 222 265 343 421 663 958 972 988 
182 654 93 200 193 290 461 575 597 721 723 824 894 
355 743 121 272 315 320 380 449 474 654 849 852 
454 41 251 276 416 421 484 511 583 813 
235 689 216 89 121 475 525 559 582 821 961 
182 255 274 408 682 746 787 904 915 183 115 27 112 168 158 84 1 217 233 266 470 485 511 538 583 596 627 671 687 690 709 719 776 843 856 864 866 892 894 896 940 
131 819 926 80 86 75 318 376 455 497 511 638 663 714 780 788 869 894 937 
197 671 111 372 418 679 688 791 817 893 977 
64 67 910 928 145 172 281 342 368 384 422 496 515 524 553 584 668 695 748 762 899 935 954 
87 741 871 67 19 329 347 350 394 399 531 558 706 707 736 849 897 928 
93 950 138 132 120 321 579 597 649 846 905 
436 496 692 196 97 155 76 242 302 347 366 396 804 810 833 869 936 983 
316 372 383 918 926 78 81 177 136 64 278 311 321 348 378 395 408 442 452 489 530 552 598 677 714 715 763 897 925 937 
7 829 82 3 516 542 549 765 856 938 965 
33 100 58 246 285 321 410 417 469 587 604 750 857 895 928 
596 619 756 881 900 950 122 244 282 304 320 352 390 401 425 431 432 463 471 506 583 662 716 848 902 971 
658 806 101 222 255 416 508 513 535 555 610 711 743 896 954 
58 616 667 726 837 72 145 128 115 12 200 171 106 237 326 356 451 568 569 570 662 721 751 757 847 855 950 996 
35 221 207 263 288 216 117 199 149 100 246 338 466 505 523 529 577 585 611 652 707 748 764 838 844 931 935 943 
430 864 105 73 103 335 421 501 815 860 911 
336 732 886 965 234 192 36 34 276 392 409 468 515 597 664 717 726 787 876 930 977 986 988 
251 370 466 627 709 841 955 957 193 138 13 194 206 5 215 203 93 176 22 148 254 304 364 421 449 486 494 508 621 651 675 719 723 768 798 805 824 864 915 929 934 971 995 
447 604 612 54 100 201 131 300 356 415 454 472 514 540 560 750 846 857 898 
254 361 386 410 431 88 16 128 67 189 248 330 340 408 528 554 598 603 656 659 709 722 729 823 873 943 995 
2 461 831 39 64 251 386 476 671 736 812 844 
43 228 9 364 531 576 608 653 702 710 
556 577 675 921 118 284 304 436 511 585 660 680 692 723 737 740 865 895 900 935 938 946 
153 457 866 154 232 37 246 472 493 587 600 607 608 665 780 832 903 958 998 
138 522 587 714 815 95 171 201 205 258 271 390 434 446 500 581 615 619 675 688 768 774 807 839 930 978 986 
86 204 443 454 521 79 231 244 235 62 131 146 108 281 327 358 469 478 566 606 651 675 699 727 817 843 887 890 909 958 
50 280 468 533 574 690 712 806 941 983 
87 359 606 47 240 278 529 569 662 700 837 973 
86 343 509 935 106 7 17 82 53 80 11 207 34 84 266 418 554 760 909 932 958 964 972 974 
543 544 947 197 374 415 552 562 613 632 675 686 757 771 799 825 908 909 946 973 
238 542 793 812 907 946 984 100 124 28 98 22 25 130 241 179 53 40 220 266 321 361 455 553 572 590 597 721 783 796 888 895 900 902 908 916 924 975 983 
413 512 554 645 704 805 968 27 91 100 57 39 9 96 270 299 327 339 341 342 399 412 431 436 455 481 545 550 557 589 603 632 651 714 783 785 839 889 948 975 
486 660 726 963 180 192 15 86 407 492 518 552 596 739 806 981 987 
129 240 350 587 924 171 58 117 125 102 109 14 238 72 390 531 537 563 598 623 665 761 797 839 842 957 982 984 995 
222 100 408 534 626 746 753 791 211 22 112 233 167 87 105 67 91 165 266 280 312 327 356 373 441 475 511 549 591 601 604 660 719 747 766 768 805 844 940 953 970 
995 63 79 75 384 428 610 779 832 978 
84 203 471 185 197 306 506 509 600 689 805 989 
132 269 480 651 665 892 206 245 197 106 168 184 61 46 265 315 466 509 528 591 724 826 858 901 956 963 
277 100 187 50 42 69 530 725 737 963 
571 200 180 323 329 583 606 686 752 816 
86 347 122 147 189 66 459 647 793 805 956 961 978 
37 119 352 368 598 178 45 126 140 64 113 304 366 422 474 480 553 584 591 596 659 725 761 789 874 894 899 
235 157 75 142 418 486 520 959 22 128 127 61 169 276 296 297 310 313 329 365 396 401 409 439 445 453 477 504 534 535 587 716 741 761 788 789 826 894 897 906 910 911 914 955 967 
282 843 96 131 376 412 431 583 621 658 897 913 
876 995 174 64 167 205 70 258 217 323 350 584 860 885 934 
45 459 619 643 255 16 222 249 9 251 316 369 376 430 532 551 577 610 680 689 709 730 755 779 978 
67 66 117 79 49 2 99 401 422 727 737 793 805 913 954 
422 471 40 213 101 326 363 400 446 544 651 768 834 933 957 
258 651 167 103 36 298 391 501 625 686 757 779 917 960 979 
513 569 668 811 996 252 46 199 116 59 364 483 528 535 612 727 729 754 792 803 813 838 858 882 894 968 973 
216 448 457 793 907 949 245 163 189 103 342 420 432 517 549 557 563 628 674 748 775 789 803 818 915 965 977 
162 797 940 219 323 356 439 501 513 539 545 730 761 850 948 981 
283 487 171 311 555 569 646 692 748 780 814 876 926 
99 222 737 799 96 158 185 145 45 275 365 391 444 510 615 647 690 706 764 881 897 950 
17 93 181 274 369 398 460 551 656 724 745 780 
684 792 875 892 120 263 193 192 109 189 57 184 220 237 26 280 350 385 432 497 587 975 
259 410 85 116 104 302 319 340 401 415 564 932 977 
42 306 494 549 739 248 110 229 84 65 1 158 313 445 463 482 664 715 788 871 977 
57 422 830 833 40 171 144 129 87 291 460 530 577 583 746 749 834 
12 560 603 839 72 44 276 255 247 285 322 535 536 606 750 776 783 890 910 918 927 
115 32 171 307 603 923 170 225 246 158 283 315 317 341 415 430 447 455 491 557 578 582 585 594 613 668 704 731 738 824 840 884 983 
264 318 232 123 287 311 452 614 648 807 912 
273 586 170 180 281 9 314 349 367 848 913 951 
72 417 553 572 732 813 851 917 945 127 108 129 82 21 192 143 243 29 327 338 383 410 430 491 525 530 540 542 544 603 616 674 734 737 738 745 750 760 783 787 800 850 862 873 902 955 987 
98 477 958 280 50 231 140 59 358 665 900 924 
42 494 738 739 13 123 26 55 189 135 379 472 560 595 610 755 794 800 865 869 901 
978 282 58 357 365 504 602 763 777 840 
235 726 110 145 61 394 526 615 727 735 742 829 830 895 
621 640 935 52 50 46 313 436 447 527 606 608 689 772 861 887 
136 748 218 111 312 434 442 477 583 807 837 
201 309 420 279 96 64 319 407 435 452 495 554 565 646 838 958 
493 684 169 103 297 307 395 420 430 625 888 938 
318 366 420 681 39 43 297 467 484 593 635 724 757 758 762 769 779 784 800 809 832 841 986 
79 108 369 512 711 968 63 120 189 188 124 416 440 449 474 477 515 569 603 620 626 654 689 856 905 982 993 
171 149 307 786 839 961 26 58 43 102 300 361 363 511 549 606 704 779 825 838 883 887 911 952 969 982 
59 62 398 415 474 263 83 8 183 167 140 319 349 448 475 515 638 640 644 711 750 815 900 922 936 977 
137 479 838 958 263 293 138 139 165 107 119 85 135 292 15 128 433 467 530 569 737 764 766 936 
488 269 327 391 453 730 739 746 820 966 
336 428 5 10 110 252 490 604 710 854 890 908 
47 587 714 295 239 428 438 489 526 535 537 957 
387 563 144 81 363 468 479 556 716 736 756 820 
13 176 101 314 426 479 508 583 618 789 185 31 175 134 132 25 35 202 228 28 277 310 376 428 496 511 513 585 640 648 650 672 691 711 715 776 785 815 822 835 862 941 950 962 979 984 
305 468 544 580 585 122 185 52 167 80 67 94 145 427 450 487 528 552 568 581 703 760 909 913 940 951 953 992 
61 167 140 90 345 455 760 979 243 25 86 121 191 262 148 43 232 13 149 48 196 238 320 385 398 431 506 535 556 607 683 686 689 692 720 751 794 797 802 876 888 913 924 999 
303 840 845 36 145 117 345 365 420 604 610 837 
278 761 982 257 142 67 368 434 469 548 601 645 740 756 787 848 897 907 965 985 
281 30 12 16 295 839 905 906 80 143 292 124 154 315 321 344 363 380 394 395 397 411 424 432 439 442 463 474 526 547 554 589 622 665 698 725 772 782 784 818 907 913 933 
39 648 48 105 328 403 461 509 536 672 677 680 709 837 865 
291 377 644 122 6 313 368 373 390 461 552 619 726 798 813 824 873 880 921 959 
65 686 917 965 174 122 14 263 302 192 188 331 422 518 529 929 
354 953 229 282 273 378 412 424 483 522 540 641 736 870 
346 365 107 290 255 320 367 441 563 818 928 933 973 
335 392 532 545 723 309 278 12 289 263 352 395 459 507 525 551 554 587 611 668 679 687 697 717 748 969 
302 324 283 40 316 335 602 651 687 697 732 771 802 957 
111 214 323 368 496 576 860 205 138 93 43 258 281 219 55 307 2 322 366 373 416 443 445 464 507 561 562 571 583 608 631 675 679 748 789 794 869 871 984 
229 659 661 723 94 104 266 314 207 121 49 93 325 348 367 428 429 511 658 707 716 737 999 
128 121 281 157 407 442 652 688 901 930 995 
282 293 201 363 644 652 670 172 168 82 223 43 7 18 83 67 52 64 328 459 496 501 512 557 571 695 755 797 806 807 810 897 916 953 986 998 
207 75 462 567 296 41 101 291 277 357 397 427 480 534 538 571 615 621 652 727 754 780 799 916 
9 923 312 67 40 304 185 219 232 410 512 530 663 900 
59 71 498 566 732 771 797 813 980 108 83 229 307 185 82 212 148 227 251 84 231 198 366 394 432 434 482 501 554 608 610 615 619 651 652 673 718 729 779 850 856 860 880 901 916 920 933 934 987 
205 174 446 595 820 901 983 116 315 18 280 83 117 42 327 411 417 445 528 549 552 569 598 652 678 711 731 732 809 818 837 860 877 895 897 900 940 955 957 
58 315 616 692 153 260 272 82 112 21 265 135 122 98 411 572 603 632 659 664 704 876 926 941 955 
314 187 74 416 556 607 757 847 871 900 
806 316 137 483 515 605 770 920 965 977 
506 593 809 268 132 178 54 212 234 197 379 406 408 471 487 522 928 977 
12 30 193 74 360 570 700 839 897 298 322 246 20 284 86 252 165 186 151 162 89 122 138 255 370 374 378 413 415 441 445 450 452 471 535 543 547 616 617 646 672 714 731 740 748 844 916 931 942 958 
80 535 308 176 318 381 485 561 614 670 757 761 839 936 
177 366 586 112 263 226 260 375 571 608 916 
352 959 240 45 55 372 422 678 809 913 928 
491 930 310 85 204 368 383 487 609 676 709 770 868 876 893 
680 68 186 2 334 396 593 663 760 965 
909 936 212 459 652 655 684 742 751 839 841 900 965 996 
483 795 82 161 332 418 876 901 971 984 994 
131 313 870 901 16 105 314 236 387 443 520 552 689 692 767 851 882 
237 299 974 195 104 214 345 346 623 841 926 
515 870 95 170 86 121 474 566 583 695 732 767 982 
145 507 571 235 284 12 126 77 735 818 862 957 
410 483 490 587 591 832 919 187 18 252 154 366 429 511 549 580 606 698 711 716 738 809 822 839 859 871 885 908 950 963 965 999 
58 160 576 277 67 240 342 360 367 390 498 613 743 854 878 995 
472 476 281 252 132 200 363 436 521 551 677 751 762 779 
468 939 340 225 271 252 442 556 595 816 827 870 
249 483 591 93 35 2 82 217 372 569 648 685 757 762 772 779 794 908 965 
118 579 854 307 359 466 475 646 729 737 793 794 830 875 894 945 947 965 
304 167 664 823 336 64 127 120 189 9 7 100 305 390 401 635 646 691 692 729 739 815 911 912 965 
312 431 117 190 336 136 363 457 595 659 888 963 
261 808 228 98 68 35 226 42 491 606 703 789 
35 598 689 882 229 113 316 362 366 403 492 522 534 540 554 571 705 707 762 787 945 960 961 994 
919 985 102 134 283 296 161 356 482 563 704 831 905 943 
254 129 276 265 226 33 367 487 736 974 991 
165 563 140 381 512 551 711 734 736 740 802 839 983 
330 262 695 997 122 232 313 158 366 498 739 805 855 888 933 945 981 
529 674 760 164 71 43 114 540 787 850 901 916 
311 707 977 72 103 361 393 414 420 435 655 772 807 823 836 840 940 
219 977 100 471 479 612 621 655 660 755 787 897 912 
55 634 647 239 234 255 349 272 79 448 483 565 584 600 649 747 882 886 954 
580 971 287 319 415 530 603 610 656 689 779 872 905 938 983 
42 761 982 246 285 98 185 361 386 433 609 924 
248 52 649 852 153 178 344 81 368 376 382 431 563 607 654 674 797 809 816 841 950 958 960 990 994 
327 849 340 29 49 137 404 422 557 616 668 825 940 
129 240 200 91 378 410 358 156 354 166 251 83 169 295 384 478 496 511 523 529 551 571 599 642 662 700 756 789 806 873 880 931 971 
531 618 958 998 57 52 348 148 84 187 185 80 418 459 468 483 493 562 612 662 664 782 859 923 991 
318 430 681 307 268 295 161 341 301 346 482 506 646 661 675 747 753 805 850 928 
89 738 238 75 270 242 489 552 571 820 953 963 
103 312 784 808 274 65 43 305 287 124 263 155 366 437 475 478 535 539 623 632 704 926 999 
49 329 293 402 445 710 727 764 987 43 61 348 321 315 55 183 339 42 111 365 352 86 112 153 262 228 401 412 483 505 521 563 576 613 628 636 637 642 701 726 728 789 801 815 861 888 926 980 992 
96 65 114 401 732 748 6 350 26 283 211 316 340 312 382 394 435 445 481 573 583 605 607 659 707 718 755 777 862 894 895 911 986 
11 262 315 557 726 927 137 331 225 309 306 359 149 41 147 430 550 665 677 686 736 758 812 815 901 917 933 
294 442 607 675 805 266 189 112 96 275 83 390 408 429 550 583 647 723 846 909 981 
238 957 162 47 327 157 463 470 512 656 760 815 947 959 
409 603 205 460 575 739 821 840 870 873 881 912 959 980 
229 909 926 330 147 224 178 53 45 343 419 511 549 582 588 696 703 735 797 823 
16 570 167 309 164 255 315 493 500 504 505 548 569 823 953 
145 471 780 67 112 208 192 44 137 250 108 327 4 573 722 759 935 
76 526 78 47 55 329 395 414 416 573 683 870 886 919 926 
140 760 359 266 264 100 302 223 467 557 616 726 764 956 977 
309 402 611 652 69 9 452 505 532 535 618 690 723 797 802 963 
361 483 561 84 311 327 229 207 403 452 468 559 582 590 696 897 938 939 974 
711 921 968 64 286 326 181 382 480 615 803 
35 219 205 22 120 307 500 593 935 981 
581 351 75 328 46 90 621 692 736 795 
127 561 640 359 24 367 379 45 435 459 540 571 624 645 656 852 897 949 
229 736 331 284 445 538 594 645 667 694 806 814 929 964 991 
484 901 918 361 256 225 116 431 473 652 788 876 
736 909 25 39 43 159 276 304 430 431 600 780 952 995 
240 505 158 69 241 358 134 59 474 516 653 785 971 
301 82 198 52 126 192 335 193 407 466 569 571 675 752 806 905 
9 552 906 212 7 129 416 439 549 554 583 747 752 794 817 870 881 
93 642 653 122 148 210 490 633 752 813 839 859 
131 10 446 533 719 723 909 84 340 309 102 43 95 111 133 345 139 245 369 254 232 1 140 425 430 536 557 627 671 687 743 755 756 763 826 839 934 975 
421 766 901 274 298 269 35 468 474 479 508 529 628 675 706 783 842 912 916 939 
313 131 82 193 237 67 620 685 738 773 970 
191 354 86 414 541 570 589 614 778 829 
22 452 613 638 824 55 178 288 321 23 367 307 226 536 537 585 615 660 726 727 731 802 805 811 820 849 948 954 977 
209 530 635 662 668 821 844 913 916 375 307 313 142 16 73 229 292 424 430 435 474 485 500 616 639 681 731 750 756 764 781 832 837 839 851 859 900 923 929 944 965 974 
117 563 228 42 332 263 512 567 573 576 643 797 
125 601 911 928 319 173 307 167 430 433 480 483 563 590 606 612 625 635 689 742 763 815 854 
296 686 304 275 410 538 635 648 663 709 862 
141 633 685 87 226 252 408 429 453 467 491 589 719 754 808 938 
110 198 118 268 641 690 772 803 857 906 927 987 
367 474 797 853 886 366 117 263 277 75 232 267 345 186 429 439 527 528 558 560 612 685 689 717 833 841 972 990 991 
377 366 445 487 183 39 16 169 23 84 461 545 632 734 870 982 
144 497 544 633 863 939 102 192 378 308 348 78 23 476 510 583 689 694 713 721 815 818 832 833 836 839 856 894 977 990 993 
490 669 815 832 95 360 16 19 65 14 29 40 420 629 666 681 683 797 801 869 907 918 929 998 
95 477 838 64 120 54 205 68 584 607 616 699 709 752 800 895 965 977 991 
42 721 326 84 484 587 660 696 703 720 762 789 830 
591 621 850 924 387 253 291 53 146 209 6 199 317 563 816 940 
255 222 737 751 842 229 108 53 369 184 86 326 399 192 19 211 240 410 444 482 569 607 616 818 832 844 877 914 920 
16 371 263 237 174 419 488 533 797 941 975 
361 47 339 240 277 935 408 209 320 12 116 231 49 14 123 284 102 398 422 463 554 563 571 633 670 692 760 797 857 917 931 
461 474 566 64 323 130 307 322 430 441 456 640 788 908 960 962 
717 846 264 252 366 311 557 615 714 794 803 
252 108 556 327 210 443 449 471 506 531 629 818 819 853 877 991 
153 38 627 25 375 393 354 76 545 607 640 648 671 711 825 853 896 900 
296 44 590 686 732 917 47 123 357 281 250 32 277 327 53 125 43 39 239 441 442 483 518 527 535 583 598 640 642 726 737 782 784 805 806 
59 474 572 757 797 21 176 294 233 375 388 140 324 130 42 45 315 83 220 161 427 481 578 619 651 713 739 892 969 
284 885 322 231 443 570 626 668 673 824 902 
263 511 249 362 334 161 179 224 485 716 908 936 
3 39 856 409 38 205 372 49 575 695 732 795 814 876 894 989 
291 293 102 525 540 854 404 305 120 292 166 354 137 271 78 111 552 554 632 640 648 654 668 696 769 837 852 866 913 916 977 982 998 
391 475 724 736 819 820 926 47 75 220 238 236 163 217 422 481 488 521 540 542 569 575 581 641 656 722 756 757 789 855 916 
279 161 76 57 268 471 517 604 826 125 225 162 154 150 262 421 131 267 410 310 330 78 360 39 429 444 445 466 484 511 513 515 546 577 584 593 635 640 652 656 671 753 788 793 828 838 856 858 968 970 
452 735 79 14 84 563 744 762 794 806 968 
28 61 167 83 472 307 136 34 13 88 395 99 311 108 186 42 435 445 531 571 579 648 652 727 774 829 859 907 975 997 
171 906 923 390 232 89 2 502 733 762 830 964 
302 531 789 36 192 209 193 447 568 581 701 794 
197 750 303 319 416 70 431 598 709 710 769 973 985 998 
299 797 879 300 302 67 256 155 43 316 37 516 612 633 717 750 934 966 972 
54 78 39 459 594 601 663 756 977 15 63 75 153 369 316 401 167 339 128 399 188 171 211 422 442 455 470 535 542 545 583 593 636 651 671 701 705 742 764 871 895 916 961 965 988 991 
363 236 652 656 773 987 397 281 292 368 385 390 54 82 395 205 284 411 266 83 436 497 527 672 698 780 797 798 812 841 860 871 880 911 
240 346 744 850 384 44 185 304 385 39 232 252 264 427 43 35 359 432 622 760 769 773 791 903 
140 437 455 489 92 232 321 307 276 16 271 431 448 552 576 591 653 681 698 834 875 932 940 
123 779 297 358 397 626 726 729 761 762 855 933 978 
693 768 113 245 290 138 306 321 450 520 588 594 598 828 856 
116 721 754 938 205 165 424 354 395 216 115 382 291 203 367 786 837 884 908 915 925 
228 660 902 178 252 430 289 153 145 129 243 42 341 99 546 724 793 806 937 
63 432 90 365 55 198 96 24 191 636 702 
503 514 189 300 476 605 609 728 826 841 926 928 
150 122 452 718 307 55 388 115 210 263 401 203 272 21 528 587 594 696 721 724 797 864 996 
52 731 782 871 294 2 44 491 504 515 545 548 552 578 651 665 679 710 773 789 804 857 894 942 
605 617 715 749 882 963 165 327 167 411 312 96 28 415 255 479 528 530 543 668 678 720 721 773 792 799 803 806 833 851 859 864 917 968 970 
369 554 607 342 153 317 429 209 307 229 54 415 290 29 616 622 652 804 886 974 
246 127 862 417 74 413 315 335 455 554 615 667 699 707 920 996 
123 422 191 274 70 408 524 554 877 954 
366 402 500 540 727 327 367 383 315 137 55 145 263 322 165 57 422 278 424 168 462 512 695 767 856 875 903 932 
390 322 766 80 7 245 268 531 613 639 663 675 680 709 838 867 
239 524 281 115 289 138 118 426 508 900 932 963 971 
271 356 189 296 48 432 806 807 861 879 
82 691 49 413 294 238 219 160 505 535 629 812 814 834 839 
752 815 49 184 327 303 434 707 713 739 806 
9 562 3 234 120 531 563 576 769 787 845 
439 22 394 423 779 807 377 327 43 60 282 378 229 291 474 576 668 695 729 793 806 872 900 948 954 985 
876 166 298 140 399 263 605 868 935 971 
220 246 39 239 488 519 576 612 689 692 719 913 933 
167 432 304 28 61 602 848 895 443 126 55 97 104 252 251 51 168 429 198 281 107 40 223 502 511 552 576 601 625 793 837 847 864 890 940 992 
464 153 411 191 16 598 615 711 734 974 
271 43 244 709 346 189 180 110 605 615 638 661 670 690 772 896 
651 26 145 104 492 551 577 647 695 959 
25 429 266 504 629 663 881 900 950 261 210 107 128 318 313 382 362 333 37 59 489 507 518 533 537 545 553 570 576 585 606 635 661 669 675 686 694 729 765 805 818 824 841 864 893 919 933 959 980 
671 871 279 275 371 483 569 627 651 751 815 840 876 958 985 
44 411 241 218 309 49 141 308 402 129 684 900 
142 319 191 445 80 479 488 542 582 630 806 862 863 878 916 953 981 991 
82 278 232 410 370 90 307 598 636 916 
456 192 177 93 141 120 315 469 474 604 616 647 719 760 815 859 877 890 976 1000 
539 817 43 95 25 540 584 743 878 881 913 
238 43 584 387 235 178 422 258 344 499 529 590 669 875 896 958 
635 662 818 916 48 93 399 140 293 376 297 29 468 501 515 557 561 589 598 618 669 691 762 778 
141 342 211 303 544 941 944 362 467 98 135 182 116 237 120 9 301 66 378 164 391 247 469 547 554 601 714 727 856 921 922 942 
159 603 835 961 197 464 2 46 468 20 246 231 203 306 516 804 829 841 844 896 966 
697 908 67 429 127 222 64 370 578 642 797 921 
145 130 374 268 257 121 422 524 526 206 326 355 75 215 232 327 24 413 216 191 119 54 205 497 523 552 573 580 597 631 682 707 709 713 733 736 789 800 829 842 857 935 950 952 958 972 
341 424 239 107 244 286 515 548 787 879 896 956 
103 67 384 476 596 605 788 866 893 916 
411 296 162 62 59 96 416 401 980 174 337 464 194 307 391 386 262 74 219 452 395 294 475 479 490 530 580 605 656 675 688 740 777 786 788 871 878 888 929 958 975 982 
421 484 296 474 365 221 8 255 344 714 978 997 
341 83 895 241 174 403 158 473 438 517 528 617 671 714 738 762 845 923 926 
285 405 508 127 263 140 290 208 22 294 2 105 139 505 510 562 575 641 863 
535 665 361 246 127 365 616 688 775 873 884 
297 302 133 98 95 583 838 869 135 441 474 355 185 38 462 23 165 60 211 301 391 85 40 510 630 635 668 674 675 676 688 705 743 775 855 862 876 907 917 921 959 982 
258 124 859 872 892 943 319 167 158 193 262 183 202 6 106 63 379 397 105 109 515 549 567 616 641 688 726 746 787 818 901 933 990 
122 690 779 416 115 421 252 65 198 9 367 63 532 552 598 622 798 900 986 
8 571 278 349 95 408 363 321 32 634 671 724 757 884 972 
334 343 103 339 204 378 48 522 815 975 270 152 98 415 311 25 460 366 187 90 397 12 325 356 149 362 512 554 581 603 623 708 709 777 797 798 802 806 854 881 898 907 913 927 953 991 1000 
384 475 625 115 406 422 193 220 293 501 540 593 604 640 651 653 843 845 899 957 
170 639 328 418 395 222 27 499 530 750 756 852 864 983 
263 172 253 238 61 28 552 677 710 756 757 761 841 844 850 991 
402 273 540 727 331 326 96 350 95 303 557 604 609 700 701 718 781 806 915 936 954 991 
298 609 788 421 85 462 454 409 35 82 587 814 
432 664 164 46 300 177 364 229 459 528 606 641 648 796 
339 404 389 474 73 7 195 299 601 737 901 911 921 982 
165 331 117 539 52 440 347 85 399 281 284 95 114 574 579 593 639 684 797 818 879 913 928 950 
839 894 253 348 43 458 551 719 736 771 881 
292 535 651 774 244 169 166 373 362 171 18 640 660 671 737 934 937 
278 42 286 120 238 1 603 625 644 688 694 709 760 900 951 988 
47 142 40 291 498 569 598 622 642 917 
315 228 964 302 361 318 53 225 6 508 509 529 540 541 623 643 672 740 799 808 
403 211 193 430 87 160 1 471 276 22 127 223 620 814 
60 321 655 352 495 87 340 530 554 579 613 658 659 665 668 827 909 913 
127 91 39 466 485 109 570 652 685 854 957 
445 727 773 163 373 380 130 395 245 517 544 549 675 741 770 790 938 941 996 
621 975 985 484 321 102 84 318 467 269 272 236 530 579 790 945 982 
199 675 801 425 165 455 530 653 659 724 839 
438 83 192 141 518 626 709 762 808 864 
459 788 928 373 287 263 108 28 153 440 506 514 673 704 772 846 848 913 
386 742 976 449 373 377 366 235 67 477 131 718 734 753 772 894 965 
193 326 257 363 304 232 504 413 806 815 900 
168 338 830 313 24 115 79 459 315 68 579 583 617 689 726 751 863 870 876 
477 302 610 958 496 238 167 33 233 96 391 41 447 156 578 604 636 650 653 671 765 826 943 
212 249 258 496 26 257 76 117 116 308 588 713 756 906 955 
802 403 479 477 274 99 513 579 635 736 
58 157 418 160 557 605 692 695 959 56 339 186 110 361 243 372 316 220 222 302 295 59 94 455 19 255 121 223 34 422 569 578 642 674 686 747 795 813 815 831 846 848 870 873 906 917 972 984 
252 294 554 607 675 711 805 351 483 445 170 5 396 320 134 370 318 643 655 680 686 708 728 760 789 840 897 922 972 976 990 992 
270 588 233 272 422 510 302 607 701 756 865 910 950 
438 641 75 151 239 504 189 197 195 565 632 730 788 845 
337 527 719 472 225 480 440 467 237 294 422 151 296 325 557 837 
84 469 428 386 230 789 813 840 886 896 
422 830 903 20 208 271 476 167 500 49 556 578 598 663 684 894 923 
668 916 415 16 459 253 503 310 527 555 724 736 935 950 960 
43 146 61 454 177 540 587 598 983 988 
263 616 95 335 125 434 27 561 626 648 733 961 
246 740 421 366 341 535 806 840 918 934 941 
483 245 20 348 311 326 542 592 611 629 645 709 721 770 895 
180 578 737 904 56 152 235 471 361 528 529 556 627 688 692 785 819 825 855 922 990 
447 471 39 444 225 598 669 680 839 900 965 
420 540 313 188 284 221 704 732 739 784 788 975 1000 
375 21 56 471 559 307 143 9 167 25 300 288 40 165 577 578 583 707 740 762 770 829 911 912 928 966 
174 515 870 983 401 76 72 430 87 109 117 37 129 415 289 518 540 614 698 871 898 939 959 971 
51 39 64 623 788 856 476 59 322 401 199 65 270 258 441 303 9 523 43 439 489 183 240 566 567 590 784 785 834 903 908 976 979 990 
61 353 68 28 575 712 778 895 523 310 391 466 248 11 100 235 496 95 214 361 85 113 540 612 671 732 737 744 761 847 879 911 924 961 973 980 992 
395 209 4 154 620 811 884 916 994 229 284 179 498 56 279 66 441 502 474 297 501 45 320 64 199 259 485 108 357 214 542 610 675 687 695 721 726 742 765 797 813 840 842 843 894 906 954 967 980 
362 426 137 98 789 424 242 105 226 18 446 213 75 413 254 451 535 541 591 603 616 743 783 842 897 901 929 
313 481 196 266 87 377 670 749 822 876 
390 723 736 247 211 50 409 459 535 767 779 798 851 873 911 958 963 
255 180 698 751 17 65 319 35 348 263 590 595 651 652 675 756 815 856 880 893 900 912 947 965 
80 328 493 132 478 651 872 415 533 365 300 233 103 304 151 280 531 429 158 327 270 200 521 377 263 449 570 619 682 731 780 788 796 815 829 846 900 983 
564 598 390 280 394 308 571 586 619 714 752 908 946 
680 698 300 89 66 254 394 459 615 774 798 961 982 
97 9 115 119 222 383 398 319 569 625 940 
465 491 92 272 365 22 13 540 788 953 980 
420 445 487 525 656 657 670 727 843 67 84 284 519 529 20 484 527 161 421 348 465 496 311 171 198 239 153 539 382 353 544 548 572 598 634 647 752 753 789 807 841 877 900 903 922 957 993 995 
825 496 89 127 531 393 688 788 889 975 
251 113 153 709 41 230 197 17 167 42 421 522 530 462 429 284 548 594 603 671 726 906 965 
250 887 931 944 64 7 134 327 119 130 148 60 46 40 121 441 97 561 602 695 789 807 818 902 982 
250 403 190 211 468 303 100 10 540 500 95 268 55 284 549 554 626 740 779 783 817 830 839 872 877 910 986 
313 205 672 736 868 429 414 53 123 459 209 402 45 7 272 162 252 440 609 641 673 678 751 756 772 838 845 908 910 994 
590 886 151 436 422 95 87 550 563 573 598 680 707 846 
44 851 21 468 307 35 327 615 673 740 911 
598 929 934 133 542 180 36 540 440 373 306 472 642 681 916 958 
169 278 18 600 699 982 339 230 388 271 80 76 500 322 157 544 295 255 53 480 372 557 612 672 692 708 728 743 758 772 797 854 891 934 953 
117 82 763 133 201 252 83 167 25 546 12 180 369 368 617 686 750 880 936 
586 864 960 458 351 98 108 313 137 100 341 492 275 361 266 615 620 829 928 
74 388 77 55 560 581 593 603 722 995 309 253 322 47 189 481 486 229 455 335 50 250 303 432 364 440 185 157 78 420 471 567 597 598 604 635 636 692 705 744 773 806 827 887 916 952 959 
284 954 225 108 251 459 262 645 712 751 809 918 
442 252 512 556 577 607 666 704 410 249 105 240 307 291 444 321 420 443 544 55 95 388 483 348 468 160 498 313 662 714 736 750 799 807 833 841 863 908 924 937 954 962 1000 
581 273 518 233 56 48 174 737 928 941 
243 554 413 577 805 816 153 105 342 301 517 189 80 7 304 523 75 324 59 52 167 612 630 657 688 736 762 804 885 911 913 917 981 
368 511 660 487 376 360 281 390 412 123 252 318 549 467 515 271 727 832 851 912 
786 897 154 169 226 401 80 665 736 777 863 872 954 994 998 
168 526 780 833 116 99 378 82 221 569 579 736 788 790 807 812 845 
552 280 603 145 239 286 401 645 660 721 878 928 
382 378 520 543 467 328 315 613 738 813 928 
171 451 839 477 250 315 189 100 362 707 819 
351 396 301 817 930 951 254 93 410 15 407 546 312 397 9 271 187 423 111 366 359 451 192 349 591 711 732 734 739 798 848 851 881 895 906 
536 157 173 277 658 681 716 811 819 923 955 965 
215 635 514 291 356 36 20 132 2 938 979 
411 321 528 337 15 246 64 656 752 794 820 896 929 
319 157 695 783 123 96 396 146 480 128 528 552 581 597 635 675 779 805 815 827 857 866 911 924 
158 797 107 104 234 1 426 303 772 882 932 
107 6 53 139 7 270 597 846 916 248 343 137 387 322 294 421 559 205 373 234 511 495 2 297 408 122 538 273 460 614 643 649 734 751 823 830 867 895 934 957 961 
327 373 459 535 234 417 499 393 635 681 696 783 968 
260 482 338 161 76 628 830 33 43 361 329 319 364 536 157 318 387 382 424 315 410 348 575 622 635 640 680 714 723 789 838 877 895 931 932 951 963 997 
416 284 540 251 192 122 323 747 754 868 924 
34 911 950 546 198 375 157 396 471 374 367 811 899 907 941 968 
206 789 838 247 59 491 603 667 698 755 807 965 
63 83 529 477 571 36 421 419 371 218 116 177 591 688 732 745 773 849 877 941 
315 340 692 837 963 455 432 452 366 451 396 121 90 242 45 459 454 606 618 666 735 982 
556 243 554 805 279 458 48 526 422 266 235 585 653 709 733 743 831 849 861 970 981 
523 100 682 842 511 440 281 508 526 517 470 140 416 150 591 605 715 735 776 839 856 914 948 978 1000 
344 652 501 559 507 424 142 72 491 10 498 510 227 703 
303 357 471 117 474 339 603 671 686 710 732 843 932 997 
381 555 552 193 961 63 426 96 245 303 161 108 421 122 169 43 129 483 567 590 621 638 682 736 830 946 
711 801 221 372 378 25 281 462 610 653 686 916 981 
133 104 479 302 137 176 789 869 958 158 290 388 28 526 209 260 82 222 58 168 337 429 232 264 181 415 279 220 403 117 369 367 20 507 315 204 612 652 774 801 806 846 884 906 917 995 
38 216 466 43 102 422 265 262 111 116 465 405 356 48 146 90 225 39 640 650 731 821 840 
303 187 840 971 243 302 235 459 9 577 281 394 609 610 640 652 692 738 740 783 825 832 
329 551 283 727 154 174 171 536 214 205 612 623 666 693 725 755 928 
300 245 254 339 669 975 519 131 42 313 439 88 406 65 263 108 488 244 167 71 64 276 231 143 160 667 693 758 779 780 830 831 846 911 
513 916 509 434 192 372 595 711 731 778 787 838 892 960 
78 126 34 614 788 33 35 307 179 107 252 81 145 467 87 393 52 399 682 721 728 763 783 818 861 909 980 996 
546 415 956 534 378 528 251 397 466 581 667 709 768 779 830 887 990 
343 339 407 55 432 575 255 563 578 258 262 78 531 92 616 627 678 780 
71 641 113 22 522 202 130 182 692 714 750 787 816 970 
552 326 839 491 429 422 380 484 332 293 127 665 688 736 777 806 903 
69 429 383 162 281 434 439 542 607 635 638 649 
322 59 534 588 342 286 346 928 963 977 
189 232 623 57 158 115 253 48 262 473 222 608 644 717 799 823 870 954 
569 818 552 251 237 567 471 227 218 121 68 606 640 786 954 
75 348 262 157 536 208 548 769 772 60 127 546 434 456 517 415 467 135 427 519 540 254 481 463 240 171 229 495 524 552 322 609 644 656 665 668 716 788 789 809 818 822 856 913 939 950 976 983 
88 894 206 153 361 771 806 819 862 864 936 
549 739 982 257 385 85 244 356 711 750 852 904 917 954 963 972 
397 429 490 468 306 455 58 255 612 783 815 925 962 
455 28 314 41 287 543 662 745 808 873 956 
281 560 280 371 552 469 814 876 923 58 105 284 542 494 531 574 94 83 240 188 252 580 483 207 294 357 323 4 70 616 664 689 705 761 805 807 813 830 907 926 927 928 945 955 959 974 
239 121 21 422 130 696 210 484 464 305 231 72 255 552 487 140 65 508 299 652 661 671 685 690 802 846 889 895 957 961 977 
511 441 715 453 473 457 474 325 367 578 438 606 707 716 718 887 
87 248 747 806 810 873 63 295 260 347 86 397 489 77 98 459 597 55 187 339 605 280 289 576 246 695 698 757 772 805 838 856 886 944 964 
512 554 199 442 369 108 805 56 367 123 414 513 43 163 51 58 38 18 244 324 408 304 359 594 405 623 667 696 707 731 735 748 772 795 806 818 926 961 
55 905 321 315 596 242 289 244 83 329 28 788 856 908 929 
488 663 707 856 867 977 545 115 487 5 28 585 358 598 438 159 74 331 123 616 665 686 709 778 793 841 843 847 886 890 899 947 
508 789 838 958 99 205 256 233 189 286 305 321 157 585 357 86 100 582 266 167 58 530 695 740 991 
377 656 28 522 156 205 235 140 313 709 830 
145 239 203 830 833 63 549 362 355 586 401 601 529 397 556 428 270 174 16 583 61 58 454 686 724 815 996 
394 446 561 498 366 340 250 281 724 923 
589 615 214 282 43 393 328 527 137 569 211 
143 614 69 648 928 950 103 245 551 457 288 321 394 76 89 537 379 274 547 319 443 456 58 412 750 958 
520 172 323 234 927 963 327 442 531 478 284 609 395 376 76 480 591 145 13 405 43 603 360 408 42 193 9 464 729 738 781 805 874 
441 550 327 167 476 507 623 767 850 977 
362 302 101 43 192 467 576 377 724 737 916 963 
266 232 637 688 536 535 128 321 416 309 245 671 685 770 798 803 810 818 865 894 931 
530 294 80 86 186 497 104 392 551 738 
289 501 407 850 238 319 174 581 59 35 264 381 355 656 659 720 
202 442 571 431 42 481 12 307 495 967 
596 528 856 950 586 365 131 198 496 33 163 607 181 483 336 617 254 641 686 813 849 906 965 970 
131 719 86 382 150 166 17 662 744 774 816 830 916 
484 820 292 494 269 538 455 397 35 750 800 812 866 
255 33 737 827 915 294 544 205 520 433 122 216 417 503 707 747 781 802 805 809 913 
238 414 793 222 523 390 80 591 186 460 122 716 765 788 911 945 
186 8 571 271 391 45 59 366 136 719 731 772 
459 522 413 404 449 666 783 898 923 965 
36 779 211 479 199 556 462 117 60 737 854 
751 315 106 471 147 165 198 728 750 913 
174 723 820 828 323 250 402 109 420 252 136 365 165 193 168 117 72 514 78 198 641 886 912 981 
403 399 107 428 76 389 177 131 410 653 681 732 788 928 963 
356 79 482 208 81 205 540 735 836 912 
467 565 395 818 821 988 397 422 570 345 62 479 293 552 567 115 398 510 459 571 594 127 731 830 869 879 904 910 928 954 955 977 
121 168 508 463 89 552 437 429 366 675 770 888 927 
143 619 82 366 153 140 726 798 800 835 874 941 989 
22 394 162 296 457 581 594 223 669 683 847 854 911 
485 762 971 395 167 34 491 446 40 711 934 
48 289 382 673 67 296 411 571 597 420 493 302 414 415 585 584 484 422 751 779 830 835 873 932 934 
592 514 757 973 477 400 61 623 311 100 214 35 74 632 545 489 421 480 662 663 675 843 847 871 968 
389 928 511 495 366 470 361 106 415 168 548 675 945 960 966 
266 25 61 396 496 512 192 569 665 740 833 840 912 
318 309 598 494 596 132 76 296 86 669 696 815 890 
252 711 805 306 16 553 165 383 560 85 382 7 522 661 679 941 
59 655 954 327 273 363 291 345 344 723 874 
356 835 877 540 458 261 51 369 464 274 670 675 714 789 958 974 
308 615 185 688 1 282 343 207 489 398 414 122 420 424 302 520 666 693 732 776 830 859 967 
359 914 594 227 21 59 356 209 569 711 740 887 894 958 
711 302 86 584 25 59 508 653 709 997 
269 493 458 535 258 981 416 77 199 314 534 429 246 238 268 460 440 183 87 252 64 321 484 693 727 736 751 780 787 789 798 846 854 999 
430 579 377 318 192 681 864 908 206 121 534 235 176 319 119 322 422 333 424 317 499 321 604 384 583 585 442 80 64 679 684 711 714 754 779 807 838 912 913 927 956 972 
64 25 389 788 577 508 432 171 633 9 484 502 650 582 134 242 386 670 766 853 913 943 
218 219 294 78 359 420 671 760 857 940 
646 498 512 354 333 355 206 195 667 790 806 856 920 
611 430 540 697 899 908 275 474 240 370 189 598 621 128 382 566 421 357 422 671 838 840 876 896 901 962 
540 187 213 556 12 199 711 882 917 922 
233 731 750 498 564 86 9 316 264 675 829 
205 10 316 262 498 346 502 367 323 136 108 240 165 621 144 795 894 
253 557 436 493 394 406 243 38 560 255 355 672 688 708 839 916 926 965 
316 770 645 604 363 457 175 459 702 788 793 862 907 982 
395 467 7 916 932 234 554 641 142 188 602 361 248 624 362 232 67 143 185 726 727 788 794 908 912 950 979 
429 459 25 609 679 65 446 165 641 120 217 320 110 223 136 398 332 63 517 701 703 718 721 732 839 907 945 966 967 
489 345 278 105 323 144 237 362 603 70 812 845 901 
258 478 134 792 859 368 598 285 558 93 593 440 69 156 254 5 307 609 159 211 187 643 244 498 690 692 736 837 844 963 971 
554 207 88 404 629 648 586 576 911 931 
234 676 772 959 443 587 383 177 574 607 87 590 655 105 801 825 
518 270 395 683 818 846 996 281 151 157 479 119 204 420 170 313 138 452 498 417 441 225 63 96 360 598 694 757 758 763 781 850 856 871 872 903 909 926 
587 404 850 638 524 75 644 459 121 466 467 678 737 793 878 889 963 991 
540 318 532 457 328 653 410 15 647 86 689 839 919 939 
87 460 135 224 731 750 775 806 74 508 429 476 390 656 174 493 178 115 30 11 529 99 580 654 604 542 422 414 619 156 241 222 482 85 712 729 737 751 800 862 864 915 923 938 
545 825 176 496 57 327 660 549 302 308 430 141 802 916 
640 935 975 36 545 321 547 142 9 417 504 679 688 695 753 974 
167 353 768 895 40 511 271 284 359 479 127 21 688 833 838 969 
502 369 243 108 199 512 805 534 636 642 315 658 647 23 479 391 154 474 238 641 387 446 7 530 459 363 250 245 131 246 567 500 812 856 876 906 919 935 940 972 
667 769 783 479 182 6 59 205 331 751 795 797 809 833 854 872 986 
48 714 341 368 17 486 308 229 726 727 841 854 
900 330 669 441 322 59 545 591 717 909 
112 663 911 673 652 133 313 224 315 158 645 440 71 61 680 722 747 750 797 984 
537 332 737 753 446 546 512 266 308 9 571 524 147 84 243 679 43 745 806 833 848 871 978 
363 293 652 33 187 570 633 564 404 395 548 432 714 736 737 817 838 859 951 
222 578 86 187 105 581 589 471 535 42 739 962 
668 404 638 304 375 91 692 698 751 825 
292 276 774 333 652 517 93 491 200 59 461 782 
163 399 195 401 499 197 61 12 392 343 619 604 689 750 769 771 959 
415 71 398 310 993 511 152 623 582 368 269 260 580 250 304 609 174 550 459 612 512 688 717 805 809 848 871 950 957 989 
109 954 313 17 148 390 12 222 314 530 737 856 988 998 
152 648 619 189 900 928 575 673 523 317 224 686 478 674 556 479 494 245 541 593 474 480 660 747 775 812 815 907 915 935 963 994 
157 221 348 934 959 397 403 670 289 304 266 69 357 163 335 401 257 454 603 507 685 294 869 895 949 953 
481 22 718 779 890 457 665 247 400 215 117 64 377 604 191 126 274 187 222 699 749 825 844 851 919 940 976 982 
449 467 194 345 302 144 21 749 797 993 
75 576 511 323 228 837 67 40 683 552 28 523 665 304 381 335 18 120 273 592 243 345 585 549 52 410 454 739 788 851 892 901 903 
83 434 25 115 651 71 648 110 586 587 737 780 818 980 991 
59 668 403 459 494 154 383 68 711 872 
567 35 352 511 798 445 419 543 610 606 530 48 225 318 337 43 25 673 15 458 452 718 729 774 810 862 883 951 973 980 
604 21 780 785 77 570 372 406 378 607 32 147 644 420 439 739 743 782 789 862 934 937 955 957 
470 656 192 313 185 173 314 3 711 748 788 828 952 969 983 996 
100 534 537 182 799 430 574 683 606 527 22 307 173 117 339 34 432 718 731 747 846 875 888 900 961 973 995 
549 982 58 192 405 690 443 246 63 708 720 
327 849 487 361 248 130 58 86 75 114 54 743 911 940 986 
75 963 513 429 23 663 366 426 487 801 807 868 884 926 941 
813 12 437 242 98 661 751 756 795 805 
100 787 347 112 579 406 663 372 303 707 757 823 977 
252 554 805 11 281 365 323 349 61 14 186 165 504 525 104 295 778 922 946 
815 924 479 429 348 141 603 552 762 787 818 
878 274 391 226 721 751 815 913 980 996 
64 125 609 354 788 881 74 605 626 607 450 348 316 226 526 443 180 9 235 145 471 703 562 546 367 14 754 847 868 918 990 
53 4 154 483 699 660 91 10 16 549 512 727 867 956 967 977 982 
542 238 43 457 720 841 984 483 577 609 121 131 446 308 471 266 522 331 222 114 190 240 650 590 398 494 427 503 405 611 727 782 787 794 857 895 899 906 939 982 
102 366 878 427 440 299 486 242 115 50 580 762 770 792 919 971 972 996 
79 645 108 512 582 294 650 379 639 36 31 694 563 649 600 652 233 28 34 588 697 129 144 456 657 84 296 93 322 53 302 339 414 95 212 351 756 761 784 786 867 919 995 
529 94 247 553 85 671 166 844 976 1000 
788 977 509 205 471 120 403 450 416 762 945 
245 103 677 300 752 223 475 412 536 252 592 681 229 468 327 476 139 571 652 647 554 805 819 822 830 927 
605 441 969 278 28 302 150 17 229 578 757 864 
192 727 854 627 263 301 316 232 22 598 121 339 605 418 564 742 789 797 901 974 
412 401 596 686 678 52 237 428 313 748 
439 690 735 779 86 148 3 487 321 605 505 119 663 367 698 185 695 786 805 859 971 
515 390 624 770 464 492 255 238 399 196 167 628 192 454 222 117 750 757 788 802 935 965 
216 709 406 621 441 138 304 699 830 916 993 
406 435 938 986 216 589 403 706 234 530 663 441 439 560 522 104 251 218 81 772 839 877 972 
552 734 135 374 679 161 240 421 120 737 769 
390 313 174 316 632 533 26 369 218 67 83 238 189 75 571 133 103 377 243 646 761 776 893 895 900 914 
421 205 901 482 436 613 618 293 502 612 275 61 148 258 439 518 767 789 821 837 
19 259 307 94 586 27 130 262 737 971 
234 58 253 46 368 288 111 42 376 415 677 237 507 107 530 201 662 433 309 100 480 95 542 637 49 366 394 145 86 779 876 901 912 944 967 973 987 993 
487 586 716 540 366 445 500 773 908 31 109 270 709 708 288 468 200 206 662 319 651 394 424 104 557 267 246 124 677 41 106 765 769 789 813 838 849 885 923 957 972 986 
841 438 512 168 59 631 366 589 14 549 150 822 917 928 
198 110 745 962 999 344 186 321 240 270 452 459 27 56 695 127 671 6 433 345 616 72 753 827 979 995 
86 815 272 67 514 298 266 114 44 774 859 982 987 993 995 
671 440 658 52 281 635 2 327 584 395 628 394 535 11 698 607 322 588 753 812 850 880 900 916 
415 321 367 237 284 954 314 525 633 563 419 68 194 575 102 46 648 337 663 580 529 322 64 735 768 778 810 888 921 927 943 957 
770 85 577 189 520 153 202 425 471 748 
722 809 847 569 207 402 505 351 284 563 100 456 841 911 918 963 
123 120 718 423 807 874 576 372 288 74 5 732 634 161 578 607 338 768 786 789 840 862 866 889 907 974 977 
421 174 545 533 385 383 758 828 936 311 581 226 559 681 63 88 350 665 13 556 83 42 651 593 558 368 301 510 351 381 241 554 492 136 471 518 850 882 900 911 979 988 
626 274 680 408 523 790 933 297 316 344 490 259 26 493 415 722 687 73 156 137 267 671 630 725 555 669 170 693 618 284 529 101 681 243 807 828 830 834 923 965 
364 286 822 938 82 620 616 561 284 585 476 92 339 392 281 758 762 780 797 874 901 
600 210 286 278 822 525 352 371 187 180 96 450 682 563 416 345 692 253 118 696 298 853 909 924 951 965 
200 521 784 975 526 351 544 610 474 120 181 243 327 306 585 547 55 496 649 153 643 754 810 828 925 
226 747 132 18 263 500 876 929 940 980 988 
127 81 505 530 716 429 288 397 333 820 830 916 
219 93 911 953 233 696 340 129 700 107 531 465 390 479 549 577 52 749 770 792 812 894 959 
431 795 135 552 624 423 529 14 772 917 934 
198 729 575 680 6 275 602 143 284 904 990 
222 255 298 480 31 35 279 207 67 936 985 
606 741 871 912 356 168 255 180 99 55 698 626 146 189 688 363 572 101 511 388 54 51 679 802 877 
85 290 367 24 225 235 733 157 315 697 327 313 607 271 273 717 841 844 895 927 
441 860 279 691 106 690 743 532 830 967 1000 
427 658 671 135 148 776 782 873 685 600 196 231 592 296 679 76 149 631 615 280 284 395 625 25 120 485 239 180 428 550 719 34 554 794 819 846 863 868 905 917 934 964 
631 23 408 180 534 787 966 553 234 66 651 640 683 199 333 671 341 676 702 304 193 706 569 507 460 545 830 839 871 938 967 995 
86 450 714 260 388 405 98 540 387 3 536 389 566 64 761 977 980 
255 680 673 731 729 84 505 122 363 540 422 805 876 989 
435 89 761 198 319 270 399 740 707 572 652 862 
785 903 367 355 100 286 586 390 574 266 318 856 876 961 962 
112 232 64 429 421 485 390 534 301 509 545 361 306 486 513 711 702 110 395 861 919 939 
416 136 641 797 857 945 973 993 157 324 486 482 250 715 343 22 328 175 171 269 234 107 185 719 668 149 703 606 108 200 187 293 194 421 131 821 844 847 867 960 969 
736 983 587 668 549 738 368 293 35 187 916 
175 919 112 374 53 29 122 806 871 907 954 955 
304 167 376 353 63 848 990 115 431 27 410 370 303 249 494 654 284 464 512 20 332 772 786 820 828 835 850 881 883 913 926 960 
754 358 306 982 486 711 723 262 254 433 752 328 272 603 263 64 193 100 529 786 795 927 963 971 
195 187 144 639 845 863 43 738 423 406 476 556 343 174 22 705 526 713 433 341 710 467 425 225 503 348 293 818 836 839 945 946 988 
550 82 287 668 229 2 390 96 589 29 397 768 
366 429 235 274 376 297 395 905 926 975 
12 835 508 727 63 459 230 530 627 779 801 934 940 
391 446 868 297 70 67 77 255 157 653 844 
977 445 337 617 724 122 335 533 818 843 
434 61 674 255 763 245 238 735 590 268 732 802 857 911 964 977 980 
598 676 727 685 147 722 51 420 120 293 451 427 431 
27 661 733 719 870 145 58 522 112 710 191 636 619 116 743 331 325 121 500 49 526 791 805 859 897 955 977 
321 885 492 599 250 685 314 777 798 821 839 844 
667 598 896 963 969 568 549 400 504 760 457 607 721 289 114 606 545 195 343 505 744 354 628 23 59 307 900 977 
430 727 500 53 202 552 440 71 575 392 441 431 789 840 916 959 
684 493 981 424 583 624 730 163 695 78 537 245 151 804 813 830 867 906 971 
671 117 139 478 107 271 479 688 837 903 
750 52 806 280 140 723 222 648 302 578 43 833 
214 474 287 771 558 367 483 593 872 977 
529 167 704 609 166 154 732 467 588 393 117 86 795 
690 123 433 718 630 481 452 807 343 201 35 256 640 567 174 590 544 357 295 266 726 13 269 587 652 65 341 533 321 293 765 28 781 801 910 939 953 
559 696 374 121 880 73 59 26 430 535 587 385 275 693 591 223 198 244 131 738 651 273 93 319 806 817 818 850 873 928 
5 616 779 75 668 626 487 166 395 874 
750 440 189 709 415 140 362 59 307 696 684 854 
676 46 567 927 251 280 284 585 570 629 391 531 589 31 212 544 601 9 252 115 928 
365 740 985 528 6 415 293 31 93 25 128 525 711 307 851 899 
755 696 880 386 523 133 252 302 166 71 528 797 838 867 909 946 950 960 990 
558 295 711 735 435 145 760 474 166 761 4 597 718 805 948 
222 751 23 703 705 353 348 480 237 651 284 592 451 588 355 5 472 709 306 166 87 972 
589 504 528 713 40 653 707 488 384 474 633 559 535 49 422 539 173 661 598 168 193 263 525 278 514 608 473 541 662 692 411 719 96 697 223 86 627 791 810 818 850 861 865 916 
426 610 583 95 574 302 531 869 152 145 153 651 177 516 263 647 512 347 406 571 120 271 540 440 696 315 262 157 598 60 366 724 421 543 716 727 361 471 735 773 807 839 842 876 
737 178 794 169 173 655 500 559 501 813 833 856 
255 178 827 119 431 26 224 770 788 6 954 
665 80 276 270 710 441 743 98 206 837 963 982 
271 627 251 841 661 455 13 80 436 100 609 452 69 422 261 344 267 669 198 828 892 950 953 963 
790 180 29 100 388 423 315 662 343 286 709 412 127 304 426 344 566 750 826 943 946 962 
744 334 935 976 761 419 659 120 676 607 381 702 511 778 113 945 
9 861 251 22 162 489 535 80 908 911 982 
321 428 416 401 272 568 757 965 676 43 530 785 439 470 12 430 491 254 549 377 372 716 409 32 39 691 483 359 83 189 124 304 22 404 396 679 410 318 738 811 856 904 949 963 995 
695 902 927 963 533 537 481 430 61 190 238 60 619 309 637 771 563 651 121 47 483 112 840 843 
698 274 319 9 250 596 97 61 496 112 441 130 554 964 
191 35 179 293 284 405 671 625 637 471 286 851 919 
502 582 921 35 583 404 667 366 701 779 765 
72 510 158 394 304 201 314 768 377 672 351 626 483 38 719 604 747 841 985 
20 989 271 270 216 379 412 619 400 441 869 
14 18 822 774 43 556 469 85 440 35 442 228 
577 512 556 645 108 607 675 252 704 369 603 753 255 686 257 363 616 352 714 267 101 718 261 626 112 415 567 702 394 238 213 786 459 7 770 606 214 854 873 879 882 892 897 928 949 969 989 
52 606 233 325 671 776 164 883 912 253 361 680 112 383 441 22 462 487 450 387 436 42 599 452 593 448 187 247 552 655 607 318 506 415 583 20 759 423 521 780 483 822 828 895 899 908 939 983 
120 735 147 779 452 36 824 874 168 318 543 143 290 176 26 603 559 701 245 652 554 127 448 789 282 354 201 737 574 540 97 192 112 814 818 820 856 900 941 958 994 995 997 
347 365 862 503 399 602 182 496 111 955 1000 
326 734 330 553 686 339 359 676 293 89 322 626 598 844 918 
164 606 215 228 788 619 318 160 94 695 732 740 827 
530 270 797 63 394 573 564 46 858 871 941 
251 153 841 675 688 559 430 664 241 731 743 625 164 126 449 72 368 846 889 975 
284 321 702 857 965 623 561 790 516 727 167 270 164 603 220 511 774 389 309 530 10 14 843 923 928 986 
603 995 59 191 383 807 419 488 273 497 58 449 826 837 949 
483 245 86 404 705 730 103 450 688 345 612 397 403 366 460 644 5 368 64 296 464 370 136 534 173 535 567 511 506 302 208 601 236 706 853 899 905 909 916 945 972 979 
556 592 624 260 359 342 20 407 850 985 
563 465 224 246 173 780 544 388 681 905 961 
635 139 597 154 467 668 53 829 888 788 205 543 491 705 271 120 589 767 619 480 408 102 80 182 459 607 160 598 94 403 780 338 307 762 322 693 167 312 807 413 897 917 926 927 941 953 982 993 
223 421 750 86 562 413 564 55 599 714 523 
322 625 632 421 91 760 364 102 807 566 9 298 301 742 64 394 841 859 910 911 932 971 986 
395 635 724 371 584 97 216 757 221 771 12 841 915 
739 804 738 728 302 339 9 806 21 598 118 181 532 32 714 869 916 965 
68 345 354 373 703 240 596 372 59 10 569 982 
122 394 807 218 131 417 459 18 309 238 281 964 
541 672 585 414 667 690 295 683 523 360 250 862 986 
422 833 794 162 508 814 390 438 258 263 882 928 
626 791 810 498 205 342 567 552 729 938 945 
632 736 136 740 697 171 760 434 806 737 422 793 
818 15 230 152 13 526 94 658 471 288 3 551 469 187 424 393 535 926 953 995 
612 517 571 507 279 130 590 288 587 742 344 720 98 117 774 15 624 611 751 569 581 714 737 603 425 749 406 640 544 648 635 916 962 995 
241 917 191 577 511 349 587 35 78 32 890 911 931 
339 404 244 293 395 403 44 130 256 557 585 408 981 982 
559 279 826 612 865 776 680 441 401 643 676 211 554 123 39 403 228 674 790 901 963 
60 109 857 965 737 279 9 120 87 528 103 268 432 449 17 90 
647 765 469 21 760 3 637 302 640 176 207 123 192 910 919 958 
59 71 5 107 762 354 151 403 634 862 907 949 
234 692 26 576 963 174 305 724 290 308 96 322 455 814 22 211 395 515 248 420 205 792 665 435 775 850 880 940 976 
574 405 610 479 297 95 291 588 214 652 727 545 39 149 422 656 681 132 446 270 571 295 785 235 57 59 674 11 107 28 148 606 71 61 
55 492 327 593 307 295 12 280 562 751 544 721 449 339 24 395 153 660 254 771 663 245 333 524 762 50 403 578 91 789 389 252 105 328 351 390 502 670 891 918 978 
585 305 845 972 656 147 516 287 460 798 354 584 735 371 512 643 281 530 773 521 948 954 957 982 990 
153 728 812 793 709 238 907 144 540 469 820 486 677 333 430 554 83 438 802 359 734 174 34 120 609 748 336 293 459 39 111 401 821 847 861 927 940 947 959 965 
578 408 471 789 120 530 531 391 190 254 851 
540 264 767 222 813 530 609 10 35 580 798 641 246 12 484 
395 888 913 916 486 241 748 809 766 771 327 469 757 18 408 712 665 235 255 690 877 
840 305 762 187 100 559 10 484 545 36 514 476 664 130 451 879 
668 412 6 569 913 35 511 216 583 132 192 651 504 812 535 750 179 587 546 239 604 60 227 369 698 935 942 966 968 987 
734 12 62 83 609 638 234 324 757 841 455 707 131 641 529 
68 83 455 760 895 184 306 150 93 8 143 163 196 563 504 20 22 283 686 146 232 511 680 67 852 986 
700 360 394 575 577 215 727 623 219 191 226 928 991 
669 621 407 431 363 95 760 788 617 353 780 284 486 816 9 215 668 272 837 736 8 731 123 321 946 
284 547 800 563 557 533 335 441 842 784 690 395 692 863 962 
164 135 359 420 600 219 110 848 382 485 896 967 
401 52 653 83 216 739 414 815 413 107 
716 420 102 344 549 483 677 630 299 651 676 397 782 340 805 638 64 499 188 857 928 980 
151 64 433 154 234 479 352 523 28 421 907 961 
70 623 17 419 184 609 45 528 948 203 95 534 321 201 27 755 790 403 445 230 606 128 294 145 106 687 206 141 655 797 668 578 422 807 468 222 598 434 608 33 180 188 675 139 858 862 916 958 962 971 
813 834 757 854 239 75 709 102 567 152 768 410 440 471 120 231 654 400 922 
98 811 172 46 422 856 270 258 900 917 
665 480 872 943 441 681 424 362 718 389 395 464 648 157 820 339 182 161 770 101 730 131 898 933 940 
315 749 236 7 265 40 321 52 430 322 27 961 
9 796 788 126 589 756 289 841 366 448 577 
86 443 808 924 462 479 754 302 671 284 155 661 58 735 44 338 398 836 696 599 825 695 367 856 911 
762 403 851 554 750 39 14 477 507 462 68 558 968 
652 551 236 187 108 132 599 459 715 485 238 671 455 439 222 441 503 913 
833 155 194 156 513 95 187 308 286 788 150 619 243 877 878 982 
244 907 625 61 567 420 473 735 222 927 940 952 
609 151 164 785 30 159 569 757 446 711 68 708 774 35 938 
545 766 572 331 707 701 21 453 750 84 905 948 991 
479 583 789 689 286 822 803 205 315 223 140 61 635 404 228 886 934 
527 770 337 335 342 14 596 36 157 371 97 388 311 79 16 375 402 507 511 895 977 
460 747 226 440 686 22 811 641 324 315 339 430 668 527 680 751 120 278 474 429 759 935 952 
859 535 480 981 19 558 676 148 95 668 777 357 544 25 452 115 694 181 152 928 967 
24 606 105 750 14 478 511 240 69 2 309 780 40 371 602 361 533 640 284 805 962 973 975 
807 735 738 616 646 262 211 637 781 205 895 913 977 982 
276 80 432 445 212 698 344 466 919 921 938 970 
193 453 265 603 877 894 897 334 43 25 789 755 75 99 323 507 384 237 273 211 726 460 741 479 532 675 189 656 304 102 419 753 331 935 952 977 
97 647 876 464 747 444 408 721 865 844 322 575 571 544 413 540 910 
706 710 465 865 61 213 560 25 474 669 462 340 892 920 
85 428 845 133 635 529 448 472 805 157 141 491 913 926 958 
780 785 59 321 133 430 534 120 550 361 731 309 837 2 935 
707 232 459 143 189 760 169 371 47 146 563 63 388 71 483 274 55 465 492 923 924 962 
348 441 335 657 805 61 826 568 30 270 36 356 52 736 917 
806 912 760 175 32 695 295 174 144 44 889 898 981 
530 913 988 190 281 164 701 482 478 583 435 987 
417 771 129 12 163 339 8 727 265 556 981 
237 401 546 978 606 104 356 632 516 869 375 213 442 609 936 959 987 
543 971 552 139 246 590 605 295 649 198 289 900 
107 818 844 913 68 251 112 304 352 636 698 292 346 193 474 366 118 732 911 926 940 
940 252 38 812 883 735 604 58 541 669 
120 690 246 455 831 280 644 609 299 131 464 57 900 977 
926 143 549 839 104 86 892 929 953 981 
258 480 276 805 416 222 878 130 2 793 44 891 588 692 957 983 
920 331 723 224 473 127 534 42 459 909 
492 115 599 876 74 961 403 223 344 440 659 87 222 127 530 262 419 263 218 517 270 153 168 619 649 367 505 743 925 930 953 957 
529 674 28 476 848 455 231 429 322 748 569 709 563 288 604 251 206 806 367 689 723 571 55 874 405 522 243 135 870 899 907 963 975 976 
772 188 934 100 457 138 233 469 414 472 566 466 852 656 222 516 907 928 962 
193 327 876 558 322 61 229 355 274 318 264 226 382 805 512 306 71 531 770 818 40 378 148 263 977 
73 883 527 859 47 629 483 239 35 924 
656 49 225 174 609 806 709 895 573 262 784 484 815 
678 67 232 64 459 688 911 928 977 395 452 481 174 772 414 807 296 524 243 461 285 205 723 251 698 540 494 736 146 890 320 324 86 322 887 731 858 535 534 333 506 116 447 924 931 954 980 986 
724 384 335 391 322 64 726 187 95 334 490 738 664 656 480 353 321 692 123 833 317 716 258 531 368 286 939 968 
798 436 232 543 87 417 251 23 284 165 950 
517 755 12 445 431 244 668 593 540 692 528 23 9 775 969 
100 222 523 37 745 179 635 600 67 797 46 935 
608 307 88 764 868 357 815 227 294 36 349 201 817 387 750 138 977 983 987 
388 425 307 107 563 675 583 22 400 530 509 263 141 542 511 86 623 774 709 
271 43 251 841 866 153 957 970 26 306 171 82 688 25 735 404 855 836 573 661 307 483 663 896 138 759 130 134 424 479 78 895 83 603 925 948 976 
727 656 652 470 411 72 343 418 116 339 94 796 662 215 554 608 114 251 528 250 299 435 806 536 545 
385 333 390 372 739 668 250 678 246 59 116 92 893 369 498 88 589 303 249 785 815 919 982 
225 45 545 877 513 779 835 263 280 159 820 635 544 
25 743 679 900 573 51 397 295 430 533 768 587 68 831 736 367 666 236 490 529 556 627 194 700 526 862 820 567 547 888 345 796 734 263 638 942 972 
105 883 197 806 747 28 391 534 557 189 632 662 634 345 44 652 371 643 282 110 526 726 69 355 196 938 967 
844 31 215 884 846 395 888 107 874 626 264 879 195 420 74 76 304 267 330 598 465 64 454 652 483 504 102 307 653 631 760 491 498 178 205 113 49 864 303 706 556 283 924 951 953 
649 263 578 98 723 408 118 69 204 973 
626 222 671 238 135 435 688 821 487 271 975 
662 530 395 844 518 569 588 467 932 251 758 822 193 660 329 429 720 421 114 133 773 319 672 731 815 830 321 618 327 463 353 123 856 624 420 548 318 788 391 462 582 473 151 187 552 35 742 945 954 998 
831 284 310 415 945 728 556 39 45 410 583 495 511 744 368 441 858 818 750 657 269 882 600 479 925 936 
384 229 707 839 404 280 809 47 521 553 734 933 
339 349 759 756 675 132 459 690 711 909 710 670 800 85 875 149 835 375 984 
893 998 655 76 443 325 117 878 155 321 408 30 
801 243 379 732 468 470 875 490 165 479 309 963 
171 657 512 523 468 704 73 296 857 540 
603 281 320 425 813 58 881 671 184 362 476 93 395 123 629 564 517 212 727 613 737 19 121 934 940 
407 705 862 254 881 358 118 251 211 913 739 898 572 567 17 304 285 900 554 529 957 990 
172 917 907 601 435 894 229 33 740 993 
27 229 421 372 891 223 936 86 323 21 438 476 764 178 134 888 603 14 366 273 2 607 49 375 879 668 829 818 365 660 701 336 760 932 956 957 959 
616 798 368 783 841 761 36 636 652 210 866 714 280 76 483 818 603 400 748 732 950 
688 397 225 615 34 504 642 900 854 231 813 555 805 872 326 161 526 595 586 62 780 330 551 37 849 560 783 312 491 633 108 635 160 438 896 728 603 561 159 226 363 826 199 946 971 
548 959 404 2 741 608 891 395 566 310 474 238 531 383 
331 563 117 81 171 57 237 317 894 245 963 
543 991 571 327 831 235 666 619 410 361 900 
662 916 7 996 447 640 206 118 571 207 568 74 138 580 445 153 277 820 926 432 249 942 
737 99 307 459 352 454 433 312 108 918 268 859 480 368 321 
896 689 157 548 952 750 923 38 493 569 521 428 321 696 639 744 390 640 765 238 94 869 549 265 958 994 
795 289 673 410 249 871 688 846 374 453 25 100 235 380 880 904 95 471 675 43 3 518 876 719 243 225 970 
333 926 736 296 297 886 124 96 487 746 228 418 917 550 198 328 599 
74 223 696 86 436 229 554 177 493 953 
435 721 42 738 827 565 243 751 867 230 912 357 875 671 103 292 16 500 215 399 378 167 963 
342 146 403 756 378 598 527 136 131 670 51 806 184 779 391 709 901 
889 272 106 2 974 993 923 841 455 741 322 538 654 255 866 859 837 432 360 167 303 888 675 700 765 100 184 121 222 354 407 80 690 948 958 
141 468 972 991 112 15 575 409 573 323 645 637 555 247 701 302 818 521 42 811 500 807 1000 
117 468 327 911 88 107 846 932 440 966 
134 480 859 235 508 794 653 732 240 55 349 959 
543 468 187 164 606 191 395 12 28 726 989 
917 284 757 762 352 795 663 627 815 603 642 827 344 916 713 348 29 92 501 
251 949 243 581 77 536 850 928 201 762 794 785 250 704 
250 972 534 160 49 167 344 841 370 156 609 
112 856 36 840 940 868 578 786 252 907 108 272 394 452 
946 271 805 40 814 797 836 689 382 47 112 
615 34 459 227 189 573 232 623 927 491 902 274 209 793 785 339 686 471 171 513 43 97 90 234 598 359 518 47 65 662 100 302 59 174 958 966 991 
563 962 209 739 135 571 494 283 681 695 913 303 969 
934 866 871 697 471 385 552 295 876 991 
311 743 64 67 549 937 894 364 318 83 818 483 539 462 779 373 178 891 793 913 255 303 689 829 
553 687 646 96 732 166 759 791 900 225 267 189 558 554 123 164 840 452 69 168 597 530 635 487 74 916 88 444 233 155 600 356 117 394 596 
43 238 153 603 323 131 263 144 284 509 564 759 696 635 808 92 89 322 770 
590 2 602 211 376 472 926 708 261 652 258 
238 907 370 183 970 732 84 696 569 686 840 727 268 499 300 924 314 484 926 115 540 604 322 254 892 15 894 338 993 
362 508 583 610 285 297 104 647 615 466 291 217 249 471 359 246 92 548 327 533 940 807 950 460 216 856 835 114 51 244 162 934 160 649 474 194 879 982 
330 511 929 689 263 667 603 841 189 84 773 479 32 685 743 370 943 371 105 527 886 926 458 459 1 309 552 
192 551 116 269 757 359 760 588 411 348 785 642 518 
295 581 894 469 55 429 604 221 117 520 348 67 529 698 211 755 537 860 817 607 133 261 42 114 10 855 569 999 
951 729 110 967 5 554 851 856 411 656 794 601 873 881 75 302 682 830 896 755 975 980 998 
441 837 26 798 701 772 253 576 616 113 669 600 633 22 377 101 533 734 793 86 665 117 447 38 797 74 152 938 930 346 595 259 833 100 688 792 210 618 761 90 895 364 137 339 258 571 78 921 
496 997 768 425 249 824 799 606 750 383 180 982 
834 166 2 310 797 813 237 345 333 822 198 131 623 395 629 46 534 271 524 332 339 230 660 344 211 739 325 841 737 719 306 564 213 505 429 574 405 343 542 
751 100 663 950 428 642 846 942 199 176 526 298 469 972 
117 962 165 622 749 139 852 663 648 726 912 751 263 209 530 77 872 708 
379 294 252 570 22 901 143 863 423 204 846 164 422 573 111 270 641 441 
772 715 416 295 697 198 674 805 903 313 122 951 126 168 757 
957 907 255 392 935 441 422 577 875 55 623 211 592 190 
585 357 887 211 639 991 527 45 22 928 718 761 238 725 820 199 710 51 386 334 447 232 361 665 157 125 453 123 774 856 976 
211 840 170 947 941 511 815 600 966 721 482 787 710 61 471 652 11 249 675 911 121 37 180 428 512 727 401 217 106 996 
641 757 974 873 312 53 698 164 270 250 914 427 529 726 248 695 
336 940 96 973 735 647 378 673 48 442 456 603 395 249 350 84 716 
501 740 673 483 81 587 203 764 873 812 474 390 252 409 276 251 214 424 192 115 4 525 895 541 107 915 962 
86 505 795 80 690 971 21 837 895 712 598 528 907 512 42 464 
609 713 900 767 39 355 78 429 354 2 211 777 876 703 708 617 278 770 870 752 905 394 48 890 768 604 420 376 237 326 635 595 897 735 224 296 772 130 403 405 271 325 277 190 874 980 
72 886 287 161 245 578 14 839 266 433 475 189 680 256 78 261 
83 304 736 815 207 302 729 565 269 528 662 
2 321 179 474 706 752 371 530 539 854 977 52 900 61 83 962 768 693 529 695 741 459 366 589 
651 872 132 774 1 93 577 885 462 352 891 115 380 272 582 832 556 632 369 883 253 983 
169 761 600 549 699 306 358 254 708 420 295 402 730 874 537 479 661 909 823 690 501 709 204 832 964 796 97 818 865 840 958 490 543 792 474 576 337 294 991 
758 322 527 205 905 892 485 281 535 981 39 357 251 228 806 697 93 247 598 519 351 
251 709 197 55 36 8 511 315 679 302 919 334 120 254 
349 784 501 802 452 427 816 40 306 746 460 992 
20 116 721 727 848 237 293 676 820 245 900 700 367 544 481 813 825 318 
366 430 726 846 253 886 400 730 905 86 884 64 321 284 
635 884 237 217 121 741 26 687 494 429 736 519 762 
14 803 99 944 805 257 125 637 686 753 419 
167 760 73 785 141 208 707 403 840 924 528 401 590 523 359 745 512 58 480 
971 187 941 931 610 487 483 36 405 383 362 950 462 849 669 401 486 982 868 413 952 693 429 87 350 
116 529 85 985 27 512 125 303 366 455 
757 940 85 686 403 925 197 540 143 726 818 720 730 957 294 691 171 
530 558 334 545 688 359 934 807 348 93 
814 265 552 256 157 797 254 240 807 730 751 729 829 698 317 385 540 65 711 340 583 830 238 
932 270 668 439 697 135 972 710 500 196 612 443 213 589 333 234 706 82 
352 964 571 4 137 189 424 84 580 807 44 650 475 
362 920 962 244 916 420 120 92 404 318 687 427 558 72 
729 316 651 365 304 41 98 339 961 153 
54 712 483 749 941 808 578 464 525 554 
