17
9
12
14
19
14
14
19
13
1
6
13
18
10
14
13
12
10
10
10
19
2
16
8
12
6
1
11
16
13
14
13
16
12
6
2
6
3
12
12
16
10
3
9
12
6
7
7
17
6
12
8
14
12
13
19
19
6
9
9
11
9
11
12
9
12
12
11
12
12
9
9
11
13
6
19
13
12
4
5
7
15
11
19
9
7
8
13
10
11
7
12
12
2
18
9
13
18
16
16
18
17
7
18
8
9
14
4
9
15
6
12
3
9
13
10
15
17
6
2
19
2
2
5
12
12
7
19
7
19
1
5
18
5
8
9
18
7
14
11
0
6
12
0
19
0
2
8
13
2
12
12
3
14
19
19
6
9
13
6
19
9
0
8
15
9
11
19
10
0
13
6
13
1
7
18
17
16
9
16
6
16
3
12
12
19
0
6
12
0
6
17
13
19
0
19
8
15
4
7
17
6
19
7
1
18
6
6
14
10
0
7
12
6
14
3
10
16
12
7
6
16
1
8
12
8
12
6
1
14
16
12
8
6
6
17
9
3
19
7
9
3
4
3
7
7
6
8
7
0
3
4
6
7
16
13
19
5
7
19
7
6
6
17
13
12
12
19
5
14
3
9
17
16
12
5
7
10
19
13
13
17
17
9
18
10
9
6
7
9
17
5
17
4
13
9
18
12
9
7
15
18
0
11
0
10
13
12
17
9
12
7
1
18
6
1
19
17
6
13
9
1
6
18
8
13
13
5
17
6
15
16
1
7
1
9
1
19
7
6
11
0
7
17
11
7
7
6
7
7
15
6
11
12
12
13
0
10
8
13
7
18
17
10
7
17
9
6
4
3
13
1
13
19
19
11
17
7
4
6
13
7
1
1
1
7
15
13
12
1
1
1
6
2
14
15
12
9
0
15
9
17
0
7
18
10
7
16
13
7
9
14
4
3
9
9
9
6
12
17
1
19
2
11
13
18
8
9
12
17
7
11
2
11
10
6
11
9
2
8
6
4
7
2
17
1
19
3
15
7
13
2
13
7
11
17
3
5
12
8
9
6
15
17
15
3
14
0
13
17
19
11
7
9
1
11
18
5
18
5
2
19
7
1
0
6
17
12
11
7
15
13
5
10
7
6
0
9
7
17
7
4
9
12
7
13
19
18
7
9
6
4
14
9
1
19
19
14
3
6
7
7
16
19
17
19
1
12
11
14
18
1
1
16
5
6
16
13
15
17
1
3
0
0
1
9
9
6
10
15
17
13
9
4
13
4
6
13
19
13
7
13
15
6
14
9
6
9
14
13
19
9
12
18
11
6
4
16
17
0
13
4
18
3
0
17
7
14
12
9
7
9
13
12
1
12
14
6
13
10
12
11
13
19
6
8
4
13
12
18
17
19
2
12
12
6
6
18
12
14
7
6
12
1
1
16
3
19
12
2
16
1
0
13
14
19
12
2
0
7
9
12
12
17
4
9
13
12
8
4
5
17
12
16
9
17
17
8
1
6
1
14
12
11
5
4
6
14
7
17
8
1
7
11
4
6
7
12
12
16
17
16
14
5
0
9
9
12
6
2
15
6
11
9
6
19
17
16
10
13
6
9
16
4
7
17
12
14
3
17
4
11
12
7
6
17
14
2
1
3
10
13
1
1
10
6
17
3
15
7
8
9
1
13
2
1
16
10
10
7
8
7
12
7
15
16
8
9
6
8
16
7
16
10
19
12
9
1
7
11
10
0
15
17
13
1
12
11
6
1
9
6
17
5
8
8
6
11
2
19
19
8
6
7
19
13
16
12
18
16
16
5
3
16
7
13
9
6
16
6
4
9
10
10
4
8
2
7
13
8
14
3
9
13
7
4
15
14
1
1
14
10
11
2
1
19
16
1
14
19
9
7
19
9
13
9
6
18
13
0
3
16
17
14
0
14
13
11
13
7
9
8
9
17
12
12
9
18
5
6
13
7
0
17
19
3
12
1
18
1
8
5
8
2
5
13
13
17
9
19
12
6
8
14
9
9
0
14
9
2
1
5
18
13
11
6
13
11
17
12
1
6
19
16
13
13
3
17
1
12
12
8
14
8
16
14
9
1
7
18
4
13
13
7
6
1
6
12
6
15
0
14
16
6
7
1
13
10
0
9
0
15
5
0
9
3
0
12
3
12
15
6
12
9
3
9
3
18
6
17
13
15
6
6
9
16
15
4
6
3
0
0
9
9
7
7
12
9
11
9
5
10
1
3
7
10
17
14
10
11
0
10
9
14
13
14
6
18
15
12
