1000 9813 0
644 706 12 18 29 41 43 65 198 483 836 837 
59 272 321 566 757 69 170 184 188 294 328 344 421 435 479 488 542 596 621 624 738 754 778 788 812 911 963 990 
459 1000 192 255 294 345 400 401 494 508 805 859 985 
821 884 255 263 307 319 422 466 789 858 907 982 
375 471 559 45 59 228 240 275 354 391 426 441 487 490 495 542 828 854 878 954 
467 662 9 28 43 252 348 361 688 736 835 857 987 
139 270 530 818 11 28 251 276 321 403 459 511 554 562 591 632 697 770 807 809 841 876 927 
130 471 755 833 304 379 479 514 680 693 736 837 842 844 850 886 994 
12 55 115 307 453 734 814 839 6 45 49 56 72 75 76 152 185 198 209 284 302 365 405 410 439 448 450 471 483 531 668 698 703 727 735 759 777 805 818 827 829 900 911 912 
205 515 16 58 378 395 411 468 566 717 727 863 911 
207 7 94 302 306 370 408 410 668 820 
9 173 506 634 876 923 1 58 105 272 277 293 297 304 361 401 421 528 587 626 652 695 703 709 760 826 838 867 932 950 963 
104 789 86 315 420 422 438 446 549 567 870 875 897 980 
549 761 938 982 90 139 366 390 469 483 511 517 551 585 598 718 755 768 799 874 968 999 
154 932 93 117 158 556 584 598 608 675 691 695 798 823 878 
265 647 923 10 78 103 125 155 323 385 422 461 498 504 668 709 779 793 806 911 
152 977 102 268 340 356 485 498 719 851 901 
549 982 1 93 140 275 404 506 545 595 598 688 873 993 
42 49 170 433 560 588 603 829 923 940 
42 804 95 157 289 311 334 365 475 701 705 719 812 891 
239 260 482 82 189 201 360 446 481 583 684 702 718 720 740 783 789 813 859 990 
36 123 394 444 779 824 44 149 189 198 235 317 321 354 402 415 470 474 509 535 591 607 668 671 682 743 751 760 762 797 852 878 882 957 971 
408 680 69 106 436 455 500 583 755 763 973 991 
741 782 35 127 137 167 313 550 570 580 770 867 
39 143 225 609 788 977 61 95 123 146 197 198 216 254 273 280 316 344 428 540 546 576 620 652 664 665 701 709 731 752 771 815 994 
111 262 605 902 87 100 180 196 225 286 472 585 608 642 664 747 765 770 780 799 900 967 
174 316 758 58 89 120 158 180 188 193 332 538 583 818 839 851 902 
167 304 424 455 768 7 6 108 205 294 339 365 374 404 430 479 538 563 603 673 700 797 830 851 932 935 948 950 955 963 
255 787 904 1 228 416 509 780 788 848 898 927 
327 876 906 106 318 422 435 436 465 760 772 
270 35 117 170 420 491 498 607 655 899 
608 796 36 204 225 383 435 467 890 975 977 
100 180 63 161 268 479 518 598 602 667 686 744 806 807 857 
189 311 623 743 60 443 449 534 616 627 661 700 711 750 772 957 
58 253 319 462 486 576 605 689 31 24 76 98 129 131 158 220 236 257 286 302 360 395 399 417 439 440 443 491 545 600 668 673 818 855 891 899 901 
22 452 779 807 32 58 255 263 337 403 536 604 647 685 686 710 727 736 758 806 881 958 963 997 
598 963 59 94 471 547 731 765 869 945 954 
457 955 75 79 115 549 694 703 879 885 905 945 967 
25 40 66 184 219 225 528 56 115 123 150 224 281 456 526 531 564 587 607 652 659 726 728 738 772 784 801 829 848 938 963 
39 189 232 589 911 157 165 166 222 237 276 280 339 348 428 545 661 708 716 757 783 841 896 926 961 982 
218 1 363 371 647 740 750 760 831 981 
20 19 210 286 306 721 739 64 79 107 122 129 136 154 157 227 321 367 386 429 433 437 483 516 578 633 676 751 760 835 916 977 
153 242 251 271 466 709 720 907 957 6 1 62 79 100 115 118 130 131 165 222 245 255 296 304 307 318 355 392 397 454 527 556 579 686 698 743 750 794 833 836 845 881 888 900 906 932 963 972 977 
284 310 886 22 73 107 275 281 422 490 543 648 695 727 830 838 861 975 977 
67 93 856 9 5 83 98 111 199 284 323 476 686 711 818 847 901 907 
58 235 860 115 168 173 405 455 465 581 610 611 690 709 789 807 916 961 
483 669 795 105 174 189 274 279 428 463 609 614 825 844 855 977 
277 347 985 104 167 279 369 441 581 585 643 651 688 702 856 871 901 940 972 
318 652 843 9 19 74 79 83 316 345 433 437 467 676 748 781 798 830 896 
511 168 325 413 446 459 483 707 711 923 
112 953 59 116 236 325 365 366 484 525 667 839 
224 731 747 806 852 873 67 82 94 103 131 144 198 235 249 266 303 369 419 468 496 603 762 765 856 932 
565 683 913 64 75 138 204 281 405 697 716 730 732 771 788 862 887 961 
589 707 176 293 351 491 597 719 731 789 929 
9 171 326 581 835 861 112 180 228 344 394 420 461 468 471 473 475 526 574 582 591 680 691 711 772 780 854 944 952 957 965 977 996 
880 39 9 132 367 474 600 616 748 966 
145 780 93 238 424 460 519 525 557 692 718 728 813 820 
46 35 172 769 963 27 12 36 10 115 141 251 286 358 390 426 431 445 471 587 593 648 730 900 949 980 990 
2 71 162 296 310 474 757 5 37 51 64 84 86 87 108 140 164 187 197 208 229 252 359 368 445 517 529 666 675 703 710 734 841 856 900 916 958 961 972 975 
114 514 34 357 426 509 544 610 616 721 807 843 977 
83 167 376 529 693 760 25 74 96 245 262 415 427 459 474 484 544 547 559 563 616 619 663 751 769 777 841 861 865 881 888 969 980 983 
290 851 43 93 126 304 479 608 612 645 837 
83 455 895 33 125 158 193 219 306 540 583 594 756 789 845 856 911 933 962 978 
66 92 459 679 688 855 911 953 977 59 53 42 105 135 187 216 271 276 280 284 322 341 431 451 478 536 582 586 616 687 690 742 765 806 839 863 864 873 913 935 986 
72 401 748 1 188 211 294 322 394 395 434 446 535 554 807 922 957 984 
39 64 138 251 273 313 480 548 606 746 830 839 918 
45 573 623 653 679 713 953 52 94 119 144 183 186 192 327 346 374 383 385 390 445 448 476 533 546 641 721 729 730 750 751 757 759 768 798 836 839 955 
476 575 760 82 117 246 284 309 368 440 710 772 799 905 925 950 
213 589 900 23 2 160 239 316 345 375 529 583 721 839 849 897 955 
429 950 303 327 391 420 551 587 612 686 793 
59 474 547 978 87 139 358 377 410 419 459 685 707 736 774 914 977 
65 96 237 797 9 302 371 432 434 535 536 611 640 682 751 754 858 
432 602 44 111 301 406 549 625 769 792 951 
295 839 847 876 61 49 113 222 285 315 322 365 589 663 745 858 
253 263 511 598 769 896 9 38 53 219 252 314 367 383 387 492 500 501 509 593 632 648 739 762 786 787 838 850 856 906 995 
121 374 755 833 35 9 101 315 372 434 557 587 606 674 788 819 895 940 978 985 993 
193 130 183 239 284 287 455 717 779 788 
225 653 856 16 107 223 271 293 295 327 335 414 482 507 513 685 943 951 963 969 
108 252 42 49 38 43 187 192 238 668 671 845 
134 665 892 943 96 111 204 223 243 286 330 550 661 675 789 807 833 841 857 894 899 920 950 
86 240 483 93 157 209 284 333 524 550 590 653 748 749 830 965 1000 
117 563 763 962 967 999 68 21 52 129 189 238 321 352 381 459 502 508 543 551 552 596 624 663 689 732 760 822 846 926 983 
63 61 90 455 489 674 45 49 185 189 246 302 342 449 458 468 474 479 503 573 599 663 686 700 751 773 792 837 840 858 935 
155 447 571 636 830 59 140 179 189 193 211 218 246 304 331 368 428 457 552 598 638 644 788 811 895 977 
106 158 321 836 99 223 233 304 315 350 379 540 612 696 698 701 705 731 734 743 787 872 961 
81 240 483 669 705 752 784 975 976 59 13 115 182 189 202 205 214 232 239 260 262 302 307 359 395 411 416 419 459 494 530 546 555 578 598 652 658 661 685 709 757 762 767 788 802 806 920 957 997 1000 
248 606 750 776 883 26 59 71 96 117 118 272 304 387 512 552 556 593 625 660 662 672 705 757 774 924 932 954 
373 581 897 105 134 153 311 358 652 660 890 914 
721 804 27 123 246 338 572 674 683 787 913 915 979 
83 979 14 122 185 235 289 308 312 374 444 596 896 901 957 
240 850 284 362 575 577 586 671 798 877 971 
64 152 200 237 274 282 327 403 627 690 737 822 850 926 
45 112 189 528 977 57 15 81 62 18 115 200 209 228 244 294 361 416 481 604 694 722 763 791 913 933 955 997 
433 452 890 52 11 67 37 145 187 191 284 541 571 835 838 909 
314 362 479 508 610 869 20 25 108 112 143 145 197 217 229 230 391 471 487 545 558 611 616 721 724 805 816 840 841 843 871 886 908 953 980 
72 417 498 954 61 87 80 105 122 145 368 431 481 501 585 727 744 753 783 794 964 998 
327 839 145 246 249 422 478 662 670 782 850 
297 426 479 838 958 45 35 105 203 252 271 313 368 408 549 609 616 682 699 741 841 850 879 936 956 960 
794 799 85 106 248 249 403 476 707 720 822 856 924 
33 274 332 537 578 631 682 794 904 43 26 109 114 136 189 201 234 245 327 382 429 462 471 477 508 513 528 577 580 591 616 652 693 729 783 807 816 818 825 874 927 961 
789 998 76 158 239 266 310 394 675 711 741 870 963 
192 487 525 17 130 152 164 222 256 321 521 610 640 642 686 718 952 966 993 
300 350 490 522 673 742 52 16 241 321 387 482 577 598 707 711 713 737 762 780 785 803 848 896 897 950 974 
13 479 574 48 120 221 255 384 411 449 486 517 553 560 575 726 787 915 981 
359 440 606 47 98 88 64 96 12 245 322 512 530 768 788 817 870 953 959 
85 655 99 23 30 356 389 535 625 675 780 904 924 998 
209 530 818 888 78 44 42 172 179 249 272 317 350 438 480 648 735 761 809 837 839 849 949 955 972 
79 243 512 554 921 968 95 59 28 170 171 246 293 302 312 391 421 424 449 496 535 598 619 633 641 683 690 714 780 822 834 879 953 982 
572 980 100 168 207 369 463 494 500 530 539 
387 563 817 148 211 265 314 322 389 580 581 589 671 723 726 929 945 954 
26 263 598 616 45 80 73 145 321 446 450 589 606 607 630 770 814 
93 51 881 900 948 95 55 168 171 230 252 259 303 327 381 424 482 537 540 670 702 711 724 815 818 895 
238 627 74 140 304 429 529 543 715 761 847 873 945 
60 272 100 279 323 339 539 555 607 612 651 779 928 971 983 
9 388 469 647 839 43 38 39 93 46 86 58 229 343 366 419 429 430 540 707 726 793 886 912 915 916 926 928 941 973 
278 549 721 982 51 196 206 222 284 285 289 347 424 522 608 640 688 751 756 894 941 965 971 
82 387 465 745 951 962 967 31 15 87 68 122 131 144 185 195 219 228 264 304 315 329 342 365 421 542 545 606 624 650 676 771 807 841 864 887 
551 727 43 87 131 251 459 467 665 714 760 797 913 972 
441 511 67 218 267 338 545 554 589 663 987 
150 613 638 690 779 807 874 104 27 126 137 180 229 249 252 255 268 270 273 315 392 410 429 436 487 515 557 569 582 591 616 653 729 732 744 854 876 882 895 945 963 
76 145 422 471 526 612 153 173 195 227 229 322 388 436 458 514 554 577 584 589 599 606 614 718 732 736 760 763 844 875 898 900 
394 439 735 807 824 90 96 42 117 145 299 335 440 509 538 549 566 635 650 663 696 711 747 765 803 838 842 933 
22 423 439 779 39 25 89 131 280 281 304 343 446 471 479 552 595 606 615 633 642 701 740 743 940 
258 302 304 479 579 626 695 810 967 975 
589 594 643 63 16 205 427 484 543 592 982 
609 648 120 62 212 341 474 626 651 659 784 
240 404 808 924 24 225 253 291 326 344 359 422 440 445 508 540 552 564 619 758 777 779 797 845 982 
696 780 174 256 263 330 442 647 711 744 793 808 856 917 
431 443 483 850 35 42 82 147 158 291 331 415 417 544 630 702 708 734 856 860 876 
8 422 526 43 77 102 205 220 423 439 533 635 643 684 705 805 815 897 998 
391 533 736 909 926 52 123 117 118 35 43 166 171 189 307 332 358 452 496 509 557 581 670 685 693 711 805 854 984 
535 651 684 56 265 323 530 587 650 683 731 772 786 840 864 963 
302 583 172 181 195 232 374 406 641 656 708 709 724 725 946 
80 258 88 156 237 249 255 352 386 405 721 756 873 
148 671 852 64 166 255 336 394 429 554 557 737 832 928 929 963 
296 973 100 42 207 449 534 584 661 746 798 838 869 951 
285 405 583 24 120 169 222 252 255 402 483 496 675 678 721 735 752 959 
386 521 714 53 66 221 562 610 652 693 719 733 751 760 782 805 913 923 962 
7 635 71 14 285 365 440 544 555 574 577 
345 432 437 84 113 59 18 243 371 518 530 573 601 606 641 673 788 903 913 927 
303 685 845 58 182 249 257 567 590 605 615 673 
511 726 783 150 170 174 187 310 422 438 517 535 887 893 919 948 
25 232 619 95 164 254 366 391 422 447 479 482 540 718 893 908 986 
342 544 52 117 67 210 263 439 448 483 554 879 936 
121 57 422 571 628 94 95 96 111 97 122 177 319 359 431 512 588 592 606 665 798 818 870 939 977 991 
187 939 25 189 235 335 472 490 578 622 683 709 932 976 
452 129 189 346 450 491 645 680 734 950 
135 731 110 166 237 466 469 561 589 786 797 805 833 837 940 
280 327 552 22 167 234 357 436 489 529 601 643 721 775 868 911 
120 690 39 142 421 480 495 686 747 806 993 
589 615 167 192 254 307 314 375 412 440 529 616 880 
17 92 9 102 180 370 651 693 732 939 958 
43 238 244 457 793 812 955 88 121 176 358 361 424 480 493 527 607 635 713 718 737 752 779 789 806 830 832 857 933 948 975 978 
15 270 829 42 160 198 242 317 345 465 470 585 707 786 874 979 999 
84 628 830 16 238 263 459 552 564 621 909 
257 134 262 352 397 529 543 576 811 968 
172 315 667 689 692 777 959 81 20 42 40 205 306 317 327 429 442 485 487 515 518 535 550 575 609 743 747 815 839 888 928 980 
85 299 416 940 101 15 27 129 35 63 164 199 278 455 464 522 650 652 679 703 723 893 916 923 
593 389 424 470 526 535 631 797 854 900 
207 262 69 154 192 376 493 534 589 609 666 876 926 
517 571 33 189 243 316 394 583 734 751 797 886 901 936 
59 956 223 459 471 492 596 601 602 756 866 
342 685 174 233 237 461 575 604 662 713 779 810 907 912 
427 658 750 143 59 158 102 287 306 354 422 462 565 623 643 652 779 862 
198 351 491 550 563 43 40 189 201 269 280 363 369 521 528 555 592 596 622 675 686 815 824 840 846 925 963 972 
732 993 40 148 131 135 282 340 483 556 727 856 867 875 934 
61 28 304 345 432 437 489 674 712 24 149 48 151 191 211 242 256 263 316 326 328 347 359 367 479 508 525 531 549 569 572 594 621 627 632 669 718 724 750 757 813 856 971 993 996 998 
471 571 604 112 50 46 109 251 364 436 445 588 637 737 738 801 811 824 831 
286 494 137 246 363 430 578 638 745 818 892 987 
585 762 2 31 142 108 19 308 324 674 750 
55 295 327 552 839 876 897 112 108 131 195 206 275 321 328 343 353 359 366 376 419 422 432 504 549 559 697 748 783 821 856 963 
157 58 567 133 107 327 711 750 758 818 857 871 
12 121 46 223 455 527 655 760 827 941 
27 229 624 820 926 142 163 47 128 217 287 327 339 401 498 511 607 608 650 651 676 750 808 823 841 874 897 940 
505 230 311 351 362 486 668 727 860 954 
477 958 153 54 192 210 258 455 578 735 749 850 879 983 
309 540 145 272 321 367 390 408 508 587 776 785 802 881 
222 787 216 374 447 551 554 606 688 739 830 864 934 969 
321 940 107 84 283 432 516 593 603 634 700 788 
33 222 255 737 27 152 120 26 55 205 214 223 306 333 365 483 529 580 584 675 689 780 796 814 
689 133 192 269 294 456 574 727 755 874 
222 842 933 86 141 251 293 339 604 750 856 895 
841 77 67 202 219 248 415 726 747 941 
39 911 2 286 440 479 542 708 710 773 822 
459 900 911 90 117 9 83 242 262 284 319 374 455 697 736 848 916 926 
571 833 67 187 224 302 428 459 552 656 920 973 
146 403 485 543 941 944 991 64 142 59 79 186 94 219 235 261 270 272 326 366 372 427 450 452 476 489 491 545 555 566 698 723 774 871 911 918 950 970 976 
934 2 27 65 321 388 477 716 807 919 
93 34 40 232 459 573 623 653 147 131 165 146 84 83 100 82 47 22 21 161 86 248 279 281 306 378 454 471 529 535 555 583 662 668 671 726 735 736 754 869 906 964 
468 544 205 333 349 539 759 820 858 928 958 960 
319 798 934 167 94 293 327 372 432 455 485 535 556 590 652 662 793 794 797 
102 282 363 366 500 551 3 181 151 79 67 176 160 298 459 469 480 509 512 625 628 680 692 701 748 788 812 886 888 911 963 971 973 
77 256 295 552 734 814 27 63 84 237 253 285 292 306 318 390 496 582 623 653 711 716 871 907 913 916 
696 903 212 214 352 359 441 503 534 885 945 
250 972 133 121 117 171 224 452 549 627 688 950 
612 26 116 205 295 451 699 768 787 907 
606 747 750 776 59 95 25 235 403 511 583 695 730 762 917 945 
165 331 400 962 1 25 22 154 9 52 270 271 273 308 361 467 617 645 750 765 770 860 865 982 
243 512 805 45 158 258 307 314 458 529 603 639 651 807 855 894 947 955 
410 832 975 93 92 236 258 548 666 679 950 
293 366 586 100 21 165 212 276 353 496 527 530 576 603 616 659 833 844 884 
462 183 86 222 225 294 322 656 884 965 
239 422 98 218 271 340 483 545 635 761 855 856 919 
212 407 935 32 80 53 403 563 707 872 954 
10 229 313 390 820 825 86 190 196 28 130 157 125 180 238 302 314 450 459 483 538 570 609 610 623 646 669 700 729 793 806 837 849 866 928 
479 789 171 116 225 264 274 411 424 464 609 732 833 
160 11 368 136 109 246 261 347 435 466 481 562 587 612 657 857 894 939 
692 59 405 502 563 797 859 897 917 967 
107 913 81 93 9 243 267 472 512 645 738 837 895 
42 406 144 176 251 329 408 598 837 871 918 
399 403 543 585 931 972 167 84 110 65 253 315 349 376 412 479 526 583 606 677 807 836 946 954 973 977 989 
204 194 201 126 305 335 375 464 856 875 
69 232 245 246 335 375 552 692 709 765 906 957 958 
323 496 180 86 194 367 528 581 688 815 873 
530 662 274 366 459 536 552 727 747 810 956 983 990 
238 907 984 178 25 64 232 337 382 594 609 824 838 857 889 917 
738 174 95 583 628 649 698 743 778 911 
41 578 84 119 203 407 420 484 542 575 653 710 909 
39 267 183 75 187 63 117 370 464 549 554 672 
407 35 130 247 422 471 668 845 890 980 
262 934 138 104 284 318 366 422 686 938 946 
182 178 180 255 534 626 698 737 799 43 40 116 102 202 137 74 232 297 324 339 348 395 410 478 512 538 584 615 662 690 702 734 738 760 789 840 898 936 954 965 980 
383 392 723 80 173 85 162 78 180 289 387 501 560 628 655 680 711 748 848 
52 912 186 195 39 270 271 519 542 761 958 
39 25 78 266 26 127 32 202 206 284 294 328 390 407 413 422 445 500 608 786 814 865 908 
440 750 871 228 366 401 479 481 485 491 511 523 560 619 620 631 635 730 
397 528 121 42 322 401 457 780 897 932 969 
715 772 969 117 5 29 226 55 93 297 422 739 813 827 853 862 912 950 
205 174 322 659 825 121 95 115 59 120 263 295 306 364 379 408 426 480 487 513 651 688 712 791 793 881 884 963 965 982 
635 818 175 112 95 303 414 531 549 658 942 
274 680 262 307 323 357 394 459 489 510 607 624 656 905 975 
40 189 143 213 788 928 216 222 133 86 284 314 398 412 467 474 552 556 617 628 773 782 835 880 924 935 
741 914 85 163 240 373 484 618 667 797 799 863 903 905 983 
368 749 800 902 929 100 149 245 252 296 361 366 397 415 421 429 453 527 530 647 677 718 762 839 872 910 950 1000 
46 486 536 616 695 187 22 90 197 146 52 244 429 488 508 513 568 636 653 658 784 809 833 856 862 880 970 981 
773 878 51 35 200 241 426 483 640 669 805 
72 398 416 813 40 134 163 193 92 148 240 303 468 483 484 517 524 583 597 648 660 740 897 
113 216 153 244 251 414 542 866 79 205 57 82 155 260 261 351 391 429 452 530 544 582 601 603 656 668 671 677 681 686 704 727 751 765 810 813 821 847 858 900 901 934 972 
203 21 471 77 101 69 86 345 415 432 549 634 638 690 856 884 900 907 911 
91 86 81 127 561 237 5 233 270 297 321 325 332 421 435 480 552 569 600 618 660 783 787 807 958 971 997 
299 415 853 236 103 251 315 400 445 640 648 983 
43 167 185 154 307 391 483 632 981 999 
108 199 252 711 161 209 80 140 313 396 422 506 522 549 596 600 605 662 849 916 924 983 
238 153 251 235 93 418 526 629 656 672 690 704 800 837 912 953 962 963 985 
346 361 730 862 975 100 213 43 105 234 61 464 511 514 518 530 615 622 685 693 695 715 723 945 960 977 996 
365 443 483 591 815 84 169 89 108 207 83 68 213 97 293 370 376 393 477 536 588 590 700 751 778 804 882 901 909 968 
963 220 254 358 478 491 501 613 791 818 
87 460 806 99 189 183 252 381 421 509 607 736 
289 361 509 714 107 141 52 134 97 120 99 367 415 479 580 632 654 743 787 839 840 854 891 995 
195 399 971 270 294 309 320 321 440 467 576 598 600 657 676 697 758 899 943 967 
43 238 244 271 448 542 957 182 58 66 168 241 118 7 210 280 286 331 335 368 394 455 470 511 549 556 606 609 648 651 656 676 711 761 837 847 912 923 936 
79 243 413 554 607 711 816 248 6 59 120 75 112 98 137 234 326 343 344 366 390 431 440 461 465 475 491 519 521 545 558 653 674 714 812 833 849 873 938 965 
75 35 695 925 211 193 127 308 408 439 684 758 788 802 846 867 1000 
259 347 431 621 640 247 25 151 143 303 354 415 470 527 545 574 601 615 653 662 731 757 806 837 910 938 950 960 971 
180 222 29 626 680 791 794 966 120 36 4 3 137 43 134 135 104 306 321 326 368 369 455 473 524 528 546 559 563 610 611 692 695 699 761 773 779 861 865 926 963 
193 128 102 167 428 481 533 681 688 795 
156 375 785 35 141 277 452 542 593 775 908 926 
134 124 276 651 859 981 176 199 200 288 305 318 321 343 344 425 459 488 518 656 840 841 902 921 974 989 
254 112 391 571 612 635 781 818 892 987 
21 86 238 432 547 569 613 682 870 966 
501 640 207 187 238 304 369 467 503 654 747 796 922 
160 26 221 598 667 185 61 231 86 156 278 321 327 385 429 540 608 636 669 707 750 754 869 870 894 971 975 
75 111 315 319 368 418 576 726 128 4 229 155 36 144 167 270 334 390 405 416 432 484 621 633 656 657 675 677 688 696 729 740 747 750 757 779 780 789 813 850 892 937 955 962 977 
652 727 206 117 459 477 507 523 541 619 686 903 
16 326 110 132 275 318 505 569 606 617 624 707 789 833 871 
225 459 648 911 52 101 318 320 341 381 399 463 527 530 551 566 587 672 747 760 780 796 830 862 942 
219 910 209 119 327 366 656 787 830 863 889 892 938 978 990 
422 780 120 33 17 271 305 368 410 415 439 445 499 962 977 
665 859 165 181 545 698 702 737 817 839 883 886 888 935 995 
154 7 31 569 996 224 250 263 187 198 240 120 280 322 354 471 483 529 540 552 592 666 722 813 889 904 961 
43 251 457 907 949 957 98 268 224 78 64 198 203 402 429 459 487 496 530 580 652 672 685 832 856 875 905 
2 114 287 107 177 187 87 12 422 635 643 688 800 850 896 934 
366 551 25 66 120 198 274 299 333 689 794 953 965 
100 231 737 751 206 47 92 215 273 278 293 296 307 319 384 548 589 652 779 805 860 897 
459 504 265 18 5 44 171 392 548 875 906 907 
258 535 651 792 64 201 7 40 308 362 363 449 452 636 668 696 737 818 843 907 977 992 
48 339 12 257 348 366 398 462 474 551 611 916 982 
116 286 435 549 761 262 158 274 327 400 452 531 656 709 717 728 733 806 840 856 929 
507 526 604 785 114 48 47 189 303 327 332 567 581 726 877 900 977 
149 570 608 700 270 25 123 165 40 251 64 343 351 441 505 582 619 621 826 965 971 
373 538 552 560 835 961 44 39 53 123 189 309 390 404 413 420 441 540 589 609 610 633 714 749 775 794 805 806 815 833 873 963 991 
192 716 92 166 303 383 388 585 683 707 802 
727 908 179 301 373 390 538 679 827 861 952 954 
44 296 310 401 411 686 732 954 974 116 225 64 232 9 185 81 45 221 91 68 94 77 353 360 393 460 504 541 604 618 622 624 630 790 798 800 809 841 849 866 876 880 922 958 976 995 997 
137 302 583 74 116 139 193 317 851 929 945 992 
42 278 169 938 184 26 35 80 251 58 303 307 404 514 608 689 709 926 932 965 980 
272 164 77 174 373 532 570 584 947 959 
548 715 258 312 526 533 615 747 791 831 877 890 913 1000 
249 349 490 116 90 20 223 344 477 515 688 696 708 746 787 933 
62 474 330 388 644 716 736 783 841 941 995 
318 464 656 129 127 338 461 645 668 686 714 759 820 839 917 963 
328 535 193 310 479 510 679 743 842 846 879 972 
201 366 540 710 108 274 191 54 246 182 12 78 315 562 582 673 683 740 790 895 903 916 995 
369 502 512 554 711 805 181 225 250 3 202 93 28 65 2 303 328 441 492 604 630 651 789 834 882 900 989 
74 193 171 552 786 839 229 196 78 302 323 383 408 573 616 665 688 733 852 885 892 893 929 965 988 996 
136 59 284 510 954 274 234 43 302 495 552 558 603 604 626 628 660 665 709 715 738 816 820 895 966 977 
98 508 574 789 228 12 222 240 331 542 616 660 732 760 801 864 887 913 927 953 969 972 973 977 
928 192 366 718 732 738 740 775 779 796 
241 158 122 273 540 579 603 729 916 921 955 972 
103 501 714 503 511 534 571 584 685 818 913 934 
763 962 283 73 511 571 586 663 714 870 895 950 
133 285 362 531 583 610 838 869 893 958 205 35 296 124 83 86 11 295 9 186 108 72 304 307 328 346 366 368 388 390 471 493 504 514 530 552 577 609 648 726 727 737 739 859 921 951 
141 468 639 947 971 282 52 112 294 286 279 254 237 230 70 311 356 362 376 401 481 501 563 748 758 864 949 956 
167 28 341 434 437 455 529 990 62 8 12 117 43 302 87 261 113 124 84 123 85 367 368 371 377 419 479 502 513 526 533 543 603 627 644 650 751 849 857 859 883 937 963 983 
468 845 991 212 258 268 339 477 493 637 707 738 
42 549 803 189 255 11 193 157 164 63 180 229 396 453 574 579 584 727 800 913 
9 327 409 425 722 734 849 894 43 231 199 151 131 242 86 4 302 274 286 308 385 394 403 406 524 546 585 659 660 675 687 739 752 787 846 857 868 890 902 926 951 964 977 
397 663 170 253 307 90 198 276 310 471 486 626 667 896 967 
177 540 586 250 281 68 328 395 416 528 577 678 698 789 797 818 821 833 846 982 
59 44 284 993 101 292 308 142 319 482 690 785 837 846 865 957 
34 653 175 20 303 88 421 485 508 535 549 842 873 942 
365 410 90 108 288 327 390 414 432 598 690 722 826 
205 335 545 901 936 66 243 24 98 370 387 416 457 529 540 581 609 626 641 757 772 798 806 876 974 977 
95 858 151 232 199 75 110 205 332 588 590 783 835 924 
263 157 352 436 726 860 896 13 74 117 293 85 241 211 76 120 327 431 445 452 537 591 623 661 665 723 763 776 838 847 852 862 863 917 928 940 956 957 973 
27 390 527 723 161 69 167 25 49 320 480 583 692 705 725 797 805 842 845 916 930 958 986 
338 471 107 157 154 285 22 321 431 870 986 
49 291 329 366 710 864 908 258 193 221 266 43 265 30 367 401 441 451 493 528 529 641 709 750 772 774 778 783 837 865 895 907 935 958 982 988 
263 191 35 798 310 145 4 185 274 334 347 381 401 479 530 550 554 642 644 759 812 813 913 1000 
603 995 316 250 266 352 420 422 441 508 597 640 656 895 
85 2 179 367 568 687 732 886 974 82 262 250 22 177 111 258 317 7 240 188 255 103 42 171 102 325 347 370 442 459 460 550 558 567 587 607 610 616 663 742 794 860 868 892 911 912 950 957 976 
229 383 659 723 736 936 983 105 110 65 202 64 227 74 270 121 327 346 348 386 397 429 444 476 478 519 590 623 649 664 685 721 815 893 896 900 957 959 993 
214 462 676 695 295 45 16 114 231 132 346 355 424 524 527 556 661 723 754 782 819 895 923 951 958 
869 170 222 505 511 523 563 679 971 977 
671 50 51 321 240 471 526 659 837 838 
265 55 647 252 127 167 255 187 368 389 540 620 771 875 885 890 901 928 
149 307 30 97 171 371 425 796 839 92 70 267 278 315 78 174 279 312 157 67 262 100 172 112 191 322 329 339 406 415 432 459 474 475 496 598 602 635 641 686 750 762 774 788 807 815 871 914 916 968 
292 458 309 167 171 302 294 225 2 468 687 701 757 994 
318 464 656 210 117 327 439 480 667 797 895 
418 772 128 80 290 357 415 420 781 873 924 
198 491 251 84 297 129 564 569 575 693 737 767 784 846 900 
100 279 27 314 240 131 359 522 566 805 
770 820 81 190 273 180 459 617 629 687 708 728 913 932 
339 505 20 319 263 479 527 567 579 681 720 
313 868 891 901 212 78 213 251 146 122 378 411 607 729 759 919 970 
568 797 879 135 377 526 586 696 814 816 916 
391 421 216 36 382 449 471 537 596 688 695 893 913 
317 422 526 119 291 89 640 695 900 916 938 976 
334 277 343 386 454 483 499 222 174 305 40 114 182 28 327 359 360 369 482 503 556 583 603 618 641 727 762 838 903 910 948 950 
441 692 896 166 203 17 390 427 468 512 525 549 634 724 851 978 
304 455 126 64 266 477 502 544 551 592 600 772 846 957 
144 163 83 117 358 474 484 501 665 716 830 894 
339 407 975 280 252 258 115 123 171 366 395 458 484 559 693 747 807 836 954 
657 681 716 127 252 2 55 258 25 289 408 410 626 708 714 833 923 946 
167 140 424 529 239 154 49 3 69 363 397 414 460 490 528 540 558 607 652 756 801 818 892 928 966 
245 587 322 67 147 323 302 739 789 916 928 934 
48 254 167 207 321 116 319 390 710 725 830 890 
548 598 927 997 277 222 40 6 322 371 388 402 467 552 592 651 751 752 808 914 915 931 960 986 
289 975 211 190 530 554 663 671 692 830 851 928 947 966 
103 382 85 107 486 606 695 765 769 806 950 
165 729 280 175 54 238 511 571 577 653 821 879 980 
315 557 567 617 82 156 320 134 194 442 463 537 540 556 831 867 890 
455 760 778 284 171 201 403 425 559 766 861 881 
619 911 977 22 254 164 5 270 385 435 439 563 632 807 837 872 884 
596 948 43 323 460 469 535 591 598 604 671 676 733 
492 581 995 17 106 303 415 428 429 486 511 565 594 659 667 731 856 871 888 
403 991 231 330 60 149 430 513 626 671 709 736 799 815 950 
739 754 804 131 58 342 71 88 247 153 742 834 
105 871 873 912 332 171 167 145 194 86 59 339 127 394 404 449 512 519 548 557 695 789 878 906 934 
469 876 284 339 21 35 361 437 473 517 642 719 934 
245 249 752 815 862 985 153 234 93 360 12 198 6 383 391 422 441 479 536 576 615 622 652 659 674 691 710 748 802 860 908 916 986 
95 302 479 610 276 303 91 175 377 398 430 488 491 525 534 597 624 664 911 945 953 959 969 974 989 
192 366 710 169 165 345 276 41 364 468 545 598 607 635 651 734 750 776 859 971 
699 986 363 229 168 460 563 571 589 640 790 975 
246 312 483 640 28 74 117 180 51 139 20 9 508 623 647 675 731 779 874 934 949 969 991 
201 318 363 273 192 293 430 652 908 234 115 215 221 143 171 252 187 298 277 226 14 343 267 51 302 367 395 429 471 480 499 504 518 553 591 642 651 713 736 750 793 806 807 826 886 909 924 930 984 
321 398 415 428 857 885 318 75 304 366 167 56 42 249 177 214 387 404 405 468 478 484 486 523 607 616 619 711 731 770 895 900 935 
234 263 207 692 772 934 255 268 326 96 59 98 251 68 304 302 84 383 474 612 642 643 743 797 851 908 912 
294 442 666 704 921 261 255 109 339 48 52 165 395 620 660 737 740 785 825 838 856 
542 709 246 313 152 11 321 219 499 535 554 595 672 972 
327 560 41 140 348 304 72 440 680 779 780 823 841 944 
736 770 926 76 191 187 374 413 430 447 518 549 573 596 711 720 732 785 786 856 
88 281 287 283 233 458 497 561 589 679 782 789 841 881 891 
76 604 833 28 178 90 185 133 67 372 625 700 761 772 851 872 908 
257 5 151 69 213 212 428 510 587 615 656 674 735 859 968 
61 664 246 303 211 171 160 436 535 640 698 719 735 859 935 
445 487 579 773 71 362 336 304 416 527 546 782 805 814 818 927 
483 740 784 189 10 335 403 408 446 462 479 530 607 647 692 721 772 909 955 
554 711 805 229 85 8 468 563 806 839 959 
676 384 387 476 670 759 768 815 944 996 
603 319 266 248 112 82 466 626 968 986 
350 850 976 216 337 100 515 567 578 625 654 655 671 746 940 962 979 982 
223 322 295 32 361 368 75 67 282 427 512 590 686 747 903 
421 632 723 380 274 104 430 474 539 609 690 970 
736 909 354 307 16 67 262 479 539 663 734 839 900 992 
138 339 134 42 322 530 575 711 770 807 917 936 962 
110 117 449 75 313 380 103 367 87 223 511 523 603 823 843 982 
115 562 861 121 282 302 188 290 348 420 626 739 788 813 854 954 994 
528 594 900 106 159 110 326 633 750 958 963 980 
316 205 484 625 766 926 983 263 225 340 58 312 347 177 252 193 14 302 67 281 283 434 451 498 528 542 598 603 614 648 665 707 715 732 806 948 965 986 
337 131 868 143 238 5 108 361 259 242 70 95 395 540 571 581 694 727 780 978 
223 733 43 120 275 583 619 647 738 749 952 
929 246 284 563 641 675 690 706 941 965 
122 22 452 481 874 251 135 65 231 307 161 101 55 359 453 468 471 541 554 595 607 610 668 681 704 806 839 952 978 
467 518 569 588 635 668 913 916 932 10 35 86 309 343 222 391 65 366 369 422 434 437 459 468 492 579 589 591 622 628 700 742 788 797 813 856 859 871 926 929 954 965 
563 745 243 306 414 418 440 471 511 717 843 868 
308 227 911 928 345 322 43 156 234 474 502 512 632 649 696 770 771 787 798 805 876 894 958 
367 237 362 232 277 441 445 511 692 943 961 
250 211 887 35 266 480 582 600 615 656 686 839 856 866 927 965 
198 930 241 278 3 474 487 528 665 726 764 867 
65 284 474 590 978 12 226 319 227 174 3 318 303 435 467 522 531 618 625 662 761 820 825 846 861 908 915 921 975 
420 540 652 764 137 271 22 348 422 435 515 559 714 785 788 868 
211 357 187 840 944 971 378 7 92 353 204 99 307 197 36 427 434 441 499 552 583 607 696 703 727 768 831 844 856 962 979 
127 587 795 919 286 359 18 28 367 281 424 475 498 515 534 543 554 584 692 701 762 830 908 918 
137 479 508 53 367 134 263 208 46 9 457 459 695 711 737 762 850 905 907 
210 754 133 327 307 73 444 476 534 563 598 679 877 
220 204 343 752 218 225 420 463 510 523 672 692 743 772 783 925 
23 737 746 790 915 295 98 11 344 210 177 229 253 378 466 532 646 718 760 773 789 867 891 898 923 937 965 975 983 
307 581 430 459 554 657 688 757 870 939 952 
200 312 784 795 815 919 268 11 344 9 120 71 222 459 472 508 535 545 569 581 604 605 618 692 696 741 751 894 927 981 995 
284 590 834 206 104 10 335 86 479 486 493 540 554 647 862 899 
530 916 151 232 211 420 489 604 806 895 943 
252 607 675 50 372 225 281 503 552 555 708 709 864 887 922 994 
238 457 970 230 345 396 312 78 520 528 640 659 757 853 876 895 911 920 
241 367 474 572 757 834 239 129 234 254 330 22 268 249 183 327 356 61 471 499 528 604 679 726 765 809 820 849 876 904 905 931 947 967 970 
158 237 503 655 757 29 93 309 377 313 263 86 418 450 456 480 495 552 586 642 660 705 721 777 825 850 873 909 936 
96 732 35 129 583 597 621 708 772 822 950 
263 330 244 416 396 425 480 657 706 721 727 732 
429 615 867 52 71 86 171 115 304 435 454 593 862 865 894 981 
402 540 611 644 727 864 31 70 407 218 330 55 388 13 412 320 281 432 442 471 528 531 704 709 732 783 857 880 938 959 976 992 1000 
384 337 515 527 545 719 819 311 12 2 234 117 248 108 240 150 430 550 557 563 581 598 638 676 692 795 835 838 928 947 993 
338 121 268 145 130 203 524 526 785 142 320 361 97 4 228 143 127 225 164 30 221 220 44 272 243 13 402 16 395 171 442 453 454 510 519 586 589 599 602 675 687 704 779 839 841 859 904 928 934 973 
123 807 130 441 511 551 598 615 770 786 946 
28 345 432 760 895 404 108 206 112 153 57 159 116 323 448 477 512 536 543 644 700 709 740 774 776 844 851 906 958 983 
307 327 905 258 418 353 467 503 632 723 820 953 
98 618 838 58 5 236 229 60 480 552 829 841 
164 782 403 383 187 125 340 61 442 505 515 613 735 963 
367 438 886 84 356 256 25 40 375 186 47 462 604 635 743 854 916 946 988 
419 70 637 648 707 756 855 856 928 271 366 113 262 120 238 100 322 42 234 157 135 115 356 235 445 483 498 512 529 535 550 574 607 631 723 735 752 774 782 794 827 836 901 903 940 965 
366 445 464 500 656 727 409 421 357 115 169 372 362 384 28 530 566 569 576 636 676 690 703 708 717 719 724 740 788 838 911 963 965 995 
254 129 673 815 145 315 64 252 58 317 96 507 508 510 526 581 583 695 719 756 768 828 886 963 
167 140 424 73 263 191 312 260 327 171 420 179 72 239 470 583 603 639 844 857 894 953 977 
94 481 42 19 49 547 577 640 736 863 868 917 933 
304 674 72 403 65 390 76 395 454 569 635 640 675 745 894 
278 494 600 738 30 354 32 401 419 402 2 240 207 504 520 528 571 663 713 737 850 
315 598 772 30 376 23 120 149 168 121 474 497 661 711 793 928 940 972 975 
304 167 140 42 49 360 395 613 690 698 907 
428 945 142 13 107 467 511 698 740 788 927 941 
122 123 718 735 329 268 253 9 35 354 144 130 490 520 541 576 598 610 616 645 702 710 900 
226 105 658 912 371 396 151 184 139 252 250 127 35 122 68 530 598 603 706 717 796 805 872 962 
119 340 598 616 783 969 423 294 318 5 281 403 398 361 280 320 194 48 459 467 469 471 488 583 640 663 682 713 714 745 754 761 888 908 945 
369 607 805 128 157 321 352 422 420 427 583 603 608 706 723 729 733 753 840 959 
129 246 621 34 35 477 498 517 737 806 863 907 909 941 951 954 
22 322 406 90 587 662 730 762 862 931 
377 430 611 864 987 268 429 398 127 241 168 59 315 58 225 67 455 467 571 598 671 682 728 744 807 818 834 941 
595 719 926 65 378 50 123 111 21 13 449 501 584 805 818 834 
84 780 372 143 178 548 594 710 729 762 838 870 991 
251 9 424 67 144 523 552 572 652 763 
387 729 359 108 34 83 276 337 136 104 446 455 714 723 752 
454 714 9 187 111 416 205 147 600 644 838 
765 905 64 390 196 318 549 609 748 795 812 
36 94 394 147 718 807 195 276 187 315 278 131 238 257 471 496 515 533 554 682 741 751 808 911 930 960 
9 306 394 422 234 477 483 485 542 619 
450 339 419 189 422 434 43 474 527 840 876 928 939 
304 353 28 63 341 83 476 575 158 173 176 23 445 77 251 255 185 449 46 191 468 470 479 507 511 531 548 586 649 731 788 825 841 900 939 986 
540 181 416 39 459 571 603 609 713 751 
153 414 38 271 84 227 313 405 652 705 767 777 781 814 832 837 
328 121 373 199 343 83 507 825 901 940 
3 189 64 185 275 266 488 663 756 231 71 155 215 82 205 118 271 410 409 264 192 7 333 441 327 321 50 186 86 162 61 395 456 405 258 540 554 569 616 665 692 760 784 835 874 876 958 960 979 
248 731 321 364 57 284 355 345 467 531 568 591 698 723 927 
546 686 954 163 252 55 291 16 542 716 864 924 
202 35 323 164 277 428 378 100 540 554 560 648 722 796 797 807 813 924 
563 407 352 47 266 109 615 711 864 900 
329 430 291 158 245 206 212 219 469 507 576 607 675 686 730 795 820 821 949 993 
117 491 154 46 30 252 514 721 848 927 958 
43 841 946 381 207 148 4 408 554 737 767 848 862 926 934 983 
6 395 569 913 460 441 445 401 49 198 438 261 118 232 348 250 32 425 572 646 714 744 895 970 
190 303 305 762 941 944 971 55 379 328 394 340 455 395 10 367 52 83 363 237 484 526 535 575 609 651 740 745 894 905 925 957 
115 360 552 599 192 464 148 14 355 441 529 607 648 656 691 709 763 785 797 926 993 
540 656 251 154 432 159 455 254 22 549 792 818 
239 121 168 8 317 5 507 628 865 394 337 37 302 325 220 415 308 396 420 189 58 366 452 95 162 123 441 270 100 55 9 527 552 568 602 686 709 769 806 811 827 837 840 876 933 953 
476 848 26 410 209 146 607 641 665 694 969 982 
832 360 55 255 544 559 560 743 859 999 
290 71 401 415 59 546 885 965 980 454 342 232 83 368 22 61 400 436 397 384 126 56 327 277 523 554 556 704 711 730 738 751 761 767 784 787 841 870 871 895 911 919 
723 901 327 252 404 55 20 603 674 689 750 995 
455 68 472 45 187 380 322 67 406 99 534 563 695 735 784 850 876 912 968 
176 574 838 188 453 100 305 289 443 424 341 246 264 483 494 726 831 876 878 
875 943 222 64 97 322 367 247 673 769 962 
104 98 405 206 362 95 583 958 411 143 124 226 319 378 455 385 123 292 28 184 62 249 83 33 334 304 2 167 361 211 8 497 517 636 670 681 772 788 797 829 897 908 
493 535 651 684 774 872 150 240 66 416 418 316 426 153 192 229 366 329 399 107 481 527 571 583 695 735 856 860 876 905 916 948 998 
433 394 735 21 226 93 480 256 207 96 303 580 736 799 808 815 818 839 916 
21 516 103 339 143 310 112 78 619 633 695 883 902 985 990 
378 81 47 129 365 246 86 339 677 919 477 453 9 236 166 180 205 203 237 242 429 1 270 50 144 42 14 137 525 585 593 654 663 666 671 697 807 814 888 904 913 917 925 948 967 972 978 
390 527 723 342 263 125 233 218 61 343 51 237 367 468 530 830 885 913 937 982 
187 633 157 191 311 226 17 453 518 533 551 625 710 736 
35 235 496 104 308 350 175 411 367 356 552 755 854 865 877 978 
377 102 773 908 271 157 5 120 229 400 95 489 554 596 675 679 738 774 846 913 928 957 
459 767 856 441 258 362 2 235 665 691 736 737 
83 167 231 187 149 412 487 598 707 809 816 818 830 902 
103 289 439 345 44 146 5 609 635 696 697 877 893 904 
465 165 331 550 35 31 226 187 362 252 54 147 247 515 593 604 678 719 726 739 751 764 838 916 
356 809 75 294 395 162 600 928 944 981 992 
480 535 665 684 318 411 160 302 153 305 517 530 550 652 785 946 959 
435 169 986 86 477 3 109 563 571 590 655 692 737 751 795 868 
561 416 5 296 150 606 632 710 875 912 
214 486 576 201 271 193 327 52 452 137 131 108 500 627 707 779 787 797 910 919 
580 845 373 436 479 613 657 662 671 686 753 772 776 932 
96 641 973 390 16 429 404 174 31 443 17 544 623 651 814 909 949 967 
339 795 415 268 403 366 370 610 819 851 955 
192 430 652 225 75 109 496 23 514 528 615 632 653 696 737 788 807 812 968 
300 261 815 223 303 446 247 342 96 75 512 610 623 629 724 900 991 
294 645 805 341 397 82 304 208 745 787 788 
416 425 300 261 339 194 413 83 509 750 
275 528 619 171 302 366 284 16 435 507 533 552 554 587 693 768 839 934 
175 334 621 265 427 324 280 573 588 681 729 756 806 883 923 959 977 
12 961 18 243 668 753 755 757 852 928 980 
471 279 604 458 504 264 78 464 455 431 556 609 647 663 667 693 732 895 901 
405 95 297 583 431 177 365 127 100 311 235 410 320 167 3 82 530 556 567 673 844 871 950 
249 587 60 503 22 75 131 248 122 192 29 598 702 837 929 
296 407 231 422 431 292 375 780 818 870 
119 75 50 142 548 837 927 952 963 387 438 7 396 455 356 14 300 197 226 301 423 251 245 174 351 398 324 526 529 549 571 583 585 604 652 669 706 734 823 845 851 854 890 894 913 928 936 977 
294 199 108 577 650 675 801 192 359 145 429 424 383 209 340 105 501 397 87 222 550 569 581 623 624 628 757 829 830 837 913 998 
635 844 78 235 229 100 304 357 528 537 682 707 847 
60 886 121 302 500 286 465 245 8 549 779 849 963 982 
10 421 909 402 404 452 382 289 120 491 157 427 598 752 886 961 
482 179 42 529 708 794 812 895 904 990 
161 559 604 493 59 237 14 104 142 443 360 479 540 631 638 735 909 
395 530 485 33 366 258 245 140 157 372 603 637 670 831 908 
841 57 224 252 359 322 422 615 713 742 
837 959 435 414 439 530 621 636 732 753 850 878 
138 744 252 165 102 619 652 672 690 719 755 
103 587 116 243 332 401 158 531 595 599 810 830 844 953 995 
578 751 791 904 448 474 407 226 324 264 387 367 637 651 736 749 789 822 870 972 980 
422 826 323 237 307 81 255 542 730 772 952 
102 540 51 340 57 167 483 362 530 596 744 757 958 
279 422 338 130 121 39 288 244 431 211 468 511 336 55 304 325 159 611 703 770 807 848 887 894 926 958 
316 421 484 918 153 471 323 454 480 377 334 266 173 234 254 201 43 544 679 700 804 818 895 970 
39 227 93 504 389 953 100 214 500 400 414 513 420 345 255 309 415 435 318 12 165 390 539 736 762 785 804 853 862 889 912 927 940 990 
61 345 304 768 778 848 895 990 151 270 511 429 69 318 113 189 516 180 199 59 149 313 156 469 552 553 556 567 627 663 678 753 856 882 939 946 982 
7 215 518 107 412 620 844 916 996 440 86 319 201 302 140 234 386 271 109 132 245 508 520 238 430 349 525 493 484 266 378 105 563 577 590 653 686 704 707 711 724 729 731 770 833 898 934 937 965 
302 583 789 920 958 167 455 278 420 230 401 460 9 522 39 543 619 662 792 800 822 831 906 916 918 985 990 
909 408 287 662 756 807 871 917 959 988 
131 632 901 485 504 288 67 304 130 452 256 569 693 697 726 755 996 
222 682 698 737 34 476 406 300 404 194 362 136 160 564 593 623 686 707 732 735 786 902 961 968 
480 493 132 276 292 792 892 142 108 22 159 410 72 468 191 355 157 189 429 311 370 376 65 106 552 558 578 627 632 671 688 775 831 838 896 910 933 954 
235 726 36 246 215 72 64 361 424 586 759 785 981 
100 746 315 337 513 352 112 747 801 807 832 876 919 
281 786 894 283 222 122 205 28 27 567 757 
729 817 109 384 385 528 190 114 639 665 972 
456 470 177 525 293 309 420 402 579 313 112 345 326 462 391 63 115 517 127 459 262 281 143 25 411 299 270 352 85 571 596 599 665 691 732 761 766 768 772 782 796 838 883 885 901 967 976 982 
770 94 264 394 439 284 568 588 779 940 
370 238 251 584 453 297 524 218 390 2 224 5 461 184 117 257 634 680 775 858 923 944 960 
187 211 544 971 125 531 424 82 113 304 156 404 44 567 582 663 689 723 806 813 815 905 977 979 986 
144 190 543 585 639 947 498 60 341 527 238 61 129 473 139 557 568 569 599 612 632 677 820 869 875 911 954 
313 421 736 766 870 363 40 119 254 187 35 18 203 410 117 95 252 269 561 572 609 706 732 847 860 958 972 974 991 995 
461 474 67 25 86 255 377 307 559 649 695 723 862 957 
71 940 433 37 61 260 674 692 832 844 976 
511 348 288 359 275 274 447 66 455 200 591 714 805 822 900 978 
18 306 116 278 14 822 311 243 38 171 451 167 13 239 122 340 470 98 195 230 73 251 219 372 514 511 578 586 634 635 646 652 736 818 894 
491 165 930 157 493 80 81 512 429 421 319 321 24 661 736 784 897 926 964 
273 118 192 70 423 178 341 485 277 14 266 82 563 709 748 789 866 958 993 
193 149 171 295 281 469 558 603 906 961 270 403 535 413 84 155 448 232 426 296 82 471 416 186 240 215 504 486 529 123 127 302 213 87 348 636 639 662 668 757 767 774 803 843 917 926 965 
590 945 366 529 104 555 643 680 696 700 789 876 
379 252 294 108 556 675 704 711 370 452 409 121 135 119 404 466 411 219 474 319 459 504 65 7 462 394 144 487 349 178 562 576 581 594 640 707 747 761 766 779 812 965 973 
961 187 114 139 553 86 165 413 189 752 
554 582 607 675 805 921 232 507 352 529 43 87 191 339 166 323 508 474 15 251 583 584 587 681 690 692 726 729 739 779 793 856 990 
352 783 963 421 359 135 57 120 544 76 131 583 638 663 668 686 722 842 982 989 
552 603 535 321 296 252 95 345 589 613 621 662 678 714 806 
517 5 612 781 255 353 473 171 343 61 402 546 639 679 698 706 818 
281 371 722 473 223 19 104 226 462 903 927 949 
240 495 148 373 545 652 707 750 839 844 900 
388 593 603 138 207 554 293 7 571 728 741 
463 82 110 396 165 691 28 364 406 476 303 393 421 208 530 61 204 354 255 494 551 324 379 573 589 614 812 815 829 839 866 891 928 965 972 
676 726 127 39 534 155 331 656 900 907 923 954 
53 996 164 356 578 671 689 695 775 898 950 
2 802 332 122 430 10 187 266 575 588 601 675 934 
352 172 963 997 543 13 141 321 529 334 279 538 382 508 606 635 679 760 806 847 897 901 904 943 
336 321 235 541 544 471 460 619 692 711 770 
467 270 395 597 662 668 818 884 932 512 331 459 533 265 544 240 430 167 434 410 120 260 595 614 618 665 678 709 714 730 743 765 780 815 928 938 954 959 962 964 984 
280 906 287 24 205 651 715 728 732 780 920 959 974 
84 145 186 161 168 696 830 391 351 259 301 494 300 94 480 540 445 435 562 456 511 364 633 638 642 675 685 737 743 750 757 776 790 812 834 855 964 984 
109 415 545 167 467 89 448 648 922 977 985 
67 189 928 505 563 83 295 140 372 682 685 696 724 762 873 958 
104 297 477 139 55 181 254 429 306 578 679 991 
68 455 979 386 163 331 104 91 566 218 468 157 595 668 675 688 738 815 919 975 
35 263 496 598 837 439 201 156 361 25 554 430 250 464 578 584 609 678 748 868 917 995 
512 675 711 801 121 100 103 139 351 530 309 302 433 91 649 669 680 736 874 906 932 
523 100 218 751 576 565 382 169 574 42 535 176 86 549 146 785 788 800 809 864 884 905 924 967 982 
377 540 334 299 395 306 124 43 696 729 788 877 929 940 
497 685 249 100 271 110 180 481 24 668 689 722 729 740 
356 88 409 55 847 431 313 512 421 279 214 46 48 554 131 110 410 391 719 775 820 822 833 840 953 959 
556 805 55 293 238 120 280 193 64 399 543 826 963 
508 531 285 137 133 479 302 789 838 441 316 69 442 403 21 556 211 432 23 237 161 417 27 339 480 557 63 511 189 431 217 197 392 604 664 730 769 773 774 810 863 892 897 933 980 996 
542 709 720 907 404 180 136 287 121 222 15 556 446 306 576 300 598 601 619 671 757 953 965 
544 211 170 845 48 483 511 96 26 154 14 282 307 610 618 641 728 729 817 852 873 897 
309 201 854 878 91 422 455 536 301 549 416 64 336 662 731 906 926 
522 509 346 404 740 742 177 39 321 132 375 444 556 58 207 504 12 266 76 70 597 598 642 773 783 805 810 845 856 858 895 912 950 963 
395 846 505 314 541 145 246 19 566 168 676 709 824 925 
40 69 151 125 54 74 121 364 395 148 111 373 558 119 422 110 281 274 563 160 604 672 709 715 727 769 938 990 
553 401 411 141 81 494 191 314 322 530 383 246 805 841 845 938 999 
246 714 975 355 120 548 315 22 460 55 100 395 366 7 608 635 813 834 
646 993 165 270 341 125 348 145 622 675 690 817 829 873 
562 159 922 179 58 483 534 75 419 491 257 87 624 697 886 954 993 
389 125 167 447 63 554 356 216 607 681 763 972 
446 569 394 370 575 522 123 18 692 741 
355 856 950 525 337 82 162 487 2 165 372 540 90 243 692 757 823 848 
569 811 237 320 362 587 417 54 665 712 780 839 908 949 961 
262 348 441 436 576 37 75 111 959 584 445 327 103 355 312 489 509 18 363 108 14 421 423 210 84 440 439 515 406 390 587 86 250 33 15 603 604 625 675 714 786 815 818 888 890 920 938 946 
469 923 83 522 540 544 121 422 888 925 954 
435 938 986 341 399 35 250 492 450 56 243 240 605 671 843 861 
856 977 238 140 566 162 584 149 254 668 728 742 827 
73 823 33 471 162 327 422 606 622 687 885 
552 381 562 558 320 894 897 937 995 440 299 304 201 387 52 296 475 518 199 179 390 442 28 19 456 432 339 238 598 637 691 699 704 729 764 779 788 797 859 892 911 940 941 996 997 998 
168 374 517 507 279 826 296 182 415 583 36 491 410 163 589 93 294 355 428 284 598 511 412 722 805 809 894 900 928 950 965 
35 26 882 243 141 410 600 737 782 829 848 897 900 988 991 998 
197 87 105 649 750 806 251 123 66 111 145 265 178 495 121 567 350 117 140 211 76 602 612 648 669 714 719 726 797 846 850 872 967 980 992 
556 252 413 442 704 801 805 472 153 367 335 248 231 469 594 31 114 394 111 429 403 464 174 39 22 321 363 345 378 626 654 665 780 853 905 920 956 975 
280 32 225 62 26 116 591 174 262 442 15 286 685 756 984 
25 126 642 788 900 950 47 468 456 490 384 313 576 302 545 507 451 157 98 160 281 251 205 206 216 652 669 726 791 813 907 965 
362 95 302 789 138 255 60 321 205 281 46 585 439 102 499 394 501 620 725 848 876 882 907 912 963 
445 420 95 526 72 255 277 46 643 726 873 
559 121 196 833 880 114 85 207 62 70 259 606 544 368 652 663 727 782 787 805 815 818 820 828 896 914 916 
120 247 427 558 497 260 437 635 790 959 
615 900 569 121 390 47 563 805 880 914 942 
614 419 151 648 688 881 423 123 463 361 500 399 222 254 375 519 288 141 245 675 683 691 802 809 817 961 
235 441 111 660 800 927 98 100 297 64 201 120 60 61 151 439 295 34 321 56 367 95 459 632 652 655 719 753 761 826 922 938 971 
352 198 232 265 333 750 762 864 906 993 
426 838 998 585 401 233 339 569 284 240 410 889 
354 143 504 881 482 453 61 108 367 584 392 280 226 531 264 521 127 568 917 954 971 
530 226 610 25 369 326 696 794 797 947 
443 505 254 935 167 558 280 155 263 520 417 2 727 770 954 990 
701 284 592 602 245 361 395 165 146 993 
189 67 34 856 498 534 205 365 512 164 193 322 315 501 689 723 763 774 834 848 874 916 956 973 
174 719 284 512 362 2 593 82 231 265 117 690 788 
390 736 401 598 106 192 485 87 374 73 382 727 961 
222 255 753 787 790 388 607 126 313 308 344 357 381 296 12 124 740 817 823 917 945 
113 709 957 529 92 304 167 34 535 496 195 757 824 844 936 937 
155 471 145 395 217 232 296 223 512 192 756 809 
663 501 244 333 650 651 746 819 921 935 
779 824 129 294 284 111 635 736 788 805 911 
100 517 429 159 226 736 889 911 912 971 
384 533 661 758 500 397 167 535 75 249 242 495 616 354 544 7 425 727 807 838 839 858 907 911 
485 991 123 108 482 263 571 42 281 389 679 823 896 955 957 
12 179 549 239 542 340 675 798 900 982 
230 513 139 395 668 818 363 490 434 567 259 226 327 130 613 272 122 428 549 591 203 630 153 652 776 807 810 860 877 966 978 981 
84 865 479 520 552 276 262 235 430 748 779 913 920 
429 756 518 523 168 305 603 701 789 795 886 958 963 
120 807 239 517 557 421 571 169 84 749 772 998 999 
544 303 972 432 559 539 199 552 772 913 933 
261 365 254 924 376 433 241 364 236 338 441 72 102 320 554 414 116 434 657 684 692 739 757 890 891 
498 771 797 831 108 472 140 393 67 313 318 327 585 133 339 660 746 790 830 837 911 915 935 950 963 
609 707 416 319 587 26 571 366 102 368 360 123 684 717 907 
125 788 48 164 611 553 272 130 149 368 668 818 932 
1 420 290 319 424 450 84 304 701 735 755 928 951 
502 711 805 147 209 198 291 62 439 707 716 739 806 855 856 857 
592 686 834 467 549 205 408 777 926 968 982 
115 16 326 128 365 507 234 411 36 378 392 41 667 859 907 957 
429 266 615 126 58 251 462 390 237 241 606 469 75 44 572 107 302 711 801 880 907 942 994 
606 671 577 397 455 322 546 217 699 815 819 878 910 940 
512 122 174 158 132 117 304 629 693 872 
480 258 132 276 665 981 229 126 366 114 174 523 570 348 152 48 468 251 294 363 199 498 629 656 670 680 686 698 750 769 797 833 910 954 
264 402 366 49 500 670 697 727 635 164 274 88 138 25 86 271 493 549 345 457 361 12 191 448 158 39 616 561 612 521 609 100 511 686 737 830 835 911 953 962 968 982 
189 67 311 78 193 254 530 81 235 252 351 500 218 120 738 771 815 818 888 939 991 997 
703 483 249 261 382 607 853 901 961 969 
416 106 173 494 223 31 382 616 780 794 803 876 907 
291 329 470 430 960 987 202 263 320 186 469 231 564 651 251 238 399 375 267 244 258 278 133 715 923 939 
344 250 497 640 207 409 263 418 766 830 
164 440 806 86 230 235 665 788 800 832 957 
322 229 672 414 126 307 356 39 201 361 325 751 768 856 899 916 962 
616 689 715 416 87 296 297 240 88 641 307 369 237 696 746 870 908 989 
632 770 323 136 80 436 315 40 550 34 86 779 786 811 
6 215 569 668 818 191 532 558 97 552 243 254 401 444 87 222 189 163 586 497 531 689 757 909 980 984 992 
459 308 629 867 900 435 441 74 301 122 83 612 349 557 321 385 483 82 507 543 119 61 529 699 854 864 866 892 959 
376 760 26 322 25 362 583 738 749 854 872 910 913 
80 269 493 651 872 390 539 295 459 569 25 145 488 296 658 472 118 540 607 315 342 400 597 686 766 846 916 936 991 996 997 
369 200 59 160 270 483 732 752 856 958 
262 157 695 964 329 51 507 233 356 33 308 647 830 908 917 970 
569 662 635 395 846 884 916 175 189 35 291 506 22 394 9 11 580 276 575 552 238 16 601 643 557 220 79 721 750 762 769 809 839 845 928 939 971 972 
86 47 985 606 609 236 577 167 511 205 262 671 734 750 828 881 966 986 
652 697 131 112 97 651 380 518 479 723 807 912 957 970 
649 135 325 747 750 810 852 912 600 669 91 497 355 349 238 382 565 79 445 22 584 483 189 110 535 357 697 707 712 724 726 744 768 793 838 848 882 890 900 906 907 943 963 988 
659 766 87 244 266 589 521 407 219 370 271 773 779 838 
103 431 924 293 35 28 141 478 508 140 723 737 826 840 938 974 
434 167 83 895 252 170 89 361 375 547 76 475 779 916 927 962 
554 413 512 556 577 711 968 165 422 615 592 80 307 263 434 575 101 566 634 59 571 464 487 137 598 393 365 180 15 106 725 747 760 794 798 840 892 923 926 929 
323 380 564 251 117 250 588 42 355 421 49 174 430 809 810 945 989 
483 815 234 263 544 238 211 688 731 812 957 1000 
928 569 491 309 558 137 576 529 760 850 
67 64 977 527 283 292 487 200 324 373 567 559 406 158 633 574 415 740 896 913 
23 255 231 794 147 651 8 542 192 223 371 55 553 577 692 700 701 738 773 796 802 825 981 
344 716 854 594 256 479 334 556 394 505 238 688 717 771 829 853 873 877 983 
534 100 452 72 445 260 98 573 441 22 513 968 
53 282 132 108 146 293 615 89 709 813 
493 480 132 640 130 21 253 642 721 724 853 954 
163 141 580 322 36 131 608 300 271 571 78 71 573 245 86 748 815 
646 284 461 797 836 530 651 399 221 33 70 464 291 534 497 83 102 45 652 383 150 557 238 43 264 36 165 471 665 327 
321 954 422 307 602 333 328 64 712 788 841 844 882 972 
64 615 707 788 881 977 295 178 337 272 409 681 195 48 18 263 535 677 214 229 116 256 289 575 6 711 721 770 801 848 861 871 
181 35 660 157 772 286 543 623 180 662 475 273 580 565 82 707 737 739 805 815 819 820 901 905 922 966 
150 120 735 779 807 312 592 437 521 430 222 46 393 624 64 92 108 556 384 310 239 244 698 724 963 969 976 995 
563 15 361 488 469 540 55 603 615 692 
340 208 157 368 927 934 57 421 410 404 556 494 192 255 568 691 596 595 459 680 213 547 407 316 378 398 349 640 733 875 912 944 976 
61 848 343 245 8 100 533 650 131 331 138 507 504 152 926 
857 38 391 93 472 789 807 872 928 932 
253 323 235 667 837 245 337 197 255 12 124 359 15 476 431 546 482 44 565 338 350 405 480 704 740 760 787 830 919 981 
194 128 571 865 573 660 620 410 276 500 336 579 85 263 490 122 553 403 397 289 806 841 896 942 
670 652 899 53 185 171 671 483 250 7 490 593 533 767 798 902 
222 534 737 751 753 187 85 437 376 217 269 438 43 309 460 690 9 651 559 747 822 857 902 917 923 948 955 
364 739 603 663 98 255 649 196 729 854 991 
280 765 680 34 28 246 205 527 553 374 424 83 179 395 768 
622 963 404 328 25 20 644 637 680 123 85 192 730 900 913 
965 222 48 269 509 21 129 439 112 979 
654 791 526 403 38 12 158 9 430 59 739 802 805 
607 369 554 603 695 244 422 238 474 394 420 530 804 808 846 931 950 977 983 
86 808 457 85 87 20 416 130 316 905 990 
1 440 442 418 393 559 511 545 847 909 
688 642 54 429 856 950 530 554 115 496 265 262 204 390 561 282 513 489 154 99 689 50 534 671 103 71 305 645 772 833 895 
829 888 916 40 289 430 333 516 413 133 129 417 344 184 937 954 991 
584 627 43 370 812 841 984 278 413 213 471 296 551 569 86 16 25 420 146 286 589 46 357 12 683 588 133 424 318 469 731 774 789 799 834 849 850 881 887 935 
363 318 293 361 59 447 485 36 495 218 439 68 184 347 712 808 959 973 
294 675 554 645 243 252 577 379 122 474 405 172 568 223 436 128 386 367 131 688 55 101 372 103 251 648 463 34 193 50 112 530 45 753 779 784 789 794 800 877 907 947 981 
167 710 687 229 597 671 732 752 900 913 
67 788 441 456 163 153 103 519 435 366 865 
249 591 138 300 450 301 569 291 108 281 118 449 558 606 252 467 598 402 548 344 441 803 867 878 989 997 
288 228 660 296 245 589 390 656 113 570 873 889 
681 282 344 342 53 645 193 290 461 40 188 723 757 777 794 815 928 933 946 982 
913 278 440 430 642 77 681 396 10 741 
452 439 735 779 143 408 121 298 14 57 21 102 153 167 234 781 881 888 895 901 916 
446 421 624 983 138 20 581 360 54 376 491 431 17 430 521 616 606 726 787 881 927 957 
43 584 372 334 99 21 750 908 916 953 986 
116 89 42 982 418 149 60 668 465 416 684 137 134 378 688 95 67 322 69 776 840 846 940 
560 307 557 604 93 270 462 580 312 818 879 
475 316 322 484 223 384 670 543 245 110 315 716 449 425 429 158 546 623 187 323 460 673 442 798 925 965 
736 828 870 530 95 573 430 684 167 690 671 340 112 501 133 811 859 895 974 985 
982 133 610 316 347 675 763 916 941 975 
564 536 142 315 263 798 959 39 533 609 671 415 279 110 400 302 491 719 606 611 477 115 104 183 189 556 767 770 794 797 810 818 825 840 859 900 917 919 
430 283 118 652 420 264 854 899 960 96 181 238 215 10 391 589 621 9 306 166 36 44 625 612 632 175 403 302 339 418 733 770 783 788 797 823 895 913 928 943 954 991 
793 585 445 333 278 570 601 562 39 57 737 815 934 953 
539 449 351 942 967 530 442 205 505 67 556 603 299 447 580 585 263 100 120 699 579 335 731 774 916 924 
245 740 53 464 67 569 197 474 524 701 226 444 58 583 909 
52 460 148 806 677 530 85 37 365 709 729 356 25 586 455 367 54 254 132 826 908 909 934 991 
284 417 166 321 917 940 666 570 372 420 82 712 297 507 298 120 540 53 545 520 152 418 390 206 534 121 785 835 844 871 888 955 
392 295 278 727 692 138 355 442 963 995 
193 307 9 511 59 161 363 129 222 385 669 85 147 913 982 992 
439 718 481 122 690 807 480 107 376 427 9 375 517 476 176 534 644 429 189 137 773 813 835 857 896 914 924 
322 545 724 625 385 372 131 828 870 185 248 6 366 433 549 488 290 357 36 523 630 481 631 550 71 485 121 8 189 577 528 787 812 816 888 894 900 910 924 965 971 972 
180 408 698 222 534 274 966 103 135 331 168 689 466 443 269 728 605 302 153 92 571 488 673 435 369 494 405 652 276 500 740 750 762 788 789 813 845 894 928 951 
217 435 739 982 487 2 474 39 575 296 392 680 305 653 209 298 222 168 664 764 915 
358 699 42 738 938 703 178 346 307 491 645 640 689 302 556 388 75 228 779 793 843 848 876 931 948 958 
587 378 730 850 438 580 21 263 626 298 237 293 369 424 123 679 430 41 468 737 695 755 790 830 971 
233 24 98 717 410 452 101 562 595 756 886 
587 103 935 358 321 395 601 64 519 750 797 809 
34 756 856 950 22 123 428 217 368 43 473 407 85 571 569 157 249 292 797 854 876 898 961 
521 862 33 467 120 96 445 525 128 671 760 
117 396 434 169 441 74 468 502 768 877 926 
537 408 641 660 66 382 136 629 289 828 900 
52 197 671 806 263 261 675 537 122 383 26 215 157 343 698 266 288 554 150 183 766 805 814 891 925 
65 851 974 451 685 171 49 56 636 223 576 361 192 551 81 303 789 817 847 995 
234 783 281 638 523 81 664 392 176 806 856 
606 671 226 87 197 164 806 912 263 198 571 363 41 651 262 170 617 318 737 668 167 67 327 475 742 669 43 34 366 720 182 389 561 174 503 172 789 805 863 901 932 935 
523 578 274 698 787 827 933 491 61 456 452 116 161 138 72 474 494 42 659 410 348 238 304 83 22 246 67 779 846 908 961 979 
407 86 361 429 25 153 515 348 666 307 137 712 449 555 778 980 984 
698 626 497 520 442 529 96 711 506 616 757 772 867 876 
406 358 761 262 189 441 323 2 72 839 912 975 
76 8 506 644 740 521 533 23 486 181 14 770 916 934 965 
429 743 459 637 628 608 505 741 134 345 431 116 532 162 63 770 806 830 854 882 923 983 
416 415 59 2 797 965 980 993 716 86 414 328 753 409 87 552 571 538 662 263 525 584 596 506 640 512 67 254 40 313 167 627 759 761 766 798 805 844 855 876 880 
632 27 36 250 172 127 303 253 792 815 862 
815 976 319 67 536 380 757 291 9 190 335 761 
424 664 61 353 68 848 990 297 12 408 138 222 22 744 695 41 459 567 121 42 266 675 82 678 30 173 118 896 911 913 961 963 
278 754 14 989 203 616 540 554 759 757 113 224 441 374 251 107 401 474 255 865 866 923 928 961 
468 170 840 863 887 941 339 617 22 528 234 737 52 405 447 444 75 327 404 103 573 197 86 668 798 850 910 920 951 962 963 977 996 
301 82 23 93 315 594 448 725 469 121 623 772 
402 400 491 738 603 780 826 918 936 940 
451 700 26 569 238 52 198 415 64 213 122 350 37 
545 390 672 554 757 540 665 657 747 353 953 
488 726 86 457 474 697 552 466 331 794 
28 529 895 380 67 659 431 540 196 745 504 671 105 403 700 14 957 
58 75 350 73 471 668 651 478 61 589 583 820 888 
661 372 333 541 901 568 26 386 756 726 621 727 198 397 755 7 423 367 688 24 111 530 526 843 845 883 990 
641 813 653 681 117 53 25 326 397 871 872 904 
330 228 368 689 436 753 417 68 313 374 30 407 638 763 524 341 707 639 378 479 132 34 318 39 497 55 540 981 
377 487 236 587 83 583 255 680 672 735 232 408 184 879 981 985 
480 792 875 583 429 187 87 327 318 71 552 424 729 709 623 487 819 928 977 
873 257 581 298 281 535 542 149 565 908 
197 87 871 721 571 424 363 315 497 635 177 802 
157 457 9 646 61 716 127 416 945 977 
529 353 318 246 217 752 2 916 918 944 945 967 974 
630 120 36 718 690 22 123 890 263 365 163 661 77 16 274 751 554 114 298 255 422 674 672 603 153 636 739 496 514 164 556 711 371 541 127 907 952 
268 57 447 128 830 26 607 227 263 180 103 570 108 510 29 391 764 266 597 371 55 569 106 655 819 897 913 917 931 950 
559 457 259 718 49 330 836 851 855 988 
427 24 323 540 612 373 97 377 232 429 138 605 
749 557 142 441 171 21 587 318 40 407 96 420 727 314 240 290 100 835 931 974 975 
410 378 86 39 331 476 711 126 474 459 550 235 842 956 957 991 
279 257 422 103 369 402 578 732 372 536 310 528 493 469 177 869 899 900 971 
295 538 132 372 534 225 148 598 154 661 423 75 815 816 938 
751 626 178 29 104 307 196 240 289 695 502 612 474 397 249 736 719 267 496 89 85 75 
25 609 688 713 643 232 928 950 500 658 502 402 2 84 603 140 395 578 630 192 327 53 479 430 438 727 388 29 687 86 455 76 179 624 737 579 253 77 105 798 799 894 919 988 
101 206 297 610 13 583 531 958 4 750 637 408 80 709 711 309 54 222 694 523 553 748 263 294 551 346 63 46 359 265 373 737 153 21 803 819 854 902 941 973 974 976 977 992 
626 408 827 364 613 571 641 284 740 293 836 907 
703 523 255 609 93 288 247 229 846 872 894 
535 276 774 470 531 73 758 83 878 907 913 919 
153 728 841 946 671 205 70 556 16 739 115 191 229 128 436 366 797 815 857 894 896 897 968 987 
680 255 99 100 711 767 716 620 516 429 273 96 281 655 726 675 191 43 321 800 901 924 
404 47 499 410 451 464 421 256 494 637 797 884 958 972 977 991 
327 32 261 440 266 462 298 540 180 680 971 
641 72 336 686 757 879 917 940 161 651 462 191 159 148 118 726 127 22 743 479 469 208 329 603 368 620 28 793 727 316 233 309 496 395 606 795 742 805 832 840 863 961 963 987 988 
319 726 191 963 284 91 675 49 15 67 145 634 136 723 757 397 697 788 762 313 828 901 908 909 
222 99 709 481 788 357 14 233 68 26 814 900 939 983 
234 616 531 658 794 244 711 284 272 306 578 873 923 
577 512 607 648 537 345 688 297 168 39 991 
566 917 980 282 177 253 776 361 86 703 615 680 816 820 835 856 905 932 933 
306 989 714 122 655 103 789 552 843 879 983 
20 358 89 527 246 704 528 830 854 885 926 929 
582 199 556 502 607 442 379 294 645 968 316 131 703 281 3 446 630 747 548 614 689 95 377 130 604 590 440 138 274 148 750 332 612 236 757 797 397 9 587 811 832 859 901 905 935 945 951 
750 747 248 658 606 52 731 871 873 412 86 366 443 558 756 471 394 36 64 254 205 645 281 749 390 350 696 379 505 33 150 313 567 153 278 16 543 820 844 867 880 913 928 961 965 967 969 987 
452 690 36 638 735 120 423 122 526 694 65 327 537 445 462 188 386 240 635 80 632 670 343 60 46 7 211 532 199 366 100 354 483 117 500 33 815 826 829 882 909 961 977 
705 127 935 481 452 704 174 128 348 710 954 
492 905 578 742 604 415 284 615 107 235 668 489 628 676 7 
671 883 124 587 522 635 583 163 726 676 215 238 838 
597 846 84 156 471 661 805 724 168 921 981 
709 153 907 516 20 319 571 677 192 563 2 500 252 554 451 736 817 839 846 935 
771 237 834 954 965 735 167 462 609 591 388 21 228 270 57 238 263 395 543 683 319 737 877 916 919 944 
193 9 799 483 377 498 336 111 747 225 180 457 842 851 898 
410 501 677 431 759 246 361 924 481 281 157 25 612 728 807 786 563 112 653 598 793 649 327 214 357 380 569 322 758 543 716 575 130 165 685 689 859 881 977 982 987 996 
252 336 100 489 802 786 95 296 736 941 
110 539 615 748 105 592 812 626 269 585 881 
230 7 635 662 107 569 846 913 916 612 247 345 300 559 726 35 489 172 9 27 598 276 470 653 309 510 527 481 100 259 446 643 377 722 169 445 112 45 549 145 865 887 892 901 910 935 975 982 
421 870 499 689 789 629 76 323 649 774 780 
205 333 174 983 425 415 190 806 769 296 581 464 291 11 57 401 544 802 689 612 831 884 970 
4 888 309 464 238 351 171 850 872 911 926 942 974 
549 982 992 184 698 417 82 92 581 108 99 548 531 523 852 881 919 998 
602 848 727 174 626 596 387 633 371 511 15 834 
22 630 122 627 168 165 588 216 835 838 939 969 
229 205 100 369 726 401 458 680 455 47 416 856 962 
524 604 312 616 582 807 280 366 764 12 673 731 
790 751 601 9 173 283 228 471 429 846 999 
736 724 746 612 669 798 5 431 841 877 953 986 
154 708 913 807 479 605 426 39 592 563 19 9 512 681 850 867 917 924 926 930 
155 571 780 84 865 903 804 266 695 404 153 349 756 28 342 657 641 489 740 512 347 667 44 652 267 49 81 178 66 484 522 869 967 981 
641 857 403 531 477 41 535 288 518 820 352 168 856 
200 473 805 658 457 153 537 797 135 547 271 896 941 986 
374 8 76 186 612 201 309 206 80 651 252 707 43 581 265 344 148 235 281 530 837 
411 415 813 646 709 446 358 823 623 445 591 108 571 294 926 981 
281 55 839 652 314 459 732 824 735 232 802 783 42 6 421 94 
85 686 790 429 43 67 343 781 1 211 872 942 
576 520 695 511 964 354 310 251 210 148 512 833 457 325 318 83 471 209 205 62 254 107 641 244 509 8 1 869 978 
583 477 98 618 426 302 491 12 450 216 810 94 824 75 447 672 339 325 632 369 44 535 136 671 122 421 430 540 315 846 873 906 965 996 
327 835 97 295 9 74 171 115 876 51 504 563 394 597 69 561 291 269 481 812 668 249 157 632 754 107 399 234 379 27 67 64 422 66 385 848 903 909 916 941 990 
403 762 939 971 721 442 675 454 797 132 278 726 471 95 258 673 222 249 83 165 581 883 916 920 926 
519 793 709 466 183 907 957 590 7 284 455 290 828 258 426 98 422 95 474 687 40 117 174 373 371 59 80 61 696 852 855 856 863 894 917 938 940 941 947 996 
182 915 814 292 784 8 316 311 557 122 975 
49 854 600 770 803 60 387 396 552 95 276 739 859 940 972 
513 530 916 994 403 121 424 47 201 732 547 522 508 8 561 627 757 806 687 432 885 
497 585 305 141 511 668 63 127 737 79 587 770 590 220 316 43 
668 811 818 588 888 310 665 606 309 487 307 165 292 812 827 704 82 751 721 331 791 401 253 341 838 856 893 899 929 972 
74 581 706 513 238 567 748 45 251 113 545 315 879 900 948 
529 472 693 823 760 610 29 623 465 596 671 103 185 839 223 466 605 739 39 526 688 862 914 940 971 987 
307 894 284 709 69 252 415 514 304 205 107 243 968 
740 91 382 129 678 92 762 405 476 176 97 272 98 821 709 75 606 435 263 8 520 416 829 913 931 
62 748 285 368 27 28 424 349 374 511 17 340 781 499 814 
52 135 671 22 315 585 295 822 506 841 924 935 
241 654 607 528 414 228 681 684 869 872 
586 681 843 727 159 428 511 804 131 120 756 388 55 699 249 486 663 743 789 5 664 936 
429 64 571 199 645 781 757 47 841 203 35 883 
78 743 429 45 596 601 623 488 707 128 167 182 587 369 825 129 749 480 399 666 48 395 831 59 52 841 645 203 278 99 171 212 239 403 846 659 529 166 235 372 556 75 802 356 271 63 857 865 868 937 
694 831 367 793 216 307 153 207 304 735 420 856 698 432 172 645 80 33 6 
314 83 632 72 542 587 238 4 74 190 
258 269 943 981 363 724 473 647 395 726 603 208 302 815 21 376 422 304 375 3 843 805 878 897 903 
46 315 321 480 361 129 198 545 175 635 274 903 
55 388 401 255 353 44 61 283 600 688 936 
361 744 245 935 53 266 758 466 444 228 848 411 546 164 528 419 315 235 868 907 936 954 977 998 1000 
762 941 315 233 433 267 841 64 10 797 443 583 750 
420 445 318 303 132 578 617 297 117 663 64 463 413 461 178 871 916 938 
830 696 636 471 255 318 856 310 198 761 486 61 818 713 419 225 
238 907 761 284 551 399 563 663 162 205 913 962 
419 663 408 753 352 166 24 253 806 400 829 714 12 995 998 
391 335 494 856 862 396 576 433 321 149 402 307 921 
324 302 95 262 189 37 785 136 544 853 830 837 930 960 966 978 984 
736 724 819 545 409 317 660 260 145 301 447 474 105 523 510 262 101 13 876 882 985 
806 226 359 776 688 193 508 95 771 474 732 172 48 187 356 210 265 864 395 327 532 934 935 
665 480 892 981 440 606 234 374 694 821 650 771 354 791 204 664 85 853 836 921 954 
775 52 359 806 573 611 416 214 281 311 134 64 592 585 252 330 838 800 113 681 715 18 900 
120 394 181 174 623 459 365 100 577 14 154 907 923 994 
478 774 212 544 326 166 121 692 271 495 13 275 
30 74 171 360 839 12 877 459 537 454 553 753 284 476 120 415 757 414 397 7 655 471 480 477 870 160 610 739 743 313 129 882 928 935 949 979 
876 894 897 91 579 828 406 486 681 635 490 813 288 711 745 279 991 
586 236 649 520 15 792 5 359 714 477 859 22 927 959 
797 336 108 292 722 847 176 803 98 773 144 38 351 899 970 
56 612 757 151 648 420 614 284 232 235 806 900 906 916 950 
619 112 615 688 900 718 229 822 373 669 719 353 43 36 817 815 177 709 61 893 913 984 
605 959 687 120 246 294 610 870 529 671 756 22 807 876 883 
810 87 840 505 855 304 770 540 882 269 482 917 956 
569 4 668 578 202 239 795 820 354 201 229 938 
367 474 540 295 484 38 194 804 602 844 326 
44 514 428 321 515 8 95 161 366 741 431 115 192 269 593 637 906 
399 762 413 709 818 117 142 53 526 297 895 903 
821 846 708 107 441 61 43 736 732 598 718 769 157 356 192 483 653 269 599 950 982 
978 270 216 618 528 267 631 715 899 937 
94 779 32 326 511 220 347 88 307 352 640 288 671 598 
335 408 373 35 20 249 640 563 747 974 
535 872 80 663 295 818 267 583 169 259 263 321 603 675 345 932 
302 881 143 846 337 142 158 295 490 322 
603 849 877 307 538 923 511 791 199 737 80 397 262 342 793 526 419 116 788 468 841 434 432 736 604 410 207 549 900 924 940 977 
424 63 768 674 529 898 209 329 318 414 587 724 412 293 727 76 707 120 718 296 527 516 112 182 887 467 474 301 320 323 507 367 84 999 
315 75 340 793 535 832 103 612 696 49 679 90 735 40 760 308 272 633 322 
877 171 88 603 69 859 479 208 237 130 780 174 227 793 13 103 274 585 605 583 550 567 911 927 984 
895 408 530 743 29 814 222 565 121 980 
727 697 411 889 785 80 846 35 659 31 879 250 939 
614 609 389 881 112 185 663 69 950 59 712 322 367 439 294 26 847 564 43 9 58 726 746 894 605 501 634 799 880 338 561 604 279 455 671 385 238 159 785 331 239 548 463 873 736 121 701 982 
313 533 475 335 770 794 35 161 805 689 798 48 654 750 567 507 238 246 718 429 45 17 458 540 90 326 818 912 
26 234 27 307 697 698 489 258 482 789 534 
194 830 264 859 339 429 293 839 383 140 860 887 560 233 934 
100 523 29 516 415 567 771 106 270 422 490 483 
809 425 451 271 233 468 68 415 705 607 231 543 38 578 802 405 805 480 689 
552 30 570 617 838 671 189 75 531 275 424 886 43 586 577 213 359 880 932 
271 216 866 841 43 812 584 955 163 671 792 655 632 276 711 779 239 275 45 318 193 564 648 610 874 437 862 443 647 790 405 4 609 642 196 928 933 
318 366 487 283 479 95 441 257 368 361 667 731 404 775 518 751 143 720 798 597 374 225 401 660 922 
515 385 131 532 155 94 378 517 807 662 798 218 839 366 498 443 706 731 246 730 416 928 975 
267 950 649 535 736 762 818 496 234 651 664 254 339 
354 40 64 266 397 184 185 187 544 430 10 414 2 321 632 897 192 652 149 631 452 630 641 474 9 603 760 821 362 217 239 63 16 915 940 958 984 
359 440 750 224 671 587 251 163 495 528 901 228 670 476 610 244 692 9 368 754 631 321 115 926 940 964 994 
395 818 53 717 829 209 467 916 193 792 337 89 780 639 297 664 140 288 93 727 760 300 487 138 306 483 850 319 712 512 333 511 701 866 64 881 806 484 679 636 734 118 958 980 982 
233 612 348 848 88 71 614 327 735 941 
842 408 738 348 104 89 115 401 641 911 970 
395 708 668 818 844 530 913 412 988 115 361 813 481 491 720 46 185 293 42 193 612 839 327 243 623 336 316 480 158 778 338 840 428 531 299 346 277 729 755 725 665 59 659 674 880 864 718 973 977 980 
797 802 732 956 965 619 128 841 698 626 483 433 315 532 208 829 216 291 667 386 726 883 552 197 780 576 
527 926 66 764 187 531 404 778 210 966 982 991 
410 483 404 695 188 496 788 792 537 474 813 575 822 726 142 335 203 939 948 
531 958 80 186 570 414 636 840 598 762 607 86 
108 556 369 299 302 258 629 872 811 401 868 982 
593 261 65 616 413 284 572 908 689 930 
12 599 16 894 756 251 874 698 138 50 158 761 344 323 675 656 505 408 800 542 19 564 930 962 964 
673 640 127 815 894 232 106 330 852 366 729 243 794 462 99 736 87 578 314 829 461 735 
253 468 483 599 723 165 747 407 68 588 
131 174 390 372 918 446 936 82 804 469 160 255 745 586 115 466 395 40 912 552 286 834 257 693 526 550 185 821 675 840 829 92 646 307 986 987 995 
348 511 692 616 465 410 29 399 377 7 297 560 140 878 438 460 719 528 674 100 897 
678 573 397 429 788 298 232 977 454 190 326 115 774 205 346 716 761 422 135 511 909 315 876 421 737 436 487 806 907 644 563 694 604 727 345 492 569 506 349 668 157 114 935 969 976 
393 234 54 395 285 804 295 579 110 278 509 135 846 675 
400 550 951 366 869 452 922 923 829 316 968 
211 972 415 348 444 783 780 704 850 739 934 
569 15 395 988 146 227 892 497 906 577 286 52 28 750 333 694 87 643 43 12 802 940 
182 751 471 535 802 716 153 93 289 639 122 907 433 583 63 
692 188 368 191 221 755 903 504 238 300 272 871 530 931 731 728 178 422 360 566 346 166 365 359 466 935 
621 204 742 808 862 232 269 871 852 934 318 64 629 709 28 805 641 367 750 376 876 812 83 818 928 947 963 
926 313 322 511 386 665 161 251 222 144 98 764 862 416 627 861 854 
603 708 304 856 530 263 484 627 889 408 
286 739 14 600 598 786 864 569 267 338 884 254 252 589 616 39 590 841 420 673 221 960 994 
146 840 972 653 824 668 454 899 455 409 152 207 145 799 656 919 529 
797 158 179 547 732 965 894 579 315 721 603 458 843 649 436 123 148 528 764 911 429 841 48 541 174 19 848 76 382 912 932 953 963 964 988 
468 762 187 863 841 443 183 445 914 116 438 816 839 725 832 290 603 393 789 173 115 948 981 
729 821 648 266 311 230 614 836 696 971 
80 859 478 671 727 567 412 78 398 250 955 972 
403 187 468 692 778 492 542 813 55 380 371 
553 438 974 778 120 37 362 197 285 245 110 805 676 777 113 194 626 441 38 
466 793 716 344 423 221 529 211 493 133 598 428 956 964 
544 303 841 199 349 421 620 711 287 935 415 
112 355 847 142 698 339 153 390 739 480 28 483 919 941 
271 970 560 365 876 464 498 107 303 597 58 
900 707 70 910 609 788 596 743 604 80 228 254 68 339 301 12 888 565 704 234 147 641 321 28 417 187 508 195 880 357 587 200 103 780 350 955 991 
930 117 762 737 136 73 644 805 443 307 323 78 302 
511 55 409 394 283 779 102 524 392 971 
51 64 67 528 522 425 273 581 297 244 766 720 95 471 728 105 432 584 940 108 652 828 362 996 
296 96 461 813 687 284 862 684 443 619 621 37 343 395 5 708 569 388 535 872 727 87 599 222 175 808 651 544 593 204 564 110 211 283 975 
907 153 38 633 263 199 67 732 698 950 499 93 299 28 69 107 378 943 987 
917 162 946 215 315 883 303 784 98 607 623 
627 271 251 841 43 784 86 647 468 310 315 670 487 65 719 768 341 321 90 322 213 34 677 658 55 633 546 22 958 
98 789 302 920 531 176 479 525 240 36 545 911 318 389 795 213 152 913 465 424 551 59 573 666 224 316 323 957 739 284 526 190 637 459 397 959 987 989 
882 598 520 726 157 963 420 581 958 570 137 362 663 505 569 532 493 105 613 710 442 287 322 878 379 961 995 
656 727 452 348 254 190 938 869 459 542 98 245 988 
552 555 281 506 995 398 654 270 761 797 751 46 53 597 515 807 760 625 100 85 743 959 59 40 534 615 806 962 
117 82 301 198 652 478 825 263 923 382 659 961 268 569 674 386 762 440 244 403 138 63 866 
701 511 567 798 959 58 557 37 247 36 582 244 12 281 430 39 637 132 610 797 935 427 431 28 43 165 78 192 514 2 940 389 291 135 760 171 101 671 641 255 733 304 690 229 587 120 762 966 
837 667 569 940 946 912 550 189 96 307 923 571 
813 757 917 702 474 940 973 202 280 429 563 604 395 838 229 806 530 295 55 408 252 430 552 81 755 584 723 399 609 736 554 286 390 273 222 393 116 975 996 
737 255 345 260 296 963 102 669 918 635 869 56 689 349 
729 117 82 540 498 250 606 308 415 208 830 38 778 578 124 806 483 26 
675 805 108 14 646 246 500 327 793 682 652 930 476 156 534 381 375 849 
441 228 78 654 297 362 227 61 824 690 472 365 806 178 928 
414 949 335 235 384 879 467 187 415 670 915 527 667 820 
543 250 468 303 840 403 91 848 254 324 619 952 262 114 192 740 280 631 167 942 22 796 363 116 668 240 616 736 785 995 997 
939 639 931 195 211 843 299 943 165 292 539 736 563 436 59 370 545 668 238 43 687 795 483 523 846 107 48 297 118 594 
498 965 136 211 710 115 186 422 192 315 554 297 23 789 623 916 
748 945 321 284 362 724 545 891 673 570 778 783 789 313 258 103 821 
200 343 591 245 86 349 965 408 32 783 436 124 364 153 59 909 725 754 954 607 401 575 44 842 818 262 231 
86 382 759 690 420 321 187 338 692 540 284 789 146 928 547 982 
17 688 679 93 928 64 601 354 25 313 145 32 774 279 297 505 307 916 276 894 60 268 245 44 777 511 324 71 42 572 762 704 789 43 795 815 47 263 862 543 84 211 296 55 807 432 
401 889 71 486 267 548 394 76 391 340 153 869 635 837 63 483 
90 575 876 89 382 459 154 702 751 543 403 
109 802 474 757 95 389 506 583 916 523 222 898 913 58 220 157 351 286 752 662 606 61 13 999 
872 859 651 258 635 492 680 419 41 834 773 410 772 242 811 830 695 235 711 536 104 941 
738 18 822 116 725 14 721 277 734 888 382 578 815 4 540 976 229 652 634 125 127 716 387 318 900 921 484 913 918 472 529 309 198 40 108 646 818 514 557 
322 719 820 390 408 241 114 243 61 681 233 466 799 82 424 704 756 215 176 803 304 
216 709 911 881 662 869 366 65 571 897 608 131 569 752 
361 669 48 531 870 3 244 724 76 482 572 773 
600 494 364 317 361 348 143 543 832 828 381 926 669 316 720 390 64 455 
656 445 793 259 926 6 797 848 806 169 955 119 958 815 
932 916 671 940 797 532 428 605 960 318 788 781 295 
761 803 557 676 958 660 211 258 362 294 714 
304 760 529 528 621 58 2 839 531 21 705 516 589 556 215 770 482 267 997 
187 357 305 633 731 574 501 281 795 727 801 605 665 877 145 950 545 23 653 918 447 708 699 365 784 
822 492 385 285 662 420 276 789 734 606 
310 757 166 592 150 167 76 593 464 421 322 551 469 622 617 18 102 
844 328 938 388 874 648 413 8 25 912 
961 603 356 320 430 284 690 290 576 522 971 959 926 249 269 475 733 293 748 410 75 867 545 
565 530 270 838 841 762 953 55 245 583 665 380 167 295 815 965 603 533 
348 567 86 93 971 284 240 653 714 36 990 665 603 
101 618 480 603 130 638 512 106 96 605 867 822 167 862 
82 895 242 638 473 14 827 980 154 590 
3 253 420 319 288 677 234 862 81 86 
