1000 9813 0
366 420 58 223 245 297 343 358 429 596 709 713 
241 321 641 853 974 117 184 195 238 307 429 462 472 520 521 530 557 594 631 651 653 780 838 881 903 916 928 941 
112 856 61 83 373 461 568 652 879 895 956 963 991 
139 565 69 183 243 688 731 734 790 839 849 892 
471 526 604 6 28 48 65 116 139 174 293 359 372 563 693 711 797 867 933 987 
107 913 5 121 127 274 337 416 619 747 749 774 861 
270 395 708 844 71 112 137 242 244 258 315 359 378 527 545 551 581 640 722 731 765 940 974 
145 471 696 780 82 103 175 303 313 385 415 508 736 751 757 864 927 
74 327 356 360 425 552 603 877 24 27 61 86 150 164 177 224 252 285 293 312 319 348 387 394 401 450 485 491 551 567 604 636 670 683 710 726 807 837 875 911 915 932 981 986 
322 661 34 108 214 225 251 471 511 558 664 706 928 
511 33 61 83 108 255 331 669 728 785 
32 326 388 425 734 876 92 96 108 215 222 247 263 309 343 348 432 455 491 542 549 569 616 689 697 704 817 854 971 980 987 
95 479 100 110 144 200 292 356 378 474 509 529 899 934 
42 738 938 982 64 65 70 221 226 373 395 469 605 612 623 671 740 784 820 844 900 915 
107 916 35 61 167 455 478 609 665 719 737 773 865 886 993 
451 469 961 100 180 292 310 351 434 577 636 716 762 775 850 857 860 873 901 924 
40 45 71 134 318 371 413 435 529 726 789 
42 739 108 121 158 327 376 580 586 587 633 686 794 885 
358 39 163 370 395 519 532 558 694 766 
306 986 81 111 125 238 266 309 508 537 660 779 880 959 
516 636 785 25 269 318 348 354 387 390 394 540 596 697 710 739 787 812 815 958 
36 120 123 735 807 824 25 57 73 92 142 169 178 218 234 250 251 279 321 346 376 403 411 424 449 552 575 591 818 841 862 940 941 958 993 
255 787 212 437 447 471 556 730 757 768 946 971 
164 852 9 192 225 255 271 452 656 729 797 824 
69 112 623 707 900 928 22 21 174 262 280 391 406 452 507 520 610 651 665 673 716 723 726 753 777 789 829 841 876 892 940 956 981 
35 75 142 660 43 116 236 238 359 374 394 526 547 613 727 760 812 858 923 940 968 993 
595 901 909 9 84 97 143 219 246 547 679 687 761 788 839 857 879 
61 140 304 489 529 5 113 121 177 181 268 281 283 333 373 428 448 539 553 571 598 615 616 627 711 737 750 849 965 987 
255 626 746 117 147 205 540 573 723 725 829 962 
149 280 961 110 433 437 682 826 958 973 977 
635 146 302 457 471 686 695 761 879 950 
12 647 103 252 335 511 544 565 640 641 821 
408 787 11 242 262 361 483 533 610 625 773 789 830 856 897 
112 126 232 615 10 100 255 265 302 328 521 556 561 606 667 963 
26 142 247 486 598 605 616 837 15 47 124 130 144 151 173 187 205 239 307 318 399 405 473 480 662 663 694 707 822 840 911 913 945 950 972 988 993 
22 481 690 807 81 95 149 244 279 294 322 350 381 408 459 487 517 569 576 606 632 641 832 839 
75 441 67 163 375 386 398 648 651 916 951 
251 907 58 90 316 632 668 686 743 807 943 950 973 
64 232 397 589 767 900 950 19 104 187 217 240 255 296 379 388 411 422 432 441 521 540 557 558 603 635 672 731 878 908 923 
17 429 678 856 950 114 149 209 282 284 316 318 407 430 432 440 466 474 604 684 706 718 810 820 960 969 
631 81 339 425 457 552 571 806 814 855 
18 14 116 435 549 754 803 145 252 367 375 378 471 479 544 546 576 610 616 639 698 781 806 813 818 823 925 937 959 968 971 987 
153 238 251 271 457 584 793 841 957 26 47 122 160 175 195 233 234 249 270 281 284 289 309 322 403 405 407 443 531 563 569 575 601 617 636 700 701 718 735 749 782 788 798 813 872 899 945 976 977 
59 965 980 177 186 295 366 388 392 535 608 676 752 769 772 871 880 908 927 
17 867 900 46 326 361 430 441 520 547 655 714 809 814 849 880 882 995 
75 288 800 45 155 238 243 286 312 346 356 530 631 648 670 787 830 873 
246 499 587 35 43 345 401 506 609 623 696 743 835 838 902 971 
361 752 975 5 60 122 145 266 302 304 321 355 374 552 554 681 736 786 851 
264 291 366 85 167 219 263 289 379 452 515 629 667 675 718 734 769 782 923 
715 59 308 344 397 474 476 584 659 905 
601 688 168 205 233 284 295 366 421 686 790 896 
87 148 224 649 747 750 188 192 202 310 313 375 444 453 537 634 651 705 730 737 785 876 896 900 906 911 
395 818 884 95 289 314 352 403 477 579 609 737 755 809 871 880 914 977 
152 429 103 200 251 448 474 697 734 748 829 
115 281 327 356 835 894 68 80 110 250 335 372 389 391 397 408 522 590 594 615 619 696 711 739 743 794 816 838 864 893 916 931 975 
507 79 174 193 355 361 415 574 873 922 
830 833 22 67 405 427 435 455 576 583 616 675 882 962 
160 235 567 783 929 38 1 62 120 122 244 272 321 322 383 422 459 489 540 543 637 650 708 732 737 900 977 
44 65 284 321 553 757 831 50 88 188 235 249 302 319 334 358 372 383 404 410 429 467 476 487 491 494 535 543 604 611 635 666 736 783 912 934 939 942 943 964 
299 757 48 421 467 497 583 606 616 772 789 805 906 
28 73 424 674 778 848 9 15 3 11 64 112 154 226 278 292 312 313 395 396 429 480 584 610 645 770 787 809 880 924 950 971 978 980 
72 503 58 447 497 523 627 728 775 806 847 
167 455 712 81 158 252 289 372 463 598 601 628 770 807 822 853 854 856 879 904 
39 151 355 429 488 594 642 713 856 14 61 85 86 96 130 270 293 326 337 353 421 439 447 460 553 579 590 613 680 729 740 762 776 821 844 845 901 913 983 986 996 
59 296 417 14 5 135 339 390 407 459 598 662 736 758 818 870 924 966 
589 609 118 205 277 412 532 689 745 798 809 892 963 
93 429 615 629 679 756 948 37 57 159 263 313 362 406 432 453 465 482 490 503 540 549 578 665 720 748 750 792 818 819 825 913 916 920 926 952 958 994 
674 823 895 55 261 368 442 607 611 613 614 616 644 793 872 958 
25 266 596 4 345 360 530 563 578 672 724 742 841 859 889 956 974 
459 977 14 116 222 315 337 556 671 784 899 
290 321 686 965 7 17 206 279 295 313 507 524 554 750 801 928 934 
62 296 572 834 98 130 319 349 397 414 690 730 747 781 911 991 1000 
61 167 22 127 178 288 532 571 600 668 969 
9 307 581 876 110 123 236 237 321 400 421 473 616 680 690 760 
37 26 46 340 496 536 80 167 179 186 211 274 296 357 358 385 422 471 476 484 544 638 643 850 907 917 935 957 958 974 992 
84 559 785 830 115 141 248 345 363 392 534 542 545 583 748 765 808 839 941 954 983 
894 263 302 421 484 493 660 735 815 907 
528 648 856 303 321 369 447 457 480 611 640 784 786 830 834 876 888 943 952 983 
294 805 56 82 90 102 266 375 578 690 732 954 
458 480 774 892 55 75 105 274 344 435 467 527 632 646 689 756 776 790 796 805 850 884 964 
450 483 985 63 41 20 36 157 377 498 548 647 671 858 873 903 963 
165 465 491 550 563 763 79 8 106 130 150 220 256 304 538 567 584 636 640 664 751 818 830 835 851 862 896 900 918 969 977 
304 345 476 529 602 760 11 3 100 107 153 171 175 229 362 410 478 549 612 615 668 680 686 820 843 846 893 897 957 961 995 
76 128 422 559 780 27 117 137 148 164 321 512 551 552 576 642 657 684 704 726 753 783 878 881 909 996 
592 732 757 886 49 64 141 245 303 304 314 316 390 525 555 671 747 779 900 902 951 987 991 
200 378 382 454 483 587 752 759 815 64 9 94 137 193 213 225 238 298 307 327 332 393 429 460 472 479 528 549 565 576 577 593 649 657 732 751 788 797 803 807 814 831 839 899 905 906 913 950 963 990 
52 197 750 806 912 92 112 145 237 256 295 341 382 432 585 598 612 621 641 686 696 737 756 864 917 950 983 995 
307 327 552 59 158 200 415 587 680 820 869 958 
306 761 143 212 227 284 325 343 471 540 590 837 862 
529 760 79 38 113 122 192 249 291 362 600 698 718 901 913 
246 815 225 290 546 593 598 728 838 891 913 
189 788 22 87 12 236 255 367 453 577 608 651 692 808 
67 275 653 679 950 98 131 214 276 333 351 382 422 430 467 527 584 588 641 675 725 751 777 846 889 963 992 995 
718 735 779 86 153 471 482 586 653 668 723 816 838 863 880 927 
13 98 362 574 583 618 53 36 100 171 189 224 262 263 318 456 471 512 535 612 626 648 686 750 751 807 829 830 837 850 854 860 867 877 883 
287 417 802 917 64 12 207 210 238 246 280 297 441 486 552 700 788 789 888 919 930 992 
381 906 27 129 153 540 565 567 569 646 751 
95 137 405 583 610 93 72 131 263 322 343 366 400 436 497 502 554 575 646 719 760 770 774 906 928 937 
100 182 174 398 486 585 592 603 614 690 916 969 989 
99 178 222 626 680 698 703 737 790 13 34 83 95 16 117 165 213 246 281 287 304 336 365 396 412 429 431 456 477 491 505 511 513 518 536 643 645 652 675 804 926 928 
206 479 203 229 235 459 730 788 833 843 954 957 980 
344 656 854 79 189 319 365 416 435 468 549 552 663 786 851 852 876 926 927 
200 245 289 587 815 832 8 54 32 157 162 283 286 415 455 496 527 638 721 738 845 876 901 944 953 979 1000 
362 531 998 39 150 235 255 322 341 503 515 591 607 787 875 895 923 936 955 
606 852 914 80 206 341 368 408 446 494 511 616 631 693 749 802 824 904 938 
272 973 82 151 171 195 386 441 598 779 804 811 816 958 
6 15 569 620 83 120 161 166 183 213 256 326 381 480 566 700 790 832 834 851 892 921 931 957 979 
243 294 379 502 556 675 12 10 11 18 190 205 209 215 237 273 283 308 313 322 365 374 478 531 576 578 684 693 748 752 799 873 907 1000 
241 797 477 552 571 603 615 657 695 847 975 
449 930 962 30 74 55 13 278 298 323 364 373 385 589 650 680 711 836 
119 157 221 520 20 135 163 294 308 318 451 619 675 743 747 900 985 
34 25 3 609 856 61 87 7 120 205 259 264 290 487 558 583 607 632 634 652 705 742 778 786 884 962 
244 457 90 28 176 398 604 607 633 637 671 813 833 
954 974 40 115 238 253 369 578 606 620 806 822 873 983 988 
55 171 193 593 961 76 114 174 191 274 390 404 416 434 441 445 488 491 496 497 524 675 686 723 725 790 807 856 868 955 
42 278 358 982 26 5 70 214 295 348 395 427 431 449 471 504 552 589 641 674 749 833 963 
165 301 400 563 817 962 967 2 29 100 84 179 210 288 314 428 445 478 537 554 575 582 591 612 616 653 662 697 700 750 761 776 818 832 956 958 
445 697 66 133 240 255 459 474 598 698 779 805 833 916 
111 567 130 237 261 412 476 570 654 690 810 
22 122 394 423 690 735 824 58 112 107 141 158 161 167 185 195 220 285 362 403 429 470 540 544 570 588 618 671 679 689 731 736 774 800 803 835 843 862 870 900 913 
130 145 317 338 471 482 6 28 18 132 299 315 323 327 332 463 509 531 590 671 725 747 761 767 783 812 819 894 896 940 965 968 
120 452 718 807 890 43 48 58 90 279 307 318 348 391 405 424 431 441 563 605 652 727 772 780 830 840 921 972 
22 394 630 807 74 125 128 183 251 252 254 263 265 406 418 455 459 497 499 540 544 655 706 819 838 
684 35 237 240 286 469 482 498 762 977 
653 928 977 20 123 127 205 223 253 421 806 
34 637 210 278 530 569 631 686 834 842 877 
339 350 924 975 73 125 6 213 232 239 288 291 294 296 447 480 557 582 700 710 757 856 926 953 962 
84 571 123 312 401 420 424 494 607 743 771 837 845 875 
378 404 808 924 97 140 149 165 171 201 229 323 324 413 471 484 552 620 738 887 945 
121 524 865 72 119 35 82 64 224 255 284 459 549 583 589 763 832 851 926 
229 545 625 723 820 98 93 136 148 187 188 193 216 288 327 417 429 536 544 564 623 701 711 751 764 780 815 855 894 
328 535 981 121 241 284 303 549 583 584 697 765 882 925 974 998 
137 479 118 153 305 343 460 475 579 609 686 911 928 946 959 
665 943 17 175 223 362 363 403 563 850 858 880 957 
427 747 806 65 111 177 288 320 321 389 501 537 589 687 751 844 
367 474 131 161 345 365 437 484 543 555 636 651 714 789 
98 133 583 84 7 86 247 350 395 418 431 598 603 606 714 806 852 901 
204 277 669 145 252 313 316 321 338 466 487 593 622 629 668 721 727 870 971 
4 635 5 147 173 196 390 422 494 613 715 
28 345 489 129 415 428 430 445 578 583 594 648 677 686 694 732 741 878 890 933 
190 468 685 120 76 85 501 608 648 708 726 812 
26 35 667 22 145 303 392 435 439 475 518 529 789 820 909 938 
185 459 643 89 27 194 323 348 378 416 529 560 585 795 839 854 958 
939 971 35 13 158 329 379 551 610 830 870 960 982 
8 121 168 507 526 48 138 42 142 87 185 262 297 528 530 695 707 714 739 760 770 849 859 862 905 975 
190 303 31 199 222 269 317 395 437 556 683 719 814 822 
779 29 139 166 168 198 517 806 908 913 
52 806 84 131 187 189 253 445 448 480 495 535 679 926 966 
30 327 839 36 129 40 184 541 598 672 711 719 780 831 838 946 
690 779 82 104 9 166 388 568 640 700 888 
64 225 35 106 234 353 396 479 557 708 797 828 975 
54 308 263 565 694 752 759 842 907 913 991 
43 414 542 709 841 907 984 97 83 133 94 160 165 192 219 227 335 451 520 527 567 583 606 628 635 655 726 727 746 886 915 952 
662 668 821 61 182 188 263 456 485 506 551 585 604 648 676 940 958 
571 780 903 46 243 314 575 594 692 694 714 
279 291 411 448 659 711 797 805 962 975 
111 263 598 726 769 783 963 81 103 158 178 254 260 261 289 341 356 361 409 410 438 541 545 595 606 706 708 818 876 906 954 965 
237 284 748 797 157 120 144 18 88 63 200 267 526 535 552 556 651 667 723 774 837 874 985 991 
849 67 223 284 387 422 455 584 743 953 
58 511 153 43 255 297 763 779 785 796 848 908 912 
422 781 136 120 107 281 420 439 461 594 729 846 881 917 
179 310 103 238 249 550 630 663 900 933 953 
845 991 37 111 19 320 459 668 690 750 788 802 838 907 
24 806 873 84 9 193 291 350 397 404 421 424 725 751 797 859 913 919 
82 117 465 550 745 100 153 129 258 266 296 298 300 316 347 501 523 525 670 707 730 755 756 793 806 826 996 1000 
940 993 147 107 150 265 271 483 774 820 838 881 916 926 987 
73 63 304 353 424 476 760 768 990 49 120 75 15 205 213 271 292 336 338 388 403 406 443 451 483 498 511 549 554 583 595 669 688 736 766 769 844 856 872 911 916 924 940 975 982 984 
145 526 880 147 51 198 245 271 278 394 421 484 525 552 569 675 690 846 916 
739 938 22 187 328 462 476 644 665 689 843 876 
187 303 171 231 233 239 421 449 649 839 919 
115 326 409 599 603 608 839 170 95 129 83 106 172 198 251 321 500 534 544 578 604 631 656 678 800 801 918 962 965 969 981 990 
188 695 964 171 264 612 665 681 709 796 873 991 
877 35 139 272 277 497 797 821 967 975 
390 632 724 825 983 115 25 99 5 56 190 233 268 349 359 367 389 396 492 506 731 769 857 898 958 969 972 982 
975 8 134 43 83 223 270 699 719 720 
302 958 113 179 232 315 525 526 547 759 889 901 935 972 
652 773 135 9 28 44 229 416 421 428 491 546 780 823 
100 827 73 22 157 248 253 462 584 590 663 839 896 903 
162 686 176 75 117 322 387 397 477 529 652 711 
222 737 791 842 16 252 303 361 401 437 451 462 471 540 542 681 732 793 839 848 850 867 938 987 
616 28 184 211 377 392 413 467 885 917 
99 626 915 154 297 330 342 365 742 771 856 972 
841 107 4 123 191 511 583 661 695 903 
881 900 181 2 149 284 373 385 751 789 864 
143 459 589 145 120 207 380 382 403 406 410 509 542 552 677 830 839 955 
374 422 44 75 187 197 540 563 690 715 807 925 
170 403 468 544 762 863 887 35 169 148 131 186 39 198 201 204 284 349 352 445 450 537 550 624 676 686 691 695 700 709 721 815 835 838 927 955 962 964 965 
172 52 154 59 131 252 383 906 928 942 
92 232 298 528 743 900 950 1000 95 102 148 196 206 210 226 228 254 367 369 383 492 544 546 548 552 585 610 655 664 666 685 738 747 775 791 833 866 916 934 945 961 986 
146 141 174 108 268 345 454 557 615 757 798 846 
393 772 882 183 115 250 322 400 416 434 528 655 656 669 693 733 743 856 978 
293 318 377 470 611 727 24 52 153 90 223 241 326 340 397 512 514 522 531 552 559 571 584 663 683 766 793 820 873 877 924 940 982 
115 307 581 894 906 961 131 164 86 56 230 293 305 414 487 495 500 601 619 732 815 880 913 931 936 939 
422 612 143 222 295 460 606 640 656 856 881 
211 762 43 120 2 106 230 258 386 519 665 724 
517 189 139 237 403 483 651 760 779 856 
87 359 671 806 186 315 339 384 422 449 546 587 757 789 864 935 
301 331 491 563 168 187 147 171 288 330 360 395 413 443 529 616 618 667 668 720 736 768 904 929 
252 502 554 146 202 270 281 330 375 388 405 519 523 643 768 862 931 941 
103 86 346 88 54 158 13 589 652 728 880 
344 366 864 187 129 235 272 277 303 317 319 337 372 476 479 671 714 819 995 
576 52 199 284 416 638 653 754 926 928 
447 604 101 297 298 403 504 579 709 815 819 882 888 
138 386 795 187 390 504 651 766 968 973 981 
313 384 533 659 736 770 29 108 125 66 112 167 51 35 255 258 268 270 359 414 432 455 498 512 552 589 603 606 644 680 714 727 826 871 910 
101 362 105 71 189 380 395 585 677 749 951 965 970 
319 511 695 185 96 314 344 347 382 459 476 481 531 573 640 750 941 970 
263 337 366 609 665 691 761 794 895 933 
913 994 40 108 351 461 710 713 718 789 891 926 963 
364 822 189 126 96 117 347 441 535 616 786 
195 399 497 543 580 971 75 181 222 302 411 455 519 526 560 567 568 595 603 665 760 771 813 818 896 916 981 
410 89 23 372 500 616 661 859 865 927 
867 950 107 100 167 127 86 496 512 618 671 695 897 
418 511 10 93 116 238 304 331 429 470 982 
811 916 12 108 511 602 652 787 789 841 856 880 968 
841 949 955 131 323 343 346 616 625 679 749 764 797 829 846 856 
549 39 251 365 419 488 583 707 709 998 
578 682 22 387 422 425 494 518 536 675 713 806 955 
355 637 153 49 27 250 348 401 456 492 554 583 
346 120 82 322 374 581 788 797 940 963 
111 323 14 230 359 408 480 671 756 847 869 
180 100 408 534 751 791 794 842 904 211 146 12 70 194 223 225 321 336 366 379 390 394 489 497 545 553 564 616 619 652 694 716 775 807 928 936 938 945 947 953 980 
533 672 766 175 159 222 1 125 134 192 303 311 637 698 784 856 872 934 988 
52 750 95 130 9 278 284 323 692 848 919 
151 311 688 950 86 24 222 10 91 284 349 368 442 511 558 579 600 732 738 798 807 817 997 
233 671 806 14 61 189 282 340 478 523 655 663 690 824 832 847 915 982 
688 911 89 153 322 627 680 709 730 771 957 
253 511 959 189 230 254 281 299 366 484 633 642 648 711 737 788 844 981 
131 390 515 624 828 177 101 129 83 238 349 360 394 414 430 436 469 635 638 649 660 663 665 689 752 772 869 898 955 977 
565 916 228 193 221 195 364 528 535 632 810 
737 753 170 530 641 656 710 711 770 797 856 897 900 906 957 
34 39 189 459 663 856 127 176 257 278 294 304 339 346 449 460 610 662 671 727 736 805 841 878 934 946 
226 440 51 43 174 170 339 350 472 535 695 815 876 886 972 
235 263 368 927 959 22 151 43 239 373 378 395 397 439 517 530 549 565 609 612 621 655 729 764 793 855 912 971 
58 234 368 726 927 201 101 59 104 252 310 327 331 339 366 395 416 432 445 452 453 459 484 644 686 899 917 998 
282 309 26 74 92 660 685 695 898 935 950 
158 498 655 851 108 124 119 87 74 196 246 340 467 511 570 578 658 708 747 873 955 972 982 
43 251 271 584 627 709 720 841 229 86 96 2 20 46 162 114 26 214 256 276 349 361 409 428 441 455 462 468 477 578 615 628 664 721 810 850 860 861 901 913 925 977 997 
257 471 755 127 170 234 35 251 256 258 327 372 394 535 626 670 847 906 918 
289 300 404 443 975 118 39 124 308 322 357 359 373 468 471 476 487 554 569 603 682 695 823 857 865 881 895 
2 109 336 192 132 391 529 681 862 907 971 991 
709 33 7 390 455 587 686 692 817 967 
108 379 704 801 155 4 46 262 300 354 374 476 574 741 758 762 815 894 912 916 919 999 
113 271 812 36 7 58 381 512 536 548 581 612 685 729 730 757 763 768 939 
103 361 431 640 744 85 1 168 286 294 351 369 393 406 496 543 598 698 716 729 739 751 757 823 840 967 982 
47 91 334 714 935 237 100 96 27 280 321 338 368 375 383 402 420 487 530 601 647 662 749 756 818 877 899 934 941 963 
35 137 12 351 647 652 750 871 914 982 
776 810 873 76 178 438 554 572 637 762 787 853 
334 509 522 935 90 162 59 43 257 294 309 321 344 390 464 474 511 576 623 703 791 818 882 974 
544 633 845 55 219 22 191 320 326 366 428 459 562 610 747 757 802 876 916 935 
238 38 43 466 720 793 907 171 239 123 10 217 54 22 262 365 398 401 403 464 523 530 559 607 622 638 642 651 686 719 753 768 771 778 780 863 867 933 959 
199 369 413 607 675 711 805 42 180 9 123 63 188 235 138 32 263 306 309 339 366 382 391 395 428 517 575 635 648 685 728 737 745 746 847 872 900 954 982 995 
228 262 496 689 148 114 178 125 295 415 455 512 515 640 752 946 990 
343 349 621 808 862 123 189 228 157 328 352 360 366 441 471 486 600 755 788 791 830 833 843 851 864 875 936 982 997 
23 29 534 680 698 746 933 966 34 104 39 160 205 130 118 11 92 24 281 304 327 363 366 424 436 480 497 541 563 660 718 722 730 777 788 812 859 907 913 926 953 
599 238 107 87 239 82 399 535 827 951 
239 374 422 249 232 316 367 423 675 756 801 990 
480 493 665 792 943 981 7 205 195 165 239 260 266 287 299 311 375 401 447 499 500 625 698 802 896 923 
277 112 544 657 698 727 774 813 836 895 
571 157 258 303 350 402 663 724 734 779 
339 985 157 119 68 295 313 511 707 745 835 854 907 
253 567 598 692 772 25 251 33 95 145 243 281 305 311 317 318 425 529 733 759 761 793 818 828 832 871 900 
208 234 157 323 598 616 622 769 12 95 252 98 152 49 123 67 154 77 287 294 307 339 429 450 460 494 500 501 543 579 603 619 682 721 824 825 846 852 893 909 942 949 954 962 980 
49 540 112 172 280 343 349 599 816 839 848 927 
923 961 34 166 123 387 429 474 491 580 723 783 901 982 991 
69 429 504 642 48 165 20 258 79 318 330 394 480 514 531 554 566 765 805 859 917 929 939 971 982 
950 977 158 317 325 368 391 439 692 763 769 806 809 848 916 
375 571 205 28 174 190 294 303 496 727 789 840 858 943 989 
493 774 21 146 402 403 429 543 568 595 623 662 810 891 952 
7 569 597 662 988 64 43 205 199 175 283 322 377 432 559 615 632 670 675 714 726 751 789 856 911 946 984 
43 238 244 542 709 949 24 166 167 168 279 318 322 382 436 568 582 608 612 629 664 690 732 738 792 806 870 
106 416 813 173 58 201 406 439 607 645 736 762 783 789 884 931 
487 656 108 335 359 571 576 640 668 770 779 788 802 
332 523 698 794 80 75 115 6 331 453 486 511 552 707 773 813 852 868 888 895 988 996 
93 788 436 445 581 587 740 760 783 806 889 940 
651 792 859 875 238 93 309 314 337 371 448 467 508 686 732 785 857 864 906 972 978 991 
138 259 201 66 173 554 643 651 661 760 763 785 812 
116 494 721 761 982 110 232 61 224 168 126 282 288 462 474 485 509 634 798 917 954 
156 338 559 628 271 36 22 122 71 388 483 514 652 701 779 869 941 
30 327 506 796 96 25 264 246 417 530 614 628 633 698 699 738 750 831 836 939 943 
55 538 552 786 839 897 228 255 262 28 100 43 161 199 291 318 345 416 419 429 455 510 523 535 546 571 701 768 778 805 856 883 954 
236 727 40 226 278 357 371 449 483 484 743 
366 908 28 108 270 103 413 455 769 860 917 932 
158 59 296 299 415 474 885 954 980 225 130 43 40 51 89 224 132 184 159 202 187 302 315 364 382 402 406 414 419 423 477 482 507 526 527 535 569 581 652 724 795 820 839 841 856 925 949 
302 583 618 9 120 400 486 533 611 624 654 901 
600 721 738 739 245 103 124 46 308 326 339 399 421 455 485 567 629 830 833 888 966 
96 258 263 100 289 432 479 520 524 895 
46 576 198 135 73 127 278 131 117 337 493 652 757 996 
240 103 862 49 157 53 43 287 63 315 519 610 634 802 861 907 
71 461 112 91 318 361 362 495 528 535 904 
49 445 773 281 127 156 90 164 441 478 560 615 648 691 777 805 
478 493 16 61 167 13 302 321 371 569 698 789 
192 366 586 644 64 9 5 193 311 364 365 392 469 516 575 708 736 774 793 812 821 939 972 
108 79 554 607 650 816 36 127 111 232 245 263 268 249 304 460 468 490 495 549 567 590 595 773 882 901 946 
320 538 608 847 876 905 44 261 87 253 116 51 71 194 328 422 429 573 637 733 787 807 822 823 840 903 
65 284 72 474 641 75 39 165 127 335 435 558 594 600 610 617 656 668 746 754 788 823 870 918 928 992 
583 610 838 958 1 160 182 145 203 96 326 331 345 361 395 489 504 639 660 675 715 779 797 806 
189 203 86 110 165 312 692 718 724 747 
60 284 121 228 258 483 559 587 607 662 753 760 
240 312 976 243 165 327 370 411 785 868 954 968 
117 198 365 434 442 462 468 535 586 636 826 977 
176 285 405 426 508 531 583 789 838 869 34 59 284 211 31 77 48 292 312 369 376 383 422 511 573 584 602 605 698 721 778 797 807 840 862 872 873 876 887 913 961 972 979 982 988 997 
170 146 403 485 685 260 132 268 201 223 78 8 85 142 180 321 415 532 554 839 848 859 883 885 935 973 977 978 
28 167 83 455 472 529 575 768 294 232 214 82 48 100 85 255 331 336 338 365 375 395 473 479 511 512 524 527 544 576 585 637 668 678 722 742 756 860 864 874 954 955 960 984 
342 399 840 133 193 262 373 375 574 644 645 918 
20 89 364 252 370 378 400 452 507 530 543 584 668 784 840 862 864 895 962 975 
193 88 74 492 647 734 809 923 2 35 86 263 122 323 355 378 404 408 452 468 483 508 528 530 534 551 559 585 626 667 689 695 699 709 717 739 802 827 872 924 927 966 992 
152 756 108 111 240 286 50 337 370 522 551 721 913 923 960 
236 652 697 249 20 43 276 12 252 480 543 562 578 715 812 913 917 924 939 966 
162 797 879 993 52 235 16 362 382 495 561 598 697 707 731 780 
225 653 258 293 262 223 339 358 361 536 577 659 711 967 
300 490 9 298 128 302 61 46 753 849 888 916 970 
205 446 659 909 926 261 61 8 67 71 138 52 108 345 408 420 568 572 574 623 651 729 837 948 963 965 
508 838 207 85 117 155 53 276 484 509 557 580 743 839 
352 368 462 726 934 963 964 289 176 7 70 121 284 197 377 385 390 395 397 415 431 440 465 479 539 555 606 641 768 801 805 817 818 838 846 847 848 883 928 
391 736 870 891 38 85 257 165 40 138 374 408 439 507 529 537 564 571 584 735 757 794 830 
121 696 201 146 262 267 407 494 750 807 933 
192 652 656 670 710 716 727 262 17 95 271 290 40 35 266 111 281 122 21 441 479 496 505 552 587 622 647 679 736 755 762 815 840 912 914 983 
207 617 959 963 201 102 9 72 59 350 452 522 526 541 549 572 681 714 752 765 854 933 945 962 
295 373 135 163 250 395 414 471 582 751 818 860 912 954 
59 2 71 411 415 428 553 797 965 48 249 292 74 303 58 135 222 78 22 246 84 138 171 334 357 359 363 365 397 421 479 575 576 598 659 696 746 760 778 796 799 827 856 882 913 919 950 981 997 
10 384 390 527 723 770 926 227 271 179 270 104 43 220 98 108 36 191 240 58 351 408 428 442 459 471 474 530 563 602 642 652 735 804 826 846 900 961 978 
263 221 548 557 307 216 110 224 143 129 121 345 430 470 475 527 543 550 761 768 770 815 831 891 923 
920 129 332 420 421 533 587 623 716 957 
606 89 267 488 500 610 692 709 744 926 
12 171 388 107 286 192 45 250 64 297 430 445 474 587 806 822 855 916 
9 149 280 88 55 581 796 839 894 131 300 255 121 86 239 18 235 368 401 418 435 438 440 471 483 540 559 612 658 679 721 736 805 836 848 899 907 908 915 919 926 928 932 935 938 950 954 982 983 994 
132 665 254 295 169 34 391 467 558 634 642 717 942 965 
402 551 652 144 384 417 432 483 531 783 916 
380 692 199 198 182 266 416 467 581 675 887 
198 962 304 274 11 214 235 297 340 439 466 469 583 662 692 
274 324 121 86 407 506 526 590 596 982 
335 421 28 93 395 400 416 513 685 740 786 787 794 998 
246 249 321 59 479 619 811 842 950 955 989 
333 383 632 736 153 55 32 273 296 354 394 604 815 871 902 910 948 
241 428 641 304 222 167 100 795 846 908 950 
819 918 70 201 6 276 308 288 208 64 534 591 881 
121 279 833 304 167 138 246 413 427 527 664 965 
127 261 404 410 483 561 850 232 41 197 233 263 65 235 311 252 286 368 479 489 540 554 645 723 773 856 863 895 897 913 945 952 
75 576 689 237 226 331 192 346 474 682 720 722 750 790 818 928 
424 848 105 104 87 157 366 446 479 525 629 857 911 940 
305 544 182 397 441 513 750 834 835 869 934 963 
254 443 850 12 264 133 98 1 216 89 377 529 573 579 603 700 757 968 990 
201 102 464 80 50 207 249 459 531 569 572 665 686 817 907 959 979 980 
83 140 455 476 323 69 190 76 313 136 297 281 47 436 511 538 554 571 732 802 807 862 926 948 949 
220 200 46 216 232 340 22 468 612 709 723 870 
621 669 207 165 210 415 451 532 666 856 878 912 
368 798 837 896 9 21 143 219 12 116 122 360 390 416 478 597 640 652 659 663 846 901 970 972 
254 386 174 264 225 238 229 187 72 603 638 953 965 990 
127 365 260 164 137 36 233 319 697 761 827 
400 999 93 209 247 322 245 16 534 547 569 900 928 
315 660 726 959 254 53 187 408 483 535 545 632 856 945 967 975 996 
167 575 848 151 64 360 395 524 641 670 797 841 
528 614 910 21 243 335 358 361 526 563 571 729 755 768 835 892 934 
64 219 48 56 307 361 390 502 624 660 803 840 917 
9 55 570 13 157 46 359 366 438 535 549 640 688 830 863 870 910 939 956 
762 840 75 282 321 240 449 459 467 469 548 561 785 922 988 
19 116 982 354 1 59 311 75 419 541 586 762 
197 671 731 871 221 321 240 205 356 7 5 174 26 273 367 529 652 709 724 740 748 805 838 975 995 
9 373 229 198 353 348 69 254 523 569 600 619 787 
48 245 410 483 501 808 354 355 290 311 180 56 297 45 157 33 238 368 423 487 571 598 726 753 772 803 805 806 812 873 895 907 972 
206 95 104 479 120 134 83 90 310 290 67 402 410 442 554 559 570 643 700 707 775 894 913 919 974 
656 843 908 321 255 134 76 404 441 563 598 714 729 734 747 806 809 890 962 1000 
210 306 284 230 110 293 423 587 640 662 718 978 
350 640 714 740 251 293 100 182 217 304 102 321 136 301 108 420 545 578 682 694 830 900 901 
283 1 49 293 201 420 445 487 656 44 208 252 222 356 235 228 254 341 98 51 250 255 370 383 391 403 424 496 531 537 591 592 612 664 688 726 736 737 750 770 798 816 818 822 882 963 976 986 996 
136 401 474 566 797 813 359 92 174 189 42 257 374 425 477 534 542 607 617 640 674 675 680 716 729 738 830 846 895 928 959 968 985 
315 235 348 234 676 896 68 327 105 246 339 267 225 361 427 446 485 535 549 569 610 651 705 721 859 940 984 
252 556 711 801 805 302 114 78 245 189 388 427 552 676 760 829 837 875 916 965 986 
466 957 366 306 300 19 308 390 459 535 569 652 820 958 
558 839 292 276 17 282 394 535 623 673 675 731 822 879 
392 527 724 5 59 212 239 201 63 55 415 473 479 503 522 679 818 837 942 982 
320 360 234 28 110 14 184 3 240 305 391 410 467 582 587 
257 186 526 243 220 26 316 108 48 367 459 523 607 635 772 806 909 
268 517 258 37 79 246 52 304 305 199 42 427 430 575 838 
674 895 22 18 302 459 468 482 503 545 548 567 887 920 988 
192 464 681 864 270 81 181 315 343 466 690 722 729 815 907 961 
129 86 784 13 307 306 143 42 7 234 388 479 539 582 751 783 870 912 991 
243 108 556 49 144 39 222 537 652 727 972 
330 206 185 522 534 609 642 652 813 974 
97 36 107 244 510 600 735 803 841 926 
86 407 591 87 185 93 207 284 252 310 271 512 540 575 581 599 818 963 
335 926 59 366 58 188 302 246 189 551 583 603 607 704 806 
322 205 901 197 329 726 739 762 818 884 900 913 
391 936 315 110 8 75 184 462 598 687 722 731 789 948 
349 204 37 195 106 403 459 543 580 589 616 701 904 
539 691 930 9 21 218 265 179 159 507 655 825 830 862 920 958 
12 326 765 199 369 39 167 150 279 378 44 422 429 468 657 962 975 
429 596 856 174 135 55 420 468 773 865 959 963 
174 322 229 421 475 484 719 249 315 65 21 355 204 115 242 348 139 222 370 85 401 403 410 417 441 480 501 535 593 596 688 695 725 797 823 839 954 999 
385 316 820 328 55 122 25 252 366 241 267 373 472 505 583 660 717 783 928 978 
372 870 76 142 181 293 44 671 773 790 910 
191 245 86 404 425 630 644 666 712 841 
120 123 439 444 779 335 222 26 168 21 239 229 266 9 371 559 622 664 672 673 697 704 726 732 805 846 876 961 977 
7 53 467 513 530 597 635 846 996 297 304 333 116 353 320 61 198 14 146 234 19 252 206 315 137 235 400 422 453 549 592 641 669 678 698 735 767 836 865 928 950 954 
449 951 151 174 100 61 420 466 587 737 793 981 
39 573 615 756 321 179 72 342 164 234 192 55 50 315 426 632 790 818 879 913 959 986 992 
510 980 251 99 113 37 451 529 588 620 645 
305 211 941 35 286 256 410 430 501 511 520 608 670 870 967 984 
117 351 285 74 333 98 306 395 191 554 663 976 
367 438 461 748 889 9 327 47 128 390 180 219 258 251 468 490 587 591 606 609 635 659 839 840 854 856 870 898 967 
329 430 644 899 362 269 284 260 246 511 695 944 954 963 969 991 
187 303 468 585 639 971 251 120 203 22 386 366 167 53 185 134 196 43 390 269 415 425 517 529 623 642 647 789 794 890 911 
240 339 129 862 164 363 393 115 59 307 406 433 452 471 474 487 535 551 728 818 833 878 917 991 
98 302 958 43 35 122 199 57 519 554 603 606 701 735 780 786 788 837 959 
494 982 123 272 284 167 245 67 185 25 404 861 915 
382 483 714 850 40 43 317 332 65 468 526 571 702 806 908 917 
222 33 523 680 737 105 316 313 221 352 322 307 55 36 422 491 510 516 528 541 563 653 732 788 836 869 873 953 963 
171 552 157 238 454 630 695 793 916 970 982 
212 361 339 740 742 985 59 373 157 185 362 399 390 83 419 439 458 471 489 513 707 717 737 741 750 751 805 841 883 965 986 
321 694 802 300 22 39 156 211 460 483 488 530 560 804 873 950 
569 818 66 100 119 415 431 480 757 788 865 
252 577 968 198 181 338 283 129 17 441 481 629 796 883 924 973 
153 519 841 229 193 320 72 284 205 528 598 603 605 619 630 653 767 912 
284 321 546 813 973 974 303 372 315 56 140 8 347 412 403 103 88 253 422 504 539 571 580 587 607 633 667 688 693 795 848 861 912 958 968 
272 641 646 965 978 177 202 6 333 115 143 191 102 235 330 348 281 420 483 515 549 570 578 608 674 760 779 855 870 
96 65 390 131 329 280 571 585 692 845 963 
214 486 123 327 137 476 501 571 704 775 817 973 
619 653 977 410 281 284 217 358 464 466 695 719 754 862 940 954 
366 1 540 551 670 899 128 389 365 313 416 161 324 396 246 489 505 508 609 625 661 680 689 707 758 787 800 830 836 850 892 911 986 
390 333 484 724 733 909 918 64 74 60 125 321 168 77 170 324 177 164 286 51 483 489 510 563 651 737 761 772 786 788 856 
84 194 186 161 257 447 524 571 612 93 58 415 139 408 218 197 39 302 388 295 159 75 395 431 483 500 544 550 553 569 593 598 608 647 667 707 709 716 739 793 797 806 851 855 895 899 937 963 977 988 
120 735 361 364 257 284 430 505 709 711 813 
167 341 61 472 693 22 122 164 366 255 128 464 483 573 607 626 650 656 727 756 777 789 802 818 826 919 950 965 971 974 
9 12 562 393 218 41 367 403 262 569 585 727 
302 508 789 397 467 527 641 647 661 757 844 914 
135 606 368 116 57 375 338 369 482 540 586 698 737 853 
336 321 757 28 250 322 117 252 238 177 140 552 606 725 736 786 934 977 984 
64 54 389 266 40 67 615 713 756 86 281 61 131 100 265 295 59 120 1 2 269 388 214 263 436 457 533 540 545 553 563 575 597 607 622 625 675 680 705 720 785 805 839 922 932 963 
402 464 540 652 727 854 45 229 323 140 399 93 326 40 423 375 466 482 536 563 606 641 647 667 686 702 726 740 771 777 804 832 926 962 
245 509 795 815 100 315 137 116 122 422 412 445 517 556 653 671 736 737 786 830 837 876 909 980 
602 760 895 990 87 270 329 12 287 235 67 39 40 205 540 615 688 744 748 799 830 899 962 
439 779 30 404 458 471 484 515 530 701 711 721 927 
455 760 115 191 301 16 633 642 696 757 819 825 897 953 954 
42 549 699 804 327 17 102 142 57 80 296 437 477 498 567 718 724 818 900 944 958 
548 695 715 98 271 429 229 255 345 275 495 547 554 589 656 801 840 856 999 
455 664 848 180 23 435 146 30 136 507 708 
401 757 356 157 327 248 455 480 791 828 882 977 
433 394 807 824 64 331 142 410 316 267 161 272 234 514 589 600 602 748 750 762 774 871 956 
233 671 731 912 327 315 40 459 494 528 588 596 598 607 609 709 714 744 766 799 848 913 966 978 
37 689 692 701 772 783 390 291 413 45 238 318 106 363 115 96 342 39 254 210 122 474 479 481 535 539 569 648 661 779 807 857 894 961 977 
512 645 805 225 362 322 301 68 531 578 720 731 735 856 885 898 908 911 912 928 
240 343 677 167 198 43 462 481 487 606 727 793 826 910 932 936 
394 52 455 504 518 587 643 714 848 926 
366 291 118 487 727 326 115 275 140 431 235 117 148 187 446 480 502 511 554 607 663 685 703 723 793 866 869 981 
313 723 909 445 341 368 105 548 609 643 648 788 797 814 834 981 
422 203 258 78 62 64 23 127 518 528 720 764 778 
457 54 28 156 148 276 505 673 755 900 
396 110 170 22 116 282 232 357 197 451 692 762 781 871 900 
81 483 187 263 9 556 709 747 834 934 972 
16 835 111 153 180 167 398 449 347 740 818 
122 481 638 690 718 807 306 49 307 25 319 235 24 404 461 479 583 604 743 780 785 868 891 911 985 988 
560 52 235 395 92 67 274 482 788 985 
86 669 409 190 503 595 665 723 750 780 897 954 973 
63 437 345 304 434 529 693 848 159 238 444 438 211 57 123 281 15 103 242 283 286 253 205 12 469 488 493 497 640 642 689 724 805 815 851 864 
987 95 154 100 219 465 560 582 675 995 
113 43 448 907 429 78 41 31 535 548 598 655 669 702 794 950 
80 433 410 585 786 804 815 881 924 944 
143 70 232 185 528 648 788 911 928 357 65 344 386 440 322 101 374 235 36 118 123 130 250 207 163 370 376 58 464 503 540 549 563 595 646 660 735 757 772 777 843 882 892 907 913 927 933 965 983 
658 782 232 64 294 86 411 194 133 263 528 538 586 829 864 
401 290 851 3 161 452 209 507 688 703 841 994 
315 689 925 238 2 301 178 385 180 443 278 169 719 746 820 822 856 871 
962 63 121 509 737 773 803 827 866 965 
344 377 430 419 459 424 251 249 498 636 664 673 699 726 737 752 837 876 883 921 
82 165 456 67 315 650 723 779 780 848 923 
251 370 866 377 331 40 396 419 430 138 516 635 702 829 834 935 
395 668 913 932 237 80 330 93 426 276 59 181 357 60 373 328 474 510 545 606 709 761 969 981 
187 141 403 485 840 972 991 102 389 240 238 294 346 301 407 401 307 376 388 486 529 542 560 604 671 679 700 703 748 824 876 900 
16 839 876 995 331 293 229 357 124 455 14 474 568 648 721 746 756 802 921 950 960 
192 773 323 214 120 483 493 605 811 897 927 975 
8 239 121 5 571 628 636 780 830 327 42 23 322 180 129 94 75 433 320 10 240 31 116 404 254 95 410 89 484 491 494 529 546 597 617 666 708 717 739 777 848 857 934 938 948 953 
424 304 86 391 2 233 511 533 545 708 822 961 
815 372 304 74 35 551 567 615 690 797 
296 136 367 284 514 687 834 886 956 118 249 404 340 441 278 326 469 50 54 322 467 40 13 265 551 578 588 619 635 670 671 720 727 762 770 789 795 805 815 902 921 950 
390 736 323 133 142 542 568 603 714 728 773 876 
345 83 167 50 59 201 119 75 240 207 169 243 418 549 572 709 728 757 977 
531 574 789 435 284 179 109 367 53 100 238 606 613 661 734 764 777 895 957 
292 651 108 15 226 348 291 83 117 870 964 
362 133 101 13 531 583 789 958 321 452 372 318 334 341 151 315 86 304 378 339 201 42 287 441 542 544 555 601 621 640 673 718 735 841 871 874 907 913 935 948 961 980 
80 258 684 872 892 943 78 390 107 412 255 148 61 127 445 438 309 221 35 266 496 540 545 551 555 590 637 711 733 737 832 897 908 
36 452 779 413 443 441 207 505 576 653 668 711 712 750 772 805 831 856 953 
121 830 94 284 67 376 430 453 427 124 545 601 662 727 737 
339 81 86 407 450 361 521 621 742 975 282 411 33 196 279 416 470 424 352 329 421 167 299 307 422 166 327 488 493 534 596 615 630 632 644 702 736 738 747 778 799 847 865 886 940 974 982 
421 390 770 282 77 129 228 471 433 235 314 75 168 136 534 754 782 847 854 929 
468 303 154 286 9 278 368 538 581 614 707 772 805 953 
35 418 564 285 254 274 96 99 468 552 626 673 825 868 887 894 
273 366 445 540 246 36 404 193 112 361 443 240 59 138 704 739 765 912 916 919 920 929 
64 589 707 455 115 411 325 217 483 508 638 883 
28 140 421 58 420 297 410 222 339 652 669 677 683 740 
312 505 294 401 67 532 612 701 707 726 926 953 961 999 
198 82 763 951 471 177 408 115 100 12 9 59 265 567 598 616 651 653 688 764 828 857 869 938 
307 603 189 174 219 673 724 759 928 978 993 
269 258 292 981 77 288 470 483 455 553 603 622 708 760 897 913 958 
406 278 725 59 139 440 128 471 317 105 263 218 603 669 674 835 
919 148 310 436 294 290 193 535 663 672 
75 253 860 115 245 103 268 318 213 366 480 521 535 549 551 597 609 797 817 819 
211 543 62 255 455 115 222 60 173 123 98 723 797 932 
237 646 940 435 124 81 464 167 205 715 784 846 902 909 925 931 950 961 
47 501 123 258 514 518 544 571 624 911 963 
540 652 657 171 422 325 193 263 258 212 533 661 705 811 921 926 933 939 957 
499 361 976 141 135 263 390 165 418 399 576 750 852 878 936 942 960 
199 108 512 355 98 445 868 890 930 935 960 
62 459 372 454 376 104 67 527 604 821 
266 615 928 116 297 204 415 444 203 530 567 651 762 764 850 903 919 959 
490 759 795 420 423 391 318 481 100 448 556 650 675 710 905 950 960 
280 603 154 47 332 174 535 822 841 947 982 
56 145 604 387 306 284 461 25 71 437 316 544 575 605 662 676 721 797 947 
426 314 302 958 8 20 307 488 276 420 589 629 680 689 770 781 782 783 840 841 907 913 965 
249 431 314 278 185 121 463 13 566 577 662 829 863 916 930 
398 381 408 421 467 281 688 745 762 934 
160 214 11 207 228 667 676 695 798 225 399 167 304 32 10 345 215 302 445 402 183 274 249 100 472 105 261 237 562 583 650 658 694 711 789 818 832 841 867 877 905 911 932 941 950 953 954 998 
442 502 554 607 675 711 805 192 95 244 213 205 84 304 253 382 540 572 617 665 667 687 721 734 748 756 768 789 813 916 938 971 
395 530 100 342 410 333 520 672 695 714 735 757 980 
474 566 266 192 439 279 499 606 652 665 678 751 806 873 
229 758 819 433 253 416 49 104 530 561 644 788 806 809 839 920 
21 293 408 466 563 567 671 900 938 967 
196 375 604 234 36 147 252 403 431 528 652 659 733 844 876 932 981 
668 818 100 142 499 447 218 444 627 714 742 866 894 921 989 
414 19 199 195 211 289 405 630 739 797 
111 934 2 153 45 287 399 513 25 538 792 990 
483 522 39 2 34 496 577 662 681 750 860 
249 521 380 308 55 319 192 372 603 779 818 852 854 909 931 
274 408 703 751 251 281 199 374 165 360 62 226 555 569 614 616 628 713 750 786 821 
130 422 353 71 115 287 304 587 635 872 928 
652 727 176 168 85 341 165 606 620 798 905 907 936 
145 5 374 168 612 26 354 407 176 319 211 332 284 158 548 551 589 647 673 675 745 782 881 941 961 967 
322 372 926 936 503 80 284 7 93 426 338 103 323 153 304 604 643 688 772 883 906 912 946 993 
459 78 354 189 573 788 517 290 408 145 447 440 460 191 230 307 414 86 567 590 625 628 652 696 759 764 835 846 853 920 935 949 958 974 
455 90 28 83 304 760 895 898 262 398 143 142 343 241 316 468 179 403 471 13 198 17 359 545 589 609 692 750 763 784 805 916 928 934 969 972 997 
513 395 569 662 818 844 846 888 916 307 234 46 251 433 69 231 504 246 280 515 145 126 2 306 411 322 549 599 651 669 675 686 698 709 726 727 735 768 805 838 854 894 907 920 923 949 951 954 961 
302 479 477 104 789 344 43 121 108 266 207 329 192 366 442 534 615 669 750 805 809 839 840 888 936 954 965 
723 66 303 347 19 73 490 741 779 850 
205 223 719 324 500 33 472 285 429 583 686 709 716 788 873 884 964 
255 222 737 751 337 367 76 380 483 531 171 351 484 307 546 649 710 742 831 868 885 913 970 980 
132 651 684 774 859 872 981 506 441 95 239 356 44 59 404 233 290 390 148 281 371 210 368 370 495 457 301 256 352 284 230 496 158 717 812 849 888 898 
75 605 244 100 131 311 430 218 680 739 846 863 881 
737 791 135 316 52 379 117 366 20 187 628 856 1000 
295 281 552 345 520 82 460 485 665 674 727 
387 729 315 415 441 378 28 797 818 849 871 
487 430 500 420 264 579 611 652 706 120 186 67 429 29 123 97 327 480 512 432 89 339 58 39 180 382 427 459 21 550 589 682 702 712 740 741 762 779 807 833 857 874 879 895 921 924 961 979 
770 358 408 149 255 157 319 769 801 998 
153 271 584 709 367 479 180 475 468 185 76 12 566 571 589 609 641 684 797 842 876 895 968 
211 497 639 972 386 306 269 245 309 263 59 58 136 323 619 649 671 687 692 698 753 770 795 881 924 
250 187 342 639 931 971 32 479 259 304 189 507 120 131 123 171 499 42 75 422 556 797 806 859 894 897 946 
131 624 625 736 926 480 7 376 472 76 352 222 467 429 529 482 157 365 609 620 656 679 683 805 812 818 830 853 956 988 
415 813 197 177 534 189 91 281 42 471 582 798 841 844 
732 757 27 45 176 26 436 351 877 959 964 
436 323 837 244 446 189 357 526 457 81 376 671 704 780 793 928 
217 42 435 754 804 938 102 130 319 234 459 83 12 132 86 67 476 294 416 368 167 395 356 496 530 595 641 682 709 711 807 861 886 912 917 
82 165 930 540 162 187 323 422 556 660 672 676 712 808 816 900 908 937 947 
420 329 878 526 496 473 474 404 154 7 480 84 383 307 9 308 144 659 792 
281 88 409 9 538 555 593 809 923 995 158 185 102 192 129 205 22 116 369 48 168 96 189 41 428 486 274 318 109 84 577 591 592 636 665 676 725 750 781 799 818 932 939 944 975 980 996 
59 321 222 422 64 28 429 493 610 724 786 842 
512 199 294 582 607 675 704 711 339 167 71 277 248 445 436 48 400 303 117 405 98 266 345 240 362 219 559 585 601 613 625 635 701 709 737 739 762 787 813 876 884 972 998 
552 479 523 85 136 480 315 741 800 838 
379 108 369 675 921 968 550 158 505 431 146 23 34 450 544 70 596 632 680 743 769 800 832 875 894 910 934 938 949 969 971 987 996 
323 837 997 39 151 2 127 190 314 601 606 642 645 708 779 829 840 880 993 998 
371 700 296 225 328 10 19 112 39 693 725 743 758 844 854 
279 76 84 833 299 307 251 270 192 394 362 327 554 661 698 735 910 
453 603 995 411 468 211 291 456 143 592 706 841 
339 815 34 515 357 310 604 607 635 794 895 
425 849 877 309 250 511 671 732 743 781 791 
117 82 198 729 942 967 186 459 255 363 122 429 421 430 69 43 354 516 408 5 322 134 571 607 612 626 688 719 740 776 795 815 837 844 977 
486 616 316 131 222 632 651 735 859 935 947 965 
230 4 32 86 152 234 97 598 618 772 815 
367 514 107 542 266 509 610 652 693 727 876 913 928 
262 58 119 934 211 97 294 504 82 376 286 528 435 9 516 153 473 491 577 709 752 793 846 948 
940 973 313 3 475 469 271 150 211 269 902 
412 270 530 107 662 668 884 888 913 422 368 360 344 441 523 370 292 12 97 240 284 43 351 425 126 168 36 665 695 696 714 745 767 770 797 813 867 901 909 912 977 
356 894 416 120 362 237 119 686 689 698 709 932 997 
155 471 128 268 422 260 604 41 281 354 542 418 407 415 273 73 417 563 109 192 499 28 345 316 361 646 668 719 726 758 845 864 890 893 928 980 986 997 
72 686 344 319 512 476 248 313 668 690 958 
528 397 609 302 29 295 207 343 424 584 606 632 807 819 934 973 
95 477 618 313 305 243 56 685 870 900 963 980 
304 353 979 429 117 43 252 22 98 375 293 382 321 507 155 605 607 618 645 707 
202 340 288 777 934 249 86 481 108 273 501 57 42 304 84 36 321 589 648 856 901 984 
413 582 711 805 567 521 509 311 16 92 86 552 581 587 679 732 785 822 853 966 981 
218 654 751 904 79 238 365 114 237 442 309 474 140 67 108 171 416 69 721 851 854 860 878 946 993 
540 908 133 203 64 225 263 53 343 615 895 927 972 994 
211 585 415 18 314 386 265 705 723 748 766 807 937 981 
74 327 193 722 876 485 577 7 382 330 244 275 284 220 583 615 629 637 742 772 807 820 822 874 899 933 
577 554 373 271 117 546 456 378 127 320 716 756 963 
302 479 297 98 285 95 137 610 838 140 452 60 130 331 383 217 76 219 391 112 511 533 183 153 57 167 132 581 603 606 663 681 685 689 696 709 744 753 759 770 898 900 901 932 947 954 
542 43 238 970 50 573 192 93 132 316 178 302 82 61 306 159 592 688 716 876 893 909 919 
403 580 972 991 143 458 304 189 154 554 99 417 206 307 425 87 692 761 858 867 924 977 
293 710 716 727 94 301 358 18 460 427 642 695 867 914 929 950 954 
103 47 86 815 919 924 318 364 324 415 373 444 326 88 524 18 242 275 577 401 197 396 299 665 671 675 692 739 750 758 794 916 926 983 
818 932 398 120 93 440 474 590 709 787 804 944 970 991 
39 185 488 66 977 439 540 436 529 200 130 110 116 576 386 542 205 135 526 508 590 608 695 710 812 857 859 965 
802 857 993 64 588 528 480 589 178 55 121 89 332 294 607 613 905 
382 714 752 104 552 366 401 117 22 337 757 792 831 856 892 928 938 965 
85 965 395 99 366 560 552 584 747 752 772 811 820 912 
115 552 603 138 91 390 422 86 680 709 732 737 787 909 924 977 978 
64 615 161 140 155 55 296 2 813 888 961 971 
27 294 459 211 167 269 157 454 549 755 
69 389 619 440 556 21 332 390 483 1 668 669 763 835 869 885 906 995 
270 395 496 348 471 429 612 621 806 807 895 948 954 957 983 
35 262 263 157 616 692 701 896 927 440 363 565 87 457 106 491 361 63 28 385 149 137 422 321 245 91 414 118 65 310 623 653 674 703 704 760 770 788 807 820 889 909 918 923 950 961 966 978 
256 171 382 530 264 652 653 698 778 966 982 
286 761 822 439 296 254 225 90 360 73 381 616 623 689 832 912 
51 707 193 482 246 63 557 43 479 554 728 806 955 
432 83 322 215 439 302 612 653 688 739 885 
492 506 171 9 560 593 634 786 995 349 39 137 240 522 414 493 99 494 211 475 263 343 205 109 405 583 383 611 617 635 648 655 691 711 713 715 737 760 785 798 807 886 900 915 958 963 
507 571 5 203 517 865 561 9 452 335 59 154 503 113 171 527 468 40 615 685 692 709 723 747 783 794 876 905 923 924 971 
536 35 963 507 302 575 414 122 470 14 607 736 806 861 879 910 
325 105 427 806 873 883 153 514 405 315 114 401 205 443 194 36 583 60 428 34 430 557 157 477 467 525 137 573 645 722 723 770 866 897 937 
294 252 512 554 645 805 921 374 272 415 590 104 429 128 424 68 605 563 299 367 561 575 251 440 113 112 383 445 663 683 689 709 716 835 863 897 955 989 
171 295 141 92 422 589 44 399 271 416 620 622 624 856 984 
573 112 66 788 881 977 545 542 234 208 53 496 133 446 47 380 15 440 529 401 420 616 621 662 726 753 799 805 821 871 874 943 
98 583 297 838 368 42 296 61 325 250 33 232 189 289 25 144 566 553 662 756 806 923 953 977 995 
192 540 59 68 285 603 78 735 736 751 754 
526 422 194 826 865 83 490 327 346 366 117 597 602 14 563 271 172 244 95 234 87 616 736 747 761 762 951 
690 26 554 139 64 68 590 477 617 972 
354 707 485 280 68 99 523 793 917 945 968 
34 504 594 429 397 67 473 238 531 581 55 270 579 109 604 291 432 190 483 28 83 626 727 798 815 922 
35 564 598 263 181 660 386 117 216 12 491 68 609 57 612 600 105 212 198 210 60 74 222 42 28 523 625 654 736 767 833 838 894 
319 603 512 613 471 367 43 296 805 829 
285 574 95 575 198 213 565 120 675 726 738 977 
596 419 950 977 263 6 55 543 474 414 222 111 360 193 334 675 719 765 771 793 829 
107 129 114 525 545 608 398 687 750 779 
347 254 483 640 597 87 234 609 479 656 675 841 865 903 920 926 
263 608 251 429 394 318 138 493 674 762 
25 648 900 928 403 249 324 371 598 600 14 269 131 47 313 626 696 701 727 784 794 817 837 838 
229 545 608 187 285 355 499 718 732 809 814 902 986 
545 131 216 528 429 33 616 554 420 258 635 686 780 
100 29 182 737 751 563 424 486 615 239 307 623 95 750 838 852 862 972 976 982 994 
238 709 957 518 62 227 28 668 768 802 871 892 911 928 967 982 
471 279 865 280 63 238 523 528 537 153 753 788 
67 508 413 581 271 138 286 49 341 726 
123 779 162 414 393 519 409 483 639 797 958 
41 171 2 126 105 46 665 687 811 972 
174 335 770 983 352 270 573 80 36 230 483 564 38 112 556 397 648 651 676 711 848 931 940 972 
250 972 280 113 18 415 228 434 665 760 802 822 874 940 968 
603 112 289 328 278 52 677 685 692 1000 
139 31 395 829 846 932 153 554 466 474 374 401 59 625 603 39 561 524 229 252 680 689 703 740 817 841 895 907 911 941 959 975 
471 21 464 16 301 552 9 82 136 43 695 850 927 
126 219 480 295 113 58 581 304 223 248 735 970 982 
452 874 75 251 229 202 488 349 103 801 818 858 936 
403 543 544 297 42 630 713 804 836 868 976 
621 245 365 744 253 364 82 150 32 455 367 78 273 7 479 356 348 207 194 653 716 720 783 835 928 
296 2 336 416 87 231 32 36 116 93 426 549 542 353 395 430 315 645 675 698 714 811 897 963 971 
64 266 328 586 228 434 403 84 322 557 251 455 380 684 820 
143 688 277 75 527 446 100 362 199 444 681 742 789 
293 402 515 483 205 235 169 393 305 68 676 916 936 
442 607 805 575 606 641 61 272 305 339 557 100 398 681 798 894 
416 498 945 80 98 459 97 571 739 768 926 
32 307 905 318 426 247 526 422 430 81 403 246 711 789 863 872 
623 78 459 928 603 446 140 252 141 469 228 95 154 632 441 291 37 46 576 689 838 973 995 
52 741 229 86 534 170 543 687 717 758 837 916 953 990 
294 58 505 424 511 110 465 656 857 950 
535 276 478 665 872 892 368 277 530 25 196 136 37 313 52 632 504 92 158 2 421 491 251 204 564 726 745 796 818 876 962 968 980 982 
525 430 329 318 500 177 540 309 348 322 284 288 599 200 100 517 528 514 215 379 370 179 3 566 380 489 122 359 112 222 279 247 662 668 729 788 797 818 820 830 917 928 
93 311 125 419 408 598 481 2 414 491 117 202 602 94 431 599 640 716 731 746 779 837 
578 616 285 119 735 742 743 806 836 932 
237 954 189 603 191 123 45 387 457 226 153 234 963 
363 366 318 273 102 878 545 171 24 191 231 296 436 650 424 194 621 665 679 680 739 813 829 901 954 999 
500 388 259 84 86 109 714 763 866 869 
460 731 750 511 327 237 730 815 909 978 979 
313 205 936 348 311 50 551 401 517 156 321 690 701 795 796 857 904 
352 26 616 77 550 229 391 20 297 355 236 255 459 671 815 845 897 977 
10 736 441 426 183 500 477 420 212 277 559 874 911 958 
270 569 154 530 844 35 509 299 521 331 232 652 507 482 117 364 609 65 610 246 269 716 787 795 833 963 989 
232 788 856 911 928 192 178 583 229 162 348 400 226 102 495 445 260 35 607 681 682 732 846 888 890 961 971 972 998 
437 895 82 366 271 464 238 189 394 338 10 919 924 
651 328 258 134 875 587 15 512 454 67 569 169 656 195 538 344 552 514 208 25 633 631 172 229 211 691 729 789 843 940 957 
801 471 59 347 189 393 727 837 932 977 
142 511 749 772 422 512 49 415 34 158 430 198 307 750 861 868 
569 467 154 518 708 818 916 138 163 627 198 94 296 273 38 571 481 572 73 652 596 306 83 304 707 710 724 734 751 809 832 878 891 907 927 945 947 963 
138 454 347 457 530 167 489 191 531 395 596 11 494 670 721 727 841 895 
420 318 270 353 239 46 165 669 399 474 9 841 916 985 
359 197 440 226 750 776 806 883 113 543 392 232 587 120 548 562 213 81 70 516 660 431 201 85 14 468 121 221 474 695 710 711 712 732 733 774 779 859 894 929 930 935 970 985 
223 868 149 550 513 39 394 69 495 726 729 774 905 977 
742 935 976 486 492 371 526 394 464 479 25 448 711 792 871 996 
61 68 376 778 367 116 538 622 598 416 494 678 788 800 946 968 
556 108 512 252 554 711 805 100 49 621 367 297 618 429 115 587 505 526 619 330 168 257 111 270 530 641 93 371 218 57 456 688 728 732 737 807 849 911 913 941 
511 368 963 552 507 154 187 644 632 369 550 44 696 697 722 723 829 
443 795 206 489 185 634 140 688 727 843 913 957 
40 514 674 395 171 304 781 815 916 918 
67 93 900 120 468 372 216 148 27 327 656 318 545 577 708 800 830 894 926 956 
255 100 408 753 556 205 656 536 83 420 64 88 74 593 367 508 635 110 227 429 824 839 975 
377 697 716 643 241 521 319 663 48 172 583 180 645 711 738 862 865 903 914 
218 933 365 240 263 663 30 549 540 340 734 805 
916 146 489 607 192 545 9 792 824 903 
535 124 480 84 642 542 108 40 816 845 849 928 
303 141 944 574 236 445 333 583 252 634 604 244 189 710 721 875 995 
71 179 572 757 886 251 430 344 140 38 187 533 242 530 115 95 235 83 18 570 126 51 276 87 133 625 31 731 764 905 
474 732 649 135 631 620 385 543 27 512 707 837 839 850 
227 225 643 51 707 953 602 167 432 356 415 584 491 390 461 675 677 366 510 4 527 563 698 726 750 789 839 874 912 929 938 990 
441 253 340 462 726 600 66 169 80 12 508 229 120 583 607 648 455 420 635 570 307 789 863 876 940 958 
150 452 120 613 36 226 99 271 186 72 74 168 659 163 473 377 119 572 79 699 733 752 757 828 831 838 893 911 
387 665 187 208 603 291 784 797 849 926 
598 330 262 441 934 963 331 604 529 543 417 587 242 325 155 449 224 267 298 585 634 92 716 731 750 791 869 870 903 930 950 966 970 
455 424 108 566 105 191 558 5 415 785 813 821 882 996 999 
411 152 140 35 365 19 155 511 222 867 
511 436 207 172 860 307 513 236 31 145 240 569 187 213 409 233 390 402 671 586 589 419 183 109 636 702 736 894 958 999 
8 317 833 880 321 87 434 47 569 583 676 623 528 55 715 756 757 884 893 908 916 932 941 960 
118 309 681 132 117 350 394 310 12 676 21 54 698 752 826 897 
274 255 100 790 799 530 395 292 259 697 543 427 688 118 559 570 258 90 599 641 280 42 223 302 245 736 894 
435 822 280 175 464 307 690 799 825 935 963 
558 722 43 187 117 127 468 96 362 343 107 150 729 841 991 
598 441 433 405 623 659 386 281 131 279 43 490 554 808 958 
945 540 483 407 457 466 430 695 713 825 
523 100 461 635 249 598 445 468 732 761 772 948 994 
554 243 805 418 383 548 598 394 487 12 84 738 757 779 825 881 889 983 989 
730 740 429 112 580 368 52 500 794 812 979 
540 10 40 560 157 123 772 815 890 986 
601 488 25 614 688 977 490 422 687 165 261 420 485 145 668 362 35 217 410 310 575 274 755 774 813 833 843 891 916 951 986 
668 7 916 493 471 679 472 58 237 557 141 437 293 151 157 737 800 
542 153 242 238 271 627 907 187 172 359 554 440 549 583 593 607 567 227 530 588 467 203 533 422 450 604 307 325 1 346 217 423 476 570 785 844 859 867 874 935 
318 586 960 9 505 671 589 685 209 231 127 21 534 668 756 856 951 995 
675 577 369 252 512 554 921 968 549 647 179 5 632 156 511 433 228 603 55 131 681 28 110 480 481 673 671 311 423 149 231 718 719 761 762 765 773 781 811 876 906 957 999 
63 540 550 393 481 671 757 774 824 867 
64 429 702 1 603 523 639 209 218 776 815 
246 591 365 407 850 205 363 145 444 641 518 201 440 45 513 270 137 657 475 319 136 155 569 767 831 901 
436 50 749 603 139 696 297 498 309 186 857 871 
318 586 681 582 324 245 25 653 222 640 662 422 607 584 533 692 16 367 743 900 
884 307 535 328 471 410 391 649 881 961 
94 452 122 890 255 90 49 479 40 711 435 298 624 43 364 209 727 810 859 869 940 
390 533 736 901 175 462 571 563 98 146 15 251 711 149 619 419 744 771 785 831 954 958 
238 251 67 640 198 447 175 474 429 442 340 
278 286 754 761 507 685 302 187 368 263 433 469 669 512 327 238 138 308 103 578 757 782 805 
700 581 7 385 340 255 304 377 606 676 797 
322 532 131 446 758 901 115 454 676 158 445 94 465 497 346 580 606 339 25 604 265 29 757 916 939 980 
421 174 372 455 492 260 298 284 435 359 553 195 69 668 787 791 830 843 900 982 
494 121 552 164 93 29 558 390 428 115 
689 315 157 352 235 837 929 571 9 384 688 672 618 270 366 609 141 530 153 84 651 17 629 430 25 361 394 464 490 760 795 797 805 814 881 901 948 987 
586 318 192 445 282 430 525 764 908 718 379 482 474 443 26 666 259 122 153 669 566 615 425 138 205 232 677 424 268 623 530 538 734 807 839 867 879 911 922 971 982 989 
907 675 62 11 200 404 91 476 252 601 475 740 751 818 
539 563 745 817 967 652 363 700 354 672 367 161 244 313 665 377 234 64 24 245 761 773 871 881 906 943 
705 919 72 52 23 244 658 255 227 101 165 760 825 853 983 
359 440 658 810 7 371 310 442 39 686 4 174 653 692 385 120 805 826 830 887 907 926 940 976 
547 85 687 748 836 945 271 593 180 276 140 79 86 408 345 703 675 671 624 577 394 663 193 562 225 58 747 887 914 916 958 987 
421 690 517 191 671 295 480 262 785 885 
12 307 839 260 49 363 54 727 512 668 682 477 4 798 827 846 
423 22 120 94 807 874 316 530 43 322 654 564 381 559 459 479 442 405 77 637 395 513 611 809 852 894 925 
335 205 316 545 719 475 661 766 926 232 698 428 65 167 120 48 483 695 605 616 272 431 611 59 198 366 612 318 8 327 293 795 814 815 841 851 866 887 890 892 900 973 
180 626 537 231 100 534 408 431 252 603 53 15 228 675 427 482 396 410 421 593 554 58 463 480 52 87 464 708 28 366 797 807 834 876 877 890 891 934 957 1000 
14 286 739 992 681 704 483 280 225 618 367 103 271 129 189 740 750 815 830 889 896 
738 286 18 169 989 656 145 55 519 384 307 602 21 245 422 487 471 554 536 646 587 776 814 821 909 913 
365 705 410 784 275 738 540 635 359 451 728 333 430 14 489 64 563 749 760 803 856 872 896 916 959 
649 912 140 410 532 540 555 243 765 838 923 
673 483 410 182 304 643 654 518 534 112 69 581 
189 788 881 911 654 558 191 38 111 159 452 556 55 128 314 562 716 47 282 888 940 946 956 
245 640 325 719 583 440 432 823 872 952 977 
165 729 252 261 510 526 569 651 66 844 997 
29 255 653 296 469 321 252 462 153 774 883 
52 135 750 912 483 732 189 121 592 6 72 450 111 604 363 298 85 237 612 250 760 791 813 859 938 
158 732 401 67 76 359 512 54 580 468 439 432 108 854 873 916 944 952 977 990 
667 715 116 246 216 43 105 740 206 6 935 
658 747 52 671 87 224 775 912 280 163 552 342 529 587 340 67 688 95 117 247 501 521 692 454 481 620 626 317 738 439 207 531 28 366 71 523 410 667 760 856 916 926 
578 222 523 534 626 794 966 86 320 164 8 728 611 410 184 245 131 135 95 378 270 93 82 97 514 668 771 779 841 891 903 939 
48 591 86 44 690 152 567 592 253 464 229 697 108 319 841 915 966 
680 231 299 84 543 25 251 312 609 583 361 628 813 860 
42 721 549 296 202 611 419 484 805 833 910 991 
239 826 53 354 318 165 707 254 595 448 806 841 886 928 982 
67 429 397 308 87 165 710 582 696 257 469 304 221 246 512 424 610 80 759 818 838 924 
85 547 60 438 59 686 428 797 343 704 476 712 23 245 513 434 426 190 696 8 721 244 288 723 250 316 690 459 127 412 197 591 805 810 825 850 908 923 957 995 998 
723 515 420 571 649 243 65 558 587 882 935 
505 86 756 262 152 176 492 528 583 844 953 961 
434 167 432 83 90 529 768 74 747 26 598 493 416 145 633 275 277 211 98 740 369 750 603 321 730 299 196 726 807 839 917 961 
600 278 721 89 729 208 117 350 262 711 612 467 323 27 121 421 585 703 31 787 847 966 977 995 
357 187 195 840 939 941 124 64 243 474 554 16 318 540 439 504 711 248 358 449 510 384 612 272 622 794 871 889 895 928 951 965 984 
491 82 130 596 160 277 529 244 267 657 783 794 
727 491 131 477 447 504 528 234 216 686 
388 897 7 711 76 319 487 619 266 132 741 901 959 
736 223 868 580 192 204 19 167 440 854 990 
39 569 616 121 395 414 714 824 938 972 
167 304 760 323 23 198 251 530 627 646 281 199 244 512 315 354 963 
157 263 556 283 49 541 174 267 167 44 875 877 957 
205 322 484 632 541 98 145 231 598 583 543 508 273 474 569 606 366 61 323 63 798 878 897 955 962 980 991 
940 993 182 211 751 619 430 251 719 227 128 997 
667 262 441 191 959 565 421 60 581 527 122 706 44 459 485 229 703 592 361 374 481 822 851 872 911 940 977 990 
470 177 291 729 15 475 33 711 274 389 463 392 294 339 788 805 
80 269 535 712 166 158 746 672 6 98 439 671 259 293 120 707 909 911 929 
750 222 62 362 16 189 418 838 879 922 
671 248 873 739 80 563 117 713 64 788 834 900 
576 430 25 255 291 93 424 459 477 471 
674 61 483 321 447 302 599 112 281 251 815 858 897 
481 394 433 630 94 150 147 807 297 106 441 671 751 522 532 620 196 273 465 540 118 416 85 704 20 260 557 160 653 279 805 827 864 886 888 943 955 
84 8 471 155 830 465 251 149 625 177 122 454 131 2 452 405 310 548 788 813 818 841 847 862 866 872 905 911 959 967 
161 711 449 508 552 678 562 42 72 968 
460 871 49 508 484 526 721 43 788 801 818 910 
441 58 157 997 763 604 84 508 275 121 640 329 272 391 59 378 265 789 797 806 965 
378 740 815 529 78 623 306 498 14 223 691 70 805 830 895 998 
76 21 833 300 429 277 603 357 733 709 160 452 577 11 693 719 276 52 792 
281 603 428 78 421 553 112 431 210 458 102 333 405 523 48 
33 23 827 915 360 248 46 215 554 295 333 593 104 61 21 662 588 420 724 761 840 901 
609 275 743 459 92 663 528 910 254 782 163 405 776 43 255 533 86 408 652 453 598 296 228 220 96 27 273 674 773 780 421 446 515 101 628 412 810 842 844 852 876 905 954 976 
479 302 477 426 531 838 893 998 403 512 25 215 142 60 647 511 688 270 184 209 136 33 783 643 665 424 474 385 17 96 272 197 292 689 268 837 841 877 886 911 916 923 926 967 
100 698 794 392 107 4 340 80 397 115 51 846 
222 537 180 724 254 189 249 562 692 438 747 
258 276 859 785 683 520 673 67 551 591 271 812 
251 43 946 957 396 165 68 614 445 619 409 180 262 422 192 567 293 548 443 234 850 900 902 965 
790 222 751 274 333 18 705 587 55 561 208 403 604 316 623 457 762 763 797 900 980 982 
677 505 431 204 543 284 474 726 659 736 336 143 662 415 563 916 
327 280 413 172 80 321 659 651 160 858 907 
321 158 757 310 367 109 834 917 630 297 156 231 539 542 737 86 519 722 422 302 544 652 173 24 794 5 151 353 496 390 473 507 726 164 691 569 216 446 497 783 220 806 922 958 967 
348 511 882 969 603 525 278 546 190 770 734 366 43 225 615 66 645 806 905 916 933 961 976 995 
698 904 699 108 321 432 440 483 609 552 815 839 853 860 
46 902 674 120 679 420 556 171 555 708 886 909 971 
666 369 243 257 315 71 638 171 541 436 782 
96 411 590 307 345 633 469 250 424 627 273 258 163 105 289 806 884 937 938 
42 804 355 740 86 381 463 120 361 912 941 
803 435 549 639 588 458 106 430 100 322 411 828 
704 79 512 577 675 645 369 252 607 442 361 545 754 394 773 529 721 731 281 266 757 359 80 291 726 784 60 779 530 617 455 481 410 118 682 609 327 156 474 315 232 485 429 531 833 879 955 
226 671 197 135 148 164 606 87 871 407 165 271 147 597 137 42 218 515 363 544 797 601 654 114 514 326 802 62 755 383 798 125 297 605 267 275 361 422 783 610 374 41 826 870 907 967 971 981 
452 36 779 22 439 123 735 122 63 295 441 115 549 581 345 222 302 317 598 603 38 597 737 580 186 225 540 675 727 573 86 760 95 9 855 887 896 897 916 917 923 929 942 
129 361 254 550 92 76 701 840 913 939 959 
307 552 61 668 53 624 735 267 45 531 66 363 515 962 965 
248 731 40 757 238 718 119 230 269 788 848 971 995 
215 818 631 334 470 500 641 106 592 711 981 
244 841 907 277 705 255 21 309 535 792 361 121 26 293 141 545 589 850 872 993 
272 415 367 546 954 753 554 747 274 43 423 656 211 259 693 42 512 113 707 380 569 594 780 898 912 924 
876 905 146 726 86 41 624 446 739 45 736 859 940 977 979 
86 561 587 784 473 91 103 431 799 738 563 565 233 474 243 678 335 658 615 131 455 323 77 713 21 193 660 778 736 706 187 318 203 458 377 820 828 886 905 930 940 991 
294 106 264 55 550 366 684 94 911 964 
729 117 344 623 635 242 12 225 315 418 496 
518 811 53 668 530 412 588 829 996 522 262 382 366 652 638 728 539 511 211 246 157 424 780 552 67 249 315 404 756 320 435 782 42 451 397 65 22 651 545 384 82 372 340 117 849 923 976 992 
337 515 203 121 434 201 67 496 573 123 951 
131 391 926 983 462 652 642 284 166 598 592 83 370 192 142 40 815 581 88 14 836 873 984 
154 888 32 739 173 609 523 693 64 503 293 841 850 
600 699 210 371 577 114 462 63 295 772 633 146 35 366 506 326 472 581 
68 990 245 295 296 240 42 177 744 390 938 970 
439 120 22 468 263 24 712 226 680 683 105 767 
174 983 263 757 704 387 67 699 486 434 702 730 935 
755 612 165 205 697 806 443 731 322 424 301 30 
787 178 350 256 307 779 734 321 463 841 845 
229 870 690 815 804 438 262 151 491 945 972 977 
818 635 913 216 617 460 369 619 676 95 557 656 29 466 25 509 54 839 883 974 
482 57 471 76 780 903 144 185 316 420 95 78 731 738 356 784 122 286 545 365 367 46 387 431 254 82 652 679 724 432 33 851 983 998 
59 954 534 690 714 149 481 280 719 86 323 591 969 
103 924 556 511 36 226 600 480 430 262 668 117 107 130 
696 57 559 785 338 118 805 404 662 616 754 707 113 286 254 116 101 540 189 839 957 
72 474 797 857 342 450 466 107 737 776 78 446 126 838 846 977 
451 55 937 261 607 82 187 354 640 528 342 120 47 596 494 840 
732 940 420 110 654 327 280 259 408 820 639 395 
557 726 548 348 35 313 372 666 653 687 563 9 464 95 128 649 158 405 369 431 89 623 789 840 854 869 965 974 975 
610 297 314 583 789 302 530 187 775 91 123 359 623 149 55 163 741 756 315 166 616 94 626 47 648 690 834 375 2 555 844 846 913 961 
469 327 371 281 149 734 171 861 922 4 143 303 185 833 170 86 799 36 390 531 314 264 515 76 178 829 401 180 760 688 680 727 27 687 284 429 892 895 896 975 976 
305 762 468 357 531 355 837 306 302 436 508 122 268 295 245 318 808 787 557 835 35 401 938 961 993 
216 414 153 183 43 238 812 461 69 670 751 736 410 546 506 560 669 479 25 635 752 827 508 821 22 780 755 381 621 511 353 700 284 232 215 789 393 894 927 954 
180 222 152 553 334 126 542 788 859 861 965 
363 854 169 459 120 254 677 707 101 724 83 665 907 937 963 
662 530 7 916 135 228 745 563 426 788 709 167 64 838 546 558 14 517 759 900 934 
250 163 941 944 64 128 417 827 660 103 571 684 876 923 957 990 
635 530 395 913 916 161 536 216 834 790 322 367 567 315 93 734 498 168 394 263 838 190 663 83 528 336 348 897 949 991 
295 906 483 109 252 780 761 62 315 221 226 239 484 926 975 
455 437 61 341 353 160 315 810 444 180 415 440 471 632 465 267 264 327 224 303 855 894 908 969 976 999 
562 159 684 818 28 145 539 691 312 535 45 4 675 
714 407 339 343 504 793 636 821 757 180 80 95 687 75 16 238 420 812 532 134 894 901 971 980 991 
237 461 830 82 107 455 772 736 254 422 130 578 48 102 929 
105 24 871 522 263 137 626 102 274 788 735 501 
2 730 799 63 545 528 248 427 577 856 
843 430 102 987 484 578 95 63 766 522 261 837 401 12 319 143 558 748 530 895 970 986 
881 953 807 326 131 416 848 41 234 422 936 959 
232 40 78 112 3 64 389 663 977 347 740 191 281 537 710 127 63 436 481 223 194 576 853 216 231 33 182 284 421 115 462 167 321 591 750 196 608 401 352 339 270 442 215 890 894 895 896 907 960 983 
590 834 965 341 715 471 16 441 589 174 276 650 240 27 491 540 659 907 950 
869 134 26 81 585 268 638 796 778 984 
276 792 535 872 814 589 564 266 709 842 164 671 212 255 747 303 69 368 718 145 544 862 864 894 900 
695 496 799 578 304 320 521 753 238 283 95 16 
839 923 549 415 667 6 605 289 238 406 842 
404 289 254 935 199 626 780 89 22 859 419 345 145 302 387 306 82 681 241 120 900 905 931 934 940 
187 941 509 94 339 689 356 647 607 536 251 926 986 
201 377 960 859 779 254 306 8 460 455 184 571 276 197 304 87 55 929 
628 612 604 130 389 621 212 395 483 15 681 412 240 933 985 991 
466 955 657 518 445 189 463 606 736 780 882 932 
45 213 585 511 709 5 727 569 586 712 251 180 95 694 921 
766 672 534 639 300 274 486 115 667 502 452 922 959 
858 302 958 342 718 491 837 657 88 229 279 692 221 596 408 445 928 
316 392 828 901 401 346 806 271 692 144 399 356 138 65 120 296 416 478 574 378 900 
852 806 782 359 247 539 449 673 609 439 53 715 44 262 729 627 335 479 462 762 205 906 980 
651 859 535 480 223 252 772 307 524 68 647 302 167 812 780 744 43 740 889 894 908 
164 776 606 248 46 514 533 56 361 192 408 114 16 172 820 237 81 411 302 108 748 930 957 
638 735 304 479 688 709 633 609 158 581 661 540 928 965 
665 276 254 685 9 769 128 104 369 556 877 990 
295 814 581 469 74 12 897 584 651 689 475 845 604 431 394 103 250 468 788 711 78 566 169 302 517 464 102 233 25 52 554 737 542 157 886 928 
562 173 9 126 875 246 95 737 769 789 511 192 547 925 939 953 976 
551 656 140 347 578 39 84 404 232 668 770 501 888 989 
310 978 605 805 371 727 31 3 397 540 63 775 27 916 963 
168 696 53 193 200 215 20 134 557 44 45 61 94 919 923 
609 743 184 855 911 717 337 458 526 84 194 161 166 543 240 2 704 729 726 536 902 909 
798 191 758 866 57 438 294 45 132 366 203 321 693 459 249 
606 671 488 464 315 746 95 413 281 527 303 410 829 
569 717 53 533 272 554 696 384 80 802 112 945 
284 978 442 18 602 596 534 733 303 181 893 
686 85 474 917 789 483 800 755 779 549 815 876 233 15 603 153 901 
187 939 330 807 376 302 736 732 486 731 129 908 
530 821 569 996 203 743 312 531 78 663 274 779 535 594 96 878 286 150 952 971 983 
401 93 69 762 738 704 598 275 176 872 
122 718 737 403 856 502 571 663 706 363 140 736 918 945 
316 668 737 209 91 323 707 751 452 269 
80 651 480 107 420 839 4 591 736 25 459 66 354 627 904 963 
789 885 696 571 55 263 584 690 83 922 
55 77 327 570 193 897 848 645 695 131 872 841 616 530 856 486 441 735 362 243 859 671 544 698 850 518 679 556 121 914 959 965 
68 664 432 376 529 979 762 3 361 339 856 274 561 635 542 854 208 477 367 784 579 540 104 669 240 287 839 306 422 259 597 932 960 965 
598 368 348 82 258 51 178 52 738 839 807 121 211 740 856 938 975 980 988 
876 765 894 281 606 807 339 660 770 33 83 641 470 493 434 454 778 480 544 697 213 846 231 607 964 
529 229 401 442 583 174 236 813 535 983 
402 420 43 70 581 235 246 86 327 422 432 13 926 
184 45 679 39 25 623 189 948 953 793 776 252 736 14 435 870 262 844 724 516 384 574 603 120 794 716 231 448 583 351 322 468 365 862 550 85 449 82 58 111 52 162 859 941 971 973 975 995 
384 27 723 719 870 103 886 726 16 365 137 176 714 583 64 265 285 765 850 238 348 569 294 656 787 90 576 944 
800 963 47 624 335 474 568 793 85 498 881 
830 155 183 178 621 692 81 683 751 504 681 295 2 937 991 
799 578 222 63 105 386 892 659 290 198 911 958 
814 295 647 604 788 50 511 862 590 672 525 798 505 145 86 780 686 815 982 
193 97 847 596 276 527 239 98 729 52 86 711 871 60 188 231 157 911 977 
709 728 457 812 38 251 153 946 857 479 108 843 635 327 241 163 77 152 668 525 806 377 344 255 856 530 459 361 731 796 75 508 289 261 910 926 985 
283 579 727 363 696 848 550 160 147 872 327 407 757 39 480 44 442 887 336 927 940 947 949 954 986 
446 27 421 313 522 84 881 374 598 431 142 658 498 263 593 800 569 774 739 584 953 955 993 
354 788 392 559 754 443 356 782 605 205 907 335 556 
227 459 743 663 881 928 953 690 772 675 906 341 661 270 52 452 780 511 727 442 816 904 133 35 167 774 635 499 627 9 72 789 403 420 917 933 957 
440 741 747 750 87 442 234 415 414 688 347 803 549 59 527 487 569 600 378 318 813 160 592 243 320 994 996 
467 6 569 209 829 846 932 988 35 675 321 339 493 308 90 440 362 566 397 193 67 86 739 459 677 808 91 384 120 838 238 147 255 164 309 302 64 534 479 152 508 925 965 975 976 
105 426 586 894 53 318 732 681 247 996 
182 787 327 406 226 14 603 9 752 153 962 
668 683 230 530 215 844 15 846 708 168 748 789 732 696 99 55 166 37 798 409 329 267 740 644 312 369 879 707 678 649 189 487 509 795 243 67 250 807 211 2 587 670 326 750 118 529 167 723 512 948 
96 797 886 940 954 614 181 407 760 911 278 266 355 283 309 75 549 161 652 404 807 87 235 935 948 990 
421 337 678 82 305 890 171 296 598 239 977 981 
587 730 495 504 584 170 664 243 96 880 424 321 224 164 487 327 362 923 990 
324 958 387 621 530 376 487 515 67 528 963 1000 
711 556 607 469 122 518 500 464 107 867 540 474 
839 868 893 797 615 357 775 56 727 429 
552 265 307 861 919 604 39 789 465 807 323 818 741 880 757 845 49 598 258 26 530 610 104 308 950 
587 832 129 127 756 167 813 543 192 540 65 309 307 664 61 604 16 593 413 585 458 950 
462 238 735 877 913 186 284 498 132 42 
545 322 736 527 383 313 820 899 100 209 907 691 750 587 202 255 327 847 490 325 444 679 430 67 789 621 166 381 500 148 646 345 130 731 863 127 102 
234 235 598 963 264 636 102 187 212 459 44 579 94 668 841 307 470 8 433 908 935 
125 25 648 459 911 504 623 663 874 2 442 367 202 652 869 188 529 755 492 100 351 315 133 395 684 391 98 548 340 524 627 591 71 566 222 571 327 762 640 296 10 876 945 963 965 
726 58 266 774 487 688 864 671 484 586 198 851 807 979 
110 550 387 692 502 96 815 671 509 873 945 
544 944 193 272 632 498 55 862 199 522 107 
588 913 635 467 666 283 429 654 552 895 517 9 696 327 570 443 583 866 511 497 950 982 
682 255 319 865 251 208 5 581 162 798 140 500 459 317 911 
567 315 576 692 520 471 737 450 232 573 13 862 354 189 510 844 246 556 223 529 428 342 71 59 971 987 
862 673 246 249 975 502 466 327 75 236 250 564 671 917 699 176 709 528 927 197 479 749 758 825 303 942 977 
659 385 527 193 531 501 443 254 644 525 855 638 104 222 938 952 957 
835 550 42 98 843 802 606 580 422 903 
169 549 14 986 512 471 516 142 327 222 491 823 688 767 747 840 936 896 180 591 105 556 802 
887 762 144 808 723 500 266 877 751 356 193 280 59 552 309 244 293 
836 166 568 917 498 771 341 772 862 368 7 483 814 192 26 731 632 689 718 908 154 275 419 633 167 220 25 22 815 665 121 743 957 987 992 
863 399 845 762 526 279 803 22 696 2 900 76 635 246 511 675 207 199 945 959 962 964 994 
563 501 328 188 807 263 59 372 935 996 
480 258 134 729 280 268 78 59 609 38 779 973 
845 931 685 901 748 435 552 588 103 458 402 
646 702 732 614 828 35 941 319 339 884 890 43 668 930 222 189 129 928 352 
793 907 149 23 578 270 527 133 674 743 294 253 544 232 
971 972 550 668 583 507 564 908 222 506 984 
900 67 471 313 335 345 726 567 916 385 479 917 597 703 
216 271 908 345 556 530 263 528 846 284 963 
213 93 267 39 225 40 189 619 457 321 424 86 498 334 469 236 87 924 505 38 932 395 857 336 411 692 650 511 586 327 61 598 474 31 35 923 964 
396 491 710 256 819 206 37 85 707 762 612 530 958 
969 339 744 888 67 936 153 78 269 748 
855 688 900 911 255 349 222 511 485 408 490 909 434 649 759 610 162 877 471 159 103 481 127 971 
917 284 114 813 655 831 101 157 841 300 583 788 656 281 419 278 320 304 390 79 434 327 530 908 395 586 76 597 454 719 402 252 263 511 531 
866 216 970 229 607 770 104 304 601 187 805 185 334 909 218 779 237 115 992 
474 980 545 356 25 439 117 3 743 69 679 
43 793 370 627 984 737 134 665 597 500 769 845 324 677 75 757 833 83 227 911 107 940 936 101 873 231 477 711 997 
479 869 405 508 920 176 297 22 21 528 572 143 661 797 67 689 30 370 732 75 630 174 88 387 904 695 435 68 951 493 415 106 603 154 701 117 719 963 
319 234 772 228 352 963 251 941 367 635 344 780 42 133 894 405 868 855 808 765 397 740 504 389 20 547 983 
710 864 469 502 308 40 696 144 856 505 304 895 501 
16 193 115 30 265 490 594 83 598 472 377 840 760 798 759 838 526 663 479 498 540 322 530 717 189 302 441 394 
331 110 117 463 941 171 388 29 57 363 156 187 430 651 112 127 432 770 263 306 809 319 915 
605 315 927 959 319 902 692 157 676 843 3 408 582 668 879 220 574 209 768 66 499 86 246 655 417 699 389 662 402 116 81 949 422 928 958 641 366 342 429 603 93 34 382 920 313 892 977 994 
172 315 187 941 897 950 547 533 816 80 59 478 
592 416 71 44 321 857 974 187 531 410 459 837 895 171 894 793 874 206 762 591 313 564 338 928 842 157 424 349 809 463 369 121 28 328 783 589 913 508 981 
751 255 65 440 598 599 307 286 761 692 577 309 752 148 
117 729 563 311 780 797 401 627 789 516 242 352 399 245 806 526 173 993 
711 556 413 215 415 121 42 651 300 781 542 674 633 204 26 367 614 343 
952 798 174 99 402 467 831 848 82 171 73 40 556 529 993 
955 584 348 588 534 312 854 671 823 637 206 207 409 692 
211 144 544 947 403 991 241 900 424 512 806 888 934 810 556 604 953 594 234 663 800 641 727 23 12 42 266 850 47 61 138 
468 947 543 633 585 631 554 174 293 35 529 379 302 348 122 182 613 767 626 450 632 276 361 579 663 233 237 176 828 996 
568 106 415 648 900 38 736 30 418 413 573 303 943 204 454 995 
114 415 2 965 69 380 362 424 528 483 75 7 249 837 132 829 982 
175 240 48 483 935 127 109 352 900 173 896 847 55 839 151 552 145 680 837 306 167 470 359 635 156 388 913 
673 300 501 798 626 848 43 731 366 400 639 818 877 839 913 788 
125 267 707 609 589 856 619 419 70 761 428 748 422 438 43 476 772 828 394 814 672 585 918 834 935 58 301 569 563 618 441 124 963 303 30 593 906 238 666 82 229 744 53 660 610 978 
416 879 885 598 440 977 391 61 492 364 303 322 658 593 191 276 
895 575 107 344 929 302 658 540 103 705 814 
956 44 284 398 344 479 513 871 263 770 651 534 850 723 794 574 61 222 101 12 552 896 431 571 
535 493 258 132 171 580 811 25 9 446 211 228 396 806 321 965 204 445 577 517 918 467 
406 358 116 278 14 986 989 332 254 755 794 637 627 302 265 932 626 174 226 372 409 327 192 727 974 506 247 167 144 245 252 266 237 483 599 214 905 724 651 
820 174 825 632 898 830 888 459 704 76 856 959 114 78 318 327 64 87 587 597 730 
153 957 762 368 576 858 399 947 270 608 167 304 428 820 
261 410 81 453 158 670 111 452 671 907 865 367 
938 20 982 397 420 863 410 189 624 9 369 706 64 571 707 366 854 908 
854 456 726 940 732 5 556 42 934 166 85 12 180 28 
270 913 114 422 357 302 35 452 896 274 545 223 376 
982 739 878 268 518 662 727 334 704 607 99 
823 167 432 349 257 343 772 253 688 171 748 875 649 845 919 917 520 766 86 
163 971 585 468 700 158 241 3 72 152 903 265 402 815 85 172 850 588 846 865 378 404 770 754 276 
738 955 818 75 940 307 397 296 96 93 
166 771 310 590 22 492 812 557 578 26 967 527 15 840 909 969 35 
209 327 579 941 626 912 963 67 703 461 
552 469 560 603 93 973 685 648 201 45 710 610 456 798 252 900 596 87 359 810 761 83 757 
888 818 395 693 912 165 972 288 366 556 673 914 352 64 552 942 274 84 
557 783 745 529 321 957 570 571 302 254 238 225 771 
104 789 557 830 132 554 784 511 663 217 541 333 235 757 
351 848 490 656 436 243 693 695 390 711 
189 634 72 920 165 363 737 103 537 108 
