1000 9561 0
2 18 24 44 75 86 145 164 165 190 191 193 220 222 390 441 479 646 677 764 874 965 987 989 203 358 361 401 487 529 
1 18 44 75 86 106 164 303 390 441 479 561 677 684 764 783 849 874 894 900 924 965 989 153 346 392 620 738 746 
26 90 286 326 337 359 465 482 790 795 986 218 648 926 
45 81 149 603 716 726 822 873 268 344 688 
91 119 313 346 452 454 535 620 624 628 745 984 80 421 441 763 
210 211 325 346 454 492 624 745 741 783 
11 131 285 447 566 639 756 760 885 89 569 579 
101 134 155 179 282 300 306 361 402 451 475 530 583 622 645 664 740 797 856 880 925 935 940 950 14 208 266 414 582 819 
15 49 93 395 407 435 517 524 551 590 670 746 820 62 398 662 880 
227 288 718 805 853 907 946 967 326 810 842 
7 83 131 239 285 336 375 378 447 468 566 639 675 685 756 804 871 885 953 413 425 571 584 617 
408 429 497 500 652 654 972 999 225 492 
36 166 172 178 185 293 445 467 513 572 599 694 827 113 227 956 965 
52 139 174 187 215 252 333 392 429 432 477 512 532 610 995 8 462 600 913 
9 49 76 125 127 323 395 435 551 590 818 463 774 
66 233 357 486 503 505 595 899 966 398 856 972 
22 52 120 139 174 187 237 252 278 294 377 408 429 559 562 651 724 741 776 794 824 888 995 20 28 410 485 731 
1 2 24 35 44 86 105 106 164 191 222 390 441 479 597 646 677 684 764 783 848 849 874 900 965 989 39 132 163 214 537 648 963 
72 84 186 471 491 501 579 691 692 845 862 252 477 
210 277 346 347 373 522 581 624 860 993 17 115 955 
47 144 158 169 181 208 224 249 256 520 521 546 571 643 644 689 859 239 419 538 782 867 
17 228 255 278 365 392 408 432 473 497 562 633 651 654 713 724 734 825 883 955 995 103 293 371 629 746 976 
62 72 84 107 142 186 244 272 281 483 501 553 660 692 727 759 845 876 912 916 44 114 307 435 567 629 
1 18 35 44 86 164 190 441 479 597 684 764 783 848 849 874 894 570 616 625 835 931 
101 112 138 216 284 442 511 601 621 686 730 740 765 767 879 880 923 925 935 476 519 599 768 916 
3 34 70 90 132 151 197 265 326 337 340 359 421 449 465 466 482 487 555 575 635 758 790 795 832 889 890 954 974 986 991 55 188 451 814 826 857 884 970 
63 92 202 250 374 676 678 682 720 858 941 994 325 688 709 
134 282 361 376 434 583 601 622 847 948 17 706 768 
211 245 289 313 347 373 452 581 750 786 839 860 400 590 
54 94 230 247 341 342 417 502 529 600 707 811 691 723 941 
43 307 351 356 364 396 480 489 568 570 618 814 817 903 990 506 586 624 627 
177 257 510 549 788 819 864 865 870 928 958 575 624 925 
215 237 365 392 658 683 721 888 144 624 928 
26 90 248 326 465 482 758 832 316 678 
24 18 106 164 441 479 874 965 376 383 964 
13 42 48 159 166 172 178 185 259 293 331 372 438 445 467 513 564 572 599 637 717 735 744 773 815 827 837 938 347 376 409 545 626 671 998 
56 78 271 391 462 506 514 662 687 697 638 821 859 
45 50 149 213 262 406 437 550 603 716 726 728 762 822 842 568 654 682 753 
114 154 198 334 519 556 706 751 791 966 18 743 975 
121 234 364 480 490 800 854 903 365 763 
60 85 334 519 751 763 791 796 816 841 875 262 392 
36 48 166 178 293 327 331 372 438 445 467 513 564 572 599 637 735 744 773 827 938 162 313 429 554 610 865 
31 150 234 307 356 364 396 411 496 568 570 688 814 817 904 990 64 321 530 808 835 
18 2 24 1 75 105 106 145 165 190 193 220 390 441 479 567 597 677 684 783 848 849 874 924 965 987 23 150 464 485 636 725 827 
38 4 81 254 308 437 603 716 762 789 822 980 90 364 411 677 
138 305 361 397 622 645 664 740 844 880 292 571 628 
21 208 224 520 521 543 571 596 634 689 142 739 855 
36 42 178 372 445 513 572 599 637 717 744 773 815 162 511 787 910 
15 9 93 125 127 323 435 472 524 554 590 784 798 808 820 896 464 623 856 921 940 
38 89 254 726 728 789 915 927 129 497 
80 115 175 192 330 413 593 656 737 981 988 67 416 860 
17 14 187 215 218 339 365 429 497 500 512 539 559 586 633 651 658 683 721 792 825 888 995 468 622 708 733 805 917 
104 162 163 309 354 398 419 569 908 909 926 939 944 963 970 431 459 512 892 
30 79 94 95 156 230 247 328 341 342 417 431 502 529 669 707 772 830 457 662 777 790 926 
56 58 78 116 170 236 261 270 271 299 329 403 428 430 462 504 506 514 526 576 606 629 662 668 672 687 697 715 770 777 793 802 877 884 891 902 932 26 213 345 347 386 402 569 663 730 803 
55 37 58 78 170 261 271 299 329 383 391 415 428 430 461 462 504 506 514 576 606 629 662 668 672 687 697 715 777 793 802 884 891 932 206 211 464 589 612 643 716 722 771 
115 192 420 593 625 782 852 988 280 368 555 
56 55 236 270 271 299 329 462 504 506 514 526 576 629 662 715 777 793 810 877 891 207 568 577 755 797 965 
103 162 295 485 708 869 898 909 926 964 983 187 461 
41 130 205 233 311 315 355 560 763 781 949 800 857 
92 140 194 202 258 374 387 525 609 612 729 905 917 85 114 599 925 
23 72 186 231 281 318 476 498 553 585 649 660 692 759 769 809 845 862 876 912 916 9 103 544 653 719 846 
27 129 140 202 380 386 578 667 682 722 738 858 905 968 222 281 553 953 
82 87 114 205 311 338 456 560 595 781 892 979 43 120 
68 219 255 333 429 473 512 619 757 799 921 955 378 627 700 
16 203 459 552 556 611 681 763 982 325 657 861 
92 126 140 302 319 410 678 722 905 943 959 51 82 816 
65 99 133 174 196 215 278 365 392 477 500 559 615 742 972 267 346 347 
188 310 362 414 464 587 807 861 901 929 976 997 428 695 778 
26 113 286 359 404 555 832 954 1000 187 230 562 
148 361 475 511 664 797 897 950 267 684 811 
62 23 19 84 142 186 195 231 272 274 281 343 453 471 491 528 553 585 649 660 691 752 769 845 876 912 936 992 232 316 324 384 400 629 801 899 
114 214 552 611 714 816 952 982 654 687 
117 238 298 309 354 419 460 508 518 589 626 657 693 708 719 898 908 931 944 970 125 377 547 651 764 
44 1 2 106 164 190 191 390 441 479 561 677 764 783 874 965 208 221 346 348 578 
15 93 125 435 517 551 590 670 746 818 896 241 247 806 
109 177 257 353 641 679 710 712 788 819 864 865 881 928 958 693 706 742 935 
55 56 37 271 462 506 514 576 606 662 810 375 407 605 
54 94 95 230 328 417 502 529 732 772 811 830 176 400 731 878 
51 115 168 175 192 330 360 413 488 536 625 656 737 852 981 988 5 118 209 226 569 
4 45 89 149 213 262 275 279 308 394 406 437 538 550 603 614 711 716 726 728 789 822 873 93 703 909 929 981 
64 85 110 203 214 311 448 459 505 595 598 611 636 681 761 791 841 875 892 922 949 951 969 67 216 328 400 479 686 
11 131 370 378 447 639 704 756 760 813 823 906 360 362 564 996 
72 23 19 142 195 274 343 528 553 580 649 660 692 727 845 936 91 164 419 797 
41 82 114 203 311 519 540 588 663 751 781 796 855 61 141 626 921 
2 18 1 24 106 164 165 190 191 220 222 441 479 597 677 783 849 874 894 965 989 111 114 430 628 905 931 
64 203 214 217 334 458 527 542 557 560 595 681 714 751 761 816 867 961 966 969 979 142 168 402 523 805 889 
163 238 273 297 345 354 366 450 455 748 869 909 957 140 210 835 905 
50 81 149 152 213 254 394 603 716 726 789 842 7 243 357 
26 3 34 113 132 151 197 248 265 286 326 337 359 404 421 426 449 465 482 487 541 555 575 635 758 790 795 832 889 890 954 974 991 1000 45 148 365 443 691 764 877 947 999 
5 119 210 211 266 313 373 388 424 452 454 581 623 624 628 984 84 96 114 413 
67 27 61 126 147 194 202 269 358 374 525 574 577 578 602 682 695 738 785 858 905 917 943 585 797 847 881 914 985 
49 76 9 127 323 435 517 524 551 642 670 784 808 820 896 81 197 500 682 
54 79 30 95 156 230 247 314 328 341 342 417 431 474 502 529 548 600 669 707 732 772 811 830 840 255 346 355 496 802 821 961 
94 79 54 156 230 342 417 669 150 702 
103 111 123 136 163 171 232 295 345 354 419 455 485 518 589 626 657 665 703 736 748 780 851 898 970 973 983 91 375 549 742 796 874 951 
188 464 563 647 673 834 835 861 347 716 900 
118 210 277 313 325 347 452 454 624 661 698 745 750 753 993 227 331 546 589 
68 255 278 432 477 494 615 742 857 319 728 989 
134 153 155 376 621 622 797 880 764 776 908 
8 25 148 402 481 511 622 701 767 879 880 923 200 569 709 831 
103 268 485 589 592 693 926 931 556 889 
102 59 96 117 136 238 241 243 267 273 295 309 316 345 419 427 450 485 508 518 569 604 657 665 680 693 708 766 768 866 869 872 898 908 957 996 22 62 237 285 326 605 609 633 663 
53 171 298 309 316 518 626 627 657 693 708 766 909 939 964 642 827 896 
44 18 106 164 190 222 441 479 561 567 677 684 874 900 965 455 569 615 950 
105 86 2 75 44 18 35 164 165 190 191 193 220 222 390 441 479 561 597 677 684 764 783 848 874 886 924 126 199 225 342 517 521 553 
23 142 483 692 769 912 930 992 337 442 796 
115 420 593 656 737 852 981 988 408 967 
77 510 712 788 819 864 865 958 360 511 
82 114 160 334 456 519 552 611 636 763 816 969 626 670 688 
96 117 200 241 243 267 298 309 354 366 385 419 427 450 518 558 569 589 604 680 703 775 851 869 882 898 909 926 931 957 963 964 970 86 265 364 386 519 751 774 776 848 
25 179 361 601 659 664 739 774 950 339 378 937 
90 70 132 248 326 337 359 421 465 482 555 986 13 818 
110 85 64 73 39 130 146 160 176 203 207 209 217 311 338 371 456 486 505 519 540 556 584 588 594 605 636 666 705 714 751 761 781 791 816 892 966 969 979 982 86 91 23 61 495 512 559 766 845 957 
80 51 57 108 168 192 330 360 413 420 488 536 593 625 656 737 782 852 981 988 20 339 367 446 762 
55 170 261 271 428 462 514 526 629 662 802 877 891 468 600 604 903 
74 103 111 171 309 400 463 693 851 898 926 978 776 943 
98 210 211 266 289 313 346 347 424 581 608 613 628 661 745 750 80 288 337 645 761 
91 5 199 210 211 266 277 280 313 325 344 347 424 452 454 535 573 581 608 613 624 628 696 747 750 754 860 984 227 292 441 706 781 799 823 880 
17 477 512 562 615 741 776 792 799 825 883 893 64 178 575 737 
40 204 307 356 396 496 570 671 814 821 174 965 987 
290 339 392 446 497 615 619 779 799 910 985 999 323 465 751 944 
96 309 345 400 419 780 898 964 610 689 751 
386 387 574 578 609 682 858 905 943 304 878 995 
15 49 76 435 551 554 590 642 746 784 798 878 74 277 888 
92 67 129 147 348 738 941 959 106 462 
49 15 93 407 435 517 524 746 818 878 432 533 714 
133 228 408 446 651 654 857 995 859 963 967 
63 126 147 258 380 386 410 457 469 655 676 722 738 803 858 905 917 959 994 50 536 551 990 
60 114 214 552 588 594 791 962 193 301 565 
11 83 7 239 285 291 336 370 375 378 379 409 447 468 566 639 675 685 704 756 760 804 813 823 871 885 906 953 309 342 354 429 435 582 825 
90 26 113 326 337 426 449 465 482 487 534 635 758 832 974 991 18 565 581 815 925 
128 68 187 252 559 651 683 776 825 883 977 995 999 141 454 517 943 
100 28 8 148 282 511 659 686 836 880 895 388 771 854 
386 574 667 676 682 738 917 959 426 906 
96 103 162 180 232 268 316 345 398 518 569 592 665 748 869 926 939 944 957 964 414 441 525 576 984 
288 507 632 718 805 907 914 967 307 669 995 
46 25 282 389 640 659 664 765 923 925 366 396 969 
17 14 174 218 219 333 423 429 470 473 610 615 654 721 972 995 220 445 515 542 944 
67 63 61 194 202 269 348 382 410 457 484 495 523 578 609 676 678 682 720 725 738 787 803 917 941 943 959 88 157 180 211 271 485 493 
153 300 361 402 434 640 797 856 880 895 948 85 133 224 
107 23 72 84 186 195 231 244 274 281 332 453 471 476 501 528 553 579 580 585 660 692 727 809 845 876 930 992 87 47 151 526 581 869 955 
210 245 260 266 277 313 321 346 347 388 424 452 581 623 628 286 658 833 950 
21 181 208 224 433 444 521 546 571 634 689 838 33 522 579 632 
44 1 164 191 303 479 567 684 874 894 521 581 720 
114 214 242 311 458 505 611 899 979 273 561 824 
129 126 92 184 202 225 258 302 322 380 410 523 577 578 655 667 676 695 720 738 905 917 943 959 239 247 693 777 881 903 978 
101 71 134 153 179 216 251 317 361 376 402 434 442 451 475 511 583 601 621 622 640 645 730 731 733 739 767 797 828 844 856 880 895 897 925 948 950 90 192 452 504 515 554 570 747 793 817 
81 89 38 4 152 213 262 275 279 437 538 603 614 716 726 762 789 822 842 288 505 553 849 
43 204 234 263 276 283 287 307 364 396 425 489 490 493 570 648 688 800 814 817 821 854 903 942 947 960 975 990 95 44 299 395 487 573 959 
26 90 197 359 421 465 795 986 142 373 529 
89 149 437 538 726 728 822 274 325 398 583 
148 100 141 179 216 282 361 397 640 645 730 880 923 925 935 950 2 154 370 618 717 
39 320 355 371 458 486 556 594 605 636 706 709 816 153 386 719 774 
8 100 282 300 361 402 434 475 774 797 836 844 880 897 925 950 164 208 238 329 364 
94 54 95 230 247 328 342 417 474 529 548 707 732 811 840 604 943 972 
167 188 246 414 416 464 834 835 846 861 913 956 140 486 570 784 
21 208 224 292 433 436 515 520 521 543 546 571 630 631 634 644 689 838 919 221 246 683 924 990 
36 178 331 445 509 513 564 599 637 694 773 167 350 808 
114 110 203 242 448 663 706 751 763 796 918 982 247 337 361 773 
181 208 304 433 499 521 546 634 644 838 919 268 354 923 
53 136 59 163 180 200 295 297 298 309 345 352 398 400 418 558 569 626 665 680 693 736 780 851 866 869 908 926 931 939 944 963 964 970 42 48 286 402 552 622 750 787 838 
88 53 96 162 241 297 354 485 569 589 592 768 898 909 944 983 18 236 343 464 
18 106 1 35 86 24 75 105 2 145 190 191 193 220 222 390 441 479 567 646 677 684 764 783 849 874 886 894 900 965 987 989 84 155 399 454 483 560 562 651 653 
106 44 86 1 441 677 783 874 900 502 712 933 
36 42 13 172 178 331 445 564 572 599 694 815 228 237 654 835 
157 188 405 414 563 587 647 700 835 913 976 159 385 972 
115 80 192 360 420 625 656 737 782 852 988 87 321 727 
21 208 224 249 256 444 515 521 543 546 571 631 634 643 644 689 838 859 919 681 793 817 827 924 
116 55 56 261 271 428 462 514 629 662 687 697 802 877 891 902 436 874 904 
96 104 117 298 418 708 833 898 970 744 817 895 
36 166 13 178 293 327 372 438 445 509 572 599 694 735 773 827 837 416 567 630 859 923 
227 288 478 632 690 805 946 971 287 890 
14 68 139 17 187 215 219 229 423 432 494 497 516 531 559 562 633 651 658 683 724 742 757 799 883 920 121 192 272 384 515 574 886 
80 51 192 360 413 488 536 593 625 737 852 988 408 486 648 
114 214 242 505 519 540 598 751 796 812 966 982 79 339 490 836 
32 77 257 549 710 712 819 864 865 928 958 232 412 720 
36 42 172 13 166 159 48 185 259 293 372 438 445 467 509 513 572 599 694 717 744 827 837 938 120 213 287 506 641 765 969 
8 112 153 148 300 361 393 475 836 880 895 925 332 961 
136 162 345 354 366 400 485 545 592 626 665 693 703 851 926 939 944 996 140 351 628 706 800 
161 144 21 208 224 256 433 499 515 520 521 543 546 571 630 631 643 689 838 446 498 691 861 905 
226 227 288 440 478 533 632 690 702 718 749 805 853 907 945 967 971 270 414 634 812 970 
202 250 495 578 616 738 771 968 233 479 
147 348 495 525 682 695 943 959 271 375 666 
36 13 178 259 372 445 467 599 827 356 625 780 
19 23 72 142 62 553 579 649 845 912 992 202 563 
52 17 133 14 174 215 290 365 377 399 432 446 497 500 512 531 559 615 633 651 652 654 755 779 792 883 910 955 977 985 59 70 206 251 493 511 840 996 
97 69 167 157 246 414 416 464 537 547 638 647 673 700 743 807 834 835 846 861 887 901 913 956 976 26 228 290 748 751 898 981 
234 351 364 490 493 570 618 814 817 903 937 272 931 953 
164 106 44 105 75 24 86 1 222 390 441 479 561 646 677 684 764 783 848 874 965 987 311 434 618 673 738 906 
164 106 1 86 145 75 18 390 441 479 684 848 874 965 987 989 502 816 838 
80 168 115 57 175 51 413 737 852 988 148 174 482 
106 1 44 164 441 479 684 874 130 624 667 
140 92 61 202 225 348 374 380 386 678 682 720 722 729 787 858 941 201 234 335 755 955 
84 72 142 231 274 281 343 585 566 631 651 
68 399 470 500 512 531 559 652 920 723 802 964 
90 26 151 286 326 359 465 541 555 635 758 889 986 93 210 297 398 
39 203 214 233 311 681 796 812 982 393 679 721 
119 344 346 347 373 522 581 753 106 350 593 
111 162 238 316 627 657 775 851 882 944 983 101 897 
369 414 416 464 743 834 835 846 861 901 913 929 194 524 588 602 
140 27 63 194 61 183 92 147 225 240 250 319 322 374 380 386 469 525 602 616 667 682 695 720 722 725 771 858 905 943 959 968 186 401 443 623 724 761 962 966 
87 66 82 198 114 160 85 214 217 334 448 456 486 503 519 542 582 594 598 611 653 663 666 705 706 763 791 796 812 855 867 892 899 949 951 962 966 1 241 252 399 494 635 694 743 766 858 
121 150 234 287 490 493 568 648 817 344 497 871 
60 64 505 552 801 867 918 922 211 364 418 
300 402 481 511 640 664 836 925 187 56 
114 311 357 560 594 605 650 709 761 763 778 892 58 444 825 
47 21 169 161 181 144 158 224 249 256 292 433 436 444 499 515 521 543 571 631 634 643 644 689 806 838 859 919 8 75 155 391 437 473 692 814 
114 519 556 584 594 636 709 816 918 982 80 441 475 
98 118 119 20 91 6 143 211 260 264 266 280 289 313 325 346 347 363 367 373 381 388 424 452 454 581 623 624 628 661 698 723 745 750 753 786 850 868 984 993 88 197 218 396 519 529 593 649 851 972 
29 6 210 91 119 118 245 260 277 289 313 344 346 347 373 388 424 452 454 492 522 535 581 607 608 613 620 623 624 628 661 698 723 754 860 984 205 56 140 422 467 490 511 615 648 
453 476 483 660 691 752 809 992 537 868 943 
81 149 89 38 275 394 406 538 726 728 873 927 55 178 767 860 
73 176 82 203 198 87 130 146 311 320 355 456 459 486 505 519 542 552 582 595 636 653 681 706 714 751 763 796 816 841 951 952 962 979 982 18 244 512 548 587 760 869 987 
68 187 14 174 33 52 339 365 408 423 432 470 531 615 651 779 910 985 995 999 522 598 714 872 913 
25 153 148 223 282 300 305 306 350 376 402 475 511 530 640 664 731 739 797 829 844 880 895 897 940 950 82 277 345 461 571 819 945 
203 87 114 335 505 540 542 594 611 636 706 892 899 961 979 263 295 500 758 
139 52 228 252 349 392 651 721 776 799 857 3 210 388 
174 139 65 619 651 721 799 955 985 681 702 749 
106 86 164 1 44 479 783 874 139 300 534 
288 440 533 632 702 805 914 945 967 75 158 708 
18 164 105 86 1 190 106 390 479 677 764 874 63 683 
216 305 361 475 601 645 765 925 819 929 
208 181 169 21 47 144 158 249 292 433 436 444 515 520 546 571 596 630 634 644 689 806 141 314 369 616 703 851 
147 194 202 322 387 457 484 495 578 738 858 959 106 12 309 699 
182 227 288 533 690 702 805 853 907 946 967 80 326 653 
173 182 226 10 288 296 440 478 533 632 702 718 749 805 853 907 967 98 13 119 556 650 
128 22 218 429 432 470 512 825 985 188 166 363 
174 252 365 432 477 531 651 776 794 972 995 428 528 553 
94 30 54 156 95 79 247 314 328 342 431 474 502 548 600 707 772 811 830 840 70 274 408 514 518 900 
62 142 72 195 281 553 649 752 845 862 441 761 917 
96 136 400 485 627 680 898 926 177 72 751 
198 60 16 311 335 458 584 595 663 763 796 949 183 266 559 591 
40 204 43 150 189 235 253 263 276 283 287 301 307 351 356 364 411 422 425 489 490 496 568 570 617 618 648 688 699 800 817 831 863 904 937 947 960 990 194 311 558 607 772 810 834 939 951 964 
234 287 351 396 493 496 688 800 814 903 942 990 282 504 853 931 
55 58 270 462 504 506 576 687 793 877 163 604 690 
33 17 252 446 500 559 652 713 825 955 972 995 166 103 588 
200 74 88 103 345 366 627 866 155 590 991 
131 11 336 375 379 639 685 756 760 813 885 906 21 147 462 894 
202 319 525 602 655 667 678 933 474 592 
111 163 103 298 309 354 419 518 558 693 843 944 203 76 300 763 
146 160 176 311 751 763 816 855 377 498 805 
103 111 352 450 569 766 851 944 89 519 
23 142 272 281 343 483 498 553 579 580 649 660 759 862 992 214 369 438 
29 143 211 277 344 363 367 373 522 535 581 624 698 750 753 786 934 984 361 657 796 917 995 
157 188 368 369 414 416 464 807 834 158 407 727 
94 54 30 156 230 341 342 417 502 529 548 811 830 840 147 160 76 778 
90 113 34 326 404 465 487 758 890 954 986 407 447 
208 21 169 224 304 433 571 859 408 540 
183 27 202 269 469 667 941 943 994 511 699 750 
148 376 402 733 826 895 923 925 187 882 
17 218 133 237 229 14 294 339 349 365 408 432 500 512 539 559 562 654 658 713 742 799 888 910 955 977 985 203 19 254 592 638 966 
234 276 301 356 617 618 671 903 279 654 
45 50 89 308 437 603 716 873 252 469 547 
65 99 22 324 377 470 713 721 824 825 955 972 94 899 962 964 
208 21 181 169 515 521 546 571 323 796 797 
77 177 32 353 443 510 641 679 710 712 788 819 865 870 928 958 645 676 706 735 
61 147 129 578 667 682 917 941 552 856 897 
178 36 185 438 445 637 773 827 617 869 
211 210 143 277 313 325 424 452 791 917 
55 116 56 170 271 299 329 391 415 428 462 506 514 576 629 672 715 770 777 802 810 877 891 902 932 441 479 535 616 867 882 985 
38 149 81 279 406 603 842 873 915 980 41 521 755 
234 150 287 490 496 617 817 903 217 268 409 
210 277 346 452 535 581 623 624 628 750 934 984 287 925 
90 26 326 337 359 465 466 758 111 485 667 
91 143 118 210 119 277 346 347 661 745 8 233 689 
111 103 295 419 460 558 869 964 71 68 712 
136 102 297 309 450 463 665 693 708 719 869 973 161 4 263 376 
250 92 140 348 386 682 738 905 355 447 
55 236 58 506 514 526 662 810 182 556 
55 56 37 58 261 170 78 116 299 329 383 391 403 415 428 430 461 462 504 506 514 576 629 662 668 672 687 697 715 770 793 802 810 877 884 891 184 140 316 438 442 450 783 785 969 990 
23 72 244 281 343 585 936 992 174 189 
103 88 518 719 869 872 898 944 964 146 294 717 
72 195 84 142 476 553 585 660 727 862 230 152 646 
81 213 149 437 550 603 726 762 371 944 
150 234 253 301 356 364 396 570 814 817 990 296 520 974 
211 260 143 119 266 20 98 264 245 313 321 325 344 346 347 373 381 452 454 522 581 608 620 623 624 628 723 745 753 754 786 860 984 216 125 437 449 603 642 657 775 831 
99 22 17 68 365 399 429 497 500 512 559 633 654 658 734 776 893 910 995 519 581 624 665 963 
262 81 149 603 726 789 822 927 253 779 
210 119 313 346 347 424 535 581 786 57 744 843 
244 62 272 23 195 72 231 142 343 471 483 528 553 579 585 649 660 727 752 809 845 876 912 916 992 63 352 650 686 792 814 968 
134 8 216 153 155 138 28 306 361 393 402 434 622 701 880 925 235 428 585 883 
234 150 307 356 422 480 490 496 570 688 854 960 598 647 896 
25 317 350 361 530 621 739 774 856 895 897 935 316 486 512 
131 7 11 447 675 756 760 885 953 103 453 895 
70 197 90 3 326 426 465 541 635 974 1000 162 143 532 540 648 
150 204 263 234 235 351 356 364 396 422 425 490 493 570 618 648 688 800 814 817 821 831 863 904 990 178 264 173 505 676 834 874 
182 227 226 221 10 137 173 296 440 478 507 533 632 690 702 718 749 805 907 914 945 967 971 149 118 308 645 707 965 
211 29 118 210 313 347 373 581 620 624 628 661 750 753 860 868 340 408 687 939 992 
122 187 339 392 477 497 825 999 188 513 966 
131 375 378 379 447 468 566 639 704 756 760 885 906 296 317 492 879 
208 158 224 571 631 634 643 689 838 119 46 880 
13 178 42 172 36 694 827 837 22 628 764 
17 252 324 408 559 615 825 921 972 273 778 994 
267 103 59 96 162 345 419 627 657 693 768 775 872 898 926 964 978 217 304 695 741 986 
227 288 507 702 718 749 805 853 907 291 276 402 
162 268 88 163 345 354 400 419 439 460 569 604 626 627 665 693 708 833 869 872 898 957 964 197 333 539 868 903 986 
104 171 162 74 111 241 316 354 398 419 450 518 558 569 708 908 939 944 964 996 524 702 723 960 988 
271 261 55 58 56 506 662 770 891 150 694 919 
206 8 141 155 179 216 361 402 847 895 220 241 906 
276 253 234 307 364 396 493 496 570 618 814 831 937 130 374 428 664 
147 67 386 495 616 682 858 905 414 950 
145 2 479 677 764 848 874 886 900 606 877 888 
249 161 433 499 571 596 644 689 124 295 920 
223 46 216 393 621 645 664 836 925 950 386 677 898 
282 8 216 393 401 434 640 828 836 847 895 935 578 872 
31 43 150 283 121 234 301 364 396 411 480 489 568 570 617 648 688 800 814 831 854 863 903 937 942 947 960 990 23 137 569 613 819 874 905 944 
45 254 81 406 437 603 614 711 726 728 789 822 842 915 288 323 542 751 
268 103 241 117 162 74 53 104 111 123 312 354 366 398 400 450 545 589 592 626 665 693 833 843 869 898 909 926 931 939 944 957 978 131 225 326 576 684 692 876 977 979 
69 368 414 464 647 835 913 997 419 722 988 
233 60 242 146 207 64 114 85 198 214 82 338 357 371 448 505 519 540 560 582 598 605 681 706 709 751 763 781 791 796 801 816 867 875 949 962 966 969 979 982 190 234 415 434 675 687 825 884 968 
309 316 592 626 657 674 748 957 964 970 983 479 621 749 
289 277 118 119 260 280 211 5 98 143 210 29 91 325 346 347 373 452 454 492 535 581 613 623 624 628 661 698 747 750 850 860 934 984 42 383 430 551 615 645 676 738 944 
94 230 342 417 431 474 502 830 224 910 
60 505 519 588 598 605 751 962 352 835 964 
104 103 312 200 298 136 345 352 354 385 545 558 569 591 627 665 708 736 775 851 869 939 944 964 271 72 284 34 377 689 
148 284 475 530 739 836 880 895 897 925 935 291 584 
62 483 553 727 759 769 916 930 731 870 
240 202 67 386 682 738 785 905 917 943 959 99 640 
214 154 663 763 778 899 969 982 346 589 634 
277 143 346 373 492 535 624 628 661 43 168 880 
225 202 147 410 525 578 616 676 771 858 941 943 355 460 970 
15 93 49 395 407 435 472 524 551 554 590 642 896 256 122 308 782 
294 255 432 615 619 633 713 721 72 891 
260 313 98 6 119 210 277 346 347 367 373 424 452 454 522 535 581 623 628 696 723 745 750 753 984 27 66 152 644 718 852 908 
90 26 132 286 34 197 265 248 3 113 337 340 359 404 421 426 449 465 482 487 534 541 555 575 635 758 790 832 889 954 974 986 1000 226 103 309 10 651 690 763 835 855 
42 172 331 467 513 694 717 827 867 959 
94 156 54 230 79 342 417 431 529 707 772 830 82 627 633 
55 58 56 271 261 391 428 461 462 576 606 662 697 802 877 155 627 805 860 
115 80 51 360 593 625 852 988 454 624 761 
166 42 36 159 327 438 467 509 513 564 98 497 816 
142 453 553 585 660 692 845 936 179 869 955 
139 14 65 339 429 500 539 562 721 776 792 825 883 955 985 995 297 479 855 
87 203 41 110 39 505 588 796 753 984 
233 217 519 552 582 584 595 681 709 951 194 879 994 
131 11 239 375 378 409 447 639 813 885 906 660 978 
326 26 90 113 265 132 3 359 404 421 465 466 482 541 555 575 635 758 795 889 974 986 1000 118 160 107 907 999 
311 114 64 384 519 556 560 706 812 816 918 979 476 592 753 977 
290 252 333 122 52 215 531 539 559 610 633 654 683 721 825 888 921 985 112 176 115 874 897 
26 326 359 465 541 635 954 974 289 364 
94 247 54 30 342 417 431 600 772 500 872 913 
94 230 54 328 156 30 341 95 247 314 417 431 474 502 529 548 600 669 732 772 811 830 840 106 131 367 530 636 
281 195 72 272 244 84 471 912 163 694 
119 199 277 211 245 347 373 424 452 623 628 750 4 204 941 
136 295 238 316 297 88 162 96 123 103 180 352 427 439 626 674 898 908 926 931 970 55 216 361 746 756 928 
211 313 210 6 277 199 5 280 321 264 325 143 20 118 266 363 367 381 424 452 535 573 581 608 624 628 661 698 745 750 754 786 839 984 2 94 320 68 75 534 577 634 880 
266 289 29 210 211 313 344 118 280 325 143 98 277 20 119 199 373 424 452 454 492 522 535 581 607 624 745 747 750 786 860 868 984 68 97 36 55 515 530 708 800 888 
140 269 184 126 194 374 386 525 616 720 738 787 917 933 959 994 75 402 490 911 
252 218 392 408 500 512 539 615 633 652 658 779 824 920 492 570 891 964 
216 284 401 402 481 645 740 797 826 925 935 199 159 
234 235 287 31 189 489 490 496 648 688 699 800 814 854 942 180 389 792 
316 162 243 345 354 419 708 882 983 281 315 822 
257 77 443 549 712 819 928 958 787 942 
88 352 309 316 180 53 111 298 96 297 74 241 163 398 569 591 665 780 843 869 882 898 939 963 964 983 161 131 483 496 713 810 949 
60 214 154 458 584 778 816 982 322 269 94 
253 276 287 121 43 234 283 31 364 396 411 425 480 490 493 496 570 617 688 800 814 903 904 937 975 185 531 623 900 910 954 964 
16 311 207 542 681 751 778 892 899 949 961 979 982 89 629 643 662 
92 374 380 484 525 720 738 917 1 545 816 
90 326 26 113 151 265 70 3 340 197 337 404 421 449 465 482 487 534 555 575 635 758 790 795 832 889 954 974 986 991 1000 710 745 811 865 913 936 953 988 
115 80 330 168 175 413 656 852 988 109 83 594 
223 71 284 282 112 8 28 148 141 153 179 300 155 46 397 402 475 530 601 645 686 733 739 765 767 844 847 880 895 897 911 923 948 245 160 1 345 388 464 588 672 956 
69 369 414 807 835 861 913 956 83 489 634 
245 210 346 373 522 624 661 998 228 461 
234 150 276 43 356 31 287 307 301 40 189 411 425 480 489 490 493 496 568 570 618 648 688 699 800 821 831 903 942 990 45 155 340 205 111 524 845 864 
52 33 252 278 68 215 22 229 187 392 408 429 477 500 559 586 615 633 654 713 724 742 779 799 824 825 883 910 921 985 995 90 40 469 666 765 802 816 
111 238 88 180 309 398 419 558 674 708 872 908 970 138 369 563 958 
325 346 210 245 373 388 624 984 115 342 926 
246 310 414 416 464 647 700 834 57 945 
201 246 362 414 464 537 587 638 647 834 835 913 956 224 366 244 445 
131 83 375 379 409 468 675 760 153 822 944 
311 154 114 384 527 552 556 560 705 816 855 875 982 275 22 757 832 
172 185 178 36 42 48 637 717 735 773 827 465 495 887 
211 91 245 325 347 363 29 20 210 277 289 199 321 344 313 367 381 424 581 624 628 661 696 745 750 868 151 646 677 829 932 949 982 
27 194 358 202 348 61 92 380 386 387 457 469 525 577 578 612 616 667 676 729 738 803 858 905 917 301 411 505 693 736 850 989 
131 291 370 11 336 239 378 409 447 468 639 685 704 756 760 804 813 823 871 885 184 96 78 432 662 
28 216 148 251 100 401 434 442 511 730 765 767 797 826 856 950 268 35 36 947 
255 17 187 392 429 470 477 497 652 683 955 985 242 74 316 518 
131 83 291 375 336 11 379 447 639 704 756 760 823 953 65 112 789 801 
131 239 378 291 370 447 468 639 704 756 760 871 885 906 953 803 861 990 
202 147 194 129 358 374 63 386 410 412 457 469 525 577 612 720 725 858 941 435 478 546 795 837 
373 210 346 277 454 492 624 754 860 544 681 799 
140 410 469 578 738 917 941 943 452 745 895 
56 271 428 430 462 506 514 697 715 810 891 902 932 35 313 873 992 
338 371 527 542 595 598 636 650 663 174 72 835 
111 316 398 419 508 665 693 708 909 944 957 964 167 745 862 
63 129 374 135 348 202 194 302 124 319 269 380 412 484 523 525 577 578 602 655 676 695 729 771 785 803 905 917 933 943 959 111 305 55 154 558 595 751 885 
225 374 61 124 412 495 523 525 609 725 787 390 605 934 
211 143 367 210 91 454 522 535 628 218 361 134 
138 397 434 645 733 856 879 950 351 498 
164 106 2 75 191 44 190 1 18 222 441 479 677 764 874 965 387 429 804 880 
271 329 37 261 56 462 629 662 672 715 770 891 208 539 917 
122 377 218 290 22 365 14 68 33 349 408 531 651 724 755 824 972 999 41 2 535 581 682 
179 305 282 306 481 739 767 844 895 198 432 1000 
89 81 213 550 603 614 716 728 762 822 873 558 816 
323 15 9 407 435 517 524 590 784 820 896 150 571 986 
287 235 276 356 121 31 301 150 307 43 425 480 570 648 688 800 854 990 210 138 595 601 651 
361 389 153 46 621 659 664 731 856 880 940 482 654 957 
136 366 53 298 354 162 309 385 450 455 508 518 569 657 665 693 703 708 748 780 869 872 898 909 931 944 957 978 152 16 197 9 465 688 753 
196 187 278 477 500 654 713 734 794 799 883 893 203 164 454 
180 162 309 117 123 232 297 419 508 518 589 665 708 869 872 898 909 963 82 72 29 79 754 
350 306 376 402 442 481 622 925 1 202 684 
206 350 141 251 300 216 8 101 155 361 401 282 148 434 451 481 511 583 659 733 739 740 767 797 826 828 829 856 880 895 911 923 935 940 348 87 162 55 296 529 603 688 981 
271 55 506 514 526 576 802 810 932 424 636 747 
248 90 326 359 70 337 465 555 986 614 645 760 
167 414 464 700 807 835 913 956 727 767 845 
308 262 213 38 81 603 614 716 726 728 762 789 559 740 
127 395 9 323 435 524 551 554 642 746 784 820 248 78 246 503 
365 17 215 349 392 252 128 22 294 12 429 432 473 532 539 615 619 633 651 654 683 713 721 741 755 857 910 921 972 985 995 249 230 289 108 175 891 907 912 
131 336 375 370 685 760 804 885 953 36 263 767 
67 322 140 380 147 382 129 484 523 525 578 602 616 676 678 682 738 771 803 858 905 917 959 994 17 452 468 762 777 995 
364 307 234 356 43 425 496 671 800 374 45 747 
387 380 386 525 577 612 785 917 959 177 448 983 
115 360 51 192 80 175 420 488 536 981 988 11 91 990 
188 369 69 310 157 167 246 201 405 368 362 416 464 537 547 563 587 638 647 673 743 807 834 835 846 861 887 901 913 929 956 976 997 182 136 8 302 452 510 632 639 999 
261 271 56 504 514 629 672 697 802 891 932 311 930 
414 188 201 246 368 157 537 563 587 647 743 807 834 835 861 901 913 51 172 557 573 584 
94 342 328 54 95 156 341 30 314 79 247 431 474 502 669 732 772 811 830 840 614 656 740 802 975 
162 171 419 569 768 869 957 983 205 452 720 
53 400 366 111 418 241 352 96 103 385 295 297 123 298 267 74 427 508 518 558 569 589 626 627 693 748 768 851 869 908 926 944 957 970 978 84 21 310 495 510 514 587 858 
115 413 108 168 57 488 593 656 988 495 779 929 
90 326 26 359 337 113 151 465 555 575 790 832 954 974 986 991 5 643 875 942 
287 283 234 489 493 648 688 903 211 449 692 
139 174 215 429 652 883 910 985 754 834 
211 260 325 344 347 280 119 143 346 373 91 118 210 452 454 492 607 620 623 624 750 786 860 998 403 435 526 680 725 809 
234 396 364 411 150 356 287 489 490 493 570 648 688 800 814 863 937 942 11 442 669 758 919 
90 286 326 132 465 832 889 986 135 984 
419 111 103 345 450 518 589 665 909 944 777 823 948 
271 56 261 383 55 329 116 170 504 506 606 629 662 770 777 802 810 877 932 282 229 301 69 516 
14 52 139 377 65 12 228 333 408 17 365 278 423 497 500 516 586 651 741 776 799 888 920 995 390 131 42 493 717 756 845 
55 56 271 383 462 514 526 662 687 802 891 932 86 313 750 
94 328 230 54 341 314 417 342 502 529 548 600 669 732 830 840 53 439 518 860 
187 174 14 408 229 22 99 324 215 252 228 497 615 654 713 742 799 888 955 972 393 127 375 592 844 944 
208 161 249 304 181 224 144 158 571 596 689 849 885 943 
155 282 141 402 389 306 148 376 28 481 601 767 828 880 895 311 190 769 
49 93 323 9 407 125 395 76 15 127 472 517 524 551 554 590 642 670 746 784 798 808 818 820 878 896 131 380 424 23 628 701 863 
208 158 224 444 521 546 571 634 643 689 170 451 716 
308 152 254 38 81 149 45 275 603 614 726 728 789 822 873 927 208 277 440 722 985 
36 172 178 42 259 331 513 827 244 271 
345 297 450 589 768 780 963 964 431 492 611 
227 288 221 182 478 690 718 805 914 946 967 971 437 601 955 
35 164 106 44 18 1 2 190 86 193 165 390 191 75 105 24 479 561 567 597 646 677 684 764 783 848 849 874 900 924 965 987 989 261 231 209 119 5 136 618 665 737 
25 376 401 148 511 583 601 640 645 664 774 797 836 856 895 923 940 107 271 425 535 938 
353 257 510 710 819 870 881 958 202 90 
208 169 436 224 144 499 543 571 207 506 
159 178 42 166 48 259 185 172 36 13 467 564 572 694 717 827 139 369 982 
128 122 187 237 473 512 531 562 734 776 888 972 181 115 848 
131 336 378 7 11 291 375 379 285 83 639 756 760 823 871 885 906 248 269 688 730 917 
203 82 160 311 486 594 611 663 706 714 751 781 855 875 949 962 412 638 829 
359 90 132 326 26 465 482 758 790 890 986 422 277 497 
111 243 439 268 298 88 309 103 398 427 463 518 626 627 908 926 939 944 983 271 533 605 625 895 
148 402 8 645 664 797 911 935 436 26 
98 211 313 325 119 5 424 347 143 277 346 210 344 91 264 29 260 454 492 522 573 607 613 620 623 624 628 661 698 723 745 747 750 753 754 786 839 850 860 984 418 148 410 414 382 453 704 787 885 927 
212 72 142 332 471 759 845 912 452 285 626 
277 211 325 98 5 119 424 381 210 6 452 388 313 347 91 573 581 620 624 628 661 753 754 786 839 860 984 993 164 330 133 399 514 651 652 
96 88 398 545 589 680 931 964 105 949 
110 64 203 114 214 519 594 636 706 648 732 904 
140 225 129 380 374 578 738 959 54 486 
154 146 87 233 355 663 706 816 942 958 
66 82 214 519 552 611 636 918 952 966 982 53 635 
297 74 267 485 518 545 565 736 898 926 322 501 918 
271 56 329 629 662 697 884 891 59 363 216 
55 271 170 236 430 58 261 78 116 383 329 37 391 56 504 506 514 526 576 629 662 668 687 697 715 777 793 802 810 884 891 902 932 239 14 126 480 750 762 898 926 996 
117 268 450 508 569 592 869 909 15 786 
414 157 369 201 310 69 246 97 368 405 188 537 547 563 587 638 647 673 700 743 807 834 835 846 861 887 913 929 956 976 44 56 49 163 361 633 920 944 
90 326 359 26 449 132 3 337 421 151 34 286 248 265 197 426 113 404 340 466 482 487 534 541 555 575 635 758 795 832 889 954 974 986 991 1000 372 122 398 505 569 604 639 658 685 926 
265 337 26 465 482 758 889 986 474 508 
327 331 13 178 36 185 445 42 564 599 735 744 773 827 938 211 621 782 
131 291 11 379 370 375 756 804 52 116 410 
380 250 129 382 374 202 495 678 858 917 933 968 365 254 807 
215 377 255 139 196 228 473 512 531 539 652 654 721 857 977 985 514 669 905 970 
343 19 281 142 453 72 483 498 580 845 916 472 663 
435 323 49 517 524 551 642 784 878 896 471 697 925 
139 22 408 65 446 470 654 741 888 955 995 208 635 952 
94 342 417 230 314 156 502 548 669 772 240 466 928 
71 155 317 361 8 216 148 179 223 544 583 601 645 844 880 950 209 545 611 729 
274 142 62 212 483 498 660 692 727 862 876 930 25 338 
290 99 377 229 365 14 120 399 68 516 532 559 654 857 921 985 19 585 758 832 898 
288 440 227 182 173 805 907 971 380 668 
441 193 106 18 1 2 86 35 24 75 191 390 105 222 44 164 145 303 190 220 567 597 646 677 684 764 783 848 849 874 886 900 924 965 987 989 183 261 82 312 333 642 759 807 915 
31 364 283 307 40 356 396 496 568 800 814 462 663 682 
402 434 101 350 393 206 401 511 544 583 601 621 659 730 731 797 829 844 880 950 487 662 720 759 894 959 
465 90 326 26 132 34 449 466 337 113 359 3 487 534 555 575 758 832 889 890 954 986 991 1000 192 397 490 667 746 763 
318 281 23 107 212 471 476 244 553 579 727 862 354 164 
140 386 410 225 358 495 678 917 706 923 
163 96 232 103 102 59 460 180 558 569 589 604 627 736 768 866 909 926 944 963 44 265 140 17 489 995 
16 203 154 114 448 214 542 552 595 681 706 751 763 781 951 982 157 457 175 284 948 
465 90 326 26 359 482 132 248 541 555 575 758 832 889 954 986 1000 150 1 481 856 985 
115 413 80 175 420 656 782 988 720 853 
422 31 234 425 150 307 351 364 570 618 648 800 814 854 942 990 362 485 899 
40 189 150 356 234 425 263 364 283 204 287 351 493 496 570 688 800 814 817 831 903 947 975 990 176 482 348 211 584 712 979 
19 72 501 528 553 585 692 727 624 664 
313 452 6 321 424 381 347 211 573 624 628 661 750 934 998 291 439 12 349 
301 287 204 235 356 490 422 425 364 189 150 496 618 648 800 814 831 903 975 990 140 187 429 594 945 
174 99 586 633 713 757 794 920 203 620 
302 469 183 387 184 140 225 484 525 577 578 609 616 720 722 725 771 785 787 803 905 917 933 959 114 419 420 372 579 673 
490 364 121 301 480 356 235 351 283 411 263 43 493 234 570 618 800 814 947 354 94 628 925 
377 12 432 429 52 22 122 278 290 187 174 500 559 615 654 713 724 757 824 888 910 955 985 995 50 204 331 449 629 718 964 
62 476 471 244 501 528 585 660 809 992 181 242 389 
208 304 161 181 444 515 521 571 760 904 990 
237 187 52 365 196 333 429 12 497 399 252 349 68 278 512 532 559 633 652 658 792 920 955 999 93 217 341 513 587 891 987 
142 19 498 23 491 528 579 692 752 845 460 611 983 
94 342 417 54 431 230 314 247 474 79 30 529 669 732 811 840 165 191 578 677 846 
16 203 542 588 594 705 952 979 407 788 907 
56 55 236 58 462 415 428 271 606 629 672 777 891 235 148 931 973 
82 176 334 16 146 315 205 311 214 114 217 519 557 595 605 611 761 796 892 951 961 962 969 374 465 149 287 728 898 
55 271 56 462 270 383 299 261 428 78 403 58 236 37 514 576 629 662 672 687 715 770 802 810 877 884 902 932 31 178 444 589 610 689 702 
288 137 296 702 749 805 907 946 971 544 564 781 
74 419 463 103 385 398 400 518 589 627 665 708 775 944 963 970 466 658 901 951 965 
178 159 331 172 513 637 735 837 552 628 915 
443 109 257 32 819 865 928 958 419 414 551 
216 481 442 402 25 376 71 148 206 101 134 583 645 730 797 836 879 895 925 948 211 109 187 48 250 694 
65 252 196 500 470 120 278 349 446 52 14 187 228 559 633 652 683 713 721 755 779 799 920 955 972 985 995 999 53 214 114 284 567 700 820 
36 178 509 42 48 327 13 159 438 331 564 572 599 637 735 827 290 500 752 943 
55 56 403 261 58 462 415 170 78 270 37 430 383 116 271 506 629 662 668 687 697 715 777 802 810 877 891 932 454 230 419 470 548 695 844 883 
169 208 181 158 499 256 224 520 521 546 571 630 689 806 174 347 148 139 
477 174 429 610 734 921 972 985 428 735 
435 127 9 395 472 93 76 524 551 554 590 642 670 746 784 818 896 106 133 608 627 686 
96 450 74 241 111 103 273 398 104 298 508 136 427 400 419 460 558 569 591 604 627 665 708 766 775 851 898 926 931 944 964 377 431 230 553 577 599 644 994 
203 110 456 114 335 311 41 85 39 315 338 209 505 176 459 214 560 584 588 595 598 605 611 663 681 706 751 781 791 796 801 812 816 867 951 278 210 243 25 111 531 770 822 986 
21 224 47 158 181 515 546 571 634 643 689 806 838 276 776 799 887 
169 144 181 436 161 208 47 256 158 21 515 499 546 571 596 630 689 806 919 106 262 145 677 833 
388 363 325 20 277 347 245 211 452 199 581 608 624 754 839 860 215 144 657 863 
140 386 147 410 387 725 785 787 917 87 805 963 
435 472 517 49 93 395 323 407 9 127 551 554 590 642 670 746 784 808 820 896 298 364 201 527 603 
386 387 202 495 92 322 184 348 380 410 240 412 374 358 61 574 578 609 612 676 678 682 722 729 738 785 803 905 917 943 968 136 527 641 713 898 902 926 988 
116 58 430 270 403 462 55 662 424 142 
87 384 371 636 681 714 801 962 524 525 
501 281 498 84 491 142 72 553 845 930 229 712 909 
94 342 156 502 431 247 30 328 54 79 600 707 732 811 1 151 210 402 
284 317 361 8 216 601 640 645 797 829 856 880 925 948 950 342 347 43 
392 446 174 215 229 187 196 470 339 539 562 586 615 658 713 721 734 888 910 955 995 519 356 566 589 745 805 
408 14 500 477 651 883 910 920 286 858 
288 182 226 221 227 702 749 805 853 907 967 450 127 
132 359 482 465 326 555 575 991 220 346 
5 264 388 313 325 245 280 346 347 119 321 211 581 698 860 261 442 392 781 
413 175 115 80 593 737 782 988 129 559 594 
414 369 464 416 188 647 834 835 212 18 937 
213 149 152 81 614 726 728 842 21 950 
339 333 252 52 470 349 531 408 888 920 921 391 297 558 
217 176 311 85 114 556 636 751 867 249 286 640 
465 197 326 90 487 286 340 337 575 954 598 715 738 
357 503 217 203 214 87 384 486 588 598 751 781 812 816 899 922 139 308 589 971 
169 47 158 208 444 181 643 689 770 799 
475 481 645 659 664 686 765 836 847 879 880 950 507 62 381 
455 316 460 180 309 569 589 909 926 931 944 964 36 358 475 777 
520 224 256 521 161 181 169 21 158 144 436 515 571 689 859 919 98 380 585 
414 464 188 835 887 913 929 956 74 254 784 
94 230 431 156 474 247 342 707 514 214 
353 32 177 712 819 864 865 870 958 96 852 934 
275 394 38 81 726 762 822 873 630 982 
435 93 15 323 125 472 9 524 76 517 407 554 590 642 784 798 808 820 878 896 313 129 510 634 714 936 
335 486 110 130 205 459 371 214 73 66 557 582 611 653 706 763 855 918 951 961 509 162 258 677 712 921 
186 244 72 23 318 84 231 142 491 281 332 62 528 483 274 579 580 585 649 660 691 692 727 759 769 809 930 936 992 518 106 229 63 149 628 677 773 
435 551 125 49 323 407 524 517 590 642 746 798 820 878 896 42 148 647 697 
90 326 26 359 197 487 337 70 421 465 534 113 482 404 575 635 790 832 889 890 954 986 991 1000 57 665 670 827 982 995 
371 66 209 39 338 114 540 154 557 594 681 706 763 812 816 867 922 949 962 982 102 270 227 853 883 
556 552 505 87 588 594 706 841 966 416 830 858 
241 518 298 419 366 485 111 267 316 162 569 589 591 657 693 719 780 833 869 872 926 931 944 978 234 386 539 394 572 956 
339 196 68 365 252 497 187 500 278 294 17 237 477 174 52 512 133 633 721 794 799 825 883 910 921 955 977 985 995 536 114 406 233 565 748 818 1000 
207 60 519 371 338 311 64 87 582 709 778 164 846 
106 75 190 2 441 105 646 677 684 764 849 874 146 609 
22 531 252 446 120 174 333 17 683 741 825 999 70 164 950 
414 464 167 416 97 587 700 807 834 835 887 976 186 366 794 828 
36 513 331 159 467 166 42 445 744 827 837 938 83 507 811 
460 569 626 680 693 708 963 978 983 132 559 130 
131 7 291 11 639 675 756 885 531 195 843 
479 44 164 441 145 105 677 684 874 965 512 23 172 
480 31 43 234 364 307 204 990 58 38 576 
398 297 485 162 565 354 545 419 103 53 463 111 298 316 243 136 518 163 418 558 589 592 627 665 693 708 843 869 898 931 944 964 973 983 996 7 307 105 101 55 465 80 705 959 
364 496 489 490 356 287 121 396 150 283 31 234 301 189 43 425 276 307 617 618 648 671 699 814 821 831 903 904 937 942 960 157 24 349 148 655 873 951 
208 224 521 181 249 158 21 546 144 520 47 433 444 436 515 292 256 169 304 499 596 630 631 634 643 644 689 838 859 919 11 46 216 395 721 735 869 982 
36 178 13 445 172 48 42 513 166 637 717 735 827 558 576 671 976 
452 346 454 492 119 753 934 150 416 861 
135 525 92 124 655 682 722 738 787 905 174 698 880 
326 90 555 26 541 482 487 359 465 534 421 337 986 991 32 120 959 979 
55 329 506 271 403 236 462 78 58 56 261 697 715 770 793 309 136 572 568 
380 386 374 412 92 495 147 612 676 682 787 858 917 968 58 518 346 798 
147 258 322 225 410 140 525 495 386 183 92 382 374 63 457 124 612 655 678 682 720 722 787 858 905 917 941 943 959 994 75 502 306 624 706 791 801 864 
186 553 142 483 281 501 19 244 692 809 845 916 7 495 144 
244 142 471 84 553 691 727 845 791 921 
264 522 91 346 313 29 211 454 373 535 347 143 199 325 210 289 20 277 118 280 245 119 608 620 624 661 696 698 750 753 839 850 860 868 993 998 145 278 132 392 142 833 864 895 949 995 
214 203 560 335 311 552 594 595 598 611 636 650 706 796 951 979 982 8 131 826 895 900 
475 481 28 511 148 442 402 8 645 664 701 797 923 925 950 152 650 760 
233 519 114 335 209 355 595 653 666 706 751 763 962 490 416 11 317 
281 272 195 491 332 72 274 553 142 498 62 692 727 752 809 936 92 282 477 546 
52 429 494 531 365 721 825 883 910 977 995 31 751 891 
414 464 369 167 69 416 563 647 673 834 835 861 956 419 500 214 960 
503 114 557 334 542 315 130 85 519 594 605 650 761 875 892 918 922 951 961 982 361 237 201 668 935 
485 309 400 96 545 111 455 163 74 569 439 102 508 427 558 419 604 627 657 665 674 708 766 851 926 931 944 964 320 56 98 506 542 531 596 905 
435 551 517 49 524 76 395 125 554 15 9 323 670 784 808 238 29 734 
316 354 518 558 626 926 931 978 233 982 
463 163 309 102 312 569 180 136 708 719 748 866 926 939 957 963 978 252 338 432 240 858 
115 420 108 330 536 51 57 175 625 656 737 782 852 981 988 210 199 907 984 
557 154 503 203 456 209 114 448 130 582 588 207 217 556 611 650 663 681 751 781 796 867 875 899 949 962 979 982 493 536 360 639 647 656 790 
384 486 335 87 16 233 519 505 64 214 582 82 584 611 681 982 386 396 836 889 
521 224 47 571 304 433 806 838 589 664 
479 24 106 18 441 86 44 677 874 789 
582 176 542 82 519 315 384 203 311 791 949 982 215 541 283 
36 178 467 159 42 48 513 172 185 13 166 637 694 773 815 827 518 61 25 
94 230 529 342 431 30 341 707 14 116 895 
434 361 475 112 28 223 530 442 481 25 148 640 739 797 950 440 396 679 770 
410 202 386 92 240 720 771 787 201 693 
394 81 262 308 89 275 406 4 437 45 279 254 149 38 614 726 728 789 822 842 873 915 980 402 277 524 708 749 758 
485 103 589 297 518 111 674 775 869 898 944 964 465 236 116 156 
311 588 207 519 154 114 315 505 650 706 751 812 816 961 979 982 450 387 78 103 
428 78 504 329 55 56 629 662 770 777 802 303 756 938 
452 347 211 424 661 747 750 753 234 797 912 
581 211 119 277 522 118 346 613 624 696 723 750 850 984 517 795 816 858 
124 61 387 525 140 495 667 771 858 917 941 943 994 103 561 853 909 
339 139 14 516 651 776 794 883 42 123 506 
594 505 110 448 582 552 73 217 146 519 82 66 595 459 203 709 781 801 816 867 892 952 962 982 501 439 475 693 783 802 
374 525 578 61 412 577 380 695 56 794 
118 119 608 313 452 211 628 698 307 939 
538 437 308 81 603 394 406 149 711 716 726 762 789 822 915 404 417 636 679 
349 215 408 324 531 365 120 294 122 187 99 68 139 432 497 651 776 825 972 999 313 105 211 708 866 962 
348 495 410 183 322 302 202 374 667 682 917 261 24 224 
307 356 263 570 253 234 814 11 259 627 865 
253 570 31 496 493 234 364 287 301 189 489 688 800 817 903 937 942 990 153 190 441 841 958 
324 408 122 65 219 658 824 995 682 869 
452 424 277 289 211 454 581 5 628 745 750 860 2 494 652 
397 481 25 148 305 284 100 686 731 774 826 847 880 923 467 312 626 820 
8 401 101 100 282 28 46 148 640 645 664 740 836 880 925 935 950 52 162 687 772 874 
325 143 424 264 210 452 313 344 211 91 277 624 628 745 753 984 356 202 49 830 843 
452 20 211 363 277 373 367 608 119 623 289 98 381 91 454 264 346 245 210 6 347 522 581 313 321 424 492 5 628 661 723 750 850 860 984 998 330 578 278 32 491 31 33 193 684 979 
168 80 115 593 175 330 57 782 852 981 988 450 24 185 
96 565 74 309 180 419 297 591 450 312 162 104 345 627 665 909 926 944 963 970 973 978 110 36 453 621 85 952 
297 450 232 626 485 569 200 419 238 589 508 316 104 518 295 719 926 939 970 973 65 517 31 328 617 329 
373 388 624 620 289 325 452 118 623 454 321 344 277 264 313 210 613 91 5 143 211 492 346 119 661 696 750 753 860 868 984 998 46 180 293 509 435 496 553 86 903 
261 271 56 462 391 514 170 58 461 428 415 116 606 55 506 504 662 668 672 687 697 715 777 793 802 810 877 884 891 902 932 72 357 23 22 497 750 851 912 
158 181 224 515 521 571 631 634 689 806 859 172 550 744 
571 292 181 630 208 169 158 634 195 662 756 
182 173 288 227 137 221 702 718 749 805 853 907 967 144 414 645 896 
365 512 408 22 52 324 494 500 339 187 559 278 174 349 652 995 328 103 464 750 993 
571 208 436 158 144 520 224 631 169 47 292 630 161 689 806 859 320 551 182 346 362 
465 90 326 26 286 132 340 337 555 197 359 954 986 991 459 203 473 793 
110 459 209 82 154 214 456 540 114 582 217 527 384 650 706 796 816 875 892 918 949 951 961 969 982 614 44 403 342 710 758 806 
36 259 48 372 159 599 42 509 572 513 773 815 938 719 785 807 910 
414 369 464 188 807 834 835 913 37 252 448 
131 375 11 378 566 447 83 239 379 336 7 291 685 704 756 760 804 813 871 885 906 594 414 465 662 895 909 
153 141 138 216 530 442 206 622 148 601 306 645 701 797 828 925 540 319 668 852 971 
77 257 679 710 712 788 865 881 928 958 525 178 814 
435 323 125 472 524 551 554 517 407 93 746 784 818 896 277 104 479 972 
436 543 208 520 21 169 181 292 571 644 689 838 56 357 421 930 
21 571 304 224 208 161 169 158 643 806 518 325 718 
451 148 583 622 544 46 530 8 153 389 640 223 350 361 511 442 305 475 701 740 765 797 829 836 856 880 895 925 404 313 118 288 257 632 907 
164 18 190 441 1 479 561 677 764 874 894 274 373 711 
414 167 587 368 310 97 188 369 537 464 416 700 743 834 835 846 901 913 929 956 283 554 594 756 
150 422 364 570 425 287 351 234 396 204 493 307 489 688 800 814 821 854 863 903 937 942 960 990 175 18 456 3 286 211 
244 62 72 186 231 281 84 553 210 733 
207 594 384 588 636 582 605 706 751 763 979 227 583 281 
17 133 218 229 22 128 532 408 429 219 610 52 174 615 187 215 392 658 741 755 776 799 825 888 893 910 921 995 999 74 164 326 195 454 396 697 815 
237 423 196 470 349 377 12 500 512 187 633 713 757 776 888 893 620 454 661 973 
552 203 214 584 706 778 796 841 867 979 982 164 226 62 
187 497 408 252 365 139 339 399 12 473 22 128 477 432 470 278 724 755 757 776 779 792 955 995 397 73 166 253 38 659 
129 240 147 578 386 574 858 905 917 570 896 962 
420 115 360 108 593 51 168 488 80 782 852 417 594 683 
589 74 295 558 96 104 312 398 103 200 693 708 833 898 908 939 978 66 522 245 277 810 
619 52 349 500 252 33 651 174 531 278 824 972 143 465 508 840 
397 402 481 138 544 134 112 880 895 925 948 654 890 
84 23 142 212 553 72 281 476 244 274 498 332 62 759 936 336 736 979 
452 210 363 581 313 118 346 628 211 373 98 624 321 492 289 454 607 266 745 750 839 860 934 984 993 652 726 825 877 939 978 997 
55 271 56 462 629 514 430 526 270 506 461 170 58 37 299 606 329 116 428 78 391 668 687 697 777 793 802 810 877 891 902 932 631 9 54 639 357 481 375 950 
320 594 384 448 519 458 203 160 233 85 705 763 791 816 841 892 952 982 103 55 471 480 862 
622 216 138 397 206 583 8 451 305 544 46 442 112 71 686 765 797 880 897 923 925 940 491 596 301 709 815 943 
103 400 316 518 569 354 626 180 385 309 268 96 162 136 589 297 427 398 508 680 748 768 780 909 964 970 996 441 555 278 713 787 860 
584 114 203 706 791 892 951 979 982 365 184 944 
616 147 135 63 258 202 240 609 250 374 738 917 193 265 482 685 
462 662 514 55 271 629 56 715 777 802 877 902 640 478 588 
94 474 54 342 431 417 95 502 732 772 811 137 425 470 
435 590 9 517 524 76 93 746 110 555 
253 411 570 121 688 800 817 975 990 36 572 708 
56 629 391 261 55 504 271 506 415 777 802 877 361 831 986 
414 464 188 587 97 807 834 835 861 956 495 190 674 
589 604 345 366 312 780 898 908 909 939 944 673 877 
131 285 370 11 566 685 704 953 311 883 
140 129 147 577 525 135 374 27 322 410 386 720 725 771 787 905 943 287 313 257 838 984 
479 165 164 106 18 561 190 86 105 390 1 75 441 2 567 597 222 646 44 303 684 764 783 848 874 886 894 900 924 965 987 989 373 553 502 305 521 552 45 702 835 
240 484 140 525 469 67 410 578 194 27 738 943 34 799 975 
77 257 641 712 819 864 870 958 614 601 198 
232 103 665 162 111 455 565 693 931 978 424 814 954 
311 87 486 66 82 595 335 527 198 519 214 357 556 594 706 781 855 922 979 219 169 381 696 991 
578 616 269 92 319 302 140 577 194 258 410 202 63 525 27 124 574 135 184 722 738 771 787 905 917 941 994 619 480 392 93 38 828 982 
377 174 52 512 339 408 562 33 133 734 741 757 883 920 977 995 222 158 656 802 933 
479 441 105 677 106 18 2 190 561 164 24 191 193 567 145 44 764 783 874 886 900 924 987 989 401 624 71 309 795 837 840 
131 239 639 375 675 11 409 704 756 804 465 667 932 
664 544 25 134 361 621 765 925 940 517 281 82 
55 506 56 662 629 514 271 236 170 430 462 37 802 877 891 932 73 311 289 622 
234 618 425 422 671 396 364 356 307 490 287 235 150 283 351 43 648 699 800 814 817 831 854 863 903 942 990 110 398 4 402 27 447 963 
571 208 158 521 224 436 21 634 181 169 304 47 433 144 520 630 292 543 546 643 515 838 919 123 266 316 506 972 
182 173 226 288 440 805 907 967 326 236 
19 72 212 580 553 752 845 876 181 90 30 
23 476 107 501 84 585 491 142 332 553 62 19 579 727 862 930 309 208 422 812 
297 657 295 565 241 103 74 558 102 569 180 419 104 680 385 268 117 162 398 309 719 768 780 851 869 872 908 931 939 970 978 983 77 374 611 602 147 783 880 
178 445 172 13 327 159 166 599 293 717 773 815 827 837 511 343 299 203 
184 147 202 92 612 386 787 803 917 943 959 514 69 295 
119 608 373 325 628 581 750 850 681 905 
576 271 56 462 662 461 37 629 55 383 514 170 329 415 793 802 877 884 891 932 651 554 472 970 998 
452 211 535 581 313 98 245 346 613 210 860 574 922 
364 570 688 351 234 814 947 990 225 250 
188 464 167 405 563 647 368 835 861 913 929 997 65 512 
282 583 645 640 101 879 895 925 435 817 
288 226 632 533 227 507 221 296 182 805 853 907 914 946 967 971 298 677 95 219 506 
96 180 398 111 736 766 851 866 869 909 81 224 738 
131 675 685 375 83 378 291 639 379 756 760 823 953 452 793 865 870 
203 663 114 371 503 751 812 816 569 958 
338 552 605 556 456 39 217 448 636 582 666 650 203 653 214 519 486 311 557 154 160 681 584 458 714 761 763 781 796 812 816 899 922 951 962 969 257 28 484 578 180 119 77 772 797 917 
94 328 156 230 54 529 600 30 548 811 288 842 
508 657 398 366 104 297 569 268 592 385 589 59 74 171 298 400 316 518 565 352 103 719 766 898 926 944 615 603 221 347 671 52 913 
560 207 311 209 154 335 611 714 816 875 899 27 664 101 
641 77 257 443 177 712 819 864 865 870 928 958 359 636 758 
614 81 308 726 728 822 873 980 646 715 
257 77 549 710 177 353 641 109 679 788 819 864 865 870 881 958 490 552 165 267 528 
399 22 494 324 408 531 432 252 237 255 652 365 497 512 888 999 525 665 354 787 967 
87 448 709 527 214 114 706 73 801 962 215 127 551 
668 506 391 462 271 383 261 56 58 514 629 576 55 802 891 932 711 541 739 903 909 
254 81 614 149 45 4 406 394 38 89 726 822 873 927 97 56 436 891 
572 327 372 36 48 178 445 694 744 815 827 153 429 273 
288 296 632 227 182 137 440 10 805 853 914 945 497 325 644 721 
74 273 592 627 268 558 693 708 843 866 939 970 62 637 154 789 
676 495 578 348 27 202 358 194 602 380 147 140 722 738 858 943 959 418 145 488 481 177 
408 33 470 139 218 586 219 324 339 531 559 333 512 255 52 757 776 792 857 999 571 718 198 726 830 
574 682 495 129 194 525 63 67 720 578 202 738 785 787 905 917 943 959 968 994 56 437 310 745 752 798 
211 608 277 210 624 325 452 750 868 30 298 196 
22 365 497 392 174 654 17 893 972 995 202 804 969 
676 202 380 387 495 523 140 738 905 424 44 998 
275 603 89 149 152 50 81 38 406 716 308 550 213 437 538 614 711 4 279 728 762 789 822 873 915 927 980 661 721 768 807 849 939 
491 84 585 23 142 281 483 553 476 580 318 692 274 769 862 936 246 405 168 
437 603 81 726 406 394 711 50 213 152 538 38 308 762 822 873 99 505 760 969 
386 194 61 525 374 858 905 917 943 475 810 990 
148 25 376 511 481 153 797 829 836 856 880 935 447 55 764 
621 397 216 481 148 797 879 895 79 17 318 
94 79 417 156 502 669 431 529 342 456 914 927 
251 361 148 389 402 797 836 925 649 52 
399 22 446 516 683 531 278 995 999 590 916 930 
36 572 172 509 42 467 513 372 744 827 938 571 257 516 
460 485 162 96 703 316 931 970 374 660 
115 593 175 108 80 51 536 168 192 782 852 988 120 441 
147 63 457 225 678 348 667 126 722 382 682 410 525 720 183 358 140 269 574 725 319 135 129 92 374 771 787 858 905 941 943 959 190 703 313 541 2 860 876 888 991 
393 601 284 112 216 317 402 148 361 880 911 47 715 845 
46 645 8 622 350 402 25 767 797 856 879 895 406 417 
17 473 429 408 683 120 651 562 755 825 955 972 295 6 982 
99 252 68 365 432 174 776 799 825 955 985 96 77 751 
414 188 416 201 647 464 861 913 203 39 
36 564 42 48 735 178 717 467 827 171 630 280 
623 118 325 266 346 347 373 452 210 661 5 620 98 6 277 747 750 786 860 998 722 382 531 359 385 
435 554 76 670 407 125 517 642 127 524 9 784 798 808 818 878 482 22 2 345 1000 
119 745 347 607 452 313 750 860 984 148 411 403 
665 592 398 88 312 136 96 419 869 908 970 188 559 
288 227 632 182 507 296 533 805 907 945 971 312 603 219 
325 628 245 723 98 344 373 696 608 745 289 624 661 424 346 620 119 492 118 581 347 452 313 264 607 747 210 29 753 934 993 998 430 250 629 633 162 462 757 814 
41 242 315 160 486 519 114 540 542 584 39 214 705 176 311 85 448 594 650 87 357 605 763 778 796 812 816 867 875 899 918 922 949 951 961 966 979 982 386 742 188 123 586 111 122 232 308 908 
231 281 585 72 501 212 691 862 916 513 722 924 
581 452 210 325 98 454 573 245 628 289 750 607 199 623 277 850 868 934 998 338 398 334 38 
454 211 522 119 452 346 277 381 400 423 893 
187 654 512 741 392 651 408 792 888 194 58 262 
131 639 375 11 239 447 379 566 291 285 378 83 685 7 704 468 760 804 823 871 885 906 953 345 429 647 606 631 839 
174 683 652 721 497 654 494 65 910 921 955 371 750 800 
90 487 26 359 482 34 466 132 326 265 248 449 197 465 337 790 795 890 974 991 217 710 603 636 425 477 
553 318 62 244 23 453 660 845 479 481 841 
131 378 639 375 756 447 379 409 704 83 291 7 239 285 370 813 871 885 953 583 214 499 728 404 
87 207 82 706 114 505 588 796 801 841 875 922 969 202 231 330 118 
550 275 728 394 406 726 149 38 614 45 822 842 873 980 410 462 115 861 
650 110 751 556 160 663 214 41 584 233 311 60 706 320 552 66 203 242 207 486 791 796 841 867 949 951 961 962 969 982 5 40 326 482 241 874 898 940 
2 164 677 75 479 684 303 561 24 1 646 190 18 106 441 390 222 874 900 924 965 730 74 90 293 100 974 
138 25 645 376 544 361 664 223 686 879 895 365 178 953 
518 243 589 703 708 104 103 944 203 114 907 
393 361 376 402 25 148 740 434 101 405 213 409 
163 295 439 103 419 665 418 485 693 898 970 28 25 726 
553 107 727 72 318 62 930 992 434 956 
55 576 271 428 506 606 261 299 391 543 519 601 
676 386 183 602 202 682 410 322 495 609 738 933 941 943 959 994 56 134 816 869 988 
94 342 417 79 54 341 230 669 474 328 830 234 622 706 
36 637 172 42 259 467 372 159 48 694 599 827 553 160 
442 621 155 112 284 844 880 935 950 15 111 154 
295 316 604 200 111 518 508 866 869 926 944 983 277 790 955 
654 721 610 429 17 742 120 278 446 229 218 133 333 652 615 651 883 921 985 995 117 100 111 520 960 
55 261 428 56 662 504 629 514 606 58 462 668 672 802 891 932 545 410 147 54 427 
207 355 653 320 560 751 357 791 982 294 247 69 
215 654 512 365 122 187 349 888 279 420 
354 674 123 665 96 439 693 162 398 558 869 898 185 804 993 
681 85 542 611 706 60 519 64 448 594 486 311 114 949 961 119 535 507 959 
115 57 593 488 536 737 168 656 625 852 988 467 323 21 
18 441 164 677 106 75 220 684 190 24 86 165 479 2 44 849 874 886 987 271 693 6 611 973 
435 472 590 93 551 125 524 395 49 642 407 746 517 157 547 813 880 
525 92 386 412 495 722 523 319 905 917 943 994 271 637 849 932 
347 210 280 346 29 454 452 745 277 245 424 463 965 
194 495 578 602 676 523 722 140 387 348 574 738 682 577 695 858 905 933 941 959 968 665 713 452 162 353 48 
77 257 32 641 109 712 819 864 958 503 860 978 
89 603 406 149 437 81 308 45 726 614 279 50 822 842 915 980 597 719 378 957 
421 90 326 359 26 449 555 758 3 832 890 986 54 594 775 
203 82 763 130 114 778 598 663 666 39 41 311 519 816 952 982 578 580 260 
52 721 120 500 755 187 333 654 281 351 
462 271 56 697 629 662 576 236 58 55 802 810 704 169 148 635 
17 610 229 559 399 494 972 995 563 612 
26 359 465 90 337 151 3 758 608 684 380 
761 41 160 519 334 594 311 763 214 751 176 653 706 85 233 582 505 636 203 198 816 841 256 107 96 245 926 990 
664 640 442 71 451 100 8 148 530 350 583 731 511 155 376 733 402 730 601 216 141 645 481 740 847 879 935 950 92 84 256 58 706 607 866 932 
435 746 125 49 554 551 818 896 722 577 825 
65 218 399 120 429 365 651 122 252 512 742 219 174 559 432 888 921 995 119 678 520 543 381 
150 489 287 364 688 356 618 396 40 648 234 496 307 490 235 671 425 493 480 351 411 814 854 990 60 347 180 757 982 
519 205 311 714 611 527 761 816 841 951 962 966 979 982 72 578 378 909 
403 271 56 462 662 715 514 506 261 687 697 777 55 428 415 329 793 116 668 430 606 672 629 170 877 884 891 932 94 196 365 683 611 417 958 974 
140 695 525 495 129 374 386 410 943 959 379 55 869 
131 375 11 409 468 685 756 639 953 390 780 724 
288 440 227 182 702 632 718 10 478 749 533 226 507 296 221 690 173 137 853 907 914 945 946 967 52 87 523 329 242 531 
630 634 644 520 224 596 208 521 515 76 636 995 
414 464 246 188 69 405 638 416 362 673 563 834 835 901 913 637 726 479 469 
435 49 93 590 551 524 746 896 159 43 
212 142 585 281 553 62 498 579 845 862 424 830 909 
462 271 383 403 270 629 428 78 58 506 514 261 662 793 877 891 932 729 10 354 234 657 
94 342 707 417 669 502 230 529 156 79 247 30 830 71 359 564 951 
176 203 751 605 519 338 542 705 198 556 706 816 952 692 182 874 910 
131 336 239 760 375 83 639 885 784 829 
189 570 425 235 688 356 287 31 307 699 150 121 351 493 617 489 800 490 480 301 496 43 648 276 821 831 863 903 947 960 975 990 680 208 750 26 281 641 901 
599 717 694 166 48 637 36 132 664 651 
209 311 791 371 242 73 663 796 338 611 519 154 110 706 705 751 214 542 709 636 801 87 114 355 458 812 556 605 41 961 962 979 771 394 331 365 358 191 67 608 
490 189 671 43 276 31 234 204 150 263 688 618 287 863 960 990 171 148 701 169 980 
435 127 15 642 517 76 798 746 113 559 
712 77 710 257 177 32 549 788 109 353 443 510 679 864 865 870 881 928 958 223 307 216 8 
435 554 551 407 524 9 93 395 49 896 621 512 993 
150 121 648 364 814 570 287 831 990 37 94 931 
394 81 603 152 437 728 45 550 4 614 308 716 279 711 38 789 149 726 762 842 873 915 927 980 370 519 352 823 839 880 
131 447 83 375 378 756 704 885 822 119 427 
392 365 619 658 255 17 349 497 146 918 997 
742 133 52 615 586 333 120 294 562 22 290 741 255 365 651 237 228 339 559 888 207 311 661 131 798 
402 350 251 621 376 895 911 925 582 26 
36 178 42 172 572 327 445 467 694 259 185 372 438 513 599 293 717 13 564 773 735 744 837 938 169 44 104 555 889 928 980 
434 402 306 640 148 879 895 925 563 682 
216 730 402 530 645 481 895 935 373 448 813 
94 314 417 79 230 328 342 431 247 811 772 54 840 809 623 557 721 
234 493 287 490 570 364 307 821 688 301 814 854 863 904 942 975 101 672 277 898 
465 482 326 487 359 34 70 790 555 421 132 26 90 426 889 477 371 902 926 
558 297 657 171 309 882 898 963 973 581 521 143 
414 464 537 188 673 647 807 157 368 97 587 638 563 201 246 369 416 861 887 929 956 287 423 234 911 936 
414 157 405 416 362 807 587 369 638 700 537 673 97 167 201 310 547 563 188 647 464 846 861 887 913 929 956 976 997 43 326 166 24 677 88 384 315 
155 179 134 733 206 622 305 442 511 544 645 730 306 317 880 897 595 176 858 916 
178 827 36 172 564 509 694 293 380 684 
571 208 161 520 144 292 181 169 158 643 596 689 191 162 676 921 
29 661 346 581 454 522 452 998 822 756 
94 342 247 417 502 431 230 156 830 658 187 684 
82 761 796 663 214 763 41 801 557 653 855 969 759 618 959 
38 89 762 308 789 603 149 538 822 262 927 707 10 1000 
569 719 309 354 241 898 908 970 280 623 566 
393 216 155 475 46 361 148 774 481 923 925 950 514 432 
691 501 579 332 62 453 72 580 142 186 231 809 19 23 281 528 84 471 759 876 916 930 364 429 739 114 405 891 
414 835 157 201 647 464 188 913 560 502 62 
306 621 361 28 300 544 797 880 92 908 
441 18 190 677 479 106 191 303 44 24 874 446 111 
2 561 18 44 24 441 479 783 86 164 874 900 726 785 433 149 
452 608 210 313 624 753 696 581 374 925 
703 693 180 243 200 111 96 117 518 162 419 589 316 898 963 629 210 224 892 
115 108 330 737 192 782 175 625 57 168 360 656 593 80 981 988 640 325 549 999 
805 226 702 227 718 533 632 10 296 182 907 967 556 488 609 235 995 
307 351 489 396 40 831 150 283 688 800 648 134 901 
85 552 841 371 681 242 203 448 982 47 333 326 
376 148 740 389 530 284 141 8 645 397 402 442 730 897 925 16 49 487 258 
99 408 721 477 128 470 218 921 60 26 
720 410 194 609 729 374 738 302 322 63 469 787 225 202 124 655 129 380 92 27 577 578 905 917 933 959 419 203 836 608 557 532 592 
571 630 208 546 249 21 634 169 37 172 128 
452 581 747 211 381 620 624 698 535 313 277 745 424 454 661 29 522 628 119 289 20 347 984 998 431 213 329 665 738 51 788 
414 464 835 157 69 834 188 416 362 201 587 743 700 673 97 913 956 66 762 379 181 573 
19 809 62 231 692 244 752 274 483 727 476 663 385 986 
234 425 817 648 307 287 814 688 831 937 990 522 435 963 
819 712 32 109 77 710 177 549 788 679 865 870 881 928 958 364 578 581 979 
549 712 177 864 77 109 710 510 819 257 32 641 870 881 958 617 42 359 704 
238 719 775 103 485 592 703 162 797 615 
751 87 540 205 763 653 203 556 519 311 594 611 327 261 21 
723 210 347 289 581 753 373 628 984 212 297 896 
267 775 59 703 354 569 162 463 398 604 400 558 418 103 748 693 136 309 88 780 419 111 268 273 297 316 882 898 926 931 944 964 619 803 259 571 332 771 142 214 
819 712 32 257 864 443 679 710 549 865 928 958 704 318 879 
131 756 379 11 639 375 760 447 885 204 888 977 
273 398 366 295 400 693 297 558 103 909 931 215 341 306 
726 4 762 81 437 603 728 262 213 254 550 394 822 711 716 927 383 570 917 
479 441 677 164 106 44 18 684 1 2 190 764 86 783 24 390 191 75 105 849 561 222 848 646 567 145 597 303 165 220 193 35 886 894 900 924 965 987 989 287 96 812 622 763 170 339 307 984 
41 371 82 594 709 588 636 751 448 311 761 421 932 
142 23 62 476 72 691 845 281 309 738 
810 271 55 170 697 687 428 58 514 672 662 261 506 236 116 668 329 802 629 90 303 661 674 
435 472 554 551 746 127 125 896 124 79 
797 389 101 740 511 731 25 701 765 828 544 880 335 291 870 894 
434 25 402 645 530 739 155 179 153 475 622 836 879 621 847 148 730 216 481 774 544 134 282 101 664 659 8 100 361 46 397 141 317 911 925 950 784 119 321 693 346 574 9 292 390 822 
712 641 819 77 864 865 443 958 147 92 
354 869 200 352 111 833 963 983 261 251 946 
365 776 399 559 120 683 174 22 333 133 532 423 187 586 610 910 675 282 556 514 
629 271 697 462 56 55 461 802 506 891 311 26 987 
131 756 639 447 760 375 379 239 285 11 813 409 7 291 566 336 871 823 906 953 433 386 452 917 931 
874 677 783 106 684 303 164 479 174 933 
835 834 563 464 547 188 414 997 372 520 
799 33 779 17 651 52 339 539 429 446 755 713 531 497 473 432 825 652 252 921 955 995 303 871 125 347 738 980 
426 465 326 197 487 832 26 90 359 482 337 466 555 974 87 102 595 827 
90 482 758 26 555 790 248 449 974 1000 173 659 941 
55 629 56 462 810 271 299 662 514 884 116 391 383 430 697 715 777 687 802 461 261 170 415 58 504 845 716 586 324 408 500 349 
611 82 203 114 663 357 666 505 207 64 217 636 588 951 961 851 53 903 
278 399 724 651 120 652 920 995 754 918 
874 677 164 145 24 2 646 86 965 481 239 879 
740 828 659 402 179 251 300 216 645 731 826 284 434 442 511 134 701 317 361 141 829 393 148 765 306 911 925 940 639 382 582 450 285 171 581 600 
435 49 551 798 642 517 472 323 93 554 808 820 524 878 395 76 868 655 283 632 104 
836 155 71 664 148 216 317 856 361 284 925 935 258 339 200 
163 74 843 117 674 518 111 103 460 354 768 604 171 123 59 833 869 398 273 309 232 851 345 96 297 780 708 569 295 657 400 909 926 944 963 983 305 505 462 477 188 831 525 763 905 
751 542 594 357 203 320 706 709 146 16 217 949 72 489 255 917 
874 479 441 164 684 303 18 677 105 2 165 849 764 965 987 989 97 356 230 582 
414 647 201 69 416 188 807 913 929 508 854 814 
668 383 462 55 662 506 261 629 170 832 525 940 
688 150 570 31 618 356 307 493 422 253 648 364 263 189 490 40 235 814 937 942 990 715 297 628 116 892 147 
234 570 287 43 356 831 975 990 456 499 170 
725 319 386 269 682 63 92 676 787 722 61 374 410 67 655 858 129 202 525 738 124 302 729 785 147 574 578 495 917 307 88 696 898 86 470 181 589 
131 756 885 379 447 239 83 291 336 639 300 135 190 
296 288 227 182 702 632 853 507 805 226 749 690 137 10 533 478 914 945 946 967 971 503 593 408 645 337 766 
366 693 748 74 53 450 843 345 674 162 298 657 419 103 964 973 751 325 100 847 
400 53 545 427 703 309 626 385 898 163 104 398 463 674 485 872 665 111 59 88 926 931 957 963 996 81 809 715 528 801 609 639 
532 559 757 252 122 187 497 586 651 423 365 883 278 215 531 408 955 812 314 48 356 637 
739 451 880 361 895 402 826 948 348 834 957 
186 107 62 343 23 72 281 453 629 408 607 
414 464 835 188 405 647 700 167 807 362 901 369 638 846 157 201 547 416 310 861 743 929 956 976 215 341 359 708 14 
805 288 718 137 221 702 440 907 92 732 
262 308 822 789 603 50 614 726 980 509 479 922 
62 579 845 471 318 752 23 281 25 734 836 
382 386 258 578 722 729 905 410 785 358 667 129 695 609 616 484 147 135 348 495 525 523 412 682 319 577 61 655 140 469 374 92 858 933 943 959 968 885 447 245 231 899 391 873 706 52 260 
338 552 751 160 459 205 209 588 636 824 460 893 
161 158 521 546 169 208 689 571 299 425 
512 893 429 349 196 532 500 683 494 539 174 464 304 925 
799 294 516 408 477 339 65 888 857 365 559 776 539 757 651 972 985 995 838 580 85 552 49 
761 556 542 706 751 82 588 681 205 951 969 915 698 970 
583 251 138 664 402 153 25 101 361 844 442 621 484 172 161 
874 479 441 684 106 2 44 677 764 965 169 752 158 
856 8 895 583 401 897 511 701 645 305 530 844 350 251 664 640 223 828 206 153 733 880 282 659 317 826 622 148 25 179 686 138 155 850 472 132 32 920 61 496 264 982 
295 419 626 558 485 627 591 180 460 545 869 898 59 162 136 117 518 53 102 232 592 909 708 111 309 775 345 589 450 931 944 964 462 832 54 465 796 367 3 525 942 
873 822 437 716 279 50 842 726 213 732 452 961 
819 77 710 177 870 32 353 641 510 257 864 958 827 33 474 345 
414 547 647 700 835 464 901 913 834 201 69 997 420 81 223 
528 692 476 142 553 318 107 845 769 643 415 734 
455 345 926 545 398 589 569 869 558 680 162 693 591 518 111 909 102 74 309 872 736 944 963 983 996 504 821 885 189 86 235 24 
697 430 56 715 415 383 514 506 662 687 428 777 55 629 261 810 462 802 403 373 785 875 685 797 
917 787 240 771 495 469 348 858 386 959 886 165 683 
245 313 492 750 264 661 753 573 549 387 
774 153 306 25 402 317 622 350 797 730 284 829 451 8 897 950 588 77 963 
727 272 332 585 84 660 72 553 359 834 551 
425 234 570 648 301 307 618 863 356 189 903 990 537 112 
564 637 467 735 178 827 36 42 442 606 
657 162 693 316 104 592 136 450 53 180 298 674 627 354 719 309 944 957 963 964 970 983 996 234 726 289 661 613 958 
664 686 8 216 895 397 442 402 902 763 49 
738 578 258 322 126 771 194 682 140 787 27 609 380 382 250 890 30 344 
570 150 307 648 903 235 618 351 688 831 425 489 364 960 975 421 926 353 458 
917 771 676 729 319 525 785 202 250 124 578 695 184 382 720 738 92 678 803 322 67 722 386 147 609 140 968 212 513 156 664 133 433 117 
545 398 200 298 869 931 674 243 569 589 926 939 273 385 766 708 74 309 241 775 518 558 626 450 53 427 163 180 136 485 508 316 419 162 604 898 963 964 970 973 275 464 122 666 313 139 432 370 307 991 
805 718 182 288 749 907 221 971 493 368 216 
805 226 907 10 507 440 702 173 882 995 
307 490 814 234 496 150 699 990 376 90 
148 530 141 361 511 911 659 28 427 486 961 
763 598 899 60 448 357 311 556 594 233 751 636 203 781 82 961 966 969 982 373 354 581 455 
583 481 155 376 216 153 797 544 880 622 601 71 112 774 935 844 530 475 305 148 389 8 662 538 302 105 562 143 
505 588 636 335 706 666 82 519 763 552 922 486 582 203 801 214 751 892 962 982 570 811 508 234 96 
611 791 503 214 663 812 459 73 626 473 976 
131 756 11 379 704 378 285 885 409 675 804 760 765 359 189 63 
90 326 26 359 482 635 340 555 248 421 541 70 465 487 986 1000 680 356 992 
531 559 512 255 741 237 333 432 742 473 654 377 910 500 22 187 65 757 219 888 497 252 972 995 775 142 20 194 440 332 
157 464 835 414 913 673 362 405 587 834 188 369 647 861 547 997 558 769 361 13 
418 385 419 309 136 297 312 88 103 939 592 909 111 398 963 964 911 397 114 789 
819 712 257 865 864 77 928 870 710 177 32 641 788 549 881 679 510 443 353 109 802 458 939 618 366 705 
386 129 695 720 457 722 787 135 771 140 319 410 225 933 858 495 578 202 126 147 917 184 412 67 803 348 738 150 327 481 841 781 575 569 
283 570 234 150 814 648 817 942 307 587 776 298 
588 552 751 763 892 87 636 949 816 781 505 357 605 217 982 179 94 927 948 
706 448 311 527 130 763 801 556 951 714 505 315 214 203 584 611 816 594 969 615 202 255 655 
931 939 592 565 439 508 53 944 882 400 898 909 354 851 626 957 162 833 485 111 964 970 978 996 278 523 128 863 935 688 18 
439 604 312 354 569 944 267 104 926 136 939 665 316 385 869 162 59 273 963 111 123 957 455 518 908 545 589 295 297 298 978 315 356 35 349 234 196 255 497 
874 75 390 164 86 764 894 18 479 1 567 190 900 191 35 924 105 441 2 677 44 58 121 786 288 13 508 
87 751 114 557 459 16 176 311 949 801 203 39 202 290 252 
805 288 907 227 226 10 690 137 853 702 221 182 533 440 632 971 128 713 108 989 
183 577 525 63 722 787 202 469 943 917 994 311 281 
962 320 636 706 505 841 311 763 949 114 82 922 110 761 87 982 724 728 138 178 271 
748 665 171 693 162 627 53 345 626 963 719 419 768 366 736 111 508 944 96 843 74 939 312 322 470 182 697 26 922 
478 288 507 967 749 173 702 440 945 182 907 542 640 
12 741 615 512 68 139 255 408 229 516 794 294 921 658 432 392 237 724 446 955 156 16 210 689 642 167 
627 908 569 96 268 833 944 626 652 783 504 
465 132 326 758 359 26 90 889 286 890 340 421 337 986 1000 802 276 764 
942 831 904 490 671 493 814 356 150 39 678 417 
913 835 188 167 464 414 563 69 952 22 572 
252 470 559 187 683 133 586 995 871 338 309 
309 657 626 117 963 680 558 419 693 398 964 565 592 591 295 336 788 661 147 
214 311 594 217 816 87 801 503 653 357 338 751 666 114 582 64 605 650 146 681 660 624 309 490 575 864 
915 822 711 726 262 603 45 762 789 888 827 817 
115 108 852 80 593 413 51 625 988 402 188 81 
320 951 666 653 598 459 763 791 582 636 311 778 595 855 209 176 588 594 611 114 198 66 961 556 73 949 605 751 357 355 801 663 371 160 214 969 486 741 800 925 591 445 555 373 571 682 550 
352 163 931 450 939 96 200 59 775 882 569 565 693 898 312 418 354 412 501 984 985 994 
608 347 860 623 313 277 868 91 661 210 624 5 264 119 367 245 747 628 211 346 454 325 452 993 593 676 874 426 136 334 983 
252 423 516 559 339 333 408 470 187 477 776 497 512 365 742 228 122 219 215 921 377 983 261 92 487 437 
465 954 326 635 113 482 555 426 790 248 487 26 404 151 337 421 3 575 197 974 466 359 449 519 297 672 395 862 295 
874 479 441 164 677 190 44 684 1 191 783 900 500 121 214 884 
115 852 80 593 420 175 782 625 108 413 168 51 192 981 737 360 536 488 330 57 298 359 771 525 310 
874 441 479 677 1 191 900 86 18 164 2 684 99 374 967 
234 699 490 276 618 904 31 821 863 800 396 307 364 287 947 671 43 493 937 688 814 817 568 648 903 150 235 489 379 158 129 271 499 729 413 796 
465 90 26 534 575 482 421 555 359 635 758 132 944 238 681 738 
281 107 498 553 142 244 769 186 212 272 72 383 289 954 
20 98 661 984 581 454 210 750 820 780 633 
771 578 722 129 250 785 27 682 348 410 968 609 335 518 983 294 
531 654 633 133 14 237 888 893 512 333 365 229 429 52 724 22 586 683 619 794 955 139 473 408 278 776 215 559 497 651 734 17 128 799 977 921 999 245 137 485 581 946 853 410 124 806 555 
939 103 963 569 909 180 298 931 665 83 187 462 
929 414 310 956 700 887 835 69 824 661 
753 860 839 492 750 745 624 363 424 628 581 36 725 697 
615 651 122 734 133 12 290 562 995 721 500 215 512 392 713 852 414 90 337 
465 90 326 890 555 487 70 286 954 337 359 482 974 559 393 842 746 
