1000 9630 0
286 414 710 784 985 25 139 293 621 733 
26 207 271 323 376 965 990 127 283 285 302 749 807 839 963 
32 126 139 189 260 295 334 369 425 547 592 675 846 856 14 20 46 106 137 274 417 517 519 607 612 646 652 977 
8 61 65 109 153 235 322 739 768 281 369 444 544 789 818 826 859 891 
55 151 291 352 359 481 548 573 666 677 680 738 741 784 822 850 888 892 905 934 26 100 215 265 315 376 406 425 467 514 521 529 623 642 687 736 746 856 864 924 936 
342 365 485 514 50 58 84 146 353 511 
229 440 483 812 891 896 8 36 71 138 212 808 
4 61 101 160 179 180 192 289 301 309 477 564 587 624 876 932 7 123 172 208 263 273 283 307 337 358 528 576 601 671 741 772 893 982 
263 729 875 904 984 80 126 552 768 873 
88 181 510 534 538 577 593 654 674 744 749 773 865 46 63 225 313 353 559 658 737 762 763 904 975 
21 72 76 110 189 330 332 369 437 547 786 793 825 844 937 13 52 81 97 135 267 317 337 340 393 457 459 498 586 859 892 
29 57 194 208 292 552 744 979 1000 44 70 165 255 284 313 499 725 848 986 
51 174 286 290 291 849 939 11 40 171 369 493 605 855 865 
114 147 185 310 362 456 671 731 895 3 18 111 123 194 258 383 448 528 905 
137 184 196 281 544 576 65 127 168 666 739 939 
31 313 468 499 583 647 692 748 863 112 206 257 319 391 416 696 720 765 
23 78 212 234 364 596 659 930 82 472 485 533 633 904 939 956 
47 167 181 200 208 306 377 406 512 538 632 646 749 1000 14 41 67 131 247 317 319 338 424 488 547 548 605 782 900 910 
145 283 328 505 523 648 652 766 56 92 338 589 614 799 849 863 
100 118 128 264 280 281 320 478 553 562 566 657 661 904 928 3 182 232 338 467 536 575 648 749 768 878 911 923 966 967 987 
11 189 547 707 846 221 471 489 701 822 898 
69 71 174 190 449 488 822 61 87 302 380 565 611 
17 234 284 355 364 525 708 715 930 123 268 302 384 521 683 687 892 925 
119 404 561 656 720 743 763 858 859 866 93 142 156 187 189 246 467 658 869 968 
275 293 362 387 421 440 480 601 923 925 1 72 143 193 204 274 678 740 786 952 
2 198 255 271 376 615 683 737 903 942 956 5 69 200 317 470 509 695 711 717 756 849 899 
44 246 249 294 393 782 801 871 877 302 350 357 414 448 696 726 864 957 
106 266 365 461 590 874 920 922 935 70 99 143 237 393 488 576 897 917 991 
12 47 68 200 337 346 413 491 510 528 552 582 749 972 45 92 100 123 151 214 415 462 497 517 601 729 730 952 
87 141 152 158 161 202 224 410 529 602 886 943 68 81 112 135 304 379 386 392 491 504 731 788 933 
16 33 259 313 339 452 499 570 647 681 692 130 178 190 334 457 459 516 618 747 877 899 
3 260 334 540 937 165 232 477 515 562 903 
31 85 313 499 692 783 878 84 114 122 164 165 567 602 
50 491 749 806 979 323 648 718 803 997 
126 330 369 618 675 196 274 312 398 450 486 
204 264 695 885 904 7 105 410 645 819 
151 190 247 481 678 504 588 796 920 978 
41 226 305 319 785 861 48 423 609 611 859 886 
284 405 641 659 708 715 187 204 206 302 343 352 983 
50 304 408 469 538 637 13 55 587 608 672 691 
38 44 226 246 278 581 703 785 801 848 949 18 58 69 109 135 264 333 564 576 726 798 831 
123 124 215 268 321 402 442 532 702 728 732 734 845 952 973 81 162 228 424 469 480 509 544 564 614 659 680 741 782 851 872 
261 691 768 827 854 173 387 592 790 863 
41 27 191 246 278 344 374 393 451 581 613 684 699 758 814 839 848 873 877 12 79 165 200 205 293 321 416 440 663 696 709 767 775 784 903 991 996 
81 98 99 131 165 236 258 274 325 356 357 395 429 433 482 551 611 625 775 830 901 910 967 981 29 47 82 196 203 208 246 376 404 422 494 601 622 632 644 651 681 732 740 844 846 872 921 977 990 
59 73 151 176 228 247 286 354 385 388 418 449 481 536 640 666 678 700 701 761 765 888 939 10 3 110 191 241 255 256 283 304 309 323 398 421 532 550 586 622 634 720 721 732 774 
18 29 50 68 82 116 181 188 232 292 543 637 653 749 773 805 838 847 884 972 983 45 140 217 221 275 285 321 323 453 499 553 661 672 763 783 791 792 861 973 985 
262 264 280 281 426 478 729 984 38 310 363 474 649 741 753 824 
115 164 186 254 279 358 443 448 492 496 521 588 630 669 688 714 727 781 787 906 970 75 160 304 331 333 362 376 467 475 499 562 575 598 649 660 720 754 777 798 809 916 
34 47 40 68 82 181 216 377 472 512 543 632 654 744 865 880 6 126 129 191 235 247 280 286 297 320 418 535 558 701 732 968 
13 151 228 372 531 662 666 700 738 741 784 813 823 883 892 934 948 974 215 236 524 574 591 622 631 651 739 855 876 886 900 931 950 959 976 991 
156 209 351 411 440 519 580 747 751 798 841 857 989 11 159 225 290 377 499 545 623 684 778 806 873 988 
128 143 154 233 264 367 379 424 589 690 716 893 977 121 134 171 284 413 416 442 499 546 605 971 981 989 
90 120 159 225 378 390 471 504 506 569 584 605 610 644 897 898 927 938 987 991 87 123 139 147 221 321 461 511 552 564 608 688 729 737 747 774 794 868 882 992 
5 71 151 247 269 286 818 40 462 561 647 864 923 
119 173 317 366 404 415 474 517 762 763 770 780 799 19 98 106 261 288 437 569 570 655 678 994 
12 199 208 408 806 1000 81 96 120 168 747 996 
96 229 362 519 558 580 857 891 895 936 6 41 162 173 301 386 553 725 771 967 
46 359 368 640 822 905 948 109 110 155 329 654 788 944 
193 274 611 725 899 87 123 277 393 425 
4 8 86 94 122 197 206 240 287 459 502 564 565 624 635 768 854 860 22 81 218 308 317 404 415 494 608 621 673 684 690 695 911 925 968 977 
135 270 420 480 519 575 671 108 215 628 632 726 782 
250 428 498 560 769 798 923 10 151 359 404 652 682 766 993 
81 99 258 357 626 670 725 775 831 901 275 304 377 442 460 546 559 566 863 893 983 
4 206 261 447 820 15 209 567 572 723 
238 331 416 485 514 590 634 730 922 260 326 408 443 464 640 737 844 964 965 
114 156 293 440 817 819 18 207 218 300 303 395 403 
47 29 50 167 182 199 208 337 346 350 380 469 491 528 604 617 629 632 637 654 693 749 773 821 847 30 80 151 160 169 204 258 313 425 433 504 513 546 550 595 623 640 677 723 741 747 792 799 826 911 
22 151 286 444 678 784 934 41 26 103 120 172 304 643 
123 124 215 268 302 321 341 394 401 470 606 696 709 732 759 845 900 950 952 955 998 28 12 118 129 183 203 237 352 387 480 502 517 611 640 644 694 723 810 831 945 992 
55 22 151 228 573 599 741 7 171 221 609 970 996 
11 76 84 138 168 334 460 578 618 672 740 767 846 961 25 151 173 215 229 382 426 432 524 623 705 822 827 934 
46 548 694 701 811 246 258 267 396 664 697 
207 222 574 737 918 114 377 378 784 847 858 
145 505 648 746 766 774 868 49 359 594 614 656 883 952 
11 72 126 138 189 260 330 425 767 843 844 119 123 249 257 521 545 641 729 787 827 847 920 
499 570 647 681 692 733 240 485 633 675 916 963 
17 364 515 596 930 186 210 396 416 637 926 942 
205 485 687 922 935 44 189 448 841 857 898 
151 190 418 444 536 701 735 867 892 985 9 68 370 387 553 619 632 648 664 792 942 
64 45 98 99 131 165 236 258 274 325 356 433 482 551 623 679 712 725 792 830 899 901 11 42 61 57 30 218 333 443 468 470 480 517 569 573 592 642 681 719 807 814 873 878 971 
47 50 188 208 232 377 457 469 528 537 538 552 627 632 838 944 995 45 17 168 223 231 309 359 365 375 488 620 655 661 708 775 844 871 917 
157 257 411 508 798 857 921 485 511 594 620 678 994 
72 126 201 273 511 789 856 966 996 33 6 147 337 637 731 737 774 
33 237 313 468 499 647 863 878 179 190 247 262 374 558 671 822 
61 361 587 816 971 171 189 238 264 782 
30 141 144 152 161 202 410 446 463 487 529 835 886 943 997 54 22 60 107 126 160 322 444 470 574 580 630 657 659 814 978 
10 116 304 457 773 821 464 467 478 701 822 919 
119 317 404 517 579 780 859 122 138 192 246 329 769 925 
54 159 471 557 569 605 610 157 349 469 548 700 866 
148 324 648 652 802 826 853 108 164 179 433 491 771 776 907 
103 113 142 175 220 221 227 267 329 441 493 524 603 622 645 649 828 832 872 887 917 19 29 111 151 153 274 295 317 341 400 408 445 505 560 569 632 661 667 706 744 776 854 
248 262 264 308 542 721 24 259 325 822 911 974 
61 109 153 502 739 854 100 158 344 712 877 993 
277 388 481 710 850 940 258 268 478 754 994 
58 310 819 855 896 923 57 286 515 566 595 750 836 
213 263 375 553 571 885 904 11 168 580 602 704 760 990 
81 45 258 611 626 831 899 910 967 56 220 319 552 730 743 763 846 866 987 
45 64 81 108 258 356 623 775 792 28 176 349 512 624 651 821 892 952 978 
20 133 154 213 263 308 367 478 571 576 651 657 729 902 904 928 29 94 5 114 120 221 243 356 547 584 600 678 871 899 927 993 
8 122 179 203 261 635 788 820 971 126 244 306 411 529 539 770 984 
191 305 319 374 412 581 801 871 299 376 407 654 863 875 896 974 
92 223 353 622 645 649 872 69 394 457 495 675 724 831 
114 157 270 480 519 769 923 141 238 245 290 337 413 630 725 
114 411 747 819 857 36 289 591 932 970 
28 205 331 485 514 754 864 3 56 316 377 628 728 818 
241 317 404 415 642 763 834 858 859 87 205 439 489 534 621 732 906 913 
99 112 611 623 792 830 831 899 981 91 62 145 191 203 313 458 564 763 790 
4 94 179 180 235 261 272 289 301 587 768 788 827 860 971 59 41 182 219 253 337 393 451 484 584 807 872 889 917 
11 273 330 427 547 592 996 46 59 151 173 749 871 
169 205 239 331 438 490 572 705 809 864 92 14 261 361 483 519 565 729 813 996 
108 274 482 611 775 792 30 16 721 891 911 996 
92 221 399 808 832 872 917 389 432 488 521 581 615 749 793 
105 104 14 67 257 275 382 411 498 508 575 598 601 668 757 798 800 819 855 891 896 925 936 969 989 74 100 33 187 190 256 266 277 324 328 520 569 657 676 700 737 784 829 848 865 885 892 900 922 930 
49 631 791 840 906 357 372 440 462 860 
47 88 216 218 292 337 377 469 512 543 629 749 983 396 400 429 502 563 590 659 712 780 782 812 885 887 981 
263 495 501 729 893 158 331 364 837 855 
20 143 478 501 729 902 904 984 70 129 331 457 518 560 720 743 
89 24 56 317 366 415 762 763 76 283 381 443 495 539 573 800 912 
54 150 159 225 285 390 471 569 584 610 644 897 941 945 975 57 100 69 135 188 252 313 543 601 649 670 758 816 829 925 
230 257 440 480 483 731 53 309 491 497 514 953 
101 61 206 287 301 309 624 33 89 202 347 444 701 834 861 
70 42 215 268 300 341 394 402 442 464 470 546 696 728 732 742 815 836 909 950 952 955 973 29 60 14 76 54 23 8 149 247 453 463 503 578 592 598 672 673 678 685 727 748 943 
42 70 349 546 815 952 955 152 207 237 261 659 720 786 
148 171 283 628 648 663 673 774 807 826 916 134 241 353 395 433 457 489 636 661 786 951 
3 84 35 76 187 260 334 437 522 540 547 567 592 795 824 844 846 856 87 50 9 101 153 180 229 261 268 281 434 441 654 678 832 936 
186 254 443 492 563 588 630 631 688 787 906 2 15 328 331 345 529 558 895 992 998 
20 53 196 264 280 299 566 589 915 994 246 247 514 586 848 899 922 931 961 965 
205 243 438 467 572 705 771 803 70 118 50 505 622 801 850 925 
191 347 484 782 801 31 259 263 479 858 
45 81 395 429 670 792 899 901 967 18 221 241 261 342 385 390 454 652 716 
257 387 440 508 519 857 923 218 260 290 442 630 636 868 
100 170 213 367 576 589 657 885 904 234 444 448 538 547 703 784 818 834 992 
155 187 189 369 578 53 125 245 255 352 
62 209 275 310 420 439 440 508 519 558 598 668 731 747 751 764 769 798 800 812 817 891 931 120 11 30 41 182 242 248 423 502 612 658 715 721 724 738 740 761 773 825 854 886 918 
198 271 574 594 620 638 683 212 264 351 626 732 801 899 
15 280 281 476 544 661 685 690 984 3 291 485 655 701 881 968 974 
72 76 139 155 189 497 592 676 789 89 7 232 255 292 410 678 690 944 
138 3 578 660 752 856 968 54 1 243 418 630 668 819 969 
285 471 504 605 987 47 247 291 398 441 572 
87 30 152 224 529 943 992 104 331 807 815 856 887 
92 329 399 441 493 622 24 260 287 428 564 702 
53 118 264 299 308 367 526 544 718 893 28 25 246 285 442 726 767 909 930 987 
87 152 161 446 529 886 284 376 505 654 676 774 
19 75 148 183 283 392 507 549 591 648 774 807 868 108 207 225 229 282 318 457 531 653 724 876 989 
148 505 523 652 673 726 746 774 807 881 911 916 6 169 198 288 476 539 561 597 641 678 904 926 
14 257 275 428 439 440 462 480 841 891 921 84 54 269 292 434 513 550 609 776 839 938 
91 125 145 146 171 283 507 591 609 652 673 726 774 911 976 159 205 215 218 221 233 280 406 411 517 817 823 870 901 
344 393 475 684 839 873 963 123 221 327 525 538 778 808 
120 159 225 285 471 504 518 183 215 224 264 516 749 859 
69 55 5 80 51 71 46 37 219 247 291 348 418 423 481 640 753 934 940 29 110 63 68 92 72 213 222 232 276 282 493 499 668 684 749 769 825 872 999 
87 30 144 141 158 161 202 224 315 410 463 487 529 602 621 833 835 886 943 992 997 124 154 165 193 227 333 341 349 364 392 420 485 517 567 585 663 697 731 741 814 981 
4 94 179 180 447 459 691 768 860 971 92 126 274 480 631 652 742 821 864 943 
53 100 379 479 556 984 152 434 615 678 737 976 
138 134 168 330 497 533 567 592 843 846 59 164 185 223 510 537 576 598 735 798 
67 52 508 575 769 925 24 181 225 617 651 849 
83 104 229 257 420 895 921 90 465 599 873 899 970 1000 
152 30 217 410 529 621 833 886 943 992 94 117 304 443 564 630 646 748 885 891 989 
150 120 54 90 162 225 285 314 390 471 504 506 509 569 584 605 644 897 927 938 941 945 975 987 991 148 52 166 167 180 259 309 313 347 363 372 491 543 611 612 648 691 693 715 720 745 852 952 964 
8 192 203 206 272 360 768 829 907 87 49 68 223 335 468 639 793 919 989 
152 87 30 144 202 410 943 336 341 454 514 709 727 911 
159 285 509 569 897 58 42 380 636 977 
238 331 461 513 535 922 201 397 406 542 553 776 
49 279 430 443 521 588 630 631 688 714 787 155 33 91 471 572 646 657 671 692 694 901 967 
81 45 193 258 274 356 611 623 792 831 899 44 33 152 12 32 212 277 541 714 829 895 898 
356 611 625 831 899 159 531 709 846 962 987 
68 18 188 306 491 632 646 847 914 944 159 266 334 338 698 844 899 903 934 998 
155 72 260 497 522 533 567 592 789 824 846 996 57 82 15 97 292 424 492 496 565 613 821 971 
111 238 266 485 607 146 68 269 284 440 819 
133 204 280 288 379 566 695 721 729 977 175 279 361 471 498 640 686 785 806 833 
125 148 253 324 336 628 673 774 13 71 86 53 747 793 893 950 
221 223 227 267 399 493 872 8 69 640 767 876 938 950 
56 241 317 422 517 579 642 762 776 43 110 72 58 359 580 801 926 
22 13 400 678 700 738 849 202 319 398 421 429 486 605 886 
92 399 441 493 524 170 178 366 570 629 951 
46 286 291 354 640 677 99 192 267 330 651 775 
246 249 294 801 873 333 367 408 654 983 
344 412 500 664 848 175 31 194 611 773 997 
8 101 153 109 180 192 206 240 361 431 565 587 635 655 768 854 876 971 91 85 239 254 293 362 363 381 402 469 491 500 526 611 707 744 774 775 826 
8 109 179 153 289 301 309 564 565 635 691 777 907 159 126 201 298 310 535 652 682 845 847 858 916 
10 50 18 47 199 491 614 627 693 821 156 319 364 382 429 523 540 572 795 886 
68 377 457 960 979 135 20 109 836 915 
145 505 549 628 648 652 663 779 807 826 851 70 150 225 246 284 287 331 749 762 882 923 963 
15 320 345 544 904 984 185 337 469 625 659 666 738 
14 209 411 539 558 925 184 155 215 320 487 789 
127 49 254 443 496 630 714 78 533 596 771 829 925 
126 134 189 843 968 39 24 114 664 832 889 
167 47 82 306 377 406 528 552 646 1000 120 227 257 398 551 601 623 633 708 763 
138 21 187 134 3 11 76 260 330 547 996 79 86 24 223 385 441 499 558 572 983 
80 22 37 219 286 385 666 710 735 784 811 85 31 114 377 427 634 716 912 943 967 972 
130 102 44 249 451 619 722 758 861 877 963 108 46 50 265 356 409 668 673 690 700 784 912 
179 160 8 206 261 477 788 829 89 176 241 427 575 628 840 930 
165 60 258 899 910 967 25 152 741 885 900 970 
12 199 306 337 377 380 406 632 646 995 178 14 321 331 492 652 822 866 893 999 
234 364 405 641 659 340 352 447 542 569 
15 128 213 263 333 501 542 553 571 576 695 915 977 982 45 35 226 439 510 529 570 592 605 646 737 844 892 941 
61 206 301 502 564 756 854 286 306 374 444 518 666 863 
26 136 297 417 432 574 736 737 778 903 965 999 146 256 270 317 344 423 472 497 572 587 907 995 
57 194 181 68 408 472 491 637 646 882 983 301 372 524 631 769 814 833 850 854 921 
29 18 472 527 577 719 749 26 44 228 353 681 903 923 
84 369 567 592 676 180 163 337 470 777 
87 152 30 161 224 487 529 835 886 943 992 174 122 242 330 383 394 505 611 645 737 873 
160 101 206 261 691 108 45 70 440 485 886 
170 36 233 885 977 39 68 25 361 381 
111 106 129 79 238 239 243 298 303 311 331 342 396 416 467 485 535 590 687 705 730 754 864 874 935 44 148 107 206 232 251 286 299 306 322 344 347 377 415 437 498 510 512 560 578 630 647 789 858 877 
65 160 61 203 122 179 192 197 240 261 287 322 361 447 564 739 768 932 971 205 39 16 239 312 440 482 529 537 589 620 637 646 651 839 848 897 981 
2 74 222 255 271 323 327 376 397 398 595 597 616 633 736 737 760 862 869 903 918 965 993 999 67 145 124 305 356 362 446 467 505 514 628 671 679 708 709 755 777 788 812 858 859 874 892 897 
82 57 12 18 68 210 216 377 408 457 469 472 528 653 744 983 1000 8 45 261 395 398 455 464 501 503 513 514 651 661 669 747 839 903 977 
185 52 135 362 370 440 480 580 601 817 819 921 923 925 931 65 322 442 447 459 481 561 571 620 667 697 750 807 861 863 956 
208 216 377 527 538 552 632 78 355 366 669 758 775 839 
257 420 483 558 668 614 623 790 859 960 979 
17 234 284 355 364 405 515 525 596 641 659 665 708 772 930 136 165 7 221 246 336 374 421 638 826 845 856 943 956 
133 196 100 97 698 984 151 402 534 692 792 886 
293 387 420 769 895 29 294 532 630 890 
70 123 42 251 268 302 349 394 401 442 470 530 532 546 550 732 759 797 836 845 909 952 955 51 185 5 150 72 62 148 220 266 271 327 340 358 391 438 447 605 718 841 879 882 910 985 
208 50 210 116 232 304 380 413 512 744 749 821 838 842 944 972 238 256 308 384 523 529 546 694 787 811 858 872 877 928 934 941 
158 315 410 886 943 47 411 476 562 899 1000 
116 346 413 534 632 674 693 821 847 61 148 81 67 132 368 397 568 639 949 
151 190 290 400 694 706 109 439 727 755 796 956 973 
92 221 267 493 622 645 808 832 98 215 529 569 578 625 991 1000 
172 113 92 220 223 227 267 329 353 399 441 493 524 643 649 723 832 872 887 917 212 54 148 131 47 71 100 149 21 252 318 322 566 601 747 784 801 848 903 948 
207 74 323 398 616 633 151 312 411 443 808 935 
103 221 172 267 353 399 555 622 723 808 872 82 160 189 155 256 382 417 519 637 771 811 996 
141 30 202 152 410 529 602 621 943 997 150 380 467 592 741 923 927 
159 54 120 150 285 314 390 409 436 471 506 518 584 605 897 927 938 941 945 987 991 183 145 156 10 52 230 258 381 441 449 485 496 510 562 580 594 852 857 869 894 914 
38 41 246 249 374 613 877 196 243 245 293 403 536 662 994 
172 92 221 267 329 493 643 645 649 723 832 152 188 258 261 334 455 483 886 899 988 
51 71 46 359 418 536 741 883 888 200 42 320 424 513 648 831 938 952 
58 157 7 420 508 519 855 925 126 72 145 330 630 705 776 901 
121 257 539 751 925 225 348 438 506 652 
255 398 432 520 595 615 737 778 862 903 990 82 243 412 454 469 503 506 632 692 708 835 905 
82 47 216 304 408 457 653 749 838 842 960 151 205 138 32 20 630 787 811 841 861 961 967 
204 53 476 501 589 657 661 685 928 148 247 310 525 575 783 848 940 967 
23 195 17 212 525 596 659 708 930 133 302 487 518 552 647 729 857 859 872 
4 109 309 431 932 50 274 611 678 714 763 
45 81 274 312 899 51 248 334 819 859 935 
85 259 313 499 647 681 692 863 953 28 70 124 305 511 549 629 763 904 
66 169 205 163 331 467 485 490 705 771 935 216 104 86 264 289 592 742 797 858 904 960 996 
111 205 303 331 572 803 206 179 277 279 562 667 
179 61 206 502 932 77 493 586 652 684 766 
173 107 242 317 561 579 720 763 858 859 131 192 46 125 411 419 440 774 884 888 
241 720 763 858 859 135 202 786 837 989 
129 205 396 485 514 864 912 226 139 231 100 296 305 457 
277 338 363 585 636 710 761 784 823 883 892 101 295 413 439 503 528 644 647 648 651 757 807 
763 834 858 859 866 226 134 104 727 878 
177 44 27 226 41 278 294 319 340 383 393 412 559 613 664 684 782 785 801 814 848 871 873 980 988 183 143 89 45 128 73 212 24 268 281 346 361 367 396 445 556 616 624 634 635 637 639 654 883 983 
55 151 46 37 286 290 352 372 423 444 449 488 710 735 741 750 761 804 233 50 85 123 128 18 140 405 432 498 505 611 749 803 819 826 864 907 927 
93 264 661 685 698 718 135 236 270 340 487 846 
226 177 191 27 305 664 684 848 76 348 437 479 536 807 818 864 971 
63 421 558 580 896 335 478 578 872 942 
215 302 349 464 606 908 950 955 998 205 482 558 592 673 695 769 865 
255 297 327 376 417 465 594 620 760 919 958 221 120 329 377 470 499 543 803 839 925 977 
171 541 609 652 663 109 286 424 801 856 
49 186 127 279 430 443 496 563 588 630 631 669 179 274 416 432 584 594 627 632 686 690 736 828 981 
231 207 252 26 297 398 465 520 574 594 595 633 737 903 919 956 138 12 46 134 265 296 314 324 333 519 664 665 772 785 840 858 
263 576 685 690 695 890 114 223 216 198 46 750 
157 121 132 83 230 114 147 211 275 293 420 440 769 969 989 16 76 188 317 331 355 452 471 485 540 551 633 683 684 968 
64 99 193 165 98 81 45 274 357 429 611 623 670 725 775 899 981 225 95 14 68 73 227 284 288 391 406 444 472 489 499 763 866 879 966 
237 31 313 468 499 647 681 692 130 159 93 262 553 565 782 846 
126 168 189 3 32 76 295 334 437 455 458 540 547 592 618 660 672 767 795 824 843 846 961 968 66 132 142 265 286 306 309 316 426 431 445 450 490 550 619 625 627 651 652 678 720 750 763 860 901 
206 101 109 192 43 203 65 322 564 624 768 816 854 971 131 124 56 208 111 227 126 524 572 656 692 784 921 935 972 
48 93 264 320 391 479 542 651 657 661 690 698 716 724 904 924 977 984 259 85 325 376 427 432 458 469 520 540 549 569 592 611 736 748 810 858 978 
97 117 100 256 9 196 281 299 308 367 391 562 576 661 890 130 8 332 344 364 420 444 454 514 550 736 834 963 995 
262 53 143 93 248 20 48 128 36 333 503 556 651 716 717 724 902 915 924 238 136 41 86 150 274 283 284 293 303 598 621 648 666 709 829 838 843 897 911 
268 321 341 550 742 797 909 952 978 255 191 260 5 280 400 792 806 848 984 
169 28 311 467 485 704 167 215 114 707 817 891 
221 223 220 92 172 227 441 493 649 73 11 176 418 688 702 735 750 
215 42 265 123 70 302 341 394 402 442 546 702 709 732 734 836 900 908 952 955 973 23 95 126 246 334 358 472 494 541 552 570 650 693 723 766 784 841 904 939 979 982 
55 599 706 741 822 169 147 307 659 758 
62 104 371 498 560 601 668 798 810 819 921 248 198 280 304 316 381 417 485 689 773 809 973 
207 136 26 2 297 376 465 594 796 869 903 942 958 215 290 317 335 422 469 537 605 623 647 706 867 
160 109 287 322 447 502 587 768 829 379 498 500 527 591 602 895 902 
110 84 455 793 795 8 331 380 714 848 
112 60 45 258 165 236 81 356 395 429 611 623 625 626 679 712 725 775 792 899 967 264 153 92 254 235 35 25 3 301 331 335 471 523 529 617 652 661 684 763 779 983 
147 114 135 25 257 539 668 923 925 931 989 64 47 302 377 423 426 444 579 644 763 952 
281 495 716 729 929 151 290 467 519 678 720 
244 95 290 516 640 666 165 60 114 239 538 773 
44 41 246 318 381 393 451 664 684 697 801 837 848 871 873 949 355 419 422 508 519 533 630 662 711 757 808 819 842 867 931 989 
164 254 49 496 521 631 840 986 170 239 522 640 692 713 823 868 
128 137 48 20 170 281 333 389 426 651 698 717 982 50 265 148 270 383 453 459 567 619 720 883 992 
15 263 137 48 280 20 276 333 424 893 904 928 126 246 4 285 330 491 528 609 640 809 849 993 
306 408 632 654 882 145 151 699 878 977 
19 148 145 125 343 392 505 523 609 628 713 774 807 853 868 916 2 119 264 46 8 390 510 543 572 610 645 670 691 692 854 921 
23 39 212 307 364 405 515 525 596 641 659 665 715 772 930 53 144 183 169 264 12 258 334 505 626 768 792 810 851 906 
159 120 225 150 162 140 409 436 504 506 509 518 569 584 605 897 987 47 281 2 143 287 363 417 469 552 565 604 647 680 698 823 839 859 
1 176 247 69 46 13 55 190 291 338 434 536 548 568 636 677 678 735 745 822 870 948 957 985 50 96 197 205 253 260 323 493 506 526 611 647 674 684 687 703 734 748 776 799 814 862 863 908 956 
272 61 206 122 309 564 565 655 183 285 142 295 307 491 605 847 926 
170 299 695 924 982 258 56 146 485 903 
109 8 180 360 450 502 564 565 768 238 105 328 463 555 569 584 720 909 
247 277 219 13 548 640 689 735 823 132 276 271 104 52 343 382 524 729 869 
286 5 176 151 13 338 423 444 488 710 738 892 948 137 140 310 392 431 470 602 630 716 726 766 770 871 904 
12 116 47 350 377 457 543 838 960 995 1000 147 168 138 308 440 465 559 916 928 951 981 
257 67 214 25 370 384 440 462 480 747 841 857 931 989 264 179 1 44 226 304 357 389 393 466 612 783 788 974 
27 177 246 381 667 684 801 873 214 369 370 469 499 528 609 657 
260 3 330 334 460 533 856 92 287 244 577 602 629 640 
424 571 651 690 716 885 924 255 243 357 569 581 596 612 
198 271 252 255 323 327 376 486 594 736 903 958 50 400 418 503 576 612 637 684 759 936 944 1000 
205 331 454 461 490 180 420 560 573 855 932 
128 263 143 288 724 102 205 356 485 836 
123 401 546 734 950 952 67 504 506 604 689 694 887 977 
8 180 109 197 122 502 788 907 274 199 58 355 399 444 582 662 984 
251 268 70 215 321 394 401 402 442 470 709 742 815 900 909 952 964 978 275 22 234 39 23 2 27 304 368 505 519 548 688 690 749 768 933 982 
239 205 396 416 754 803 946 951 67 264 374 674 767 807 909 985 
232 216 88 40 413 457 491 537 545 593 604 614 627 632 654 693 744 773 805 842 884 979 983 995 302 46 49 69 158 293 270 30 64 349 388 410 432 448 536 583 601 657 702 774 854 892 897 941 956 
249 102 38 319 500 608 619 782 785 794 848 873 949 207 237 243 334 405 448 526 647 696 832 884 888 
167 18 188 282 194 491 538 632 749 773 913 983 205 101 260 197 483 494 554 571 630 684 923 930 990 
284 405 596 659 772 930 8 269 287 495 630 784 928 
263 143 93 100 494 556 576 698 716 875 994 61 292 216 464 515 519 558 617 707 744 860 
8 122 235 180 287 477 564 756 777 788 827 876 907 121 82 46 159 260 351 367 469 519 614 676 744 984 
135 96 14 411 480 483 519 575 586 598 755 769 819 895 921 180 233 291 48 347 359 380 591 729 732 740 744 866 965 973 
266 205 467 572 864 935 400 424 435 507 640 976 
236 623 792 899 981 222 206 35 654 763 
31 85 16 33 237 259 339 445 499 570 681 692 748 783 863 878 953 108 12 10 68 159 120 332 345 361 430 652 674 782 832 918 923 943 
159 225 471 584 991 255 323 558 774 918 952 
152 217 446 835 886 943 5 426 580 654 810 870 
357 433 482 611 670 106 270 260 330 457 918 
241 119 89 56 107 173 404 407 422 517 579 642 720 743 763 770 780 858 859 959 26 18 271 198 257 11 61 92 337 349 441 547 627 652 698 716 783 869 892 918 929 
278 381 393 667 684 703 145 221 424 584 826 934 
102 246 305 38 381 559 722 782 873 954 988 174 181 18 98 16 394 499 501 528 733 784 987 
184 20 262 566 729 228 185 50 681 969 
265 70 42 302 394 470 732 978 998 47 44 194 54 482 527 556 760 
4 272 261 206 788 854 221 209 205 87 609 631 
297 2 207 222 376 574 796 869 918 46 314 34 286 47 572 676 838 922 935 
171 91 392 505 549 591 652 779 114 255 436 443 496 517 813 905 
81 45 712 725 792 899 262 93 371 589 602 675 976 
505 609 774 826 962 66 484 545 923 958 
207 252 297 398 465 736 215 149 335 423 709 773 848 
19 343 523 774 807 868 881 911 916 127 114 289 356 552 637 762 919 970 
142 92 221 227 441 493 524 59 89 252 467 563 774 846 904 
189 76 155 295 35 110 11 369 497 540 547 567 592 618 789 846 961 996 229 316 176 202 281 505 605 626 657 662 669 758 807 861 903 924 931 972 
111 106 205 238 298 163 239 66 335 396 416 454 490 514 607 705 754 771 809 864 874 912 920 127 117 141 183 118 49 274 257 273 194 333 392 407 503 509 558 561 665 686 692 702 765 873 
11 437 567 767 793 313 263 395 731 934 998 
281 264 196 280 345 367 424 476 553 556 566 690 711 716 717 721 729 885 889 890 152 41 255 81 331 177 49 433 456 472 483 519 574 603 680 722 931 937 980 983 
72 295 260 32 3 126 369 455 522 540 567 592 618 789 844 894 937 227 31 167 305 236 268 284 376 393 436 484 632 669 782 812 817 853 901 
331 467 572 809 879 922 160 250 274 327 271 473 525 
171 392 648 802 826 161 212 817 823 913 
29 194 116 68 377 408 510 537 593 600 632 749 184 104 8 317 84 11 109 201 423 581 621 678 
291 286 244 403 444 573 765 867 892 18 19 20 167 383 637 676 730 783 835 
313 31 499 647 748 446 741 763 841 983 
246 374 664 684 699 195 11 215 248 784 885 
265 123 70 268 442 530 734 952 964 973 998 92 152 161 420 499 556 588 710 714 727 733 796 
6 205 454 461 485 572 607 131 369 493 576 638 742 831 
283 328 507 541 652 774 802 39 290 441 669 725 763 767 798 
44 149 178 667 697 782 861 263 205 198 94 805 806 897 
184 333 391 651 690 889 977 313 127 558 588 609 618 648 725 
29 218 68 469 773 246 359 364 449 713 807 
130 393 475 758 873 205 159 310 122 585 
151 710 741 818 934 249 230 493 705 962 
215 251 124 709 732 909 952 90 317 304 152 99 441 650 
68 292 510 527 552 600 646 838 27 420 454 493 574 587 598 601 
52 371 480 558 601 923 309 136 491 661 870 903 
5 247 488 662 680 706 745 849 892 39 195 70 134 480 625 824 965 
221 223 103 441 524 872 887 917 10 200 125 6 373 392 481 620 984 
46 176 444 694 784 822 471 572 618 619 877 882 
212 23 659 665 708 257 278 301 210 631 
165 166 81 99 274 45 482 611 792 830 901 100 207 299 328 191 538 762 800 822 868 949 
64 316 45 258 395 611 626 792 899 967 296 27 115 293 545 549 640 688 758 890 
49 492 521 630 727 781 8 215 268 410 566 581 853 
59 5 228 388 444 548 568 573 640 761 784 818 849 310 82 63 346 75 173 483 567 695 748 902 913 
160 289 361 876 932 377 398 495 685 762 990 
206 360 86 179 447 820 829 111 170 246 313 204 553 646 781 
25 209 58 14 411 498 751 49 207 179 426 675 850 968 
244 400 548 599 678 818 159 179 48 285 519 652 664 
195 78 17 212 284 23 515 525 596 665 930 346 117 152 263 181 416 519 607 803 870 
28 6 572 803 864 82 406 732 884 993 
56 119 415 517 743 210 175 592 695 746 892 
133 263 143 100 333 53 553 556 651 711 889 246 177 309 387 572 588 667 734 760 883 920 
59 481 573 640 666 888 302 218 370 637 645 673 891 
334 134 330 11 201 3 35 427 455 522 567 592 676 767 844 966 13 342 294 4 394 398 451 530 620 637 645 710 738 777 892 932 983 
293 209 498 554 731 368 80 294 710 832 
270 351 769 817 921 325 579 626 642 799 814 
247 51 400 481 640 689 700 710 867 892 940 115 199 159 515 538 559 596 715 900 952 
457 543 600 838 960 353 411 444 581 751 753 
102 340 44 226 381 393 484 667 684 722 782 814 873 877 988 197 85 212 303 440 474 584 663 704 842 882 914 917 937 974 
97 389 494 501 716 724 915 82 394 430 579 599 945 
2 207 271 252 323 297 26 398 417 432 595 918 919 942 965 993 262 144 102 49 334 45 5 440 519 562 722 792 835 892 921 968 984 
292 182 208 82 18 50 116 188 210 337 194 457 510 527 552 614 617 744 773 838 865 884 914 983 74 252 52 106 205 64 275 190 360 381 403 415 458 481 524 529 547 592 755 780 844 891 933 962 
54 471 506 518 584 605 644 74 419 456 480 706 756 842 958 
170 154 53 424 929 30 272 465 607 732 892 
194 68 216 406 457 466 491 528 627 162 224 310 273 22 571 887 930 931 989 
278 294 319 318 374 383 393 608 613 667 684 697 782 790 801 861 873 119 377 225 179 270 204 421 441 460 504 584 659 820 830 858 953 
114 387 420 480 519 72 181 223 290 506 859 
246 381 581 608 758 814 202 338 280 14 572 606 
293 387 586 747 757 216 23 393 732 826 
46 190 434 488 741 765 811 131 189 392 812 899 970 
476 478 495 651 729 977 58 30 398 481 782 987 
384 382 214 25 132 440 519 560 757 43 367 80 70 590 618 621 628 815 
46 359 95 741 761 304 485 632 724 808 
375 280 479 556 562 729 875 293 113 433 618 743 803 925 
54 159 120 225 504 605 898 131 283 525 626 635 906 967 
345 263 262 553 716 729 994 16 215 258 394 574 720 856 882 
324 336 283 145 549 609 628 648 713 779 826 881 916 976 30 331 353 152 385 291 419 502 516 539 547 605 674 800 988 
381 149 44 374 278 246 347 318 27 453 475 500 664 684 686 790 794 60 293 384 28 334 11 109 466 492 499 538 540 625 764 872 906 930 951 
268 215 123 302 321 70 402 442 464 709 732 836 952 391 375 369 319 103 202 489 519 533 584 708 755 877 
131 274 45 357 433 611 625 626 679 792 899 901 981 125 208 67 332 398 440 538 588 605 677 784 819 934 
205 331 243 303 438 490 513 535 572 73 116 246 78 441 457 499 529 595 770 
207 398 465 574 683 903 218 163 442 782 803 814 891 
255 222 231 397 376 327 207 417 432 574 594 638 796 869 903 918 926 933 958 965 990 999 386 46 369 188 208 395 140 174 360 35 408 528 618 622 772 780 794 803 807 850 876 960 
223 172 113 142 175 221 441 872 301 528 561 736 737 747 854 953 
363 219 372 174 423 568 678 311 297 92 265 116 546 847 
300 302 215 70 702 642 788 823 888 989 992 
123 268 42 302 394 709 728 964 973 179 213 560 589 684 697 720 730 782 842 
338 444 449 585 640 678 735 850 870 67 377 226 479 713 728 752 758 884 
107 317 56 24 89 422 762 763 770 780 858 866 61 45 63 424 427 616 628 778 826 908 920 948 965 
307 39 195 284 212 772 305 247 522 567 761 945 964 
188 18 194 380 457 491 512 527 537 552 646 744 749 960 979 148 258 365 163 5 461 548 588 689 752 761 809 857 962 
317 561 763 780 858 331 102 516 574 731 862 
282 337 57 208 199 232 40 617 654 749 838 995 398 177 66 92 453 492 507 568 650 680 863 904 
225 285 584 605 898 191 568 574 684 760 858 
152 30 217 87 224 158 161 487 529 602 943 997 36 358 304 138 434 474 557 672 710 767 808 968 999 
105 114 83 185 310 362 52 421 428 480 891 101 217 148 241 222 373 645 651 783 844 971 
246 102 178 453 559 667 697 861 231 641 765 768 834 838 862 864 
216 304 29 218 457 469 604 637 806 838 983 53 104 244 605 648 683 698 795 827 947 948 981 
1 488 741 870 892 27 480 540 567 801 
107 56 119 366 422 474 720 762 763 776 780 799 859 866 947 205 61 29 377 440 442 766 800 836 845 851 885 889 937 942 957 
331 66 303 205 485 535 572 607 879 935 951 44 16 53 364 78 254 424 478 615 763 841 936 
376 252 198 398 520 737 285 270 3 223 427 462 807 
80 228 46 151 745 297 50 267 139 557 819 
516 531 536 738 822 241 278 378 392 828 842 
382 229 62 211 157 214 257 135 421 462 580 755 819 841 969 152 263 298 350 341 579 648 701 710 723 886 952 964 997 
25 250 411 420 539 969 212 381 174 46 505 599 
404 317 415 173 474 561 720 762 763 780 858 859 947 45 278 271 473 485 555 622 623 632 640 923 972 989 
291 151 247 400 444 678 850 892 337 38 275 135 198 327 440 692 903 
281 379 333 53 296 476 651 657 661 716 721 724 885 915 977 416 404 228 253 42 318 18 168 311 613 686 741 752 789 873 925 
3 76 522 592 856 60 5 68 432 492 
48 280 526 690 729 885 260 315 275 362 72 898 
110 369 460 592 844 262 190 192 417 404 852 
147 63 411 480 586 142 780 830 984 995 
131 274 45 258 775 967 981 174 181 116 657 754 834 994 
254 164 448 630 791 375 313 744 846 921 932 
235 179 447 502 820 827 291 260 453 460 523 600 
398 198 231 376 597 615 633 638 760 796 869 254 72 247 262 113 304 425 489 536 585 898 
395 316 81 45 611 625 899 68 333 125 91 389 639 647 
286 385 536 678 741 934 940 126 154 410 147 563 794 965 
528 534 600 842 882 311 605 694 716 799 858 
225 285 471 557 569 584 605 334 324 556 564 618 630 923 
332 260 126 11 547 676 843 56 205 249 623 792 882 891 916 
129 111 396 572 803 230 215 659 838 996 
135 147 456 921 925 219 244 196 107 692 709 
132 293 25 387 135 67 147 52 257 7 121 209 483 519 554 560 575 598 601 819 921 395 203 44 241 115 292 376 206 415 169 374 423 445 457 683 744 763 851 952 966 
221 399 353 175 329 142 92 267 524 622 643 649 723 808 872 349 396 189 317 126 381 225 343 140 537 728 775 896 925 
215 123 394 341 268 302 42 470 546 709 742 908 909 950 952 209 415 143 64 397 132 53 482 493 572 639 689 731 942 
49 164 127 186 254 448 492 521 588 631 669 688 781 66 119 222 324 81 158 499 722 739 752 789 835 947 
423 354 403 69 291 80 359 338 247 516 568 599 666 678 689 694 745 784 804 850 974 263 301 197 373 275 133 87 258 122 4 456 470 606 673 676 713 731 868 995 996 
313 499 570 647 783 92 246 440 260 935 
315 144 87 529 602 943 992 207 339 603 640 647 696 959 
153 206 272 65 361 431 477 971 215 209 195 545 547 640 805 940 
430 443 49 630 631 669 714 727 840 906 986 79 305 304 14 133 27 493 594 768 796 904 
247 403 46 22 678 710 818 892 225 346 487 556 559 609 698 815 
289 502 564 565 827 35 260 622 853 995 
191 44 278 559 703 814 873 369 109 481 485 596 642 656 798 
31 499 692 863 878 257 460 520 581 868 
412 393 684 686 722 782 848 408 280 431 123 47 558 895 
298 331 342 946 951 161 263 231 350 131 592 
334 369 260 273 460 533 793 825 966 227 208 604 652 702 732 819 848 
439 14 586 601 810 852 895 444 333 378 526 611 633 741 758 
304 406 82 208 413 88 232 373 377 380 182 292 537 582 632 744 806 995 316 103 440 118 11 396 31 145 125 243 558 644 664 665 745 855 872 954 987 
260 578 618 660 740 825 996 262 377 108 737 836 928 
153 61 907 932 971 31 280 209 11 899 
455 295 72 427 592 381 64 431 452 485 868 
342 298 163 28 864 54 406 543 640 686 876 
420 293 147 560 580 755 989 29 417 115 55 684 745 909 
87 152 529 602 992 123 289 491 734 892 
251 394 123 709 964 66 208 308 88 782 873 
252 397 271 255 327 620 379 292 157 533 710 909 997 
380 537 654 773 914 293 393 578 610 734 795 
238 266 311 335 205 129 485 607 771 809 920 935 951 276 24 329 224 207 5 49 20 88 482 665 753 817 866 
259 85 16 499 647 953 81 160 713 760 792 875 980 
208 116 68 82 413 346 40 510 528 534 543 600 744 960 983 1000 231 90 309 179 184 271 285 294 42 262 487 493 521 840 867 924 
215 442 302 70 321 123 546 702 742 759 909 952 964 978 81 291 444 26 87 201 252 521 524 560 589 594 662 966 981 
90 150 314 140 120 225 54 159 436 378 504 569 584 605 897 975 991 354 164 21 274 257 170 531 621 653 664 706 778 795 837 869 880 952 
208 200 50 199 880 944 1000 333 198 258 268 17 566 716 750 
652 766 826 853 881 422 335 775 790 847 922 
422 415 56 858 859 48 374 410 501 738 844 
393 149 347 758 814 49 583 645 668 762 796 
424 386 333 233 137 553 651 885 146 217 658 678 699 899 940 983 
8 192 309 447 816 829 32 611 638 682 710 716 882 
100 386 118 48 20 544 562 893 416 88 250 95 481 673 743 952 
262 154 389 904 977 249 130 403 738 921 
104 209 62 310 121 411 351 428 147 382 25 293 519 751 769 841 352 70 153 414 81 378 42 481 513 569 594 599 640 672 774 821 955 
95 37 368 372 46 151 5 531 599 689 706 892 940 451 386 209 480 478 377 353 485 519 642 661 769 984 
316 81 356 45 112 611 625 626 712 899 981 467 442 251 206 321 497 565 648 674 822 919 
121 440 7 211 310 333 227 359 111 306 864 
130 374 782 839 954 326 334 109 563 690 940 
106 169 266 205 416 6 243 238 66 467 342 79 513 514 572 590 704 771 879 935 946 17 77 83 288 270 388 460 152 481 422 257 299 137 451 225 203 567 569 575 598 662 680 
297 616 737 778 926 965 174 35 545 564 613 775 
152 87 202 410 529 602 943 992 248 185 449 469 234 548 729 762 814 
22 352 247 414 385 291 516 678 701 82 28 113 18 556 832 916 978 
521 630 669 714 727 906 125 432 21 394 107 258 549 671 910 
396 331 111 298 238 513 864 260 587 726 745 830 859 897 1000 
167 34 306 29 406 181 304 199 380 68 528 538 604 637 674 960 979 351 463 287 179 281 121 30 91 159 611 642 661 699 826 835 855 931 943 
49 443 358 127 521 630 631 669 714 906 194 408 168 425 393 549 784 858 885 903 928 
142 221 329 172 92 227 220 267 175 622 828 872 887 240 442 469 342 348 151 13 286 448 350 566 648 784 791 
375 308 576 711 902 928 268 306 61 45 816 897 
276 117 386 576 721 982 103 119 307 360 895 991 
279 49 254 186 521 630 631 688 727 906 970 168 324 225 571 590 606 633 746 753 848 895 902 
138 168 330 155 786 961 29 482 121 198 784 936 971 
63 370 270 362 114 895 925 936 989 205 170 247 272 11 536 603 836 897 924 
313 31 237 16 259 85 339 33 468 445 452 77 570 583 647 650 681 692 733 748 783 863 878 49 52 396 252 443 53 319 12 341 47 258 294 393 189 151 537 593 630 700 838 850 960 977 
178 305 393 559 873 954 179 272 673 719 745 946 960 
196 233 117 375 118 566 729 929 319 474 208 563 737 957 971 980 
289 450 240 431 61 197 272 94 301 565 587 655 777 816 829 854 932 971 135 116 392 70 528 614 649 667 693 701 728 825 844 845 859 879 944 965 
264 651 657 716 885 890 893 208 231 123 244 331 297 528 
390 471 150 159 285 140 54 506 509 557 569 584 605 610 898 945 987 381 37 68 300 30 606 637 749 785 789 801 822 823 903 973 981 
19 326 324 146 75 183 283 507 523 591 609 628 652 673 766 779 129 207 247 284 202 144 421 92 330 302 608 709 740 875 880 892 965 
225 285 54 504 159 378 569 605 897 231 300 230 382 286 594 859 919 971 972 
148 343 505 145 523 549 311 408 684 711 888 988 
132 229 114 156 83 135 554 857 921 278 553 691 704 749 773 837 935 953 970 
159 504 285 162 569 605 897 898 331 42 26 632 649 717 844 960 
469 10 350 29 337 377 527 552 744 225 196 155 283 205 586 655 792 952 
84 592 707 767 789 996 54 237 6 83 909 943 950 
50 116 216 18 406 205 99 519 718 763 
490 163 396 485 572 912 935 147 228 480 208 68 534 584 885 
106 6 66 331 485 243 771 803 935 121 207 128 5 208 161 263 584 787 899 
284 78 364 212 659 372 32 96 308 884 899 
277 444 488 419 678 741 870 150 31 407 392 628 641 865 
366 56 317 89 173 656 720 763 776 780 799 858 866 947 152 3 81 324 29 148 70 530 543 605 729 808 836 873 922 
378 285 150 225 991 197 118 234 698 749 
135 310 229 52 382 480 62 440 387 132 58 104 575 586 601 668 731 769 800 819 855 891 895 921 276 394 111 309 308 302 364 363 481 3 376 278 512 333 223 255 538 543 605 649 695 714 720 987 
255 231 417 737 903 452 114 262 572 843 873 
496 358 164 279 49 492 443 489 630 631 714 791 840 76 5 469 113 470 23 546 569 616 821 881 993 999 
334 369 126 168 425 789 279 405 648 663 690 756 920 
507 328 505 283 146 19 628 652 774 911 962 431 181 216 274 647 741 804 870 937 971 995 997 
221 329 441 92 353 175 555 603 643 649 832 51 290 199 377 72 470 261 528 564 768 942 
212 364 234 23 284 596 390 149 233 335 767 790 
143 426 690 718 885 984 305 456 179 286 584 586 594 802 
200 510 350 406 377 210 582 637 806 882 321 272 529 560 574 602 634 709 751 989 
82 380 68 29 208 491 188 469 435 545 552 632 646 653 693 806 914 524 398 244 319 8 281 503 502 399 294 14 714 763 771 802 840 925 
152 30 87 410 141 144 224 202 487 446 463 158 602 621 835 886 943 992 997 196 220 127 206 216 377 527 101 396 5 274 586 603 646 667 749 755 856 907 
215 341 546 728 973 517 369 710 878 961 
481 51 419 700 822 892 145 471 166 596 824 874 
215 42 732 952 998 214 46 551 556 744 
295 155 168 455 547 567 278 186 394 17 465 640 
218 469 435 10 632 646 847 944 513 107 213 547 648 685 712 799 903 
396 205 163 416 920 180 50 579 753 915 973 
46 228 286 419 434 80 636 639 678 694 753 867 974 249 498 226 304 20 432 607 663 723 744 779 789 
406 337 457 82 466 304 441 271 206 155 499 858 
40 18 210 491 82 306 10 545 582 674 749 372 393 395 149 519 133 356 277 586 769 774 824 
275 421 230 185 560 580 101 146 119 392 678 716 724 
260 334 32 330 126 257 262 393 414 181 748 
253 343 628 648 652 779 976 268 165 574 576 731 788 822 848 
196 93 262 571 690 195 163 547 677 923 
47 50 116 292 373 469 577 632 749 865 120 159 519 252 517 283 461 908 910 965 
15 143 184 137 478 984 42 4 613 636 858 983 
538 304 528 600 749 806 983 995 486 52 357 76 326 447 624 751 
442 123 268 215 300 470 530 124 550 606 702 709 815 952 521 68 216 64 53 400 619 706 746 786 826 869 895 992 
260 3 189 437 126 330 110 533 11 21 567 618 672 786 795 856 894 961 996 447 542 534 133 392 18 317 377 100 806 830 873 899 902 913 925 935 955 
290 363 286 5 359 73 741 811 18 487 90 302 406 617 630 739 798 
183 145 324 392 507 652 726 774 868 237 489 492 357 262 573 574 768 952 
546 265 215 900 952 46 68 147 260 263 891 
45 81 725 901 981 188 257 532 605 636 
528 82 350 12 406 29 188 377 510 210 749 847 54 285 98 328 268 9 234 613 692 720 958 993 
196 97 476 333 20 367 391 556 695 875 904 361 58 47 508 163 259 80 640 857 921 925 
440 508 370 598 757 306 661 696 738 845 
524 223 645 808 872 289 422 689 897 947 995 
367 389 308 333 154 553 264 651 657 695 729 904 321 449 246 436 341 488 532 785 831 847 851 864 
90 436 504 605 938 418 410 592 678 820 
250 135 211 185 351 58 575 580 747 798 817 936 989 251 331 345 50 314 127 189 453 85 308 457 692 894 981 
451 500 319 246 412 790 814 848 861 449 292 372 10 64 590 744 749 946 969 
539 462 63 270 387 440 731 757 769 527 402 470 118 205 92 298 678 952 976 
422 241 407 24 720 858 55 399 146 209 331 935 
478 20 263 389 566 576 690 893 928 217 225 49 239 32 376 569 854 870 873 
254 127 630 631 714 727 906 970 501 116 484 434 329 628 675 886 945 
287 309 8 61 180 206 197 261 450 289 655 768 971 142 41 42 524 108 436 158 54 486 647 716 895 955 
180 61 502 179 287 289 450 756 932 482 168 285 111 259 22 647 681 804 861 
128 501 333 562 20 320 170 690 977 984 64 493 96 221 472 358 647 733 934 943 
334 547 533 369 330 168 126 332 201 155 618 676 786 966 152 280 485 414 405 65 33 359 638 735 741 758 898 930 955 
359 444 400 286 662 822 934 408 409 218 601 725 771 864 929 
471 509 506 90 159 285 54 120 162 504 436 584 605 610 644 897 898 927 938 987 991 92 296 114 480 485 81 262 56 521 289 195 220 562 600 782 789 819 824 943 972 
499 77 445 31 313 692 733 196 268 56 175 649 837 
196 100 296 97 542 729 984 380 209 496 306 768 987 
129 239 513 311 365 485 335 416 342 396 111 438 607 634 803 809 912 920 946 261 354 520 65 323 140 283 442 181 198 367 189 383 164 774 961 964 995 996 
368 359 338 5 71 640 694 753 784 804 892 119 298 549 81 609 703 773 797 878 942 
255 323 198 74 397 398 136 597 633 737 903 933 942 965 999 391 549 51 87 407 333 350 409 527 541 622 699 753 767 995 
62 440 114 156 310 519 558 812 936 192 485 20 233 49 615 632 818 864 935 
196 562 100 133 263 308 494 256 495 15 657 729 977 155 8 541 342 28 297 41 583 660 739 895 896 957 
10 200 543 806 842 295 628 708 737 745 973 
139 134 458 72 966 205 466 123 250 220 
89 173 241 317 642 720 763 834 858 275 420 371 535 375 666 701 765 
539 52 420 462 58 558 209 250 586 757 819 931 87 97 173 225 315 623 643 690 737 739 866 900 967 
44 41 102 383 684 697 703 873 877 337 296 358 373 452 113 708 781 908 973 
527 29 538 457 617 637 301 590 732 796 849 976 
499 16 647 692 878 475 304 576 597 666 
409 54 225 504 285 120 159 314 378 471 436 569 605 610 897 927 941 945 987 991 109 514 318 394 526 381 374 100 513 254 289 657 670 737 782 852 878 899 943 960 
244 403 640 883 892 152 432 347 780 806 
428 456 384 580 310 519 598 817 852 895 936 128 11 529 240 526 538 510 46 652 678 778 
8 109 272 86 502 179 816 876 907 350 490 40 198 652 712 848 873 887 930 
49 254 127 443 164 630 631 727 787 395 37 345 406 341 367 648 731 901 908 
128 133 53 233 982 19 470 206 325 402 
66 485 28 205 879 946 582 387 116 496 559 813 
148 324 145 505 648 652 868 916 51 105 272 310 630 704 759 839 
138 168 201 3 126 511 110 425 369 330 155 427 260 334 460 675 676 752 789 795 824 825 844 894 968 81 557 454 43 196 224 251 262 123 238 366 377 632 687 721 749 782 807 822 831 854 870 886 920 954 
10 304 337 773 880 499 647 771 840 948 957 
252 271 255 398 297 136 597 620 862 903 933 526 75 83 448 480 225 506 470 254 716 997 
376 207 231 255 615 736 737 796 926 396 68 96 632 744 808 890 897 
525 212 364 284 234 17 78 307 641 659 930 531 296 186 451 372 611 714 724 825 864 906 937 
594 432 207 574 737 918 942 965 990 146 583 623 682 793 846 966 985 
586 135 114 310 440 554 764 49 350 123 485 264 155 770 785 
481 71 363 269 444 700 745 375 157 480 421 754 971 
350 373 469 337 435 545 100 569 431 644 669 811 
351 25 440 270 456 519 114 209 668 764 923 350 304 8 568 221 120 188 29 45 808 
152 529 487 224 410 446 30 463 835 886 943 291 33 272 527 295 325 97 635 650 722 788 927 
524 92 643 649 917 333 498 529 446 951 
304 413 68 491 995 455 300 285 700 989 
159 54 409 225 504 378 584 557 140 90 285 509 436 390 569 471 506 610 897 898 941 945 975 13 53 413 287 215 18 196 271 174 551 519 392 435 330 395 517 645 716 737 744 792 798 939 
70 251 546 728 950 444 496 504 383 780 
416 572 169 467 342 331 754 536 3 364 379 845 934 
383 305 381 684 782 871 54 505 40 61 710 897 
505 253 283 148 392 326 628 658 663 673 774 802 449 38 147 294 281 573 71 322 345 684 821 899 
504 605 54 90 569 584 120 897 283 466 720 888 986 
166 274 395 356 112 433 258 98 165 60 45 357 316 482 108 623 625 725 792 899 901 967 981 202 596 179 286 456 70 262 159 477 38 235 491 22 247 178 614 647 649 678 680 736 877 973 
614 632 749 805 983 296 297 135 159 3 293 
246 381 44 226 619 697 782 801 871 552 486 544 168 424 688 689 787 793 804 
377 612 181 304 629 719 821 838 979 1000 75 502 211 19 611 42 309 659 724 922 
231 432 26 595 620 990 154 575 113 416 684 741 
207 222 486 683 990 404 246 521 838 868 925 
582 377 408 68 960 972 156 308 548 274 690 923 
334 35 260 567 547 458 72 330 767 398 436 354 31 387 345 389 628 877 992 
305 613 191 782 785 354 80 546 280 260 
252 594 136 615 465 903 993 82 83 206 369 209 353 941 
152 529 158 224 833 886 943 61 387 471 1 264 337 107 740 
223 493 441 103 220 142 92 643 723 808 828 872 51 450 45 398 574 129 422 46 738 903 907 952 
258 81 312 108 611 99 165 274 625 830 831 899 901 271 72 52 437 597 68 5 580 188 422 211 768 847 893 
261 122 61 8 739 816 246 545 99 711 825 873 
623 166 45 611 482 274 433 395 725 775 792 899 393 352 184 260 220 703 741 745 784 842 859 923 959 
64 395 274 357 98 482 830 981 136 284 390 330 371 766 880 955 
380 181 82 304 972 254 260 317 921 970 
183 283 171 392 505 609 523 541 125 648 652 658 746 766 774 911 976 387 106 577 62 563 207 618 192 516 404 692 753 865 873 952 971 977 985 
68 614 116 646 744 882 237 295 175 676 707 757 988 
49 521 164 496 489 254 492 358 448 127 430 563 186 588 631 714 781 787 791 840 970 986 232 132 548 214 87 278 158 307 229 306 291 104 205 499 591 139 436 828 859 883 901 923 983 
492 496 521 630 443 115 563 254 164 127 279 588 448 787 840 51 355 199 322 153 649 667 717 741 765 865 946 960 1000 
528 337 543 18 167 50 457 282 304 612 218 210 68 82 194 306 534 637 674 693 749 773 847 865 913 254 45 595 92 575 62 422 509 388 334 231 80 592 651 764 807 809 819 825 830 904 959 977 986 
574 222 255 432 207 903 918 926 456 17 496 257 188 77 758 981 
66 572 687 771 874 246 190 527 46 817 
101 61 179 180 788 860 390 246 602 676 707 735 
244 286 536 678 811 939 948 544 125 132 162 551 862 
413 491 527 40 68 632 47 582 199 646 744 749 847 979 983 223 368 206 328 84 369 78 504 338 246 297 648 780 896 906 934 
398 432 136 778 796 993 342 212 567 477 663 679 829 
536 640 678 689 745 818 974 442 160 218 246 433 724 881 933 
359 585 277 573 59 46 176 403 372 368 151 639 290 666 677 678 735 741 784 804 813 818 892 939 957 70 295 311 68 446 279 553 281 480 357 170 66 422 533 172 447 461 720 722 769 782 871 917 923 935 
212 596 284 195 39 659 146 516 412 76 710 918 
579 317 173 107 720 743 762 763 776 859 451 5 401 371 481 491 81 684 889 979 
524 603 441 622 221 227 808 887 69 580 687 742 797 904 929 960 
378 120 569 54 159 898 945 244 275 70 600 457 45 861 
555 220 227 103 92 649 723 828 832 872 887 475 605 411 202 36 368 369 283 652 735 
629 528 350 637 188 18 534 167 194 199 406 842 914 3 158 164 529 206 196 361 652 709 716 739 851 
499 583 339 16 85 259 237 31 77 468 445 650 681 692 733 748 783 863 878 953 433 285 205 234 305 523 55 565 244 593 286 611 271 566 564 446 663 782 795 947 
145 75 125 591 19 392 541 183 628 91 336 673 726 766 774 802 807 826 976 637 522 534 345 493 413 159 420 80 482 228 588 34 20 244 264 651 653 681 771 
645 103 227 221 524 603 267 441 92 828 872 570 48 502 519 509 631 49 611 120 684 763 954 
499 647 681 783 863 268 349 408 602 741 
345 280 264 296 476 556 100 262 367 424 386 503 661 690 695 724 890 893 984 260 648 206 99 51 632 176 45 411 208 156 244 655 732 774 931 955 965 
253 183 148 146 91 473 19 628 324 523 505 549 541 591 343 682 713 774 826 853 868 911 916 976 363 586 194 313 180 131 153 317 260 3 587 455 63 240 274 230 646 645 769 781 795 848 858 905 
528 47 208 232 880 995 471 145 648 784 792 829 891 
10 68 50 282 408 304 466 749 805 806 882 972 177 315 246 126 102 144 312 59 676 768 836 862 
179 564 502 287 907 971 56 651 82 510 137 664 916 
24 517 762 763 859 866 959 75 261 451 678 801 844 965 
556 100 133 233 424 503 262 20 576 661 994 294 584 330 164 114 429 304 87 677 818 864 
609 628 663 807 851 476 24 135 10 879 
284 17 641 212 307 39 596 515 234 195 355 708 772 184 116 614 381 438 124 269 42 87 791 878 899 995 
139 260 458 676 844 49 576 706 871 881 
263 233 657 424 137 20 248 262 651 695 729 890 977 125 491 92 82 351 274 47 208 481 554 666 892 899 979 
568 352 51 677 750 226 470 301 485 278 330 
253 658 609 183 125 673 713 826 916 638 647 536 374 152 44 522 872 873 909 
393 178 249 246 278 340 790 861 980 80 73 363 457 471 255 655 187 764 834 
284 364 355 212 708 331 467 255 457 707 977 
640 277 5 51 190 46 444 368 745 940 985 197 661 15 264 583 184 579 715 916 967 
374 318 381 344 412 294 782 814 848 871 873 367 502 239 631 92 529 209 681 817 892 982 
275 211 135 114 601 270 519 798 151 475 139 191 709 725 777 863 
49 492 489 254 448 443 970 986 600 330 208 343 334 210 711 822 
131 258 64 316 725 792 899 981 120 283 584 673 789 858 875 883 
62 14 891 923 925 8 164 85 207 489 
547 72 260 707 740 825 968 123 47 40 480 410 760 785 
648 125 505 609 663 171 146 148 682 726 774 807 826 853 868 368 191 123 61 251 500 670 478 444 731 803 848 903 909 971 985 
491 10 218 538 632 865 913 286 482 313 392 303 742 904 
592 3 35 844 937 966 563 325 103 362 77 840 
437 660 592 567 138 369 201 789 825 844 846 856 654 629 635 309 144 114 338 444 323 679 802 874 985 
640 286 176 5 662 905 657 395 542 68 793 794 
69 640 286 46 639 516 488 174 444 403 363 423 536 434 449 37 400 636 694 813 818 867 883 934 656 260 126 146 100 83 138 557 560 123 586 25 337 611 539 276 154 56 235 476 685 782 890 950 975 
274 81 395 831 899 638 676 207 776 904 987 
5 352 701 784 811 611 42 285 408 485 333 
499 650 647 237 31 313 77 259 692 783 863 648 667 45 200 565 320 81 752 798 850 989 
652 673 774 851 881 63 180 477 597 998 
616 26 136 397 737 993 23 413 440 257 780 802 
393 278 44 246 581 340 249 374 149 453 608 318 381 294 703 722 782 814 837 848 871 873 462 306 151 642 409 402 609 274 649 52 615 297 61 257 240 507 286 732 815 830 936 977 
137 248 256 233 718 678 534 360 123 740 992 
393 453 782 839 848 424 254 461 331 170 725 
205 634 79 704 730 592 23 286 643 5 734 
49 164 127 496 443 840 970 302 357 54 267 613 754 873 
481 290 372 639 444 784 406 270 300 613 555 442 690 
262 651 566 542 256 526 345 426 562 137 333 296 53 890 904 982 191 302 617 254 689 61 580 522 138 484 709 817 873 887 892 960 961 
43 203 153 180 854 971 508 159 283 40 972 984 
499 647 313 583 77 259 237 16 31 570 33 452 681 733 748 863 878 953 261 231 628 213 423 439 331 164 283 552 558 279 741 774 784 816 899 947 952 
304 68 632 528 218 181 268 159 502 763 828 875 916 
219 354 678 73 444 573 536 892 216 70 300 164 435 817 887 902 
288 556 256 170 196 36 661 651 553 721 366 359 251 61 26 519 753 801 844 998 1000 
123 70 836 909 978 305 446 44 27 554 16 
581 344 381 613 412 278 839 871 402 209 73 152 716 744 952 987 
308 280 262 213 248 902 904 167 285 449 413 317 518 719 
340 44 758 848 954 980 574 282 491 476 811 870 
599 51 531 372 46 174 870 604 114 191 499 90 721 773 801 
73 680 488 80 46 735 750 870 934 957 985 88 50 420 21 579 122 137 502 758 774 826 847 
470 401 546 42 268 955 304 267 142 455 331 958 
318 684 451 581 41 848 573 286 625 133 751 774 
687 266 485 864 935 374 97 591 508 859 
331 111 205 238 129 348 229 72 789 843 929 
219 481 269 352 741 850 870 271 471 92 546 660 378 729 
672 21 511 844 856 635 179 266 308 665 629 
665 39 355 23 659 212 234 715 581 82 394 207 577 231 188 971 
349 394 546 268 302 70 442 464 402 732 734 900 952 955 998 207 646 439 690 166 161 44 668 327 527 505 264 714 996 
449 291 1 372 247 190 244 95 348 753 784 823 849 850 465 410 370 477 369 420 641 608 341 530 773 858 872 918 
333 494 367 729 977 982 994 26 507 669 624 278 792 
81 325 482 274 792 534 587 94 116 838 933 
283 652 663 392 807 826 851 279 444 403 346 468 898 
630 49 492 563 448 489 186 164 521 165 235 519 528 341 273 596 709 875 
39 708 284 23 930 666 135 372 159 802 949 
391 424 296 276 333 308 53 503 264 262 375 717 724 729 904 929 984 477 594 697 564 539 291 646 190 472 317 131 435 605 826 865 903 944 959 
333 264 716 280 893 26 509 631 899 906 913 
685 248 143 526 977 512 34 215 731 813 943 
200 614 744 838 882 698 81 500 732 812 976 
579 517 24 415 241 242 642 561 422 317 763 776 799 858 859 866 947 391 289 159 402 280 49 124 519 46 610 640 260 552 276 118 16 771 784 
695 424 333 495 93 170 724 889 977 46 592 135 112 700 803 844 913 
684 319 453 374 191 801 848 376 443 333 602 640 958 970 
645 622 223 227 441 221 808 68 70 65 268 536 420 746 759 
721 651 262 424 264 299 375 716 924 928 145 639 614 103 388 539 596 135 782 871 
611 625 81 670 274 325 258 551 64 60 981 568 686 104 12 668 345 343 58 735 835 854 949 
648 148 549 673 146 868 911 27 41 143 490 62 291 996 
563 489 496 49 358 448 588 970 219 161 341 123 245 761 778 847 
606 42 402 530 123 908 998 403 502 441 106 749 814 829 873 
320 426 100 576 118 276 389 333 711 556 9 501 386 391 117 661 170 48 571 716 875 977 54 517 76 706 29 487 111 234 290 310 745 758 762 811 816 864 867 872 903 942 953 972 
687 66 205 864 874 29 338 98 402 832 989 
370 560 519 121 135 14 817 841 923 989 332 588 30 152 407 442 718 673 444 541 84 
215 123 42 321 709 394 532 70 349 268 815 836 845 908 952 955 998 46 684 379 310 45 384 719 107 651 136 582 50 365 455 737 746 878 935 
499 570 692 77 647 319 341 1 566 749 910 
268 300 341 709 42 367 286 463 687 466 954 
80 290 190 403 640 701 286 247 155 645 725 567 635 267 737 798 
327 207 297 595 198 903 399 254 263 611 262 5 940 
74 520 198 683 207 486 26 417 595 574 231 597 255 760 862 869 903 933 965 732 735 154 54 114 202 501 84 196 605 458 580 66 584 577 10 399 806 868 991 998 1000 
5 174 51 419 291 934 948 957 622 554 135 184 369 474 479 826 
4 206 624 94 768 777 829 548 576 443 15 51 580 646 
72 672 458 793 966 996 621 25 685 505 45 135 310 
5 388 516 640 71 548 269 51 414 706 228 434 385 247 348 753 784 823 883 888 892 985 48 42 615 567 339 68 523 193 650 224 692 424 625 631 152 456 8 816 852 863 886 899 
302 265 123 470 442 900 238 153 643 674 342 948 951 
366 642 24 317 763 858 947 389 478 98 118 758 767 
637 719 510 377 629 208 457 406 50 304 216 10 469 12 773 972 559 92 308 595 532 430 310 179 536 309 605 697 440 846 893 943 949 
666 286 418 444 352 599 639 822 892 577 490 625 500 159 462 729 457 781 877 
75 628 146 826 851 868 5 732 366 723 546 496 
384 52 293 105 135 558 764 798 812 819 923 57 221 208 171 31 54 399 68 876 950 963 
499 647 16 339 692 313 783 878 158 123 286 359 540 262 835 841 984 
306 408 543 545 216 632 232 29 538 654 612 18 68 10 637 406 116 34 200 337 47 552 20 592 183 2 302 504 529 151 559 113 733 150 508 110 518 247 728 759 766 774 822 846 848 
701 662 247 784 811 822 892 267 260 256 209 96 472 936 
52 135 480 362 230 527 545 373 703 873 
139 592 795 937 996 424 443 681 403 406 
741 536 710 151 573 822 934 48 373 695 467 574 496 535 628 
331 303 205 106 607 599 429 95 688 49 880 
310 420 462 757 891 923 219 377 394 529 207 822 
565 197 309 829 860 522 26 378 891 928 
554 384 560 114 580 755 387 923 989 244 278 629 761 762 833 885 887 
383 699 475 44 191 347 790 794 801 848 963 210 567 330 456 269 357 701 729 403 120 633 743 
470 70 215 952 973 749 591 723 297 804 
252 432 737 207 778 919 933 942 321 367 97 672 409 468 889 962 998 
388 359 46 244 247 813 406 727 405 135 757 923 
173 656 119 404 642 56 415 422 763 834 858 959 10 360 328 183 475 356 729 757 487 808 841 955 
415 317 24 241 642 56 656 407 743 720 422 404 107 119 579 517 242 762 245 780 834 858 859 866 959 528 47 235 312 343 512 258 275 260 10 649 416 98 339 237 188 440 693 274 108 792 811 890 973 986 
601 135 747 598 923 393 632 664 806 844 
385 46 338 784 974 631 412 16 579 331 
505 648 628 473 19 75 826 868 415 749 291 626 268 63 240 979 
618 332 369 76 511 72 260 789 825 846 574 143 410 44 525 172 743 343 303 898 983 
4 179 206 43 739 160 109 289 153 272 564 261 61 820 971 412 623 571 654 524 448 549 9 302 20 284 784 918 947 955 961 
519 214 371 135 63 480 560 310 104 156 257 798 251 652 481 199 640 89 538 151 846 903 971 984 
56 404 317 858 959 291 598 396 101 922 
238 331 129 467 634 514 485 935 951 91 593 720 528 648 568 186 223 58 776 
284 659 405 212 307 398 255 8 803 943 
47 744 88 346 632 68 593 377 306 466 10 304 700 277 327 135 573 710 508 270 178 783 804 966 984 
328 682 652 343 549 148 673 609 648 75 326 171 146 283 125 145 523 628 807 881 962 651 329 179 314 84 572 144 46 701 538 54 304 749 480 241 692 703 789 903 925 982 991 
274 258 112 625 429 99 45 64 967 179 441 210 44 82 486 176 473 886 
415 720 642 173 517 799 866 947 959 771 163 91 286 92 147 229 679 809 
739 502 309 180 971 201 207 668 369 49 892 
231 638 198 760 486 942 956 471 52 727 586 149 404 782 
505 324 183 392 541 807 274 536 809 811 904 957 
404 89 422 763 415 317 407 56 517 858 428 683 116 606 377 398 637 585 864 921 
443 49 358 630 906 970 745 581 361 652 798 851 
613 619 130 344 684 319 686 27 667 305 608 374 381 484 246 453 785 801 814 837 848 954 963 334 778 724 18 42 592 397 386 569 464 678 584 86 116 62 640 313 647 402 259 841 843 971 999 
499 650 313 445 748 647 681 33 863 338 293 47 233 411 317 773 912 944 
710 190 5 354 750 1 244 359 765 444 680 51 741 573 69 689 640 818 822 883 939 340 74 261 492 692 319 625 114 44 307 493 497 395 191 133 653 720 768 221 268 875 989 
38 246 619 782 305 41 873 556 255 170 504 672 598 
547 567 497 11 937 242 124 125 546 25 
588 49 127 164 631 630 970 216 613 514 232 76 830 838 842 
309 301 109 635 101 322 192 820 876 293 541 59 207 30 401 602 874 977 
592 84 522 330 168 138 676 511 334 767 793 844 937 705 4 205 536 443 569 670 185 774 424 504 812 838 
381 664 559 393 758 814 980 525 211 108 473 43 1000 
521 115 430 630 970 493 659 47 921 998 
356 625 611 108 325 112 274 357 312 712 670 395 99 165 131 81 899 901 910 967 510 763 468 653 68 284 711 437 213 376 265 605 80 47 863 903 912 947 955 984 
11 740 332 455 273 789 856 613 171 597 160 113 677 970 
393 305 758 801 848 873 677 54 398 434 869 923 
547 592 752 260 126 273 825 968 181 413 471 652 466 647 850 977 
638 398 595 432 271 323 993 219 37 448 341 475 582 973 
265 215 952 955 998 643 573 238 856 865 989 
52 558 114 747 270 769 63 83 668 135 921 925 548 735 451 681 605 781 155 41 343 49 899 975 
720 56 776 415 517 858 859 534 286 19 68 435 371 909 
114 519 135 810 817 891 356 392 415 119 945 955 
41 278 130 177 613 381 794 782 758 246 27 722 102 294 839 848 873 253 221 414 695 129 656 173 136 504 700 805 810 883 894 979 995 
336 91 609 343 648 676 528 526 715 683 
438 572 514 239 365 129 303 809 864 935 951 721 34 673 397 398 364 772 252 247 389 881 885 
573 444 640 247 934 957 613 773 759 523 565 923 
612 47 654 304 960 447 801 344 938 943 
577 528 527 57 413 34 545 654 457 265 547 170 344 585 737 52 764 901 
283 328 673 774 658 183 125 145 648 713 146 779 868 916 962 592 330 249 209 398 632 2 303 417 141 109 346 81 244 979 
220 555 223 441 622 723 643 113 832 222 278 595 517 388 601 762 7 149 410 
467 803 111 572 331 335 920 632 281 779 270 406 776 49 
270 800 456 896 925 70 284 262 801 315 
190 73 636 680 548 750 385 822 600 223 216 729 779 699 763 232 868 
575 135 7 747 921 207 789 719 385 334 116 
761 640 678 51 822 324 718 111 590 814 975 
684 782 451 475 383 667 559 44 790 246 374 837 873 988 286 81 87 813 152 728 487 397 371 199 866 899 904 976 
302 732 546 123 124 836 684 387 141 449 833 906 
624 261 86 477 502 587 876 741 729 120 692 494 819 926 
135 67 731 371 800 209 558 586 841 857 923 667 334 690 148 336 266 467 694 634 868 971 
449 363 640 639 678 784 359 55 348 4 133 106 657 575 249 856 955 
105 580 67 310 420 747 209 440 96 270 519 114 855 925 931 989 169 36 236 278 569 139 816 395 632 247 455 418 822 892 932 988 
431 361 768 65 101 788 854 381 557 858 872 952 984 
88 181 216 68 218 614 847 609 153 168 521 480 99 864 877 
568 745 286 269 811 531 5 59 750 753 813 22 354 784 419 867 888 905 957 88 749 194 356 482 541 21 592 504 669 93 819 85 755 72 848 966 980 
741 51 244 710 290 905 336 279 148 504 285 401 
260 168 126 592 968 569 352 538 48 531 
767 676 11 672 592 458 455 795 844 135 624 502 632 596 151 893 989 
648 746 713 336 91 652 663 766 392 183 473 326 673 125 853 962 404 318 701 491 179 384 247 546 212 68 738 4 716 888 909 925 
109 450 431 309 43 413 76 72 935 984 
645 622 649 92 493 254 630 419 693 838 
361 739 160 272 192 756 502 477 165 638 114 728 264 186 120 653 
626 108 45 623 81 356 787 490 547 428 684 381 632 
623 679 165 64 98 166 108 342 592 70 41 228 103 556 940 
645 808 92 113 221 227 220 524 488 730 187 370 313 126 305 901 942 
152 621 158 886 943 815 170 757 199 846 941 
762 245 107 579 763 263 664 122 133 429 412 
152 602 202 529 315 87 886 443 231 748 491 725 338 376 
215 123 732 815 268 394 696 955 973 458 415 498 517 182 299 96 654 931 
782 814 684 278 877 508 242 471 117 570 
292 413 377 232 82 350 47 614 719 373 216 408 264 412 499 787 789 712 828 616 323 438 883 894 921 
44 697 801 149 686 484 848 949 988 591 147 206 2 285 252 210 208 898 907 
630 631 448 279 688 521 115 906 986 192 469 255 675 528 593 854 858 901 935 
420 731 147 817 52 293 480 895 923 931 989 416 215 339 762 232 782 79 748 268 977 981 
232 646 304 216 435 577 1000 787 278 625 402 419 378 374 
155 187 76 260 437 844 782 705 264 520 928 930 
334 11 675 707 789 369 660 825 592 676 843 126 427 76 894 961 968 996 377 411 721 656 509 764 45 196 474 502 82 167 695 66 916 955 973 1000 
732 215 70 42 909 554 607 212 502 180 415 
155 72 126 676 260 3 330 21 168 767 894 961 996 749 259 769 166 430 597 98 248 45 833 744 329 927 998 
218 632 68 552 167 534 47 821 637 913 995 74 400 76 180 623 473 556 727 287 701 903 
699 278 667 839 41 249 686 559 246 794 703 722 801 782 684 758 453 178 44 305 877 949 988 455 496 12 822 233 114 265 327 221 652 273 541 587 128 673 206 749 859 881 890 916 929 930 934 
13 352 359 710 174 19 156 26 281 582 
423 706 403 5 95 444 710 199 681 795 499 362 398 129 935 
713 682 746 658 183 881 916 781 646 42 556 284 415 440 937 
586 456 855 923 925 936 159 741 225 584 427 886 
473 283 652 826 91 673 450 358 334 893 900 988 
502 197 322 179 691 820 43 261 94 61 592 304 840 725 135 283 399 92 562 199 894 
852 819 519 96 114 229 857 895 989 117 491 51 298 457 13 903 981 982 
139 126 793 295 547 3 676 84 707 425 253 818 529 5 391 797 141 212 881 910 925 
293 52 58 817 508 83 855 132 105 79 225 406 553 234 863 924 
561 407 579 474 743 763 780 517 24 404 317 107 422 245 770 762 799 720 242 241 859 947 74 130 492 840 180 652 381 207 537 238 710 262 435 255 216 820 544 409 205 670 871 924 983 
720 422 245 415 656 763 799 858 24 89 241 474 107 242 317 642 506 382 502 38 236 211 285 207 4 11 150 490 848 704 234 625 630 
109 756 61 635 153 308 115 260 867 934 
38 559 664 191 344 381 412 644 565 122 232 330 47 209 946 
231 737 207 594 918 933 654 636 407 412 286 885 893 
499 647 313 452 681 650 692 783 16 237 85 878 953 102 741 408 792 64 209 19 197 857 286 668 43 928 
205 111 331 365 490 730 704 461 106 243 311 803 912 922 946 951 247 412 596 568 5 657 556 27 249 780 55 729 575 153 483 821 956 
10 674 632 543 377 50 983 995 628 251 716 631 114 13 797 516 
415 720 656 404 24 517 776 245 763 258 90 467 814 98 580 310 194 
80 678 822 338 372 536 957 469 271 860 729 278 971 
766 75 591 145 328 549 746 807 283 726 652 673 616 811 132 460 356 452 54 279 737 444 817 893 
323 398 737 432 271 207 918 290 471 24 546 225 317 794 
701 706 516 286 700 403 414 883 592 364 523 562 699 148 351 315 
246 684 697 278 613 102 608 667 27 873 980 291 858 724 660 100 640 82 110 914 978 984 
92 622 113 493 353 441 221 399 649 103 555 223 172 645 887 457 729 216 393 234 45 109 250 151 42 663 820 710 921 949 983 
305 500 381 294 801 785 177 581 684 814 44 278 246 149 451 319 794 374 667 871 347 877 963 157 331 624 628 690 52 424 547 81 751 520 587 728 9 202 517 464 663 562 688 907 926 979 983 
331 28 205 634 730 788 207 531 676 942 
729 308 389 9 553 924 984 670 468 693 505 784 714 102 939 
179 816 360 8 587 788 309 51 461 145 172 398 747 892 
44 873 226 374 27 837 848 191 581 611 354 216 94 745 31 394 205 618 821 
499 692 313 647 583 33 85 452 863 748 953 584 732 20 573 81 282 659 245 530 923 
335 590 416 485 920 658 502 258 215 918 
593 653 472 50 983 471 754 626 505 947 
392 774 146 682 328 851 473 856 848 803 660 137 521 639 
629 527 199 654 435 282 719 477 354 54 374 391 215 183 437 
585 870 244 51 741 784 678 228 892 670 246 838 75 367 801 280 630 980 992 
377 47 304 983 995 241 305 403 365 515 896 
526 426 36 133 204 424 476 333 97 503 296 904 340 757 415 862 803 116 158 513 492 114 193 972 974 
152 602 87 315 833 144 621 158 217 202 529 30 835 943 992 227 852 592 203 775 563 135 181 38 174 420 51 741 213 959 
493 92 643 353 221 645 872 300 690 587 116 380 757 141 694 
822 741 228 5 46 368 401 241 507 305 826 610 
345 333 721 367 904 187 415 109 642 760 
661 256 690 651 263 333 503 214 763 357 848 678 595 990 
671 7 800 519 755 411 114 147 58 135 923 377 158 550 368 397 653 437 112 266 756 4 
585 741 694 750 352 372 449 640 338 244 80 531 51 5 883 481 573 423 745 291 414 940 957 317 505 366 114 690 376 379 369 661 23 99 819 463 876 207 11 777 304 667 196 894 932 969 981 
717 143 651 503 281 117 478 562 53 8 171 853 825 744 868 64 623 862 194 
844 334 547 592 846 892 801 558 225 854 838 
586 841 310 519 14 58 214 855 498 157 456 127 165 272 453 576 546 496 495 564 965 998 1000 
250 114 810 7 96 989 884 441 576 637 102 988 
159 285 569 225 610 54 509 471 162 584 506 605 120 898 987 344 494 207 264 555 206 595 608 498 490 28 304 923 979 
569 504 409 54 897 644 605 390 509 987 426 432 165 767 713 79 839 567 21 943 
611 236 325 679 792 258 625 433 274 312 670 395 482 165 166 81 131 98 623 108 60 193 357 910 981 157 167 26 100 661 459 476 515 798 717 385 31 584 514 659 217 547 136 128 741 814 227 609 692 915 
302 742 70 268 709 550 955 372 18 51 853 114 580 193 
623 81 64 611 551 395 792 45 356 131 981 260 588 164 334 148 806 630 832 840 229 954 
100 264 494 698 118 977 496 359 694 547 272 964 
397 620 594 198 255 207 271 297 736 737 520 633 574 26 231 398 918 919 926 942 956 993 999 32 729 673 847 855 769 716 221 774 792 330 200 504 208 534 351 167 44 288 492 423 622 916 977 
716 281 20 9 885 889 698 553 36 133 100 479 690 556 262 118 97 184 984 17 448 238 268 632 146 329 408 237 674 291 679 643 10 814 779 957 983 
822 5 677 59 823 652 231 14 324 906 
115 781 49 563 492 496 448 840 489 127 970 393 284 717 815 637 596 390 905 107 915 984 
301 309 180 459 587 160 655 247 839 873 529 622 198 91 
251 732 268 442 728 404 286 581 588 543 984 
696 845 302 265 470 349 123 442 215 511 303 143 673 462 465 799 826 663 289 
193 792 98 45 899 733 856 18 489 215 543 
652 146 148 328 523 726 628 68 264 61 112 20 93 161 999 
864 513 331 243 572 190 119 783 792 191 
632 847 306 674 972 983 336 359 717 721 107 547 
466 528 377 646 167 225 871 374 934 945 
128 424 264 196 375 928 984 182 906 899 535 943 946 967 
652 125 146 392 283 807 328 851 591 663 976 180 848 437 655 666 292 903 844 77 693 49 488 
113 353 92 221 603 640 109 374 82 28 
398 323 903 633 862 597 74 207 376 869 879 317 135 313 314 768 710 641 316 986 
255 376 760 252 903 482 328 160 88 506 
467 809 572 535 879 28 331 935 367 76 592 37 522 404 923 943 
812 209 440 798 147 310 83 519 157 371 270 508 439 931 479 261 791 553 45 872 430 283 376 627 199 780 838 957 
864 163 28 66 79 335 114 517 473 614 128 323 770 
104 747 351 601 757 25 96 671 132 891 817 63 852 209 731 275 841 755 764 925 931 224 804 436 55 617 313 326 183 542 794 630 878 200 640 897 920 306 20 625 422 761 
875 296 264 724 288 262 857 858 5 330 469 498 
209 810 114 185 229 671 275 498 798 25 923 230 156 819 852 439 936 89 252 424 616 120 23 826 389 186 547 774 528 441 856 61 553 129 996 
398 633 595 903 486 965 816 146 173 287 873 78 
159 569 54 225 584 602 100 846 224 247 
724 562 100 20 281 494 915 233 843 216 292 307 756 863 492 458 
276 716 501 379 984 568 848 317 643 705 
596 212 234 23 307 284 17 715 78 364 393 306 843 567 192 114 143 587 380 848 966 
275 580 209 923 921 293 841 819 135 491 380 836 330 278 651 333 128 51 938 
8 206 235 360 502 565 459 240 971 369 105 430 298 892 819 946 948 991 
594 862 760 574 398 737 712 302 30 377 639 975 
701 69 151 5 348 804 568 753 678 434 738 51 216 167 72 318 914 860 637 566 848 395 332 607 990 
28 205 513 803 704 311 485 514 920 416 79 771 467 238 946 547 850 640 827 445 732 575 222 323 236 561 508 840 261 998 
498 558 586 114 575 58 852 925 989 684 297 126 750 416 5 497 943 987 
11 675 786 32 752 789 334 333 523 596 851 415 374 
225 569 557 159 54 172 228 805 931 147 
636 46 13 784 640 17 605 15 268 875 
372 481 434 151 892 666 95 484 447 233 831 736 476 
159 120 225 584 605 196 833 620 216 304 
271 26 903 376 760 574 597 778 965 573 415 250 78 80 442 832 524 874 729 
152 529 161 886 30 87 202 833 217 158 487 224 602 621 410 141 315 446 992 997 190 805 123 569 313 566 744 212 936 153 511 772 718 584 491 898 915 920 951 969 970 
216 534 472 167 82 979 983 716 297 783 502 59 138 
605 159 644 584 120 225 504 563 405 375 914 70 800 
590 572 935 864 303 485 454 559 500 631 932 915 861 983 
743 776 858 415 720 517 422 647 768 692 443 880 555 792 413 
51 286 59 738 636 291 404 932 742 593 221 413 
305 839 848 41 278 988 218 715 744 872 356 725 
300 442 70 251 606 123 511 171 678 747 51 172 
303 771 864 467 454 416 803 125 742 943 292 175 603 393 
550 302 546 265 759 300 124 470 532 732 123 341 709 70 215 268 349 442 394 42 797 964 973 998 75 549 420 372 440 471 314 692 478 697 99 820 560 622 25 29 275 159 228 510 628 980 981 982 
692 647 863 313 237 878 468 381 399 729 508 121 977 
782 319 484 500 699 901 457 592 649 734 
124 215 123 70 836 268 732 709 251 702 900 797 547 762 768 844 651 567 818 800 480 792 626 564 
255 903 26 778 965 999 212 286 209 864 219 17 304 
804 738 640 701 286 822 892 867 593 415 576 921 27 779 501 904 
398 297 271 252 965 722 378 552 326 702 
317 762 776 763 770 656 625 51 886 716 446 632 
373 292 406 491 469 617 182 232 805 631 509 398 500 643 690 211 584 238 499 
846 497 260 330 547 72 844 232 768 128 572 530 690 995 
523 826 774 807 326 760 348 406 377 166 
873 149 191 782 758 77 747 183 263 2 
302 341 402 470 464 952 973 405 66 420 159 902 572 992 
597 398 486 956 926 574 2 958 942 737 198 207 376 310 895 505 651 656 543 502 434 352 128 66 404 995 
455 84 567 740 578 675 369 597 470 822 930 440 20 773 258 
611 45 193 131 357 775 792 429 274 98 981 232 915 20 164 390 580 666 58 233 190 
672 795 592 844 187 260 824 139 362 137 50 376 257 24 410 61 
420 257 114 421 989 320 139 892 559 943 
630 781 563 787 906 496 669 727 791 688 49 508 328 105 722 193 627 793 157 71 385 943 
101 932 655 502 179 777 447 153 768 86 261 109 459 691 564 206 497 867 411 817 673 523 81 708 769 506 249 599 782 53 501 168 628 
617 47 744 654 913 627 216 29 422 506 885 569 330 729 190 261 691 
402 42 836 268 759 341 952 530 964 123 978 219 310 763 504 270 581 796 611 535 47 577 844 
536 444 765 51 639 293 885 102 93 137 374 
159 605 120 471 987 798 678 813 10 933 983 
541 648 148 628 392 916 652 51 719 560 154 814 582 311 325 
721 479 196 576 170 902 262 718 386 729 424 566 661 711 204 53 345 162 788 499 208 3 45 684 252 841 628 795 632 61 300 665 903 282 953 
470 321 696 973 265 302 488 262 87 99 871 37 
34 406 491 182 12 614 637 944 304 268 661 807 873 766 801 211 897 642 
699 246 871 664 790 883 952 822 333 468 501 
725 108 482 395 901 899 611 45 967 551 258 312 626 429 670 53 504 892 470 206 855 633 558 413 292 841 952 152 116 254 
711 589 280 495 196 690 288 952 667 302 774 8 855 268 
637 865 377 116 880 944 208 304 199 413 306 612 47 913 884 545 469 1000 339 872 369 630 177 767 975 946 873 333 39 64 904 544 858 274 189 476 246 
48 526 929 262 9 213 118 651 544 571 875 716 915 566 904 184 154 137 265 691 353 773 871 769 820 908 309 481 748 428 906 827 376 792 101 301 
701 1 666 80 286 741 47 215 676 597 673 628 303 
669 840 279 630 448 12 632 918 763 610 
898 225 54 140 584 159 504 285 897 569 975 571 457 679 98 386 20 936 143 166 319 519 697 
814 246 949 848 374 839 319 896 819 392 52 629 227 507 853 
819 757 855 293 462 841 731 114 498 969 936 257 52 275 558 896 797 527 145 380 401 730 681 422 784 158 242 604 825 160 53 278 
398 615 231 616 2 597 934 360 306 97 890 45 
54 518 314 569 471 225 584 159 932 737 51 220 44 495 774 28 
152 943 158 141 886 487 446 463 529 202 70 546 127 964 280 54 401 133 685 618 883 
903 796 683 620 638 207 376 94 365 281 100 521 552 63 
657 391 128 308 711 429 56 83 95 226 
884 865 408 653 847 304 604 82 545 292 457 194 965 555 444 961 572 523 574 801 428 659 263 198 450 
846 458 844 189 511 168 752 740 110 547 84 330 57 572 223 44 112 709 726 444 71 238 111 925 438 
152 87 224 529 943 410 465 34 523 420 178 594 
532 321 952 251 70 732 797 728 341 709 791 737 682 695 167 760 332 895 935 846 127 
198 207 956 398 903 574 151 521 911 782 194 410 
842 188 12 983 472 18 614 292 57 469 208 217 844 790 895 695 157 631 490 220 297 737 
