1000 10036 0
38 59 75 235 284 557 560 228 242 535 544 657 901 
334 594 761 792 904 427 463 573 693 966 
61 119 294 296 302 441 480 483 638 698 925 985 52 160 224 271 332 362 415 598 747 763 828 887 
53 73 88 169 190 193 474 528 886 897 922 950 33 284 430 492 502 576 649 662 709 797 947 977 
163 401 539 557 766 21 167 287 379 892 
360 419 607 608 904 42 72 524 693 790 
20 64 129 253 293 341 373 404 454 463 501 566 720 722 733 739 747 829 862 864 923 936 959 1000 32 98 108 136 142 300 385 394 438 462 526 553 588 640 811 823 842 846 874 893 902 920 951 988 
169 380 490 889 950 240 459 517 721 838 980 
226 429 445 492 826 913 119 142 563 617 732 745 763 
96 101 201 368 421 516 912 140 197 211 278 316 515 920 
101 118 167 319 516 614 750 757 880 16 17 26 49 87 128 269 517 564 
61 716 925 946 957 70 110 402 453 541 942 
70 218 409 544 711 426 603 660 733 929 
17 247 260 854 965 161 213 306 393 562 930 
71 286 557 734 845 943 207 338 343 459 669 787 
17 100 527 711 819 854 871 11 20 227 303 313 460 532 798 
16 14 47 70 117 242 260 386 388 470 502 527 574 711 782 830 854 942 965 11 23 28 40 159 212 239 244 301 326 376 381 404 575 651 678 733 839 906 993 
354 621 636 767 850 967 261 368 436 597 766 931 
135 258 563 577 628 785 786 834 137 268 464 499 519 705 830 885 
7 293 426 463 720 16 39 122 332 471 711 
110 537 538 586 795 805 836 873 5 405 468 592 677 678 751 985 
47 65 79 437 571 711 743 782 908 921 965 55 84 238 321 474 593 619 682 712 865 898 947 
38 75 108 126 160 401 428 539 712 845 17 257 335 353 441 730 821 873 908 923 994 
90 113 130 701 860 868 994 61 86 218 504 795 857 876 974 
37 314 319 516 702 750 100 348 527 744 748 790 796 
111 191 208 462 579 620 639 677 708 715 751 811 842 846 865 874 11 63 108 203 317 352 400 624 635 661 675 721 740 883 903 937 
38 125 176 235 248 286 337 812 875 251 275 352 436 516 623 693 704 922 
573 605 653 840 997 17 49 336 452 954 
51 190 464 773 857 996 172 177 277 781 833 872 
548 643 645 820 898 972 95 203 448 524 535 994 
109 578 695 881 914 423 524 719 755 897 
121 191 325 335 358 579 620 980 7 283 316 463 494 720 728 947 
158 247 251 309 437 527 570 711 830 908 4 90 227 354 500 755 826 922 946 976 
213 464 521 596 998 499 560 843 883 965 
221 246 273 310 321 370 399 512 524 573 590 593 613 651 653 691 835 934 997 121 126 203 236 274 336 419 448 479 507 591 602 608 630 633 717 737 750 901 
201 382 709 750 856 61 74 80 231 259 870 
25 101 123 167 319 303 333 422 611 945 
27 23 1 108 539 82 148 151 279 584 
70 97 117 309 487 527 584 831 871 942 965 20 140 179 200 201 253 650 689 891 927 998 
161 182 275 355 392 495 546 550 563 628 834 863 954 992 17 173 175 273 445 544 594 631 781 859 867 928 942 950 
281 312 507 587 772 928 988 75 124 193 251 517 545 701 817 
135 275 392 491 509 599 703 713 725 821 848 954 6 65 79 122 126 140 160 203 271 326 545 930 934 
87 451 492 765 799 935 101 126 350 385 805 941 
141 363 366 389 425 568 687 756 798 801 949 202 298 469 669 685 697 814 847 881 959 
126 680 769 931 938 364 421 608 640 677 797 
262 532 602 635 643 649 696 820 153 203 464 470 682 750 814 904 
17 22 56 247 527 854 965 93 304 314 376 548 557 860 920 
128 143 171 173 189 473 513 517 562 567 591 671 777 844 67 175 312 460 516 586 673 692 769 849 854 892 902 973 
58 203 290 439 762 861 930 28 11 61 158 275 829 
116 136 215 327 383 594 604 608 642 797 904 951 968 133 181 236 299 302 317 322 357 370 441 686 781 836 
29 88 145 185 190 193 348 380 405 453 464 466 474 490 511 773 897 906 922 927 950 996 101 149 165 232 238 247 310 404 410 428 503 532 543 555 576 691 715 732 885 898 928 999 
131 451 619 826 924 3 447 469 591 811 845 
4 169 185 192 213 274 317 333 453 508 536 749 950 987 996 54 111 194 242 479 523 609 799 861 900 912 914 939 959 
84 99 156 256 354 372 374 465 469 526 553 636 686 742 767 817 850 884 937 967 53 87 131 160 309 550 551 594 608 632 638 660 700 736 739 775 816 929 935 939 984 
413 693 710 879 970 22 209 311 316 362 538 
47 94 218 242 437 679 965 168 254 466 673 697 713 767 
80 81 147 236 375 728 810 836 174 188 436 438 507 551 742 855 
49 80 137 272 290 538 543 631 662 726 838 894 947 75 99 140 153 259 331 418 419 492 594 850 990 
1 125 539 685 875 938 259 330 674 750 792 844 
215 311 419 608 797 888 86 152 188 600 755 955 998 
12 3 72 199 200 250 324 344 441 460 500 617 698 716 755 788 813 920 925 946 957 36 49 24 66 98 137 155 175 281 309 365 386 492 631 633 634 641 726 848 893 914 
67 122 222 231 304 332 340 350 411 499 657 670 690 718 731 738 822 843 974 92 286 315 335 352 381 424 434 566 611 646 681 732 865 883 901 937 981 998 
245 267 290 430 537 724 726 728 805 807 929 26 109 242 310 478 651 669 689 720 898 
7 293 426 463 720 733 829 864 959 364 477 506 541 598 662 691 748 905 
22 70 94 100 178 242 309 353 487 527 554 576 584 661 743 782 871 887 42 201 212 227 234 239 367 393 444 474 496 546 643 660 664 848 889 934 
101 107 150 175 187 201 283 412 450 484 489 516 614 673 681 682 730 750 768 856 877 907 912 61 125 133 234 285 298 380 491 493 507 518 525 527 579 594 613 654 660 797 813 854 934 936 996 
62 332 723 731 738 974 48 320 575 656 
123 319 614 750 856 197 259 468 587 955 
225 367 457 551 823 98 227 235 255 595 929 
39 13 17 65 79 97 242 247 251 260 353 409 470 574 584 743 854 870 871 965 12 101 136 212 325 377 401 421 422 530 603 633 776 796 818 856 873 902 906 914 
15 75 518 560 581 818 943 242 488 523 567 797 912 996 
61 74 119 280 296 324 460 483 658 737 946 6 80 140 203 233 321 472 680 749 784 816 848 
4 333 380 405 508 922 352 356 379 664 775 794 
72 302 316 318 732 788 36 221 258 319 364 826 890 
23 71 1 76 126 160 184 284 401 428 560 592 655 680 712 734 824 875 882 885 41 58 121 147 154 214 281 306 353 425 475 584 643 671 694 757 834 866 871 942 
75 160 163 377 428 218 223 270 623 856 965 
308 555 631 724 929 201 384 759 895 959 
133 172 312 366 432 955 159 368 452 626 662 695 892 
70 22 100 228 242 247 251 353 470 502 595 711 814 42 143 171 197 220 496 529 685 708 762 811 848 957 981 
58 57 202 361 391 408 410 424 458 515 597 616 631 662 728 787 836 861 983 72 36 88 159 185 265 389 443 470 540 600 615 722 750 781 803 851 945 968 
57 202 269 410 537 728 836 861 892 894 964 983 247 284 324 426 462 468 681 737 777 825 911 922 
116 212 419 531 594 729 951 968 971 38 115 119 288 291 402 489 687 814 826 
133 181 254 281 320 363 366 530 587 798 801 953 988 149 240 273 317 374 412 480 573 586 594 674 768 804 
54 99 256 354 374 402 469 526 558 636 767 884 967 22 91 189 201 206 451 522 539 682 730 818 878 922 
177 278 366 432 472 633 637 692 784 978 208 293 380 387 393 455 514 584 593 786 
160 163 176 184 248 286 337 401 428 461 557 655 680 685 735 774 824 885 938 60 24 236 247 257 376 416 505 561 569 586 658 670 678 731 779 895 897 965 
43 132 226 445 446 451 492 533 619 826 893 913 935 986 54 11 190 248 385 425 450 479 633 650 726 805 874 908 
4 51 185 333 348 380 511 536 763 773 808 950 996 80 273 327 375 470 522 716 827 902 912 937 946 
262 323 471 696 781 820 948 242 287 325 633 699 730 
24 214 237 252 362 448 572 600 648 675 758 849 933 966 977 994 33 140 142 167 213 293 333 441 464 787 845 858 906 921 923 998 
116 153 479 565 632 84 183 332 363 775 
98 140 197 379 693 710 976 62 156 212 270 483 516 620 795 
137 202 290 408 458 538 586 726 838 939 947 47 126 173 328 500 695 842 875 884 902 959 993 
65 56 242 247 386 871 887 316 491 579 763 804 826 849 947 
98 157 197 264 306 330 351 369 387 431 514 693 780 827 866 970 976 30 118 148 305 333 371 391 409 412 437 469 490 507 659 750 903 
10 279 288 505 516 702 730 750 768 825 877 907 112 390 399 416 589 630 637 669 725 748 951 952 966 
39 70 144 242 247 494 584 854 942 119 157 190 317 337 381 565 654 737 750 
92 95 140 157 306 414 431 438 514 627 672 710 803 881 902 914 960 61 7 69 113 160 208 243 315 317 320 410 476 711 720 814 874 910 915 
54 84 256 291 354 374 469 58 128 273 516 613 836 856 
79 65 16 117 242 247 265 409 470 502 527 571 576 595 661 679 711 854 965 25 238 264 317 373 434 560 566 579 610 636 720 725 728 732 760 922 967 
37 11 10 66 107 167 187 201 210 239 241 288 368 421 484 552 561 681 682 702 709 837 856 877 70 51 43 132 156 198 272 303 384 451 527 528 538 613 661 697 719 722 729 736 801 807 910 977 994 
181 281 366 589 637 687 955 214 512 552 578 598 621 653 943 
116 594 607 761 815 122 728 791 856 896 
131 443 445 451 492 610 689 935 110 136 194 275 688 715 872 988 
354 372 402 465 884 937 967 194 361 428 454 783 805 970 
466 490 528 536 808 857 991 996 998 136 161 310 437 439 503 515 523 693 970 
66 101 118 345 561 588 704 161 389 496 514 658 903 
23 38 176 557 766 7 26 497 512 988 992 
31 140 306 431 452 827 866 909 914 63 237 333 363 434 542 613 819 867 
21 137 202 203 805 873 981 12 104 324 467 663 717 
26 165 232 259 744 874 53 291 293 691 795 813 
153 565 608 611 729 96 354 434 646 809 
24 214 545 625 675 809 977 98 347 484 585 634 797 997 
451 519 652 752 913 986 273 366 633 670 743 849 947 
193 261 380 390 464 82 135 551 755 836 
91 50 82 103 212 535 607 608 778 940 968 230 339 348 356 408 492 654 710 800 822 893 
17 100 39 228 576 661 743 830 162 225 296 412 424 463 536 727 829 
11 107 150 167 210 239 299 314 368 497 505 552 704 750 856 912 961 95 156 174 206 234 245 316 363 446 480 611 676 736 759 772 843 874 
3 72 124 168 194 204 227 292 296 316 318 324 329 441 442 460 480 483 638 658 716 737 794 946 957 97 9 82 197 215 226 242 288 409 445 468 527 545 579 628 632 635 657 666 699 911 959 968 971 1000 
286 428 539 655 680 845 133 340 369 652 797 967 
32 155 191 325 358 462 540 603 623 697 793 839 841 842 846 874 911 918 941 944 984 35 75 154 221 246 275 317 322 429 444 551 569 692 713 720 851 902 923 943 998 
62 222 231 304 332 340 350 411 499 542 657 670 690 718 723 731 738 740 822 843 974 42 103 20 157 185 245 247 288 307 382 396 457 683 717 786 799 896 902 905 914 996 
37 68 201 283 299 614 730 856 877 912 194 203 217 363 374 493 633 739 766 774 801 
119 194 441 510 737 755 788 41 211 322 403 431 631 705 874 
27 59 126 160 176 295 592 680 685 734 818 66 159 316 424 527 595 636 703 709 754 860 902 
23 75 125 45 160 163 176 184 235 498 518 557 560 592 609 685 766 769 818 824 853 943 35 93 43 42 143 200 233 288 352 433 514 565 607 628 715 738 780 797 881 961 968 999 
585 620 629 666 705 744 411 480 604 651 711 828 
48 143 171 173 189 315 473 481 513 517 523 529 562 567 591 634 650 671 748 777 806 844 11 99 169 179 202 227 245 269 308 310 330 358 527 655 689 731 774 850 895 902 908 999 
7 253 463 720 722 141 203 477 508 650 964 
24 448 545 572 783 352 611 672 689 750 765 
104 52 429 445 446 451 492 689 799 826 913 935 54 150 173 239 290 296 335 796 832 856 878 994 
87 164 445 446 451 492 765 826 101 245 290 360 431 643 693 833 
83 78 166 254 278 281 320 342 363 366 389 432 486 633 637 646 756 784 798 869 973 988 66 120 50 165 189 217 246 306 332 403 479 514 575 594 724 725 773 808 811 845 901 960 1000 
142 346 468 602 635 676 717 858 948 153 231 311 339 354 418 449 612 
19 42 219 275 355 459 509 707 713 736 821 848 992 115 145 157 256 496 504 594 643 795 913 949 981 
50 153 479 565 608 640 656 760 792 815 816 106 70 7 104 264 379 661 770 839 871 946 
58 93 110 236 245 267 272 287 290 303 338 439 522 538 586 631 662 728 762 795 805 807 836 892 947 19 61 140 157 197 220 345 350 370 388 489 571 574 594 619 747 772 779 825 866 876 910 951 986 996 
140 197 211 306 902 151 247 524 591 807 
166 181 255 281 363 400 568 646 700 219 502 511 534 551 625 634 741 976 
92 138 98 109 157 197 211 230 233 330 331 452 455 504 630 683 693 695 832 866 902 914 976 137 90 10 72 42 58 39 213 221 263 397 449 531 620 638 687 729 798 837 842 863 890 956 971 
44 254 255 486 637 928 973 129 262 359 527 624 776 904 905 
134 188 532 580 602 622 643 664 781 820 979 982 999 90 7 9 173 198 202 251 320 348 464 508 561 694 779 
128 48 315 473 529 562 567 591 634 748 79 126 296 398 607 694 854 911 918 986 
97 158 447 595 711 191 333 659 663 858 964 
51 213 508 791 996 135 303 354 843 844 901 
234 464 521 749 857 996 275 361 587 594 685 686 
57 338 394 795 947 75 167 186 546 967 
221 263 273 370 399 512 524 593 613 651 663 691 934 997 38 95 287 314 366 406 494 531 611 761 916 928 942 950 
354 526 553 850 967 51 83 295 360 638 916 
66 118 175 283 319 484 588 702 912 131 234 383 558 572 579 649 755 
210 314 319 505 704 750 757 877 138 38 215 492 666 736 762 981 
270 275 392 459 563 725 786 903 956 60 175 281 510 804 822 938 944 
112 91 136 212 240 327 334 360 376 407 419 607 608 611 640 779 951 968 46 58 134 166 188 254 288 291 333 348 427 525 657 693 722 786 799 909 967 
203 236 424 515 538 564 586 597 724 805 807 930 939 121 75 218 317 365 409 411 499 547 561 693 773 945 
121 257 259 406 620 793 852 61 275 319 479 661 724 
54 229 374 526 541 686 101 118 92 263 282 658 669 
140 95 98 197 211 264 330 331 381 431 455 482 496 504 630 693 695 710 803 970 990 135 97 137 122 161 173 177 188 225 363 367 390 551 577 582 608 709 762 815 849 860 892 
144 33 661 706 965 49 697 742 810 973 
194 296 305 316 324 336 480 483 617 737 813 946 975 17 80 78 125 165 278 287 535 595 647 908 939 996 
126 23 76 86 75 125 163 180 423 493 498 557 560 592 680 685 699 766 774 812 931 943 98 54 3 42 217 225 255 322 353 391 499 512 523 561 562 579 711 728 763 767 819 874 
40 182 244 275 456 459 491 577 599 707 713 736 775 785 821 848 903 956 992 157 106 107 14 247 259 285 313 400 419 432 453 553 644 840 877 905 908 994 
236 424 662 828 873 117 311 349 844 974 
160 5 86 76 126 248 337 377 401 461 766 882 943 169 194 195 361 483 620 623 709 713 748 838 844 962 
132 443 492 689 826 986 336 605 687 726 948 981 
111 335 358 406 467 520 579 585 606 612 629 708 751 790 841 865 874 911 969 133 51 159 249 256 263 370 374 441 539 563 608 663 704 795 861 875 888 910 992 
133 139 281 322 366 869 988 153 175 354 462 594 622 779 
37 118 101 11 299 368 561 588 681 856 147 5 90 220 296 533 667 767 807 810 
119 227 280 292 296 316 344 441 716 813 56 273 591 603 604 680 770 826 964 968 996 
8 53 4 190 261 317 405 427 508 667 857 897 906 128 163 179 223 254 346 422 440 595 687 724 737 861 
259 359 462 615 865 874 896 495 513 637 675 745 761 976 996 
128 48 173 189 513 562 591 79 181 256 465 827 900 969 985 
78 181 281 312 396 633 646 855 973 29 194 249 353 375 542 648 669 730 
128 171 48 315 481 513 529 562 567 591 650 748 777 806 142 131 157 93 40 191 220 374 428 660 723 904 922 935 
196 217 285 358 525 620 654 697 715 841 57 118 220 407 419 483 555 566 581 873 
66 150 201 210 238 241 271 299 484 489 516 588 614 681 750 859 877 880 912 48 61 166 152 40 240 280 380 431 658 674 698 713 737 763 797 904 976 
86 27 108 125 126 557 853 416 470 613 789 877 976 
85 181 312 322 425 633 756 29 157 293 531 562 812 
65 386 527 661 743 460 539 559 635 731 
202 203 586 631 724 728 796 810 894 900 128 39 169 611 693 696 761 784 870 959 
160 337 518 592 845 245 326 514 786 981 
83 139 102 172 177 281 312 320 322 363 396 400 432 583 646 772 798 855 171 50 184 185 293 439 481 506 554 621 635 644 658 693 732 787 951 998 
161 40 546 628 713 725 821 246 561 620 738 949 976 
220 252 545 625 648 764 809 860 926 977 994 91 227 281 358 419 519 710 822 828 850 988 
86 126 75 235 284 518 684 882 885 943 181 230 303 335 442 502 625 809 842 887 
51 53 88 261 427 464 474 667 791 886 889 122 181 80 252 459 744 751 850 854 933 963 
251 576 626 819 870 965 147 286 419 463 788 943 988 
66 101 210 319 421 497 516 419 452 463 496 810 997 
142 262 277 323 346 395 468 471 548 602 635 643 645 664 676 696 717 781 858 898 948 979 982 57 153 60 157 197 201 280 313 333 349 458 463 494 636 702 782 793 798 835 899 929 965 
128 48 171 513 517 523 562 591 634 671 777 806 133 84 284 325 361 363 538 608 662 761 783 884 
169 51 4 29 193 213 333 390 464 466 506 508 575 753 886 899 906 97 87 259 344 396 432 441 471 492 538 662 696 720 728 756 892 903 954 
121 32 26 196 259 525 811 144 173 264 272 279 482 904 
53 234 317 466 559 791 808 196 203 210 277 326 967 
190 115 4 51 234 317 405 508 996 41 201 257 335 362 371 650 765 951 972 
119 124 159 199 280 316 441 460 716 732 755 759 957 172 104 53 163 123 105 242 306 415 418 822 857 867 913 
233 330 452 482 710 970 163 327 566 632 877 938 
174 191 208 257 259 476 579 603 623 674 811 839 865 874 969 192 261 319 328 395 418 457 541 544 608 611 766 875 893 976 
95 140 157 92 138 211 230 264 306 369 381 403 413 452 504 683 693 710 879 881 976 119 79 68 188 10 137 243 275 323 401 449 550 591 601 642 750 751 805 826 972 979 
202 203 424 515 586 724 101 142 521 803 970 984 
194 61 227 483 732 289 724 823 865 898 
61 204 227 280 336 433 442 480 660 813 925 946 957 39 126 216 247 249 523 552 743 761 937 939 943 977 
175 123 10 36 101 66 239 299 319 345 505 569 682 702 745 750 768 825 856 878 907 77 65 84 39 188 193 277 303 365 580 608 621 622 658 738 742 782 817 818 905 913 952 
110 198 81 179 80 93 203 303 352 361 424 537 543 555 564 662 770 795 805 807 873 929 128 142 44 205 323 354 387 422 471 477 492 497 560 589 605 694 737 772 854 871 891 895 967 
179 110 49 198 202 154 245 290 303 308 361 375 618 662 724 728 796 805 807 828 836 873 929 983 72 192 35 129 46 123 26 42 30 216 250 296 300 316 404 418 470 480 601 779 826 880 887 896 971 
119 200 302 324 441 905 237 366 676 677 746 901 
327 407 535 760 797 962 202 219 335 620 730 952 989 
234 317 333 405 464 922 998 84 118 332 432 830 872 901 913 
464 474 773 857 996 15 290 558 622 912 974 
196 26 335 665 744 865 874 98 85 277 792 863 871 932 
339 384 418 876 891 55 286 451 496 752 766 
151 187 175 101 118 241 516 534 856 192 361 529 737 826 841 968 974 
140 138 157 197 233 514 902 10 124 221 280 345 396 418 801 
153 82 116 215 301 311 327 360 376 383 531 565 594 608 642 659 761 792 904 940 958 962 92 65 17 70 276 281 316 414 514 563 577 582 620 660 674 689 716 724 726 845 955 980 
190 53 145 34 490 575 773 889 987 90 140 14 359 479 532 584 765 940 983 
90 113 220 326 503 545 625 758 868 994 75 102 290 294 400 502 551 587 678 722 744 
60 212 50 360 535 951 119 151 281 579 662 683 
322 366 486 633 855 953 963 203 200 267 280 284 382 703 886 
174 223 259 525 654 751 874 123 160 133 590 617 976 
13 56 247 251 265 353 487 494 626 854 871 908 921 76 154 24 348 506 520 662 683 720 732 925 977 
135 289 628 786 821 903 139 205 451 513 607 616 
183 214 237 298 326 362 364 448 478 545 572 600 625 648 669 758 783 809 849 895 926 945 966 137 174 167 79 173 277 286 380 387 419 508 509 555 594 618 635 736 826 829 856 887 937 982 
35 148 243 263 273 310 370 399 422 613 651 789 835 890 934 989 997 121 211 74 140 488 526 636 637 697 713 732 904 910 917 970 986 
122 62 332 822 974 265 298 306 600 883 976 
217 415 467 579 841 842 169 76 392 619 763 940 
446 451 610 893 913 932 3 253 272 380 493 662 
69 378 384 417 457 547 598 876 883 910 160 157 117 322 657 780 810 862 884 928 975 
87 9 443 445 492 826 893 913 119 312 381 441 719 796 810 850 972 
200 199 168 119 250 296 316 318 433 441 483 500 732 759 925 946 33 16 128 183 69 65 264 337 422 426 518 595 789 805 839 977 978 
79 117 409 576 871 1 450 508 580 912 
156 256 354 621 636 686 742 449 454 463 474 691 751 803 879 
140 197 369 431 482 504 693 827 832 116 184 252 416 586 607 724 806 846 
122 62 304 332 340 350 542 657 670 690 731 822 974 134 36 271 389 500 577 594 776 785 813 947 991 
111 325 359 623 708 744 839 865 874 980 51 251 468 637 646 660 672 722 795 848 
140 211 195 413 710 993 72 126 373 441 513 937 939 966 
193 206 146 192 348 398 596 763 857 927 950 66 150 118 65 339 372 400 480 649 699 727 856 
184 27 1 126 423 655 938 69 273 370 405 555 565 574 738 
154 137 162 57 245 303 308 338 393 475 488 538 564 586 644 662 726 770 787 836 900 929 981 86 50 35 271 293 314 317 344 353 370 423 428 451 489 512 608 612 667 692 767 839 876 950 
90 220 503 572 669 895 966 109 204 559 599 643 662 665 854 
175 534 768 859 878 22 100 51 441 567 
201 118 101 299 673 682 17 131 65 293 402 940 996 
153 327 594 608 797 816 940 175 8 83 473 693 927 933 
210 175 101 497 561 569 704 545 689 698 791 813 915 
56 100 79 94 70 17 65 97 247 353 470 574 576 584 595 661 679 706 782 830 854 871 942 63 1 119 89 194 71 53 287 307 323 350 367 370 417 593 599 643 745 820 878 895 928 957 
221 273 310 370 512 613 847 98 197 280 454 646 660 884 964 
161 577 725 785 821 17 517 527 900 952 970 
63 203 236 137 361 537 787 795 873 900 939 947 132 118 122 180 128 381 744 792 884 917 932 951 
35 370 397 399 678 915 121 182 133 335 413 728 
218 79 47 70 100 94 242 97 33 14 251 502 679 711 782 831 870 887 908 921 942 965 161 200 122 51 86 138 81 276 284 319 408 445 505 516 676 682 748 817 915 916 960 983 
27 163 86 284 769 943 87 324 526 534 636 695 
367 418 876 883 910 165 172 200 267 974 
227 61 480 500 732 957 203 570 678 820 882 899 950 
33 218 70 186 247 79 353 409 487 527 711 814 854 908 965 41 232 27 142 374 497 500 563 564 581 635 662 801 919 947 
90 183 362 556 600 669 764 849 895 933 977 230 185 257 459 623 750 757 787 896 897 935 
129 7 463 720 923 224 39 512 804 955 957 
133 83 141 255 268 276 281 363 389 633 637 700 719 772 798 855 928 949 153 169 56 409 508 520 558 561 673 708 738 742 807 825 830 841 853 975 
254 139 141 322 714 69 160 516 763 765 
54 84 99 229 356 526 553 558 636 686 742 746 767 804 817 850 952 967 165 171 135 272 303 363 519 521 537 584 641 668 729 806 849 922 941 946 970 
196 155 259 406 579 606 615 639 697 715 984 23 86 252 193 290 316 342 363 549 566 568 993 
19 270 509 599 647 707 775 848 954 74 264 351 446 562 696 724 794 862 
191 217 155 170 111 257 196 358 525 579 585 615 620 623 654 674 744 751 811 842 980 190 59 58 68 161 36 344 346 363 374 401 622 688 804 807 821 831 949 956 985 
14 17 70 571 595 870 942 334 363 586 633 751 752 911 940 
115 169 185 380 508 521 773 919 922 950 996 196 18 461 487 586 723 764 855 874 915 983 
188 89 46 323 468 471 635 820 141 469 481 574 903 934 
221 148 370 422 440 691 934 156 165 140 442 647 701 906 
157 95 197 331 413 431 482 485 496 504 881 902 993 191 227 100 136 258 362 407 559 561 644 732 800 865 
100 218 595 830 871 908 222 80 488 548 873 987 
363 389 420 633 687 319 327 407 419 443 502 
63 137 408 537 538 564 762 795 216 249 332 455 680 687 881 986 
254 278 366 507 589 714 19 508 577 725 902 994 
81 439 522 795 873 900 947 11 128 322 655 858 865 878 
258 152 495 563 713 903 92 76 308 565 611 643 734 
175 279 412 516 750 825 837 856 859 877 42 231 3 236 445 473 515 651 727 829 
58 137 726 762 805 810 191 101 256 224 324 696 
221 148 243 35 310 370 440 449 512 524 573 593 613 651 691 915 934 997 83 168 40 99 88 114 235 307 352 359 432 493 503 746 877 904 947 959 976 
53 317 333 380 508 596 763 950 35 346 370 426 434 446 553 635 877 
42 40 161 135 152 355 491 495 546 628 785 786 848 863 903 197 121 49 155 104 146 27 278 326 372 596 813 818 877 959 974 
254 363 637 928 953 247 212 478 487 773 951 
188 395 468 471 622 645 664 696 781 820 948 982 220 208 29 192 201 308 342 509 585 750 766 913 956 
133 268 85 363 486 637 692 159 275 10 309 337 597 613 992 
271 96 314 569 859 38 191 380 443 508 724 
200 168 194 72 316 318 638 732 737 794 813 905 985 243 211 188 175 216 330 453 524 701 705 780 787 847 
133 102 254 181 41 139 83 172 166 312 320 363 366 389 472 486 507 633 646 784 798 801 953 183 212 61 75 215 152 293 383 398 405 444 466 565 576 603 640 657 711 729 743 766 863 
399 422 449 613 651 691 890 934 997 156 398 451 604 787 855 957 988 
66 150 123 319 505 588 673 682 709 745 750 856 859 32 354 363 419 487 691 813 865 900 964 966 991 
248 75 184 1 337 428 609 699 769 774 824 81 189 216 4 247 465 548 556 758 761 795 797 
174 705 751 793 874 969 161 66 403 563 692 755 
15 27 86 120 428 557 680 712 734 931 943 186 209 220 62 300 312 441 631 704 861 928 935 
137 308 424 644 662 724 776 810 833 892 5 242 148 89 159 414 461 623 633 737 913 
96 101 319 345 489 561 730 825 153 119 82 126 122 366 629 964 
219 459 713 863 992 199 336 374 463 957 964 
58 49 203 93 63 137 303 338 361 424 439 515 631 728 787 795 796 805 833 836 873 939 947 981 257 207 131 132 214 332 374 396 422 441 451 514 551 584 719 761 769 804 840 865 890 916 926 968 
99 354 374 553 742 804 850 937 111 82 153 449 610 779 866 958 
168 119 294 316 480 500 326 420 439 484 538 611 
7 20 64 373 404 463 501 566 720 722 739 747 829 864 917 923 936 959 111 181 239 85 177 90 281 236 579 594 659 661 677 725 830 845 853 914 
3 292 296 316 441 813 214 331 492 709 733 902 936 
125 428 581 699 774 149 697 743 781 901 
72 294 3 227 119 168 159 329 460 480 510 658 732 737 755 788 920 957 985 167 203 143 131 117 335 399 467 474 654 699 711 757 766 768 817 826 845 959 967 
303 338 515 543 810 964 389 512 570 657 781 832 
220 364 545 556 669 895 945 66 44 222 515 543 729 855 
123 118 175 167 239 201 368 489 516 750 859 50 348 373 404 407 527 602 890 941 967 990 
307 367 547 551 598 876 891 7 286 203 359 867 887 954 
212 656 797 867 971 17 417 583 662 805 
3 74 204 658 660 716 50 414 532 592 724 761 
137 202 297 236 290 203 352 538 728 805 836 873 929 983 16 201 256 184 145 37 101 327 343 355 483 933 968 972 
122 62 231 332 731 822 974 47 323 366 503 638 850 916 928 
159 344 483 716 813 95 387 432 446 767 
109 98 138 197 95 379 387 455 514 627 693 902 914 14 194 75 222 133 353 415 464 522 620 625 810 812 876 
300 367 418 434 547 551 883 273 122 242 347 432 446 828 902 
203 236 287 77 361 410 641 728 810 128 270 277 429 509 560 846 970 
39 33 65 386 437 470 527 576 626 661 706 743 854 871 942 278 61 54 327 402 443 662 697 698 732 747 775 804 820 943 
35 273 221 243 370 422 593 605 691 63 106 51 128 448 465 808 931 976 
212 60 531 608 761 797 904 55 134 162 522 680 857 914 934 
181 78 281 41 177 172 432 802 988 286 48 226 479 480 602 654 661 895 937 
379 514 710 780 976 990 993 188 161 16 396 478 928 
151 279 118 25 681 750 880 236 47 148 440 474 870 
128 173 143 473 562 591 634 748 844 62 98 335 501 515 527 564 700 733 
294 74 168 194 292 280 159 119 227 324 344 441 442 460 483 500 510 638 698 732 737 755 759 946 957 55 257 118 32 94 203 10 125 212 384 406 410 492 498 522 547 642 679 697 773 830 859 983 993 
193 274 206 53 192 169 347 348 380 464 521 528 667 773 791 897 899 919 927 998 236 97 83 50 26 98 154 100 121 370 413 687 710 713 728 786 854 940 954 959 997 
227 280 74 119 344 500 716 920 985 367 380 564 663 773 940 996 1000 
201 37 187 68 151 288 150 283 25 11 421 561 682 702 709 745 768 825 837 856 912 266 74 196 155 247 332 439 524 533 553 584 627 628 661 683 720 740 782 823 967 1000 
133 181 281 83 322 366 389 420 436 646 928 142 98 67 378 479 732 734 918 936 947 
35 449 573 593 789 22 72 374 438 849 942 
320 181 177 166 255 216 396 400 425 587 633 637 756 798 801 855 928 949 963 978 988 50 269 160 124 225 121 487 538 744 781 797 813 820 842 843 871 874 903 915 925 960 
89 262 188 346 468 635 643 696 820 898 202 304 197 242 439 586 608 662 929 941 
119 204 159 61 316 72 442 460 660 716 813 957 975 81 272 248 110 348 389 527 591 682 683 724 792 821 872 
232 32 121 359 842 189 89 70 929 986 
220 214 364 448 545 721 783 849 945 966 994 180 292 192 42 17 275 388 486 653 720 
50 212 153 240 205 376 407 479 608 611 729 761 797 940 968 303 195 309 266 88 477 512 526 529 557 651 658 804 929 
414 455 630 909 976 93 196 343 597 817 
296 119 344 500 660 737 925 370 418 532 557 600 810 976 
195 157 95 140 369 413 452 672 683 695 960 970 280 59 128 358 562 564 670 700 729 737 887 912 
140 264 157 496 514 780 866 881 902 990 58 294 334 396 497 633 732 752 983 989 
122 62 231 304 67 222 340 350 411 499 542 657 670 690 718 723 731 738 740 822 843 974 133 267 20 206 91 319 3 290 335 574 584 618 637 650 668 671 794 854 868 876 880 999 
274 190 88 206 53 73 348 380 390 405 464 508 559 753 791 991 998 95 109 153 37 188 144 90 368 485 514 543 567 703 709 824 946 995 
2 153 531 797 968 331 260 410 660 798 890 
208 32 165 359 415 476 520 525 540 612 620 654 674 705 744 852 865 896 916 941 944 296 131 332 23 62 205 246 315 193 184 449 573 584 613 614 678 689 716 805 977 
159 200 617 925 957 35 289 164 28 865 934 
86 284 163 27 180 423 680 812 845 227 278 97 384 595 771 813 838 914 968 
290 137 236 147 297 393 410 424 435 770 892 947 983 15 368 406 419 491 526 571 636 729 732 813 826 966 
209 367 418 457 551 598 883 891 910 234 116 134 509 539 580 758 903 946 
332 122 62 231 350 657 974 120 400 409 440 586 801 
7 463 566 720 959 1000 525 608 637 884 912 925 
133 589 692 756 928 257 277 545 686 765 935 
503 545 601 701 849 966 15 303 328 374 626 894 981 
318 305 61 316 329 168 483 638 716 732 737 788 920 190 236 259 367 409 435 439 451 469 702 725 826 934 
107 288 201 489 681 211 137 354 943 964 
188 323 134 468 820 169 274 259 363 367 702 
317 464 596 749 763 773 113 307 434 486 711 901 974 
88 234 51 317 333 405 427 453 464 474 508 559 575 596 749 906 919 950 987 991 998 218 25 299 116 153 142 324 362 371 455 486 533 686 720 777 834 850 873 936 940 982 983 
367 384 551 598 876 162 188 405 750 786 889 
332 122 62 340 231 499 542 657 670 723 731 822 843 974 242 137 43 384 579 672 677 729 734 805 833 898 901 935 986 
95 413 482 683 902 258 460 608 717 733 
303 202 435 475 586 618 631 662 762 805 929 947 62 73 130 26 27 126 273 379 497 649 851 877 
79 218 70 65 242 251 527 584 661 743 830 854 871 23 160 306 236 75 172 358 426 467 558 853 895 947 
229 54 99 18 84 105 291 149 356 465 469 526 553 558 621 636 742 767 804 952 967 166 283 145 134 202 345 33 112 422 545 571 589 602 645 685 718 815 890 935 963 985 995 
275 135 40 577 707 713 725 786 903 303 417 464 526 580 697 767 908 
354 256 621 742 967 73 116 579 716 997 
461 493 557 766 774 50 370 508 737 946 955 
259 165 32 174 121 415 462 579 620 654 677 865 874 183 128 353 330 368 414 446 537 679 710 869 929 965 
325 170 232 335 579 582 623 677 697 865 872 916 141 213 273 300 361 658 683 820 871 873 898 932 950 
6 153 212 215 607 608 779 132 149 367 391 492 850 
308 202 290 245 80 203 391 537 805 838 947 189 359 210 146 105 163 373 374 413 442 720 
90 252 220 364 675 809 895 933 945 55 264 3 348 193 535 585 661 713 730 
266 281 139 44 181 254 278 133 83 276 366 389 396 436 486 530 633 637 646 687 772 801 802 869 157 118 109 256 346 189 260 259 283 91 257 123 492 532 539 680 683 696 737 773 786 908 913 997 
362 298 220 326 545 895 977 994 64 74 45 378 443 695 857 871 
429 445 446 492 689 913 154 61 201 421 532 662 
320 44 216 363 166 78 281 268 83 133 102 85 389 583 687 801 869 978 288 304 204 114 148 528 539 541 584 663 684 738 762 846 854 864 881 975 
249 349 69 300 307 339 384 417 418 551 883 891 910 346 318 360 344 242 157 65 550 615 787 800 909 959 985 
118 101 167 299 10 412 489 561 825 837 856 877 912 78 18 333 338 358 456 465 511 543 608 677 778 889 969 
95 230 197 330 413 693 695 120 373 500 722 796 836 871 
148 310 243 221 35 263 273 246 397 422 449 524 590 593 651 653 678 691 835 890 915 989 997 165 357 317 235 50 274 242 236 329 137 377 491 561 616 622 680 684 828 866 908 913 970 
585 620 751 839 852 348 193 95 524 928 
105 54 374 553 746 275 234 460 643 771 
7 293 463 720 739 959 233 299 100 361 369 795 930 
99 84 156 372 54 291 402 465 469 526 541 553 558 686 742 746 767 800 850 851 937 952 967 289 361 173 251 343 290 83 123 165 259 321 464 501 509 570 576 677 769 819 865 910 931 940 
57 203 393 435 543 939 172 88 418 428 822 904 
327 153 212 659 792 901 968 17 86 47 452 662 953 
76 163 428 539 560 609 735 370 70 395 561 678 854 856 
225 384 418 434 551 364 320 698 749 929 951 
313 92 306 414 514 672 683 693 881 970 136 352 5 73 401 518 774 828 870 991 
88 51 333 274 73 261 317 8 115 427 889 899 919 927 998 220 175 85 66 224 318 279 545 577 632 643 689 813 858 953 
157 197 438 482 549 630 672 683 710 902 914 976 990 226 245 97 62 17 389 435 545 636 640 691 802 965 
36 516 534 561 750 216 122 483 685 871 934 
50 212 632 640 656 760 971 150 281 385 549 592 724 743 961 
367 209 378 349 225 417 418 547 551 823 883 350 101 77 337 316 486 606 612 641 874 
456 459 599 707 713 725 863 87 7 43 383 431 587 813 
94 309 178 17 409 470 595 711 61 405 449 493 745 824 984 998 
306 95 683 909 976 220 202 85 305 447 453 
17 437 576 743 871 137 326 519 580 697 
266 363 320 281 133 254 366 44 396 400 432 472 568 633 719 801 855 953 231 381 297 324 107 80 399 413 514 554 591 623 690 743 767 806 901 941 
190 333 115 474 511 991 96 157 426 707 872 883 
361 80 515 795 861 95 360 160 711 721 
40 42 152 491 577 713 223 424 661 712 898 914 
338 375 236 538 662 805 894 85 14 65 469 716 732 830 893 
147 564 586 833 947 7 429 464 479 620 675 
188 277 548 948 982 196 377 413 795 829 940 
389 363 172 322 181 400 432 436 486 587 633 692 798 855 973 988 211 122 190 313 331 290 431 621 672 680 710 751 785 820 873 904 
246 370 449 524 613 140 405 801 922 927 
234 464 773 927 996 281 143 282 543 606 
221 148 35 282 246 890 915 96 389 296 773 856 866 924 986 
396 181 322 389 139 420 472 507 633 637 772 928 949 161 234 340 214 26 401 537 631 635 697 788 792 992 
86 163 23 5 75 461 557 769 812 379 197 70 259 400 463 739 773 925 
84 105 374 526 541 636 742 804 817 884 937 82 309 239 12 492 519 573 697 711 765 802 826 
197 485 496 514 902 133 124 285 445 930 
7 293 426 463 566 720 747 203 51 17 299 406 563 808 
193 169 333 348 206 73 51 528 906 922 950 386 349 281 235 397 21 489 754 865 874 
165 257 155 623 846 865 896 148 404 338 316 572 634 649 835 
205 153 327 594 608 904 266 174 264 299 434 728 
80 267 93 795 796 900 116 247 529 560 672 911 
100 70 386 228 251 13 470 576 584 782 854 119 95 344 254 340 154 562 787 789 851 967 
80 338 81 308 430 586 805 51 334 98 316 474 640 922 
332 122 62 499 718 723 731 740 822 974 127 154 419 423 514 557 594 933 985 988 
66 271 368 681 750 856 95 117 83 656 711 784 
330 55 351 369 197 264 233 514 630 672 683 695 317 389 395 246 361 542 678 696 728 874 883 898 938 
328 98 379 452 672 693 803 970 976 358 287 212 302 458 725 751 943 
358 335 223 582 623 865 874 306 194 3 451 586 925 
430 522 616 724 796 981 983 86 230 96 176 590 869 890 
225 384 367 418 434 876 910 301 355 242 508 527 741 962 
367 307 339 417 378 209 249 384 434 457 547 551 598 876 883 910 58 196 375 203 211 134 329 194 459 473 527 573 576 604 747 812 908 
6 153 60 82 531 565 604 611 632 640 659 729 761 778 792 815 867 904 940 951 962 968 995 187 411 174 186 283 220 35 161 58 338 266 183 420 469 562 610 637 646 716 820 830 837 858 979 
320 400 266 436 530 633 719 292 419 424 427 847 922 927 
10 319 101 187 750 877 912 70 45 365 751 797 804 934 
263 370 221 282 310 512 590 593 651 678 934 227 202 290 169 37 354 70 458 654 661 925 
337 160 235 609 812 236 411 31 805 950 
338 290 154 198 287 162 80 202 439 515 538 762 795 796 805 838 873 964 420 62 392 117 125 432 442 469 548 744 761 767 821 824 874 882 889 917 974 
322 44 177 587 719 955 75 87 534 626 789 791 
404 20 64 454 463 566 720 722 733 864 936 959 353 81 390 13 274 227 516 586 664 735 769 863 
380 185 348 169 508 667 922 950 420 153 2 681 748 804 805 893 
284 86 377 295 76 75 286 23 120 557 685 735 824 845 931 938 105 51 236 375 173 475 525 530 565 580 584 639 760 782 894 899 999 
131 9 365 443 492 826 935 121 394 308 598 876 
63 410 416 631 662 4 502 561 735 827 
157 230 264 109 98 95 683 693 710 866 175 124 396 385 132 704 713 714 812 946 
389 78 133 312 181 85 396 507 637 161 206 190 307 424 273 305 914 944 967 
200 227 441 442 737 126 438 661 702 712 
418 307 378 417 551 823 910 274 112 100 407 347 62 109 750 
375 352 338 515 787 947 964 344 381 524 576 626 928 
396 420 363 320 928 978 988 57 18 27 522 860 998 
388 309 22 56 33 447 576 626 743 814 106 95 463 477 620 690 727 795 860 907 936 
381 98 672 693 710 902 909 433 57 7 321 850 934 937 974 
137 290 424 269 49 475 564 586 616 662 668 724 728 833 873 964 981 181 292 323 344 319 106 530 561 654 655 673 691 750 809 817 831 927 956 
273 263 573 691 694 314 169 340 609 831 
194 168 433 124 294 3 61 227 316 119 204 480 658 660 716 737 759 957 90 233 165 190 290 238 23 50 286 226 464 485 621 646 689 798 950 976 
119 316 433 324 200 660 716 732 788 361 424 184 263 593 693 703 750 843 861 
164 226 104 429 445 451 492 610 913 935 364 279 309 266 80 606 742 904 912 928 996 
456 509 725 954 992 121 65 281 720 761 951 
9 131 443 226 365 132 104 87 451 492 533 689 893 932 271 403 247 119 40 470 514 541 566 705 720 791 878 947 962 
131 365 87 132 224 451 477 492 533 610 652 689 826 274 258 305 358 118 307 482 538 564 620 697 928 
437 144 595 679 711 887 965 52 387 497 585 873 982 
130 90 326 220 503 556 572 966 35 310 30 463 527 642 697 904 
397 273 321 282 370 512 524 651 678 691 934 386 140 134 229 197 291 335 548 683 853 885 974 
66 497 681 709 757 825 877 228 87 557 718 749 788 819 873 
224 445 443 87 446 52 43 132 104 131 114 477 492 519 533 689 741 752 765 826 893 913 932 935 986 236 290 219 282 84 344 415 209 101 526 557 568 572 591 620 632 678 759 790 805 832 833 957 963 980 
195 197 109 140 330 414 627 683 693 970 187 78 376 28 489 588 795 808 831 953 
348 53 51 528 575 996 387 280 12 161 601 728 849 
7 426 463 501 720 733 243 105 229 746 844 961 
157 140 306 328 482 549 693 970 85 348 267 469 611 651 691 968 
444 385 161 628 703 775 368 567 708 750 895 998 
418 69 225 339 551 883 122 196 518 560 636 907 953 
80 93 776 805 873 188 414 422 656 661 
161 152 289 135 385 713 785 903 992 15 185 252 8 418 700 722 791 973 981 
194 61 72 296 316 119 324 638 732 755 759 813 905 925 957 372 48 178 351 16 465 468 492 560 707 728 747 811 845 868 978 
163 86 401 357 680 735 774 287 261 509 540 575 856 
358 26 121 170 612 744 980 166 81 7 482 566 672 693 928 
7 293 426 64 129 404 253 20 454 373 341 501 566 720 722 733 747 829 862 864 917 923 959 1000 229 289 188 437 186 117 448 2 187 32 401 467 514 543 555 671 680 718 721 728 760 856 886 954 
185 34 348 146 333 206 347 115 398 190 317 29 51 207 506 559 667 773 808 889 899 922 355 306 394 46 142 374 19 90 441 555 561 570 592 651 686 706 811 855 864 925 945 975 
54 354 374 105 526 636 686 804 967 171 368 284 310 460 590 708 761 802 
192 106 51 190 998 56 281 654 710 873 
165 223 585 620 911 969 353 110 463 296 661 812 904 936 947 
323 262 277 346 188 134 471 622 635 649 696 232 460 81 21 119 68 728 810 818 825 990 
374 54 354 84 99 526 541 636 800 804 851 967 424 52 455 95 344 419 262 393 44 538 732 946 
386 79 70 17 242 409 100 309 571 661 782 814 819 854 871 203 176 46 80 445 88 508 610 637 666 760 787 904 997 
262 277 188 89 468 643 20 190 202 496 623 923 
85 400 389 281 714 802 928 949 978 72 527 545 593 627 759 830 945 
128 315 48 143 567 591 418 271 240 522 585 720 
4 51 185 390 348 207 490 667 773 922 22 410 229 314 296 65 502 520 689 748 929 
236 439 352 538 586 724 762 428 75 486 504 706 958 
335 196 579 705 941 98 581 657 868 873 933 
446 451 689 765 826 893 913 935 437 327 129 202 64 570 602 877 
220 721 868 926 933 276 63 313 611 729 
91 136 327 608 611 760 779 888 901 53 155 87 312 213 35 320 394 133 
159 200 3 296 441 292 119 250 638 660 716 732 737 813 925 203 234 118 83 312 127 528 577 611 713 714 767 778 782 863 988 
128 173 513 523 806 181 262 538 548 781 866 
264 381 195 351 455 157 230 485 514 683 693 446 462 191 502 536 595 605 620 744 983 
119 316 305 72 159 344 227 3 199 617 732 813 946 174 92 303 382 163 577 595 605 623 630 753 854 954 
101 150 66 175 516 561 856 877 912 292 113 661 759 786 813 821 848 853 
482 403 264 514 683 771 976 441 333 486 590 651 661 679 713 
363 141 216 281 396 278 133 646 801 384 485 475 347 326 348 653 777 987 992 
218 65 251 39 502 576 584 870 908 283 261 276 322 492 594 768 969 
236 522 537 538 662 795 929 71 265 221 533 602 691 792 871 
299 66 288 345 175 368 561 702 856 452 236 82 405 137 510 651 978 980 
474 213 51 8 106 95 557 618 744 792 810 
161 392 42 275 703 725 94 370 338 66 520 782 
451 226 131 87 445 429 132 443 9 43 446 365 104 164 533 610 689 765 799 826 893 363 190 487 294 61 460 58 202 116 151 402 316 360 4 596 662 725 795 812 871 
160 357 539 581 845 938 943 123 273 66 224 386 930 945 962 
97 218 595 626 743 32 148 188 701 742 826 
275 40 270 713 736 954 956 170 652 680 755 780 782 962 997 
264 403 331 157 672 710 879 902 79 187 65 209 107 471 135 793 892 
118 187 241 450 516 552 750 768 877 447 352 331 202 108 251 524 689 737 
126 160 560 845 875 316 607 765 976 995 
332 350 411 122 62 974 19 154 34 160 642 755 816 
250 61 318 292 329 227 316 510 638 660 33 231 369 93 251 508 524 669 724 815 
7 293 463 454 566 733 959 315 374 544 633 740 837 
79 487 247 17 100 527 711 814 474 139 4 482 184 214 430 266 658 
237 448 214 343 601 669 51 106 273 304 516 784 
230 197 140 157 264 514 902 976 24 475 135 530 716 810 836 957 
96 201 118 283 151 961 247 86 513 648 741 888 
464 190 536 763 897 181 64 218 684 944 
281 268 41 432 400 784 801 66 35 95 57 579 716 826 974 
53 193 274 333 169 145 348 190 261 427 73 763 857 897 987 991 996 998 220 279 129 357 417 470 254 228 268 500 142 639 733 775 807 864 903 943 
444 135 258 42 550 577 599 713 736 775 992 374 308 461 339 220 277 536 560 792 811 835 
296 500 316 124 658 759 813 152 489 750 780 820 923 
51 390 88 753 857 368 139 831 908 992 
35 273 449 148 243 422 524 590 593 613 691 915 934 989 108 102 236 327 160 253 297 537 557 563 679 762 781 822 979 
128 171 48 173 481 189 562 591 748 233 219 505 170 683 687 693 
403 482 313 331 98 379 95 211 306 413 485 504 693 695 780 803 832 866 881 902 909 976 990 411 445 389 107 85 290 133 126 463 212 180 333 517 547 594 637 686 754 816 822 852 865 907 996 
290 424 80 435 391 297 198 154 522 586 668 728 828 298 315 10 271 106 520 578 612 614 697 844 926 999 
382 299 96 25 66 497 210 484 11 175 271 10 187 614 750 757 907 961 426 48 92 99 247 27 255 503 533 535 576 643 716 735 767 777 810 850 
128 48 189 567 591 650 748 806 8 514 244 41 11 585 785 852 967 
184 180 71 126 735 66 227 457 379 615 788 
114 451 533 689 741 765 913 924 183 19 388 402 256 556 686 707 873 
165 335 623 639 697 896 980 254 491 474 515 218 791 982 
34 261 146 317 791 998 256 198 635 700 883 957 
488 269 515 416 137 538 586 616 668 762 805 828 836 930 983 473 88 306 436 84 311 316 571 576 671 692 711 732 780 936 997 
128 189 481 562 748 200 160 106 71 53 716 
449 35 148 512 370 397 273 590 605 613 651 653 663 678 694 789 835 890 997 30 138 31 319 371 280 6 435 500 497 625 702 729 787 821 828 841 859 877 999 
191 259 335 217 174 639 697 428 153 66 341 723 938 949 
402 84 54 465 469 156 256 374 354 149 541 636 742 767 800 850 967 248 7 338 327 221 451 355 540 562 579 615 713 730 755 756 820 970 
47 309 65 502 251 16 353 17 39 100 33 178 570 584 595 626 661 711 743 782 830 870 871 324 101 141 448 66 125 315 417 299 472 25 418 119 128 244 545 602 641 785 810 904 911 974 
405 106 4 453 317 919 101 366 480 545 629 995 
128 173 143 591 634 844 79 408 210 327 614 889 918 
420 363 83 928 949 504 439 70 428 824 
334 82 419 311 212 565 594 901 148 177 140 657 679 695 707 741 
46 142 548 622 643 649 781 898 948 972 999 363 213 16 329 51 365 302 533 767 885 920 
492 446 445 519 451 87 652 689 765 826 913 924 516 532 348 319 167 488 544 553 608 763 934 956 
382 210 238 757 856 248 425 139 597 773 
116 205 215 729 754 797 904 516 1 30 159 362 750 
88 506 53 106 906 922 950 117 482 509 572 638 811 826 
81 267 63 245 21 361 488 202 873 358 256 400 512 614 699 786 950 
475 393 21 93 137 303 267 236 58 154 424 522 488 644 662 728 810 964 469 189 322 446 101 55 292 481 190 571 643 710 757 859 934 953 966 990 
59 5 23 377 38 120 493 560 699 769 882 943 339 165 178 366 84 363 661 829 889 979 988 995 
121 335 603 751 874 526 461 80 681 885 
469 526 156 402 374 636 767 804 884 445 196 12 64 366 653 717 721 989 
332 122 350 231 974 172 413 109 661 885 933 
375 297 58 202 586 726 728 762 892 929 983 51 298 463 398 368 333 588 611 633 698 
13 574 584 595 661 706 711 830 854 196 533 40 501 1 689 732 863 
343 220 326 214 364 298 183 113 130 556 625 648 764 809 933 945 966 977 527 381 119 380 41 241 354 528 42 342 472 660 761 786 795 803 864 938 
275 182 40 703 848 903 65 147 574 659 742 762 
418 384 225 300 307 551 598 514 316 154 610 616 690 739 767 
395 30 188 532 580 602 635 717 727 781 858 898 982 449 284 47 424 481 265 557 609 685 735 838 865 950 992 
455 381 693 780 914 257 383 697 880 996 
509 40 563 577 713 54 367 197 614 754 942 
418 378 434 384 367 339 547 300 69 457 349 307 598 823 876 883 891 57 115 214 54 290 157 139 121 670 685 696 707 731 754 954 962 967 997 
497 101 118 673 750 856 200 102 795 798 832 841 
372 291 354 256 54 149 374 621 686 742 767 850 851 967 319 533 7 274 161 594 609 648 663 664 683 925 935 957 
65 743 831 871 965 389 181 634 680 904 992 
77 202 805 861 929 947 51 464 174 235 463 220 
252 298 545 448 572 721 849 284 519 565 743 832 854 940 950 
108 126 286 5 401 15 176 86 160 357 1 428 655 680 699 845 853 548 450 512 329 47 490 451 327 411 576 594 710 762 846 851 981 
256 84 354 374 767 800 150 353 254 207 710 950 
192 464 333 348 889 178 237 264 630 683 871 
498 160 71 377 1 539 75 126 581 684 734 774 812 943 34 308 460 202 457 509 408 100 697 776 788 874 906 954 959 
101 489 484 368 167 288 382 319 241 107 588 614 730 745 878 907 912 142 154 160 254 182 464 370 439 377 86 264 430 578 751 835 857 895 994 
128 523 143 513 48 189 315 171 173 567 591 650 777 419 160 14 258 526 330 409 177 564 627 866 867 969 997 
40 270 152 19 550 628 725 848 992 404 212 9 165 285 512 251 591 670 839 
394 267 202 236 154 439 597 770 892 446 315 318 251 330 562 11 573 876 1000 
212 136 112 531 419 91 604 729 779 792 888 901 904 951 235 97 126 428 270 556 281 587 589 648 696 732 773 974 997 
7 463 293 501 341 426 404 720 722 733 862 864 936 959 62 195 100 445 257 174 462 577 628 638 716 847 889 993 
128 517 173 562 473 143 48 591 650 456 333 71 238 586 710 771 863 976 
389 44 139 714 802 955 451 257 575 695 728 761 853 
241 201 279 859 877 86 121 672 703 902 
527 33 584 661 942 250 477 374 464 297 
100 260 470 22 711 743 854 522 354 137 338 538 638 840 883 
448 556 90 130 237 220 669 701 758 764 809 868 966 150 406 536 451 580 585 606 686 723 779 819 996 
273 321 28 35 440 613 663 915 934 335 402 418 2 564 83 623 693 739 
70 17 544 242 661 546 137 262 332 235 612 
348 190 213 453 950 996 998 67 461 133 17 568 643 866 
117 437 65 409 242 228 388 309 487 186 100 624 819 830 854 942 965 522 51 4 281 516 418 435 374 557 597 641 677 788 789 808 967 
161 550 355 392 19 244 509 736 821 954 956 157 212 268 566 480 380 231 483 686 723 892 929 
31 695 710 866 970 976 561 515 102 588 607 745 963 
257 259 26 196 32 165 223 476 359 358 629 654 697 705 708 811 865 356 215 526 94 150 66 160 293 119 350 507 100 608 691 798 827 923 938 
142 548 635 643 781 820 972 999 339 201 355 388 572 428 228 610 
295 560 71 493 684 699 845 251 174 476 695 762 767 873 
359 415 865 874 916 212 157 734 796 861 
181 366 589 802 955 301 600 773 967 997 
409 242 39 353 527 570 487 65 97 70 544 624 661 711 908 335 213 428 319 366 38 290 75 85 256 332 598 686 773 774 
127 259 467 371 165 603 606 615 677 874 969 277 572 362 113 447 517 473 686 728 729 786 901 
352 475 137 515 93 410 179 236 21 522 198 543 154 394 439 726 787 810 828 964 426 230 415 86 48 83 323 340 567 260 261 605 617 647 648 664 712 730 740 747 881 
322 396 425 83 41 798 988 68 565 146 214 385 627 800 913 
175 107 150 561 283 167 750 877 7 543 578 452 775 781 926 994 
268 342 102 583 633 928 96 202 565 354 601 943 
35 512 422 370 524 605 663 691 934 465 217 416 485 646 677 716 768 971 
128 473 562 189 48 315 513 567 517 171 529 143 173 634 650 671 748 806 844 197 52 324 389 451 168 138 563 35 604 605 619 660 691 773 820 864 909 940 991 
75 180 160 126 125 684 302 383 464 21 823 869 
148 370 35 273 310 321 512 422 613 651 678 691 890 915 934 997 472 22 242 85 442 633 647 683 686 743 762 816 822 828 914 969 
240 2 531 212 50 407 103 82 608 611 632 642 659 729 754 761 792 797 816 901 904 951 968 146 166 83 411 133 553 487 66 557 293 58 137 231 135 220 40 514 54 681 836 903 917 943 
447 494 265 386 144 79 242 260 527 100 544 661 679 69 337 125 482 227 483 159 169 628 633 716 772 838 
34 234 274 348 347 899 996 492 275 656 690 730 768 967 
154 564 80 762 807 810 861 873 983 534 576 328 278 18 670 743 883 992 
418 349 551 225 300 547 339 883 910 64 3 102 429 584 713 726 729 
42 509 161 385 258 237 242 693 761 854 907 
220 252 90 669 926 977 994 222 583 60 80 329 633 729 
503 343 721 809 895 453 203 197 589 766 948 
134 188 548 46 142 643 664 727 781 898 354 477 299 312 488 35 527 691 792 877 897 
585 121 540 196 697 751 168 70 13 281 638 963 
419 50 565 729 761 904 282 127 168 418 591 738 939 
590 310 524 28 613 653 789 847 934 483 164 591 586 202 482 679 700 774 
585 165 257 620 811 443 398 572 384 921 
360 153 116 103 6 761 940 951 126 219 143 498 230 578 710 947 978 
60 6 153 50 311 594 407 479 327 116 112 212 136 360 240 611 632 729 761 778 797 901 951 962 995 165 323 351 35 45 236 579 157 533 54 368 201 341 196 189 621 629 673 679 723 742 751 909 982 994 
284 377 126 423 845 548 553 440 53 628 903 
492 224 446 443 104 741 752 765 826 913 935 100 291 547 419 470 580 702 743 792 824 889 934 
479 112 594 419 608 153 327 632 640 656 754 779 797 815 904 940 958 37 270 62 196 179 130 455 148 543 480 478 292 118 625 635 726 744 939 
165 462 335 654 708 744 134 574 384 236 515 935 938 
397 243 148 605 573 273 35 282 221 524 593 512 663 678 694 789 840 847 934 109 99 335 101 66 278 176 614 646 737 801 848 857 858 871 928 942 988 
66 175 561 123 11 516 68 529 537 550 613 335 515 656 
170 257 259 585 677 697 708 518 526 367 80 743 830 
80 416 439 522 728 861 873 370 219 547 746 867 927 
61 483 159 336 658 946 957 9 217 586 625 744 857 
203 352 668 762 964 220 490 332 637 716 
52 87 893 935 986 22 223 591 137 873 947 
467 335 26 155 127 606 174 358 371 32 259 623 677 697 715 790 839 205 92 182 306 482 140 212 437 451 446 163 394 632 948 967 992 
229 553 356 18 354 686 688 396 102 608 201 441 181 
142 468 277 532 649 664 259 207 370 201 166 854 874 
359 232 259 415 121 620 196 406 520 744 751 811 874 471 287 573 389 483 163 76 252 27 632 754 929 
584 576 711 743 871 26 141 839 919 946 992 
183 220 214 545 113 977 611 617 139 184 524 306 
309 494 437 527 186 218 854 871 425 435 78 343 815 845 893 970 
306 98 452 780 832 902 970 319 587 562 472 664 711 816 884 
456 40 19 182 219 275 563 834 956 126 566 595 609 319 119 722 878 927 
165 127 579 654 918 941 984 288 528 608 720 782 948 
381 157 140 328 413 710 559 483 35 96 696 871 
137 179 290 80 77 430 58 352 61 400 40 124 286 710 748 924 
608 91 594 611 419 383 656 901 940 119 380 623 195 451 620 54 724 
266 363 322 177 254 389 216 589 172 85 400 133 420 281 396 637 646 772 869 928 988 593 123 501 287 61 35 114 89 260 87 331 595 600 543 70 669 731 775 837 958 979 
128 591 189 143 315 529 777 406 113 61 139 554 669 
188 46 262 580 134 323 468 548 643 696 820 858 178 400 220 119 274 611 251 26 181 521 811 882 957 
526 256 402 354 18 469 229 541 54 465 84 746 767 800 804 884 967 221 100 457 338 381 125 188 248 637 668 709 793 809 861 873 965 
85 141 102 133 278 363 276 322 432 254 633 400 700 928 963 988 636 232 221 470 618 170 332 341 514 96 419 670 708 844 877 903 
480 344 3 119 460 280 316 500 737 794 905 985 566 54 140 603 571 149 304 536 641 729 783 926 
257 525 520 26 751 918 428 508 742 773 803 992 
383 419 611 136 153 729 779 901 904 951 381 7 281 45 410 691 738 798 893 973 
308 662 795 861 929 964 256 61 384 576 638 527 642 
594 212 50 778 904 951 499 197 641 316 448 713 902 
46 580 532 142 30 602 188 471 323 635 649 676 696 781 858 898 948 972 979 135 372 237 538 516 65 75 242 575 132 380 270 654 673 684 693 730 788 968 974 
538 287 236 662 795 181 264 161 675 778 985 
30 277 188 696 781 354 658 709 866 998 
181 172 133 281 486 363 633 139 320 692 953 978 988 112 441 243 590 419 232 62 613 799 813 820 833 874 
258 713 848 903 956 263 159 593 586 935 
545 90 220 183 721 926 172 505 553 586 565 989 
622 643 532 46 468 948 972 999 4 150 234 352 406 691 780 928 976 
128 591 567 562 517 173 671 748 844 87 129 193 332 39 710 713 749 956 
593 35 282 148 449 221 273 524 370 422 847 915 997 455 271 17 489 485 327 63 127 464 703 709 713 752 
446 114 533 765 826 924 935 495 120 676 715 722 992 
28 524 370 35 605 663 691 847 915 934 326 541 102 486 843 856 857 938 940 970 
335 612 217 358 174 629 259 579 842 846 874 66 97 116 422 439 643 312 296 466 728 785 934 
235 75 120 557 86 269 128 439 732 786 873 
301 632 383 611 136 729 815 951 67 412 614 458 596 720 744 970 
332 231 350 340 122 62 670 731 738 740 974 297 119 531 153 476 225 281 1 713 793 857 957 
510 617 296 441 119 302 72 660 737 788 813 502 645 359 175 201 156 86 327 107 181 774 912 
376 419 594 212 962 144 293 546 95 693 869 
302 480 658 324 200 329 442 441 500 732 737 905 975 54 591 13 212 334 65 243 173 66 232 545 750 
242 309 178 117 100 574 158 353 65 544 584 595 470 570 527 743 819 854 942 458 422 467 155 136 392 485 362 542 26 293 101 433 312 484 319 539 901 964 974 
439 203 202 488 538 236 58 430 80 644 352 162 287 641 393 137 724 787 795 805 929 964 981 78 251 237 215 218 376 189 365 492 4 309 190 301 323 64 224 813 846 849 944 965 993 
653 573 524 148 613 590 691 553 165 144 110 366 318 928 942 
277 602 142 188 622 717 781 820 73 586 553 627 426 65 877 893 
208 666 674 872 911 237 765 915 951 966 973 
127 665 744 865 896 151 119 470 863 942 
185 474 317 427 464 169 927 236 167 719 742 867 871 
522 618 439 515 762 636 332 256 710 725 
252 572 220 600 237 298 503 701 860 895 172 63 634 500 44 633 96 15 156 736 861 
332 122 657 231 62 350 731 738 740 843 974 114 563 86 637 551 597 330 736 865 871 
128 591 48 650 189 463 75 332 522 958 
379 414 413 381 98 330 496 438 683 693 803 914 970 462 396 232 350 408 569 130 685 750 867 898 968 
552 283 239 66 704 750 757 877 254 48 439 56 643 608 805 939 
335 196 259 665 874 212 59 175 83 742 930 
362 90 113 721 849 966 644 394 26 170 728 925 
134 188 643 696 999 652 204 247 118 825 895 
359 620 358 615 26 585 697 865 984 368 204 350 293 590 576 21 374 45 871 
613 524 246 593 449 422 370 840 890 934 214 17 335 250 377 413 451 21 86 
595 447 242 100 56 247 743 485 512 358 605 608 531 316 876 
286 125 45 557 75 160 461 86 337 120 685 734 766 845 885 938 943 72 495 463 396 267 554 370 168 311 363 737 775 786 798 909 919 983 1000 
101 175 450 167 412 66 314 345 62 594 427 540 81 861 871 899 
101 283 239 66 201 319 702 709 961 46 247 22 84 324 706 751 839 908 950 
330 387 482 413 485 379 672 197 351 452 381 431 140 771 803 827 881 559 553 449 324 593 513 218 319 122 363 359 215 748 913 934 946 997 
592 581 184 560 845 366 643 370 506 974 
428 59 126 160 680 86 125 735 845 79 354 672 146 551 44 548 382 805 
374 229 465 553 621 156 54 256 688 817 850 851 967 514 577 572 519 593 464 146 585 348 584 50 342 874 
102 366 363 44 266 784 801 140 169 82 317 164 267 513 824 
621 686 746 937 967 259 104 719 806 906 
104 519 131 492 446 451 445 533 164 477 365 765 799 826 913 39 497 474 335 128 63 212 441 380 241 544 130 796 805 926 
332 122 62 231 974 437 596 389 547 868 
263 440 449 35 590 512 310 370 653 273 282 663 593 148 789 840 847 934 997 381 455 488 64 229 283 640 439 51 602 111 579 591 649 723 940 946 990 
396 85 646 342 278 121 236 48 285 522 
452 549 672 197 306 369 140 157 455 55 230 514 482 379 438 414 92 431 95 771 780 866 990 6 132 462 659 154 573 240 153 181 179 442 599 643 2 106 27 513 697 743 750 753 855 946 
613 524 440 890 934 75 202 142 143 768 996 
157 514 31 140 413 330 369 578 710 771 914 960 976 248 531 364 568 581 78 93 718 719 845 938 965 974 
277 188 468 46 643 323 635 645 676 89 727 820 898 999 413 363 630 565 258 179 190 551 272 742 864 873 886 951 
615 359 520 257 603 677 174 121 579 525 620 708 811 842 846 872 916 309 316 400 448 158 101 295 693 549 388 402 560 44 56 221 355 515 446 
61 3 316 732 794 241 543 175 309 378 840 
160 284 581 557 539 295 735 296 89 537 119 234 805 884 977 
254 139 637 798 928 963 315 521 459 330 54 605 976 
669 572 343 24 758 868 977 494 280 41 263 851 891 998 
319 96 101 201 150 489 25 682 709 730 825 188 524 346 610 433 344 732 797 802 913 
42 491 546 456 786 863 992 333 125 216 442 651 569 974 
241 118 673 107 151 431 286 27 165 731 
476 335 285 127 579 852 969 445 19 124 280 777 965 988 
158 544 309 242 870 921 682 464 475 757 856 863 
135 385 161 258 355 713 390 531 519 551 460 797 
579 697 26 232 612 165 615 637 79 254 456 465 877 930 965 
319 283 702 101 36 450 682 745 837 912 645 651 125 333 157 163 636 294 4 919 998 
630 55 431 92 157 578 381 197 313 195 98 695 496 438 233 881 902 960 976 466 183 557 650 358 317 631 396 116 538 567 668 558 607 742 782 837 857 870 
624 100 13 17 16 144 584 386 251 447 502 22 571 33 79 544 247 527 830 854 871 965 160 522 98 127 281 347 402 627 412 391 20 296 759 774 799 802 842 848 850 910 916 983 
286 75 23 774 845 943 22 586 433 392 836 934 
289 385 707 355 135 161 509 182 495 647 459 550 42 270 392 725 736 786 821 863 903 992 431 163 221 362 642 598 317 121 526 480 56 175 651 657 485 650 795 847 901 957 980 1000 
568 255 268 472 756 928 431 480 830 908 940 967 
26 257 174 620 839 652 104 51 126 825 
318 194 168 442 119 324 12 441 305 61 344 480 302 755 788 813 946 595 419 566 523 335 356 507 504 212 590 618 516 393 88 861 876 918 
664 548 134 188 820 35 351 122 110 541 
332 122 62 411 738 974 695 463 354 450 859 935 
425 420 254 389 772 953 955 226 688 695 101 31 290 667 728 
463 7 293 566 426 341 64 404 454 373 20 253 129 722 733 739 747 829 862 864 917 923 936 959 1000 656 629 444 445 121 361 32 348 98 326 190 100 63 473 319 218 743 805 837 849 857 861 922 964 
675 648 478 326 556 601 783 26 391 541 8 463 872 959 
720 7 463 566 426 293 129 739 862 959 214 80 628 459 369 652 153 101 232 736 966 
332 350 411 67 122 731 740 974 577 608 572 525 173 261 691 997 
63 179 662 475 287 154 198 203 439 77 416 805 810 861 981 155 279 324 212 302 500 169 199 133 383 258 230 632 754 767 
563 713 42 152 491 385 244 182 444 355 775 821 903 992 96 100 414 492 344 293 133 668 268 758 783 855 869 891 917 
272 58 586 236 63 543 93 770 930 611 212 164 61 87 598 761 913 923 
548 602 696 820 999 437 117 271 234 845 
303 616 63 57 179 515 203 538 308 543 80 81 290 439 137 795 807 810 833 861 873 930 964 413 463 675 190 568 246 103 468 160 585 407 100 32 453 719 460 654 317 729 812 841 922 
565 535 656 608 604 594 419 82 112 327 640 761 779 792 797 901 904 940 962 101 298 350 585 600 140 478 330 281 524 256 598 728 338 638 825 883 921 950 972 
66 702 561 96 288 123 750 768 878 912 205 586 643 596 84 23 172 89 362 526 
332 122 67 350 231 670 62 723 411 657 304 738 974 178 86 704 128 551 633 761 769 779 824 895 934 
460 227 442 344 280 698 194 483 660 74 199 480 316 296 250 755 813 946 957 221 9 393 331 181 565 264 309 100 320 62 544 338 702 469 51 522 218 655 866 
720 7 463 501 566 426 64 454 747 923 959 17 508 294 315 13 351 865 874 946 972 
560 286 75 680 125 15 824 270 582 350 320 743 826 865 904 
86 518 461 428 699 685 377 769 548 426 516 430 789 934 947 996 
577 509 161 135 495 713 775 786 903 722 669 101 54 151 220 118 670 894 
480 344 72 316 441 159 124 658 119 433 638 296 329 280 660 759 985 287 363 497 357 97 169 81 680 175 202 35 613 330 210 795 964 
332 718 62 731 122 657 670 67 822 974 201 182 604 235 254 640 126 366 856 964 968 
720 7 722 293 373 747 917 959 573 54 547 123 401 746 848 930 
332 122 670 657 723 411 974 586 319 501 26 821 826 980 
519 451 610 826 932 531 417 505 139 804 
291 54 256 356 402 229 526 553 374 354 767 804 850 851 937 201 546 57 639 710 674 608 494 443 667 254 696 158 747 915 959 
65 70 624 494 571 22 309 388 117 178 661 437 353 527 679 554 871 887 942 734 383 593 693 610 597 720 615 114 556 389 295 281 200 813 843 848 850 955 960 
666 111 232 127 259 462 623 208 335 612 811 872 916 944 969 424 490 322 25 185 214 245 482 656 611 617 781 828 862 900 934 
319 709 561 283 201 877 880 386 9 170 578 242 775 902 971 
636 688 256 372 374 850 967 273 739 204 616 454 845 
739 7 463 720 404 733 293 917 1000 3 742 309 460 137 418 586 777 813 
128 315 517 173 523 513 143 650 591 777 844 474 683 247 427 96 25 64 631 163 870 934 998 
348 146 347 53 996 650 378 72 450 782 
118 421 175 412 36 68 299 314 271 552 11 96 201 516 588 730 151 283 673 382 66 497 25 757 130 35 535 456 672 80 439 95 349 277 693 510 197 46 252 434 660 97 442 59 784 821 875 934 
639 26 285 259 540 623 165 603 217 371 790 811 260 185 229 561 396 608 421 197 682 21 414 907 
114 451 610 826 935 651 209 331 260 950 
511 190 333 808 927 950 483 693 802 836 856 
535 594 611 761 792 797 867 901 968 551 405 125 623 550 514 724 800 820 
716 61 194 732 316 296 460 124 946 957 975 33 150 285 526 31 495 499 115 60 976 997 
714 133 342 322 177 44 955 190 526 804 806 813 948 969 
516 11 673 750 450 534 151 75 252 706 538 296 776 807 
701 220 90 214 572 339 284 725 770 873 
510 316 194 460 737 441 227 946 118 472 711 484 77 451 826 912 
136 383 205 479 761 797 968 463 428 100 470 807 825 874 
103 212 754 327 311 760 594 608 604 2 419 607 729 792 901 904 940 962 968 284 189 179 148 170 568 726 424 302 545 444 200 731 465 290 599 842 854 932 949 
352 668 267 597 543 272 475 618 49 424 137 522 795 838 964 581 366 512 546 157 151 79 557 593 780 786 881 942 948 991 
508 347 234 88 506 274 773 808 906 996 94 223 3 9 175 160 255 533 797 912 959 
572 183 545 252 783 261 810 856 875 898 914 
477 451 492 652 132 519 533 689 43 610 826 893 986 213 498 342 402 255 665 130 193 871 904 928 962 972 
108 357 160 680 126 5 163 824 885 601 296 18 123 277 281 196 209 770 
54 541 526 84 558 374 636 354 742 256 553 18 804 850 884 937 967 167 547 724 424 56 480 516 581 389 160 532 355 305 236 774 781 902 
66 319 730 201 497 96 238 694 83 296 590 487 596 773 779 
401 126 284 248 735 45 539 290 374 731 426 48 815 821 
338 202 236 564 726 168 136 758 766 886 
693 485 683 695 970 976 337 372 567 920 938 965 
363 254 719 633 400 41 181 202 595 137 118 910 948 951 
88 317 474 763 213 29 347 207 464 398 261 51 791 889 922 950 991 639 565 591 534 583 318 584 399 276 133 316 401 768 154 363 940 984 
461 284 295 86 712 560 160 357 824 584 128 711 605 658 379 767 123 992 
258 736 456 509 161 725 821 863 954 956 508 588 54 73 745 309 680 91 633 781 906 
287 458 787 796 828 231 757 141 560 70 863 
128 562 173 634 189 748 48 486 348 516 705 747 81 805 888 
642 419 116 608 867 644 480 368 784 874 
565 640 153 479 611 729 360 867 951 958 962 291 86 142 572 768 137 731 166 203 790 878 
549 514 331 627 95 313 693 803 902 225 510 280 649 522 495 762 126 956 
277 188 532 602 89 580 664 142 643 548 645 820 898 948 972 481 322 297 588 744 767 80 29 295 40 50 775 512 824 
409 22 470 527 17 242 65 247 871 965 495 491 629 201 710 428 188 319 749 480 
764 130 721 220 326 189 105 638 725 891 910 
133 281 507 687 85 412 750 778 179 72 503 
161 275 459 19 244 821 231 527 517 396 654 811 
355 152 19 713 219 703 275 736 821 834 848 863 903 545 122 85 180 484 363 585 762 655 153 537 349 680 317 
776 245 236 586 290 80 662 435 810 828 833 939 181 15 367 282 90 252 470 280 524 409 847 904 
716 442 124 658 61 296 74 344 946 518 576 450 400 643 560 186 797 886 966 
691 613 524 221 605 321 890 934 997 735 576 176 409 227 425 965 974 
620 165 751 874 911 779 6 25 451 873 912 
192 773 333 317 185 521 145 922 996 241 520 103 459 445 425 821 842 
754 729 419 594 376 761 565 212 136 2 904 958 610 488 245 602 208 490 400 59 324 509 834 865 974 
285 155 121 811 944 188 496 636 657 929 
638 280 698 119 946 73 332 258 879 951 
147 762 644 391 202 290 267 21 728 137 662 641 424 488 245 269 408 807 810 873 981 135 92 545 737 713 24 111 492 284 232 165 373 395 437 452 552 822 852 871 978 
203 408 776 290 416 424 179 689 70 582 369 131 25 226 871 
327 334 760 611 594 754 240 535 205 729 311 50 608 60 301 888 901 904 951 962 971 707 284 421 71 702 113 120 126 175 4 322 66 788 763 45 820 824 826 834 863 965 
396 44 700 281 322 83 181 133 587 254 955 188 640 140 579 16 334 680 441 552 893 967 
689 43 131 492 913 53 122 711 153 646 962 
526 374 636 558 469 587 116 264 754 367 965 
83 322 507 389 486 366 281 687 363 44 988 123 101 397 251 613 211 340 845 867 882 996 
472 312 568 583 363 465 702 381 753 711 402 
683 157 414 514 780 98 672 827 866 639 545 80 229 198 840 845 897 915 
469 256 402 354 767 541 291 465 742 636 817 851 952 756 94 309 427 253 327 259 290 83 421 741 152 902 943 
662 272 202 410 63 724 110 21 555 458 393 303 522 424 154 137 352 203 361 290 810 873 981 301 105 699 227 197 673 685 451 427 87 689 335 423 720 350 43 777 844 865 877 975 977 
128 591 517 173 481 189 844 256 389 688 230 756 811 879 994 
203 795 154 597 728 137 63 202 964 757 167 508 259 254 138 760 101 
763 192 753 464 88 106 950 452 310 133 576 404 813 820 
362 183 572 220 113 601 545 112 439 184 636 810 830 899 
787 805 795 308 538 272 57 179 586 724 728 597 297 287 828 873 930 947 226 490 329 187 809 306 225 468 504 527 158 167 516 764 903 959 984 996 
697 744 579 751 196 793 191 623 606 259 26 918 944 509 785 460 79 133 635 536 464 806 7 52 871 913 
337 401 560 27 423 160 875 431 177 728 467 418 306 492 848 
305 732 483 324 716 61 460 658 200 480 168 159 280 510 294 946 975 985 275 808 337 283 241 380 484 231 385 66 322 338 756 743 747 111 662 646 
502 470 251 79 437 46 44 82 98 996 
103 136 656 419 611 867 940 157 354 626 769 500 
136 594 240 888 904 962 72 54 514 499 627 593 
686 54 402 804 256 850 851 41 247 201 439 296 328 868 988 
126 71 125 845 853 70 84 468 201 275 
576 661 16 186 470 109 160 572 450 374 
696 262 46 727 346 142 30 323 664 580 89 781 277 635 717 898 979 591 808 510 309 359 322 797 396 754 646 250 242 526 419 822 912 944 961 
785 42 182 786 775 135 713 244 161 577 219 725 848 750 324 524 23 740 484 791 424 769 259 859 883 993 
332 122 231 350 222 738 62 304 411 843 974 183 152 795 375 116 593 194 512 514 820 923 
551 69 384 434 883 7 592 199 319 922 
766 126 774 86 75 284 428 734 853 731 797 610 424 530 687 781 386 333 850 
96 319 368 271 201 450 288 702 137 676 468 760 81 715 729 254 
52 652 87 451 492 446 765 131 9 610 752 132 741 689 533 477 226 429 164 893 913 932 935 986 338 759 402 33 296 210 220 197 740 536 797 94 74 203 507 344 82 734 494 168 877 934 942 956 
95 230 109 803 683 171 579 88 430 974 
810 162 203 515 586 776 787 522 964 744 593 524 3 370 183 127 307 379 845 
720 7 64 293 463 220 49 271 395 117 539 856 
265 353 711 527 544 576 117 17 33 242 854 908 615 254 419 393 472 714 809 206 19 316 293 894 981 
554 247 39 854 965 439 511 452 440 259 
140 230 514 627 881 909 993 131 297 556 451 552 839 845 865 
787 394 728 287 290 439 451 132 29 646 350 854 
40 786 628 19 863 992 348 797 75 792 927 935 
370 524 35 221 997 188 509 561 406 935 943 
137 303 21 57 80 290 203 236 81 522 873 964 50 369 504 99 594 712 753 115 844 854 933 950 
271 709 101 319 368 633 501 419 140 720 710 
58 762 424 93 361 337 595 548 8 163 968 
620 232 715 121 371 196 846 874 984 682 17 236 136 227 624 563 832 
691 613 678 28 915 934 997 803 698 290 161 571 873 965 
174 121 165 223 911 552 254 210 728 524 
325 259 121 223 697 26 654 874 791 322 93 184 761 7 140 711 942 
332 122 62 822 670 350 974 34 322 118 145 743 442 653 879 
128 591 806 650 315 748 48 529 836 145 805 515 162 59 454 637 163 
498 680 15 493 557 685 337 120 180 428 684 581 23 818 712 609 931 296 626 746 460 90 52 832 695 828 801 727 293 133 803 212 921 
839 121 697 406 654 26 230 557 308 662 366 7 960 
651 613 243 691 653 605 713 44 787 566 420 280 
275 161 563 258 786 135 546 42 647 821 863 956 232 72 65 613 711 79 739 61 484 812 743 880 913 
326 556 343 675 252 90 220 895 994 157 48 453 114 662 321 720 94 256 
526 149 256 291 817 553 374 767 686 18 742 746 54 884 967 711 348 360 516 226 128 438 185 824 58 183 743 304 914 
804 686 553 817 374 742 469 557 80 409 121 701 352 898 
371 705 335 155 941 514 517 795 879 946 
557 176 126 818 824 885 449 254 353 293 568 484 859 
70 100 626 571 97 353 251 409 661 218 831 14 242 309 470 830 16 47 544 576 711 17 871 556 237 66 377 143 202 185 761 332 483 317 599 836 366 833 48 622 881 885 922 932 954 956 987 
172 396 181 216 322 389 254 298 57 261 725 282 693 464 858 
68 201 283 210 489 484 271 123 368 66 167 118 101 412 534 319 36 552 912 764 76 220 463 829 99 103 461 377 70 706 399 131 738 234 753 653 929 998 
146 234 169 29 207 106 508 511 886 996 998 710 653 561 657 24 364 613 311 720 617 194 904 
635 548 188 134 643 898 972 855 380 144 419 269 90 613 970 
279 299 175 271 283 569 238 316 718 538 853 524 821 40 957 
183 669 24 895 933 437 47 436 125 157 
81 616 597 49 641 80 728 555 391 724 892 964 169 286 720 442 53 681 669 165 582 636 716 931 
720 463 566 7 722 258 744 225 919 978 
713 275 289 385 848 786 834 775 703 40 992 776 797 281 666 567 544 480 426 706 208 140 
720 7 463 293 64 426 566 936 591 508 464 696 545 366 873 949 957 
579 26 359 666 677 165 232 196 406 208 415 170 582 358 335 872 874 916 984 290 805 514 734 269 733 22 670 264 374 336 405 62 832 792 199 283 548 870 991 
95 140 803 431 514 693 331 578 109 902 914 976 370 137 645 291 481 575 75 732 399 562 904 987 
301 815 779 754 778 419 940 958 109 672 40 801 667 300 562 616 194 
214 701 24 572 478 945 966 460 476 817 690 332 953 996 
133 633 366 166 363 358 725 592 659 416 
527 70 186 247 260 487 706 36 179 314 865 710 748 379 
624 70 388 94 16 218 743 470 854 228 353 554 782 309 242 265 626 527 711 39 65 921 965 382 322 202 681 670 488 369 667 136 677 208 75 630 613 811 765 359 796 492 795 364 559 951 
865 744 665 359 697 721 29 390 206 324 104 
245 21 810 805 616 203 162 424 303 795 110 290 537 836 458 597 439 728 269 202 939 947 964 840 174 476 581 790 265 636 619 348 359 655 466 696 519 758 23 450 396 864 70 447 920 924 992 
208 217 842 196 623 540 674 865 121 232 165 839 358 285 415 111 790 26 170 654 582 585 98 160 686 124 778 646 733 560 87 424 7 405 118 760 622 322 384 413 261 884 890 898 899 
27 498 812 59 75 93 165 196 750 764 
349 551 249 300 418 225 417 209 910 137 679 236 332 564 429 24 306 716 976 
745 368 96 497 66 123 271 175 673 101 151 484 569 421 450 588 878 880 708 176 275 273 352 274 602 826 664 161 805 637 477 524 195 883 888 972 
238 730 201 561 877 912 961 269 242 131 628 779 445 84 901 
55 197 496 970 993 794 229 852 806 843 
175 745 877 314 11 848 203 332 549 918 
832 683 379 31 264 710 197 514 331 98 267 762 126 366 854 44 586 903 965 974 
75 163 539 184 938 250 801 424 635 996 
551 225 384 307 457 249 367 339 598 823 418 571 877 62 413 222 729 390 34 597 821 521 26 
402 850 84 54 767 636 105 541 245 93 243 225 627 189 699 341 874 
86 75 680 766 853 184 854 19 532 540 449 51 542 
190 185 857 4 996 696 788 770 463 216 965 
743 65 94 247 447 908 300 220 3 184 203 330 
479 816 565 60 797 505 165 777 877 967 
773 380 185 213 8 464 559 927 991 368 566 539 65 610 529 349 424 943 
282 789 370 593 399 221 524 678 694 934 989 290 140 416 874 299 74 354 334 898 913 
339 209 300 551 367 202 39 783 701 725 
543 137 338 81 287 861 564 157 5 48 190 78 577 496 913 
765 826 87 226 445 451 224 477 619 492 932 7 116 61 626 427 664 196 393 798 640 1000 
179 393 58 81 929 343 736 830 428 950 
252 220 860 362 237 669 601 364 849 298 933 994 202 676 312 456 731 353 77 128 561 86 242 927 
335 170 406 666 520 103 203 252 122 968 
317 506 51 169 508 4 602 31 252 86 803 934 
858 323 30 643 781 188 820 696 532 602 548 972 979 874 51 63 350 22 199 359 672 413 851 392 764 890 957 
596 380 464 190 317 681 874 250 428 188 809 
269 179 408 236 245 929 53 283 244 744 171 926 
608 632 797 376 594 531 640 729 479 754 761 565 904 940 968 347 1 661 585 878 350 713 62 145 133 204 35 389 295 206 953 
866 138 710 98 627 140 438 514 504 306 496 264 780 211 403 351 331 381 914 976 125 294 307 88 642 7 569 268 128 93 767 745 70 804 121 48 122 904 948 950 962 
647 736 713 786 161 546 275 152 725 459 355 219 270 954 956 992 262 107 95 810 609 881 322 26 190 508 594 637 339 950 964 970 
6 2 50 761 611 604 729 642 640 407 594 797 792 901 565 311 816 212 535 419 962 968 995 857 273 765 175 448 396 734 467 141 866 221 46 902 191 787 554 375 173 443 527 470 912 996 
638 660 204 280 460 141 201 122 64 161 
536 169 51 348 763 190 405 998 90 775 688 560 263 70 17 932 
561 96 516 66 201 751 514 599 437 457 
251 487 584 247 830 218 887 33 265 22 942 714 370 511 418 159 23 128 161 363 355 87 682 
514 832 328 438 109 387 367 680 591 153 608 991 
418 249 598 876 225 434 367 339 417 221 783 165 374 101 98 137 711 772 997 
467 665 165 790 841 121 918 408 81 527 143 119 260 
150 319 118 856 421 484 10 123 561 368 730 175 66 709 878 341 71 88 820 443 763 790 207 904 658 53 228 759 330 915 945 
451 826 689 799 533 131 365 226 519 9 114 477 610 224 87 443 924 935 892 890 370 201 277 194 135 206 683 848 726 287 363 811 702 587 921 945 965 
31 866 549 902 381 98 672 140 109 695 306 61 432 337 53 122 311 293 70 850 764 392 593 
399 246 370 273 512 593 573 840 653 651 803 912 98 247 241 261 742 665 322 977 
865 744 335 359 697 582 149 290 247 711 304 148 
720 463 747 739 293 725 245 424 594 221 
811 629 911 639 121 716 143 880 529 320 
317 348 261 380 528 251 624 680 862 709 
61 318 296 344 946 873 10 532 47 771 7 
22 871 706 247 218 913 606 729 90 845 
73 4 405 206 791 474 51 536 427 261 464 773 991 996 27 173 256 100 397 854 33 410 720 84 728 81 823 420 994 
720 7 293 253 733 463 959 1000 726 23 822 471 121 579 510 90 
519 533 52 652 913 873 399 631 947 988 
329 480 12 336 200 227 460 61 3 415 341 675 422 464 218 553 322 401 948 
600 183 220 478 648 515 689 638 588 290 900 
667 889 398 753 51 234 380 317 996 998 439 397 39 616 834 240 420 628 895 962 
436 714 700 400 276 530 254 637 41 320 322 141 589 472 342 633 953 765 313 446 663 242 225 462 51 148 286 371 443 435 40 613 649 304 968 
543 236 641 203 77 63 900 303 555 352 894 488 662 202 947 323 358 13 378 188 474 327 623 54 793 577 856 325 69 961 
728 726 522 49 154 810 964 42 403 674 14 373 739 493 708 
845 160 45 428 286 861 374 310 18 970 
451 893 224 826 741 445 359 208 245 854 761 906 
252 90 895 545 362 478 860 303 836 240 185 542 411 476 
593 35 590 605 789 148 691 840 221 263 678 694 422 512 890 613 573 273 653 282 449 989 997 744 712 654 262 538 735 42 731 748 438 421 750 533 66 382 336 610 683 344 826 311 65 897 976 
913 652 131 43 610 619 826 104 87 429 477 752 451 443 286 553 173 350 342 718 835 252 54 647 834 354 612 951 
720 426 293 566 864 7 959 348 294 467 437 320 522 66 
54 767 374 291 688 402 105 742 967 88 62 200 438 312 26 220 233 
45 428 680 59 493 882 86 235 943 612 695 152 525 653 545 195 579 771 413 
290 245 154 873 787 375 93 964 981 159 611 604 200 53 673 54 233 989 
761 419 815 116 240 867 611 607 901 632 327 729 212 951 995 213 239 591 318 223 317 395 773 348 374 260 691 653 556 714 
121 629 476 335 852 43 323 389 299 256 
260 39 17 570 908 242 661 576 743 97 247 309 75 40 826 321 762 148 666 12 842 550 663 613 
160 712 539 126 15 286 680 938 248 71 560 493 163 184 804 102 889 186 309 508 589 121 414 835 594 345 200 962 
121 811 793 744 335 984 432 820 152 506 662 955 
868 220 298 362 545 326 966 977 154 913 493 464 80 472 912 37 
755 813 12 716 732 920 72 159 61 119 617 483 227 200 794 788 316 759 136 469 683 333 691 339 693 624 733 256 88 357 852 431 33 
810 137 269 147 435 555 352 93 394 58 338 929 873 245 361 290 924 32 353 467 735 22 445 273 94 320 619 231 4 607 251 114 
781 277 649 395 134 89 188 532 643 902 601 620 925 756 762 772 164 629 985 
322 400 472 254 44 530 973 864 135 259 525 761 182 964 
274 261 88 536 53 427 773 234 4 51 808 575 348 753 8 405 987 996 250 682 441 902 40 894 903 836 423 548 359 558 752 537 556 236 729 148 
153 215 940 656 642 594 779 608 797 640 82 607 50 565 419 962 245 935 444 665 871 137 7 378 96 181 276 772 696 794 193 998 
374 256 354 804 967 205 96 244 201 984 
389 928 281 646 276 719 216 83 963 901 457 380 868 452 376 538 998 
40 903 577 258 42 444 775 495 992 551 300 317 463 28 483 190 560 854 
756 583 102 425 798 568 78 719 60 944 357 253 743 68 212 958 
152 647 848 577 495 161 775 903 628 140 533 854 826 439 780 259 650 277 
316 194 755 324 732 250 617 296 12 460 61 119 441 336 200 985 657 898 521 242 713 79 253 859 553 289 504 635 451 282 864 989 
212 792 867 779 611 671 633 475 955 291 
720 7 463 293 739 426 733 722 501 936 341 566 64 373 923 1000 810 119 44 742 367 721 53 273 560 77 763 296 93 179 275 317 
695 98 330 710 976 322 133 743 247 846 995 
878 118 682 505 516 126 454 820 929 383 
904 816 205 729 797 951 659 608 761 779 212 419 551 943 417 765 902 163 799 493 495 445 927 999 
216 637 322 700 953 451 354 578 603 185 
424 930 618 662 81 762 807 297 836 728 828 538 439 435 861 873 586 641 939 288 661 289 720 738 168 283 949 129 903 345 144 243 737 965 975 984 990 
782 554 447 22 70 47 100 247 56 17 158 711 871 576 39 831 14 186 251 705 913 86 964 358 381 797 695 636 800 789 662 840 188 34 881 708 886 76 771 
945 220 868 343 237 90 326 545 675 572 448 2 722 338 96 665 283 788 233 538 991 
937 354 18 54 105 636 686 84 553 256 952 374 469 526 356 465 850 688 767 149 746 432 576 192 798 714 147 583 299 551 202 296 620 888 517 409 100 153 319 596 120 977 
754 594 376 901 116 327 761 82 153 50 904 334 419 760 971 995 643 738 303 168 896 126 119 455 210 928 838 80 337 672 290 992 
196 165 705 285 744 467 585 562 487 756 171 368 593 
578 455 879 55 195 771 330 379 414 95 627 452 672 157 976 656 370 256 903 526 106 221 858 931 105 198 626 653 244 308 978 
383 797 82 968 301 119 203 590 140 745 
643 781 898 649 532 30 580 858 197 733 226 303 729 877 765 193 
396 172 141 133 949 665 48 640 459 158 
332 122 62 350 731 231 822 670 657 738 411 723 843 740 340 304 718 499 67 690 542 222 249 565 684 507 424 24 449 527 207 210 827 881 792 347 789 162 438 275 695 643 703 661 
813 660 324 159 755 254 464 805 366 964 225 
313 578 970 514 902 771 381 328 504 960 92 140 866 387 710 414 485 197 695 95 993 934 876 649 33 498 329 222 176 217 170 700 567 182 310 273 196 441 755 139 175 
701 90 183 364 252 113 945 625 545 600 994 967 335 4 227 699 101 915 805 200 218 
85 646 472 436 366 322 460 489 795 227 607 970 862 
898 188 142 643 820 197 633 539 419 512 987 
520 232 259 32 462 8 451 713 740 489 212 
439 110 662 236 939 795 805 290 416 724 459 79 557 151 164 135 830 180 343 62 
188 548 277 395 142 608 348 520 447 220 
597 80 338 416 543 522 81 303 203 331 680 316 213 482 261 711 348 247 
257 944 677 865 629 839 121 952 810 54 964 198 773 386 
638 296 318 3 813 737 957 280 411 644 354 171 21 367 259 948 
164 826 619 451 114 765 87 143 267 399 137 325 350 221 996 
53 348 508 213 950 979 265 486 854 866 
587 436 166 83 637 133 646 322 312 633 41 801 396 108 411 613 186 480 817 183 924 539 705 104 282 7 
512 934 221 370 890 541 648 205 331 957 939 
331 381 313 157 514 693 964 468 691 299 58 538 
773 889 106 508 922 333 390 348 998 283 591 966 865 909 762 231 379 
703 509 289 713 444 161 563 135 459 834 903 954 40 725 863 639 548 108 597 620 968 511 774 873 486 652 624 165 554 400 278 
313 976 879 832 233 264 257 93 17 566 821 316 662 
600 364 895 24 214 849 90 326 183 977 922 268 806 131 561 23 608 161 588 101 30 
608 968 904 940 419 960 498 333 539 354 528 
398 145 950 453 749 193 922 508 596 927 763 886 29 51 207 146 261 857 88 791 53 575 106 694 735 443 170 810 168 868 318 882 904 71 549 814 66 239 572 137 801 986 122 514 159 
789 593 691 35 934 221 282 370 28 148 524 273 835 840 651 317 551 356 470 187 683 910 522 565 113 723 583 363 562 495 755 
34 317 857 466 348 206 575 521 991 508 380 927 906 106 333 181 748 39 386 62 701 951 60 90 856 709 436 121 645 953 456 
580 142 696 532 676 727 649 51 332 128 428 524 126 515 962 
720 923 7 747 959 341 463 318 680 319 564 713 893 119 133 
