1000 10036 0
160 235 248 286 428 734 766 9 28 566 630 759 865 
136 565 659 754 901 203 300 596 964 965 
61 119 159 199 200 318 324 344 480 483 716 737 78 137 216 226 228 246 293 341 350 944 996 997 
34 73 185 190 317 347 348 453 575 857 950 996 19 281 393 467 678 710 716 840 910 925 957 988 
286 377 401 592 769 103 145 380 782 859 
153 565 754 951 968 154 156 193 281 524 
20 64 129 253 293 341 373 404 426 454 463 501 566 720 722 733 739 747 862 864 917 923 959 1000 41 66 97 100 104 213 283 324 367 517 526 613 660 662 690 760 779 784 803 947 951 962 965 994 
29 169 398 464 773 63 163 275 419 564 587 
104 131 365 443 689 765 1 299 491 569 750 904 965 
271 314 319 450 484 516 709 284 342 363 439 474 555 642 
66 68 96 299 505 561 681 750 859 172 322 449 570 593 720 800 826 968 
119 159 316 698 737 107 256 283 419 543 720 
17 527 584 626 711 206 264 462 508 765 
56 65 574 584 661 254 480 591 897 967 997 
120 428 699 769 938 943 354 559 598 654 723 826 
17 242 554 584 595 743 814 93 380 602 700 734 872 903 939 
13 16 33 65 70 97 228 242 386 487 527 576 584 711 743 814 871 942 965 75 95 98 121 128 150 155 203 275 320 322 352 370 451 492 562 652 657 773 915 
84 541 553 742 767 967 47 271 475 480 693 805 
444 456 495 509 577 713 786 821 4 25 119 363 579 729 902 974 
7 293 463 720 829 116 181 316 742 913 948 
81 137 179 424 458 597 762 964 40 159 205 344 578 683 945 962 
94 186 265 309 487 574 743 870 887 908 965 95 157 328 389 562 596 616 669 710 751 777 926 
75 86 126 160 428 539 557 560 592 818 90 116 199 230 255 422 508 633 668 851 877 
220 362 503 572 600 669 977 196 345 528 538 583 662 720 786 
66 101 175 201 825 912 19 106 394 514 668 738 831 
217 325 335 467 579 585 606 612 620 623 839 841 852 865 874 984 31 54 77 201 270 299 357 376 399 503 581 622 693 798 881 882 
160 180 248 401 498 684 734 824 875 119 217 290 301 364 546 695 729 903 
273 370 440 590 651 1 232 797 974 977 
8 190 348 427 464 996 142 184 439 681 798 888 
188 262 580 602 622 858 135 137 268 291 302 765 
197 306 672 803 902 26 446 516 589 713 
155 170 232 335 462 620 705 980 108 247 576 611 728 825 934 996 
17 100 251 353 595 711 743 819 854 871 62 179 245 564 565 710 734 766 862 894 
4 51 261 333 922 220 307 399 465 876 
148 221 243 273 282 370 399 422 524 593 605 613 651 653 663 678 915 934 997 133 311 319 368 411 522 527 568 591 610 686 763 812 854 867 946 952 967 994 
241 421 489 534 561 165 226 231 363 668 805 
201 283 299 757 825 419 604 651 766 848 
45 160 493 680 845 175 354 429 485 601 
70 100 218 251 527 576 584 595 626 743 942 261 322 367 399 530 619 621 642 809 902 935 
42 135 161 275 355 647 707 713 736 786 821 863 903 992 21 80 123 246 354 363 368 370 477 502 539 586 659 710 
322 366 389 530 633 798 978 7 329 368 377 842 854 893 908 
40 152 275 546 563 713 725 736 848 903 954 992 121 327 378 389 400 426 464 507 658 679 744 940 943 
446 451 741 913 935 986 79 84 207 307 406 822 
172 216 312 320 322 363 389 420 587 801 955 84 292 345 600 639 755 805 907 957 968 
38 126 235 845 938 102 220 349 389 612 662 
188 277 468 580 645 696 898 972 62 69 131 191 597 662 720 812 
247 251 470 544 711 782 942 18 75 81 394 733 746 759 761 
128 171 173 189 315 513 523 562 591 634 650 748 806 844 66 93 113 144 194 259 357 608 632 713 774 807 892 910 
154 162 597 728 805 873 983 107 339 521 552 691 771 
103 212 240 301 327 594 608 729 761 816 901 951 958 101 213 290 332 463 495 613 644 781 798 827 902 946 
34 73 106 145 146 169 190 261 333 405 427 464 508 559 773 791 857 886 897 950 996 998 57 136 137 157 172 221 269 311 322 344 426 432 483 713 732 765 774 790 873 895 898 965 
445 451 533 741 913 174 338 367 727 776 890 
185 333 348 380 453 464 506 667 773 857 889 922 950 996 998 118 162 296 310 335 337 424 539 706 737 786 866 947 970 
99 105 156 256 354 372 374 402 465 469 541 636 686 742 767 800 804 817 850 967 26 61 72 148 194 202 335 427 459 484 489 579 633 739 820 830 836 854 904 938 992 
504 514 693 803 976 222 423 795 808 821 826 
14 65 186 470 576 661 743 101 220 394 531 553 629 935 
63 80 203 267 338 515 641 795 51 169 247 306 432 638 682 781 
93 137 308 394 410 458 586 644 662 724 726 805 900 65 157 220 468 507 516 527 691 906 942 976 980 
75 163 539 557 845 875 203 289 382 547 646 988 
153 419 479 531 761 904 451 472 552 871 889 941 997 
3 119 159 194 227 296 318 433 441 480 483 500 658 660 716 737 755 813 905 946 985 54 129 143 161 253 289 295 309 428 474 537 546 583 611 747 868 871 873 962 966 998 
67 122 222 231 304 332 340 350 411 499 657 670 718 723 731 738 822 843 974 46 33 72 161 193 196 360 389 455 483 530 661 663 693 792 866 936 965 969 
57 154 198 236 308 393 787 861 873 947 964 8 100 326 422 634 670 713 821 853 923 
7 293 463 566 720 733 739 747 936 94 121 201 229 317 337 358 636 897 
14 17 56 100 144 309 447 470 571 576 584 624 626 661 871 887 942 965 58 87 116 168 202 236 335 543 548 646 732 769 810 892 902 904 951 970 
11 25 101 107 167 201 241 279 288 319 421 450 516 588 673 682 745 750 856 859 877 878 907 7 48 75 92 133 162 242 250 374 392 419 571 586 596 628 659 695 703 723 777 805 850 915 947 
62 122 332 350 822 974 101 492 587 807 
11 151 167 239 345 633 742 823 854 946 
209 307 367 823 876 46 203 210 554 577 633 
17 39 97 100 218 228 242 247 353 487 527 571 584 661 743 830 870 887 908 942 86 91 131 140 191 227 256 259 293 329 359 405 468 500 541 723 737 780 794 981 
176 184 377 428 557 560 581 267 292 495 535 718 821 957 
119 124 159 168 296 329 617 660 716 794 813 62 54 137 239 247 275 573 607 661 817 889 998 
4 51 185 317 333 380 160 182 291 458 565 754 
119 318 460 617 905 946 270 272 691 705 711 760 780 
59 23 86 108 125 180 184 286 401 557 609 680 684 712 769 774 845 882 931 943 66 17 47 93 122 264 290 332 338 535 615 633 691 704 711 715 720 786 964 989 
126 560 734 812 943 169 218 527 695 797 913 
203 245 538 586 762 26 142 146 511 541 
181 254 396 633 955 988 3 201 226 303 534 660 767 
100 178 251 260 409 447 470 584 661 743 814 831 870 43 131 296 439 591 618 631 642 656 705 783 893 932 997 
57 110 202 203 245 287 290 303 352 435 538 668 724 795 805 810 828 873 939 40 165 189 271 348 381 413 427 440 701 746 772 781 792 857 886 903 933 934 
21 93 245 290 375 439 538 586 724 796 833 900 47 194 332 401 483 487 532 600 862 865 889 957 
116 212 419 594 608 611 729 779 792 238 439 455 456 559 672 808 863 921 929 
85 133 166 177 181 254 320 389 587 637 646 798 869 349 350 353 522 538 550 552 564 614 838 844 915 935 
18 99 105 256 354 372 374 553 558 621 686 767 937 44 43 180 242 288 326 460 474 518 524 632 675 983 
83 172 181 278 322 363 425 530 633 719 117 306 338 339 456 566 648 657 788 904 
23 75 160 163 176 184 284 286 337 357 557 609 734 735 766 774 824 845 938 70 91 153 274 280 314 425 541 591 637 673 682 711 717 832 834 867 930 996 
131 224 226 429 443 446 451 477 492 519 610 689 826 893 65 95 109 217 296 485 656 683 721 733 748 898 936 951 
145 213 234 274 317 333 380 464 596 763 889 927 996 131 202 300 396 637 711 743 810 856 901 934 948 
134 188 277 532 635 820 898 288 298 327 613 737 802 
183 220 237 252 298 343 364 448 545 648 669 764 783 849 895 966 23 197 301 304 354 379 419 515 621 679 787 796 813 864 905 950 
212 608 779 797 888 70 86 132 463 514 
140 157 197 264 413 514 693 66 175 242 363 792 830 944 997 
81 58 154 203 303 352 435 662 776 787 939 16 48 75 96 427 464 764 845 909 940 959 966 
22 178 437 661 679 782 887 64 123 227 352 485 858 931 1000 
98 140 157 197 230 313 330 381 413 514 627 672 683 693 780 976 993 87 17 22 107 134 171 390 391 529 538 541 588 655 744 808 880 
11 167 299 368 681 682 704 750 856 877 878 912 93 182 225 275 445 532 582 601 688 708 710 775 850 
70 17 242 247 494 743 819 830 965 7 277 288 295 298 374 407 726 792 901 
95 140 330 379 387 431 455 514 578 630 672 695 710 879 902 909 970 17 128 173 180 220 280 312 402 489 497 509 559 591 713 842 856 918 951 
54 84 291 402 465 636 686 101 126 161 487 488 498 547 
70 39 65 79 33 218 242 260 409 437 470 576 584 595 661 711 854 942 965 7 63 252 323 324 330 362 448 524 620 633 731 797 820 859 932 948 986 
25 66 118 123 151 175 201 283 288 314 368 382 412 489 497 516 552 561 588 682 745 750 837 856 67 50 99 56 129 316 322 402 424 448 529 535 542 553 564 620 670 685 724 725 836 866 955 973 976 
139 141 366 389 633 687 953 45 137 145 196 321 511 561 934 
50 212 729 901 968 5 147 483 646 713 
9 226 365 451 477 492 765 913 7 462 470 530 584 644 696 773 
84 54 256 636 742 850 967 128 173 441 562 678 699 995 
51 213 348 390 474 508 521 927 996 25 181 504 646 728 767 782 928 955 959 
66 118 151 210 516 561 709 49 12 95 261 608 972 
75 337 401 845 943 32 341 414 492 577 638 
140 157 351 414 452 514 693 902 970 87 196 382 560 595 720 781 789 864 
80 203 662 762 805 828 929 429 602 630 711 733 966 
259 285 359 579 852 984 247 486 625 856 863 902 
531 604 608 729 797 361 446 577 588 598 
214 298 545 572 601 977 994 48 168 242 349 468 524 978 
164 451 477 826 924 935 157 441 664 771 853 968 977 
348 390 464 857 906 577 586 710 826 930 
82 419 608 632 642 761 797 901 904 951 962 20 23 65 118 254 413 459 542 567 662 781 
228 247 309 447 502 554 871 921 85 134 224 346 776 802 867 974 990 
107 101 151 187 201 283 288 319 345 368 421 497 569 730 750 878 912 53 116 135 157 160 168 293 306 354 451 465 518 737 762 763 839 967 
61 3 12 74 72 159 194 204 227 250 292 296 316 324 329 344 433 441 483 638 755 813 946 957 985 27 19 161 175 187 319 322 372 375 413 415 488 651 661 670 828 845 850 854 872 887 898 903 988 996 
15 125 180 235 774 882 140 223 472 480 672 908 
155 165 196 223 335 358 476 520 540 603 615 620 639 674 677 697 744 790 852 874 984 42 17 64 142 216 317 327 346 352 370 386 625 635 659 709 711 881 933 973 974 
62 67 222 231 304 332 340 350 411 499 542 657 670 718 723 731 738 740 822 843 974 75 278 280 296 318 322 339 424 489 522 545 573 643 648 697 735 766 838 876 954 982 
101 175 201 271 569 588 702 750 856 859 94 40 376 597 644 726 729 770 811 813 957 
72 292 329 441 442 460 788 139 183 299 387 678 756 805 830 
75 120 160 176 286 423 560 680 684 774 845 140 419 459 466 492 536 612 633 639 691 771 800 
76 23 45 160 163 184 235 284 357 428 518 557 581 609 655 734 735 769 812 824 875 931 99 135 194 241 267 409 438 521 548 555 556 621 638 674 676 711 786 854 862 902 921 964 
582 585 677 811 842 874 256 366 537 775 934 978 
48 143 171 173 189 315 473 481 513 517 523 529 562 567 591 634 650 671 748 777 806 844 98 105 17 153 177 220 319 323 400 412 436 469 520 539 553 657 662 725 742 815 818 855 
7 426 463 566 720 101 61 388 623 810 994 
237 364 545 556 994 190 593 700 863 865 922 
87 9 164 443 451 492 610 689 765 799 826 935 46 88 79 70 205 298 317 330 349 742 873 886 
226 429 445 492 533 652 826 935 91 151 175 215 332 459 483 856 
83 181 254 266 268 281 322 363 366 389 396 436 637 692 700 714 801 855 869 953 963 978 35 66 179 188 206 335 354 416 450 543 562 605 611 693 743 745 750 752 854 874 877 967 997 
89 142 188 323 346 468 696 727 820 95 117 330 485 576 692 873 992 
40 152 161 258 456 495 599 628 703 775 785 863 992 30 126 118 181 185 249 372 396 565 665 797 929 
2 205 212 327 376 383 594 632 729 754 904 51 160 261 303 379 441 450 673 781 895 987 
21 58 202 245 287 290 391 416 424 538 543 597 631 662 668 728 762 787 805 807 836 930 947 964 983 3 30 51 102 72 166 216 225 241 263 307 461 463 470 560 584 593 619 654 772 857 864 871 898 969 
379 387 695 914 976 287 450 579 605 967 
102 172 276 363 420 687 714 855 928 124 405 502 527 657 720 796 856 868 
95 98 109 92 157 197 211 230 313 331 381 413 414 482 504 630 672 693 710 803 866 909 993 120 70 125 203 234 235 259 260 325 334 371 372 426 480 576 582 583 637 640 661 682 783 846 871 
102 281 396 420 425 587 589 337 388 502 506 761 819 863 976 
134 188 323 395 471 532 548 635 645 781 858 898 972 77 29 121 201 315 444 605 608 710 719 729 850 896 984 
128 171 173 473 513 517 591 650 777 844 61 283 370 474 582 596 691 766 907 950 
65 218 260 527 921 48 633 751 778 804 805 
88 51 464 528 996 5 102 407 455 826 873 
51 169 192 427 536 559 77 363 454 728 801 928 
439 515 564 586 618 103 170 473 852 932 
35 246 370 399 422 524 678 694 789 840 890 915 989 997 54 250 352 438 473 514 595 786 790 854 874 895 912 964 
229 374 686 952 967 247 275 322 446 458 825 
175 283 368 614 730 750 757 880 912 17 218 361 514 575 590 598 726 
118 107 101 68 319 368 825 859 132 165 243 361 417 439 504 854 
42 135 161 355 599 713 725 821 956 259 261 449 641 652 654 862 991 
6 60 334 383 419 535 594 607 632 642 656 760 797 867 904 962 968 995 128 86 216 263 370 373 374 478 486 548 557 597 658 660 696 795 805 938 1000 
63 49 93 236 290 297 361 408 439 458 728 873 947 6 174 320 330 333 407 428 490 557 571 635 922 956 
121 32 358 606 615 865 896 17 203 212 275 590 716 
54 256 291 354 767 967 6 260 418 565 761 845 983 
95 140 92 109 197 211 306 331 351 379 413 414 438 514 549 683 695 771 780 960 993 114 22 51 58 118 219 256 275 303 364 430 454 579 586 640 655 712 743 828 861 912 946 
247 309 470 679 854 254 314 581 675 832 
3 72 61 12 119 227 316 324 500 658 732 759 813 21 190 384 405 462 651 750 803 804 830 910 915 922 
1 125 86 126 27 23 38 284 337 357 401 428 518 560 581 685 699 774 818 824 853 931 136 73 118 251 259 308 365 408 424 633 694 710 779 789 801 820 863 913 924 947 956 982 
152 135 40 219 244 258 270 275 355 392 456 459 546 628 707 713 848 863 903 99 61 119 62 188 277 340 379 427 592 626 636 683 830 904 942 943 985 994 
49 203 391 795 805 53 66 201 512 968 
59 86 126 295 428 655 680 735 766 853 882 938 943 8 179 213 223 279 294 335 345 353 355 584 697 963 
114 131 429 451 610 826 374 435 514 558 749 805 
121 196 259 335 359 462 540 606 615 629 697 715 744 839 841 865 872 874 918 151 80 36 213 218 337 418 424 492 546 568 588 619 680 854 856 857 904 962 966 
83 177 181 366 389 583 633 137 190 386 463 535 591 740 
66 68 96 175 412 421 682 757 859 907 326 572 579 608 634 635 643 687 754 791 
72 199 280 305 329 336 442 510 638 732 113 118 65 253 317 588 632 848 857 881 990 
51 146 8 185 193 274 380 464 511 897 922 950 998 76 57 241 242 247 281 409 656 666 717 779 790 913 
32 585 603 612 620 623 697 147 403 628 673 821 825 891 904 
128 48 143 517 529 591 634 95 190 396 528 557 643 672 845 
44 85 139 363 486 633 687 798 988 11 51 201 204 298 471 483 562 976 
128 48 143 189 473 513 517 523 529 562 671 748 777 806 98 105 200 364 370 512 563 586 693 713 767 822 861 886 
191 232 257 259 525 579 620 629 665 744 52 154 236 671 777 782 903 926 928 979 
101 150 25 123 167 201 283 319 368 450 497 516 681 702 750 825 856 877 912 92 132 38 119 274 344 385 502 517 538 555 591 650 867 874 951 967 968 
125 71 86 286 295 539 766 259 312 375 611 761 763 
166 83 276 281 366 472 507 128 565 614 656 689 729 
94 79 242 942 965 237 560 742 789 865 
21 198 236 245 475 543 597 728 762 828 33 133 163 374 463 507 526 594 739 988 
27 75 120 557 684 84 98 421 533 704 
78 133 85 166 83 254 281 322 342 400 583 633 646 692 756 784 928 955 106 135 20 196 212 220 286 293 300 317 492 628 662 701 773 776 870 912 
275 459 550 647 725 903 956 96 73 315 374 578 989 
90 298 448 503 572 600 669 701 926 945 966 124 188 236 314 425 430 455 467 482 785 939 
75 126 71 86 498 518 655 685 824 845 29 209 347 369 485 750 767 804 948 950 
169 4 53 73 192 333 453 596 667 889 996 135 212 334 346 354 362 420 488 588 685 797 
22 56 679 706 819 830 396 464 901 902 983 986 1000 
118 201 271 561 682 709 745 119 410 685 724 850 970 
142 134 30 46 89 277 346 468 548 602 635 643 645 676 696 717 781 858 898 948 972 979 982 161 133 183 202 248 251 252 366 374 410 438 442 476 538 540 566 720 743 746 769 908 947 
128 48 173 315 481 517 562 567 650 748 806 844 80 281 300 377 413 575 731 749 828 843 846 848 
4 29 51 193 213 234 317 333 348 474 511 528 536 596 791 857 987 130 171 159 166 220 259 266 297 310 341 375 460 580 683 712 716 744 902 
174 285 335 615 639 865 969 70 46 368 622 653 777 815 
185 146 317 464 922 991 998 242 558 614 709 724 810 
169 190 317 347 464 763 886 889 996 62 6 230 557 577 716 928 945 949 999 
61 119 204 227 296 316 344 460 480 510 716 732 737 126 54 81 48 373 424 463 490 561 591 593 656 696 786 
413 438 496 832 914 976 217 265 602 623 725 812 
165 121 208 223 259 358 359 406 585 612 615 654 677 865 918 109 62 24 181 102 402 573 594 658 664 688 710 873 883 927 
31 95 140 92 157 230 264 306 331 381 431 485 496 514 549 672 693 710 803 902 976 90 238 247 252 286 333 363 404 463 538 554 585 663 716 728 730 731 922 929 952 982 
63 179 290 522 644 795 220 563 660 699 914 974 
3 168 324 716 813 23 212 236 416 943 
3 296 318 433 638 660 716 732 788 925 946 957 985 173 315 454 523 562 598 608 628 742 873 898 900 917 
123 25 66 118 101 187 37 175 210 271 299 319 484 497 505 516 561 614 673 878 912 26 64 142 172 78 162 227 232 242 316 317 451 459 469 514 627 646 723 890 895 899 980 
80 137 203 269 287 308 338 391 410 416 538 543 586 662 726 787 795 805 807 892 947 964 88 188 65 54 225 261 294 368 506 541 609 625 680 705 725 737 747 826 850 888 922 959 977 
77 80 110 57 162 93 202 236 287 290 303 338 352 391 410 430 488 538 543 795 805 873 894 947 155 140 59 69 2 17 217 221 261 317 356 401 484 513 571 594 670 744 747 771 850 874 902 904 967 
119 194 280 316 737 920 172 485 561 662 727 890 
136 212 407 797 904 962 21 131 207 446 688 742 935 
213 317 380 405 753 773 906 133 13 248 309 327 370 590 992 
261 390 405 464 906 43 205 451 702 841 898 
196 259 540 620 629 874 941 268 290 292 327 501 713 856 
69 225 367 418 876 184 461 650 766 812 842 
201 107 271 319 484 516 552 768 912 69 337 398 724 829 911 981 997 
157 140 403 514 683 710 993 360 392 424 584 585 628 764 817 
205 82 103 50 91 136 311 334 360 376 607 611 640 754 778 797 815 901 940 951 962 968 199 185 181 155 234 267 270 273 336 366 369 397 411 522 526 546 694 730 756 763 925 988 
206 88 190 106 261 398 773 950 991 165 50 163 7 232 242 473 604 696 819 
113 220 237 362 545 556 572 669 764 994 273 324 374 394 548 557 732 805 834 843 881 
240 607 632 816 901 951 132 293 527 663 750 838 
44 255 425 432 587 633 988 137 153 3 121 538 598 820 861 
26 259 325 335 612 674 811 87 27 203 195 230 988 
70 39 100 144 309 502 527 595 679 711 743 830 854 76 150 165 220 383 542 629 729 763 768 786 938 
161 385 563 821 848 863 157 367 609 722 737 789 
214 24 90 237 326 362 364 448 478 503 545 572 600 625 669 675 758 849 895 926 945 977 994 198 218 45 181 56 34 190 58 98 128 226 232 328 368 724 742 773 820 894 898 914 942 946 
35 310 370 397 449 512 524 593 605 613 651 663 678 789 835 840 890 51 203 226 227 423 463 483 509 611 696 698 743 765 769 797 865 
122 62 332 670 974 55 242 430 516 814 922 
121 196 623 666 865 874 163 120 284 527 580 947 
87 451 610 826 913 932 117 326 363 476 697 934 
209 249 339 367 384 418 551 598 891 910 202 137 96 227 278 482 557 669 824 874 968 
104 132 87 446 652 689 826 893 221 36 220 78 3 479 516 775 822 
119 194 61 159 296 302 316 324 480 483 658 737 755 794 925 946 94 70 225 221 201 273 281 370 515 516 591 707 847 885 943 974 998 
17 70 117 247 626 3 591 660 713 981 
149 354 374 465 469 742 850 64 259 448 496 610 613 652 714 
140 197 95 313 413 431 683 902 976 23 217 193 267 342 358 907 949 953 
122 62 332 340 350 411 690 718 723 731 738 740 974 36 247 464 482 567 683 744 848 859 874 883 934 
174 32 259 358 371 615 674 744 865 916 28 201 213 220 249 315 319 688 754 789 
328 455 672 695 780 914 259 390 490 497 620 709 851 971 
88 190 348 380 464 763 773 927 991 996 998 140 212 275 437 438 526 631 681 702 711 731 976 
45 120 126 1 461 824 938 140 327 526 642 732 869 925 981 
154 63 179 203 267 303 424 522 537 538 555 597 616 618 641 726 728 796 810 836 929 939 964 174 65 183 199 296 316 359 365 470 514 516 557 587 608 610 698 751 779 799 816 839 955 959 
220 90 214 130 343 764 849 178 239 251 316 357 400 748 824 
288 299 319 561 825 197 82 545 635 957 
68 314 368 704 757 856 72 237 533 670 712 718 770 
50 215 301 608 754 971 995 279 299 303 331 750 821 855 
66 36 319 368 709 730 961 169 126 137 361 451 948 
100 16 17 70 97 178 247 251 309 437 447 487 527 544 576 595 661 706 711 782 854 871 887 192 66 213 84 222 92 113 169 201 317 326 403 445 547 603 637 674 734 776 893 910 970 978 
35 263 370 590 613 934 997 151 264 302 566 572 773 884 962 
161 258 275 392 775 276 753 768 811 946 950 
137 80 77 179 81 515 641 668 728 787 873 947 33 255 354 423 427 500 719 720 733 903 935 937 
148 370 613 890 989 997 3 40 277 738 822 832 
158 47 117 242 70 228 97 353 386 447 470 527 544 576 584 661 711 831 854 870 908 942 72 197 111 149 57 231 169 32 266 292 350 439 463 535 569 585 725 761 765 805 913 985 
27 1 423 684 818 875 188 206 269 361 682 870 
225 418 551 883 910 135 232 251 278 571 
119 316 344 441 732 788 148 66 271 493 501 801 914 
47 242 79 39 33 260 487 527 574 576 595 743 854 870 871 237 188 249 160 370 380 438 549 578 598 767 915 934 984 996 
90 298 364 545 572 600 860 868 895 966 994 100 197 188 358 376 434 488 563 691 816 984 
7 293 373 720 959 168 61 545 795 909 928 
83 181 133 78 266 276 281 366 396 436 568 583 692 798 802 949 953 988 14 158 116 284 303 328 332 411 439 467 545 608 660 682 762 788 881 911 
216 389 396 486 928 245 23 318 766 774 
54 105 84 156 291 354 374 402 526 553 621 688 746 804 817 850 884 937 12 127 157 70 294 320 434 446 550 623 625 661 681 803 828 836 865 871 997 
174 259 285 335 579 585 639 715 852 916 941 381 563 571 591 593 642 720 895 934 954 955 957 
244 135 161 275 546 577 713 775 863 290 312 336 399 441 527 699 705 942 
217 232 174 165 111 208 196 257 335 358 359 520 639 666 697 705 744 872 896 911 969 176 233 160 229 152 140 70 48 190 292 463 469 487 658 673 809 844 850 856 956 
100 144 79 251 470 782 921 140 156 401 515 551 750 815 827 
213 34 207 51 317 333 390 427 453 508 998 202 39 136 203 107 152 524 526 560 821 830 
30 602 635 643 649 676 696 820 460 509 567 612 784 914 
243 449 524 613 651 653 694 137 153 543 683 739 860 884 
197 92 306 330 387 431 452 496 514 683 832 879 970 75 243 13 366 448 544 562 583 639 650 682 748 865 
22 409 527 624 854 965 195 432 500 589 608 889 
133 254 281 363 637 247 190 655 854 948 991 
236 57 352 475 522 543 586 929 126 212 230 71 581 661 667 955 
133 320 363 472 714 928 208 30 324 680 709 767 
202 375 439 488 522 805 838 248 51 363 371 514 710 779 
161 289 491 577 713 992 74 212 26 286 366 506 843 
201 10 210 123 187 283 319 681 730 907 250 80 18 274 311 400 623 734 872 888 
522 537 564 616 805 861 74 281 340 594 608 996 
28 35 282 310 370 399 422 524 573 593 651 653 663 691 890 915 934 997 214 212 227 296 319 353 426 428 505 561 570 619 634 770 839 874 938 968 995 
169 88 474 667 857 922 991 996 271 175 86 413 519 767 929 939 1000 
182 42 161 40 258 244 289 459 495 550 563 713 786 834 848 8 17 96 72 157 149 234 155 391 439 561 579 700 742 913 999 
177 254 139 363 784 244 599 711 806 814 950 
89 188 46 323 548 580 602 635 643 649 820 858 97 161 246 331 425 438 517 568 593 661 874 913 987 
85 281 363 633 646 687 798 122 249 225 327 768 811 940 958 
66 516 730 750 880 163 240 374 695 728 852 
204 168 302 316 336 344 442 638 658 737 759 813 925 98 122 86 293 418 428 452 669 691 703 779 874 983 
133 181 254 278 266 141 177 320 366 396 400 425 432 507 589 633 719 802 928 953 973 978 988 227 189 272 6 169 4 309 324 359 449 497 500 557 606 616 643 661 680 840 895 904 972 
35 273 321 370 512 663 678 847 934 383 554 576 610 644 773 828 872 
101 271 37 175 118 150 319 345 450 561 702 825 912 12 143 7 464 594 691 699 806 827 919 945 974 
126 86 160 357 377 680 734 735 769 845 938 254 223 10 291 447 482 508 524 711 730 866 889 
191 111 257 582 697 874 348 473 496 797 887 951 
5 86 75 1 176 125 557 560 609 812 853 181 197 270 290 412 416 587 725 799 804 830 990 
203 137 202 80 303 522 724 795 805 810 138 389 396 404 426 551 623 743 809 826 998 
238 66 118 101 299 516 552 825 97 84 89 693 735 895 973 985 
275 270 491 775 863 59 61 383 409 492 906 
198 137 203 80 154 81 297 375 435 458 515 538 616 631 662 724 787 795 810 828 833 861 939 983 27 258 50 208 75 286 296 307 324 326 377 402 480 544 552 658 750 761 826 903 904 916 969 992 
156 256 99 354 553 746 804 967 30 284 73 350 422 565 798 920 
124 119 318 344 460 737 44 247 259 208 71 736 
7 64 253 20 373 426 454 463 501 566 720 722 739 747 864 923 936 959 181 118 280 215 70 3 307 316 413 502 527 636 716 735 774 852 901 999 
441 480 617 658 925 975 163 202 256 687 693 826 939 
163 176 461 680 853 61 97 316 353 635 
119 227 61 200 72 194 302 316 336 433 617 638 732 737 755 813 905 920 946 290 79 236 273 53 87 122 358 374 416 486 499 502 576 630 651 675 878 883 951 
154 290 644 728 776 810 190 365 487 739 846 963 
113 183 252 90 545 849 895 172 97 131 89 525 893 998 
288 11 238 37 96 201 319 412 516 673 912 9 240 124 26 509 533 627 634 639 659 686 
307 339 384 417 457 551 823 181 88 189 2 557 736 915 
50 240 656 797 888 27 90 348 463 936 
296 280 227 344 946 957 243 30 333 398 734 844 
236 287 93 203 80 393 488 538 586 597 641 724 833 981 254 78 240 136 157 437 514 526 730 744 748 813 826 853 
62 122 332 657 723 822 974 90 337 562 652 663 672 777 809 
168 433 638 716 737 532 646 669 790 954 
264 157 31 197 379 413 482 693 710 866 879 902 909 85 118 57 354 417 463 743 752 826 836 849 858 915 981 
69 300 378 417 418 547 883 137 290 293 34 43 792 807 818 
202 58 63 394 424 662 796 810 900 160 409 460 629 651 693 771 797 
242 158 117 218 65 22 353 409 487 544 574 595 711 743 908 281 61 206 380 389 516 541 549 551 585 698 821 848 877 922 
273 221 370 524 593 653 678 789 840 190 53 326 344 425 560 574 650 832 
212 407 531 608 632 940 958 35 51 271 348 519 638 898 922 
44 322 366 396 400 637 855 928 963 258 176 98 357 428 509 527 591 961 976 
230 95 140 387 431 455 970 608 745 786 878 913 934 
101 239 10 345 497 516 907 183 158 86 431 565 636 
128 189 48 513 529 567 591 650 844 232 200 142 182 328 589 874 963 999 
159 250 227 119 280 204 194 296 12 318 324 460 480 483 500 617 638 660 732 737 755 813 920 946 957 201 237 20 295 101 236 293 353 374 524 525 560 577 578 738 795 811 844 856 877 912 931 939 951 
88 261 190 206 73 192 193 4 333 347 348 380 464 474 559 749 763 791 886 950 64 201 121 242 131 181 168 203 340 426 463 553 568 590 620 693 762 849 940 943 946 
61 3 316 200 74 292 460 732 985 255 122 330 385 564 572 682 843 
299 210 283 151 238 271 201 66 118 241 10 175 505 561 702 750 837 856 877 880 912 128 273 119 232 35 322 334 359 430 545 643 645 650 667 713 793 864 882 940 964 979 
83 268 281 44 322 400 507 637 692 928 988 17 256 154 380 449 621 696 736 840 865 
282 399 449 663 934 102 322 380 709 930 950 
133 41 320 312 181 85 44 342 363 366 389 486 633 637 646 687 700 798 801 869 963 122 17 321 119 39 319 51 11 149 101 408 492 522 540 548 601 604 671 728 832 993 
134 277 142 471 643 649 696 820 898 979 100 128 335 354 378 385 414 608 703 799 
119 199 3 316 227 159 344 441 732 813 925 946 957 214 7 268 100 281 290 393 439 455 685 693 757 835 836 
217 26 371 612 874 140 442 445 743 997 
220 545 572 675 701 721 758 895 933 966 977 63 167 242 310 84 290 224 473 737 946 
50 136 360 565 594 608 640 760 797 815 888 904 940 951 958 235 278 42 89 121 206 208 411 478 508 527 631 791 945 
233 482 485 693 827 315 254 22 220 560 
168 72 124 119 442 460 660 41 70 389 478 495 545 780 
95 264 98 369 403 549 672 693 695 780 827 976 100 131 134 154 318 480 607 720 731 798 859 957 
157 197 140 455 693 710 832 902 970 976 240 277 341 384 522 849 877 906 965 992 
122 62 231 304 67 222 340 350 411 499 542 657 670 690 718 723 731 738 740 822 843 974 81 50 75 132 254 447 514 551 574 586 606 654 761 787 813 817 850 852 929 992 998 999 
53 185 34 190 88 51 261 73 317 427 464 466 508 753 763 897 922 197 154 302 352 444 446 447 510 524 574 576 588 654 797 851 865 933 
153 212 419 594 792 185 319 140 743 883 977 
191 259 165 257 217 121 26 32 467 579 603 623 639 665 697 751 865 872 874 980 984 65 163 54 133 53 323 354 443 508 516 518 524 652 785 838 854 904 909 947 953 
296 280 168 510 985 212 258 728 906 912 934 
108 160 86 428 539 557 560 655 680 210 165 141 53 304 64 620 650 740 761 
203 57 202 352 375 435 586 668 776 805 892 964 981 75 52 85 362 370 557 611 642 704 773 781 895 946 
300 225 378 417 418 547 551 823 883 85 49 122 459 468 723 825 848 1000 
332 122 231 62 350 670 974 317 272 161 396 522 883 
7 404 463 501 566 720 3 190 331 108 480 834 
181 322 568 719 949 230 10 457 558 806 816 
237 90 625 648 895 966 428 543 640 646 787 845 859 
324 302 280 119 292 3 194 250 460 483 500 737 813 51 21 310 175 354 446 538 586 650 693 711 749 901 
118 314 283 68 588 44 24 163 437 472 
188 134 727 781 898 185 121 117 566 631 899 
193 317 4 474 521 773 184 484 514 647 738 912 918 
115 234 317 29 106 190 53 4 380 490 506 508 596 773 889 899 950 987 991 996 998 311 301 80 285 349 387 423 443 445 480 527 537 567 620 680 711 725 741 745 928 937 967 
367 418 434 551 883 113 83 131 348 45 513 
332 122 62 231 67 340 411 657 670 731 738 740 822 974 291 247 3 83 363 370 465 469 476 492 550 747 750 937 954 
109 157 693 902 960 389 424 567 854 957 
267 80 93 338 203 361 391 424 515 662 728 929 17 121 148 94 333 381 418 436 815 903 965 996 
70 33 309 247 409 437 494 570 576 584 626 661 854 163 273 316 295 83 439 446 449 463 512 561 809 990 
256 84 54 291 156 229 372 374 465 469 526 541 553 621 636 767 804 817 850 952 967 118 323 306 133 38 90 335 245 40 344 185 15 371 393 628 763 827 917 930 932 933 996 
40 161 152 392 546 563 848 903 992 163 402 514 566 609 755 877 924 
374 526 541 817 967 203 464 668 781 986 
126 160 86 284 699 26 237 312 48 569 759 
196 121 155 232 259 520 525 629 654 674 677 811 980 296 230 252 64 380 545 551 588 661 728 732 821 901 
165 259 196 111 406 415 629 793 846 874 918 944 70 236 281 319 445 471 481 517 526 541 678 691 761 
327 212 407 608 867 904 968 211 62 428 460 757 759 
154 352 430 538 555 668 795 828 929 981 983 151 150 112 248 241 455 633 643 756 826 976 
24 220 214 545 572 601 868 895 933 100 185 338 472 527 695 737 757 882 914 
139 266 133 276 172 85 44 322 268 278 396 420 436 472 486 589 687 756 798 801 802 928 949 955 197 224 350 40 269 10 36 19 146 92 370 386 427 520 538 563 657 786 813 883 900 916 958 991 
220 90 252 130 545 625 675 764 157 173 27 557 602 676 944 986 
104 9 446 492 826 893 297 160 236 849 878 978 
177 312 102 281 166 41 254 133 322 400 420 472 646 687 719 869 949 988 270 264 212 188 127 465 541 559 665 703 725 822 839 871 874 915 943 984 
69 209 349 225 378 417 418 434 457 547 551 598 883 39 219 52 7 421 442 467 500 617 696 762 771 779 897 
239 96 118 150 175 241 151 101 412 489 702 730 750 191 35 41 202 40 220 547 640 761 855 959 976 977 995 
330 379 504 514 771 976 993 212 184 396 488 713 856 865 
148 221 310 282 273 246 28 243 35 397 422 449 512 593 613 651 691 694 789 890 915 934 997 251 17 153 363 143 121 173 206 350 338 227 40 415 495 529 568 582 595 701 707 729 812 
325 232 415 620 874 354 269 140 460 729 
354 54 84 526 742 140 135 119 439 604 
253 7 293 463 566 720 194 153 419 421 451 664 820 
84 54 229 256 356 354 149 402 469 526 541 553 636 686 688 742 767 804 850 851 884 937 967 179 188 279 316 296 97 164 153 214 182 66 397 409 419 436 456 484 510 572 697 716 778 781 
290 338 81 269 762 892 119 190 176 517 613 996 
136 212 611 642 729 904 968 252 26 123 616 713 832 
5 284 71 401 557 712 943 290 189 41 397 477 613 665 
339 307 367 384 417 323 42 380 480 600 638 
306 98 138 157 369 381 514 683 695 970 161 136 90 419 491 686 724 817 846 885 
169 88 234 53 317 206 73 348 474 506 508 575 773 857 996 358 320 16 321 378 309 251 5 384 491 613 631 736 910 953 
197 140 379 95 403 482 485 627 683 771 866 909 970 352 80 257 396 418 573 680 709 711 718 798 813 920 
101 561 569 745 856 109 59 410 472 891 966 
136 153 419 531 797 968 971 282 289 218 394 795 894 926 928 
225 378 300 418 457 547 551 823 876 883 910 159 380 331 467 576 697 761 912 928 964 
219 713 725 736 821 954 956 323 318 175 798 823 913 971 
17 247 470 626 711 743 830 870 121 363 166 462 533 613 857 949 
264 138 98 313 990 348 124 393 412 441 765 
437 447 470 576 871 129 141 565 677 678 
133 166 41 255 102 322 83 44 396 568 633 637 692 719 772 801 802 955 62 42 329 309 22 287 45 351 424 493 526 588 676 708 762 918 959 977 
261 207 106 115 899 906 95 233 513 584 648 722 
202 162 203 352 137 275 95 653 912 974 
355 244 161 725 786 956 211 66 479 722 857 883 
63 303 439 488 522 537 892 387 4 324 354 711 756 780 854 
58 308 424 662 873 383 47 25 56 214 772 
142 471 643 948 972 416 419 641 774 868 934 
133 312 141 281 363 254 389 255 78 400 432 507 633 700 784 928 369 135 88 287 186 340 381 171 570 585 592 694 737 796 820 943 
221 370 613 653 691 374 377 212 418 600 
213 8 464 536 791 302 210 422 841 842 
148 273 321 35 524 678 915 258 26 39 34 624 669 909 927 
281 181 312 396 366 320 425 633 637 646 714 928 955 42 237 271 128 518 539 570 579 608 634 720 845 976 
27 108 5 160 377 75 428 539 685 203 81 260 420 733 817 912 985 990 
374 54 256 99 526 541 636 767 850 884 967 98 101 290 196 355 418 512 522 536 877 900 906 
211 330 381 514 803 170 242 426 877 977 
7 341 426 463 566 720 923 287 197 452 512 568 810 974 
206 207 51 466 508 667 749 773 906 950 996 70 139 159 460 488 534 586 669 694 873 
359 196 467 629 793 811 874 43 424 669 683 742 759 767 902 
360 311 205 419 729 761 145 97 154 431 799 964 
154 424 537 662 929 947 160 322 412 499 635 871 
265 100 353 309 79 437 595 711 830 854 871 126 289 374 169 308 432 515 800 842 890 996 
202 58 203 416 430 770 873 187 382 188 669 683 882 931 
332 122 62 231 350 542 657 670 731 974 212 35 254 327 435 533 587 597 689 959 
299 167 368 101 856 961 408 286 128 387 665 689 
157 92 306 195 230 95 140 482 672 902 960 976 189 293 80 274 119 116 464 502 677 728 773 925 929 
109 140 157 431 496 693 710 881 970 108 323 470 607 731 807 951 974 
371 359 579 751 865 874 896 119 370 451 548 732 954 
410 202 137 728 762 838 947 199 133 395 296 286 528 950 
307 300 367 378 339 418 551 151 306 426 543 713 845 978 
349 384 367 225 339 249 209 417 307 434 551 598 876 883 891 910 352 165 397 156 402 381 280 460 469 616 647 714 739 773 828 879 895 
153 383 116 407 82 334 60 479 531 565 594 607 608 611 632 640 642 659 729 779 792 904 962 66 125 37 374 8 395 379 12 90 373 521 537 574 581 597 654 681 748 844 845 847 920 937 993 
141 44 363 366 139 425 432 401 185 496 500 795 874 884 
167 118 36 66 552 682 877 180 367 373 602 713 814 927 
35 148 370 273 512 524 651 691 694 890 934 63 398 291 23 595 686 762 800 866 887 888 
125 248 493 581 845 348 55 245 221 524 
137 394 236 21 352 408 308 439 641 762 770 787 795 810 836 873 964 983 122 351 406 194 389 211 53 165 101 160 535 620 657 707 747 781 858 968 996 
85 281 216 400 420 141 277 86 183 310 503 545 
7 404 293 129 463 566 720 722 733 739 936 959 42 287 51 403 140 317 273 417 441 508 934 999 
261 29 51 333 146 508 753 773 80 245 54 161 363 93 437 445 
1 160 337 71 163 401 23 15 126 539 557 699 712 735 769 812 360 154 280 312 343 273 61 484 515 520 566 572 722 792 804 817 913 
164 87 132 477 492 689 826 110 38 773 802 808 
410 361 203 586 836 222 319 183 157 922 
264 197 414 230 98 313 452 630 695 990 314 407 453 586 653 662 719 728 744 1000 
281 216 396 420 486 637 798 949 978 265 57 409 51 484 643 648 822 833 908 
296 119 305 61 200 512 551 643 689 691 
418 367 349 551 598 891 910 256 252 533 561 613 657 678 788 
290 93 80 338 475 728 983 164 411 598 857 956 968 
254 133 363 530 637 928 953 374 352 128 493 740 751 
388 94 100 409 242 353 571 574 626 782 303 427 234 345 585 623 733 777 943 993 995 
195 157 485 630 693 909 970 148 277 251 126 188 234 590 730 
393 147 154 424 81 269 515 522 537 631 662 724 762 796 929 930 981 79 82 324 275 254 372 10 151 353 247 29 524 536 654 729 773 874 994 
28 512 691 934 997 80 715 730 820 842 
119 250 324 124 61 294 460 480 500 510 638 732 737 755 813 905 946 975 258 105 136 387 426 114 572 592 643 739 865 866 890 921 952 965 974 982 
168 329 124 280 460 788 813 920 975 325 188 367 452 539 594 695 836 981 989 
87 131 9 451 533 652 689 765 826 893 335 348 502 506 512 687 690 754 898 931 964 
19 647 703 786 848 333 142 521 603 871 932 
52 132 446 451 492 533 610 689 765 826 913 924 935 986 242 325 359 427 348 96 447 576 729 804 805 942 945 965 971 
226 445 87 43 365 451 492 519 610 689 799 826 935 333 344 353 149 31 256 205 112 523 673 693 795 
117 388 242 79 247 65 814 445 332 284 333 466 594 
183 90 220 758 783 868 895 966 101 100 229 264 481 713 917 981 
221 263 321 370 524 573 593 651 653 691 934 353 152 281 11 320 498 546 586 753 811 868 944 
10 66 283 175 497 856 912 133 136 138 562 773 787 820 979 
443 224 104 52 445 43 164 87 131 446 114 477 492 519 533 610 619 652 689 752 765 799 826 893 913 17 415 60 241 373 118 201 207 476 487 576 583 607 608 623 693 721 736 784 787 804 848 877 922 929 
264 109 431 455 496 672 683 780 902 976 442 280 404 489 579 643 664 670 726 772 
4 53 261 185 464 991 431 579 700 750 761 788 959 
7 293 463 720 722 959 146 200 157 556 636 834 
233 331 313 98 452 695 780 976 361 324 145 82 183 62 904 929 
135 19 161 509 713 992 82 85 374 716 754 979 
384 367 300 551 598 883 342 728 744 806 856 863 927 
290 58 154 21 838 73 149 593 680 976 
275 182 161 509 713 725 775 863 903 125 201 54 132 339 116 482 604 874 998 
318 316 442 441 292 329 194 344 74 124 480 660 698 716 737 405 371 360 84 418 262 308 190 463 695 741 857 896 899 962 996 
295 235 493 680 685 875 943 209 137 486 873 903 927 
165 32 677 744 839 842 865 104 13 386 159 480 522 729 762 
7 293 20 426 64 404 129 454 373 341 501 566 720 722 733 739 829 862 864 917 923 936 959 1000 179 247 194 166 221 353 50 301 317 306 259 460 91 197 137 464 549 810 811 826 857 892 893 967 
317 51 192 234 333 193 398 29 115 145 53 453 169 207 8 88 466 521 857 927 950 996 356 283 231 463 413 93 42 186 467 487 503 516 531 562 579 615 643 672 713 812 904 940 
354 229 99 54 558 636 767 850 967 350 118 366 34 519 662 837 843 959 
464 405 333 511 950 447 125 901 925 974 
26 406 335 476 708 839 254 4 384 464 367 183 563 576 664 
134 46 188 580 622 781 820 898 948 972 982 339 70 113 58 525 614 661 689 736 962 988 
354 229 54 374 553 558 621 636 686 688 742 746 259 350 201 418 128 489 492 542 611 722 870 946 
386 388 158 65 247 100 47 260 56 79 576 661 871 908 965 414 137 236 104 475 492 530 534 658 680 700 739 795 923 
142 323 395 602 781 898 172 359 474 560 841 900 
268 177 366 363 530 589 637 772 928 382 345 60 362 120 775 921 936 
128 143 173 513 591 748 148 147 326 285 213 950 
317 347 190 274 380 106 528 753 889 919 10 84 471 143 61 551 714 792 797 945 966 
267 435 179 586 662 795 947 470 18 675 774 824 934 
467 121 654 665 911 451 350 224 188 729 780 
114 429 87 104 451 492 765 935 40 377 551 572 624 653 849 856 
220 600 860 945 994 153 327 329 532 586 
60 419 594 640 779 792 816 867 901 392 226 519 553 661 695 767 942 981 
3 460 294 61 194 316 227 441 483 500 638 759 946 957 975 140 462 14 290 120 330 378 18 348 341 491 690 718 743 871 972 
128 189 562 567 634 359 448 578 726 826 970 
140 381 328 306 413 693 771 780 803 827 902 231 225 459 183 284 580 606 671 876 968 
344 227 61 480 3 316 119 617 660 716 737 755 946 81 62 221 132 103 172 51 763 786 863 929 969 988 
201 210 10 489 505 569 750 877 912 203 428 432 54 374 347 508 551 927 
197 381 438 328 695 832 866 94 204 87 38 184 134 776 792 
432 322 255 363 172 633 772 928 963 461 296 153 111 635 683 809 937 989 998 
251 22 242 309 70 17 527 711 908 99 259 464 81 297 451 561 684 
269 203 393 303 564 631 873 252 119 185 99 405 369 638 744 
36 368 484 101 497 516 704 750 877 452 122 469 54 98 529 666 743 799 
348 508 749 773 922 233 194 154 813 882 885 
270 289 736 863 954 992 9 379 380 480 538 741 
451 365 446 87 131 477 445 429 132 104 519 533 610 689 765 799 826 913 932 935 986 17 67 469 181 125 108 322 289 165 470 350 504 564 673 762 786 804 866 876 884 
461 38 423 560 680 882 943 389 250 436 545 572 730 790 796 
353 97 527 570 871 586 693 746 756 795 960 
275 19 135 713 848 903 992 329 370 71 50 769 837 960 994 
197 414 452 195 264 514 881 902 420 285 229 715 783 797 898 906 985 
450 314 201 118 101 489 175 516 614 281 233 98 611 672 700 788 795 917 
27 184 685 938 943 449 99 552 750 839 
332 122 62 657 738 974 408 296 500 533 538 710 954 
344 480 316 441 159 61 660 732 759 788 499 281 70 245 420 265 367 595 764 943 
7 463 293 341 747 829 959 208 250 697 716 875 972 
117 218 576 782 854 871 908 965 293 40 443 139 141 296 413 175 940 
220 24 183 721 809 849 425 464 26 796 922 986 
140 55 369 627 683 693 866 970 492 106 151 673 726 727 812 974 
11 319 484 201 750 907 273 646 716 834 899 929 
348 380 53 508 808 270 443 141 202 883 
177 396 281 320 589 646 756 58 42 179 580 610 822 912 959 
380 348 427 405 333 106 51 506 490 261 521 536 899 919 922 950 987 991 327 284 23 335 484 426 13 527 597 603 608 632 690 821 904 910 916 976 
459 19 456 577 628 647 713 736 785 786 848 299 312 221 98 262 769 810 859 930 940 991 
336 441 194 168 716 925 957 374 333 748 767 826 902 
169 190 466 857 950 77 102 701 722 901 
422 440 282 221 370 524 573 590 613 651 789 835 840 934 173 402 404 353 162 433 443 516 659 755 784 800 844 859 942 
128 48 315 473 173 143 562 591 634 203 349 390 579 627 793 842 
369 98 55 379 157 92 496 95 109 197 264 211 403 578 683 693 710 780 902 909 914 960 976 164 332 201 355 236 148 347 150 303 25 269 91 528 559 575 593 638 690 826 856 892 908 920 995 
352 245 439 57 290 147 538 586 597 724 810 873 939 409 90 428 260 227 627 780 783 792 842 870 871 950 
497 489 201 101 10 299 288 175 66 107 279 210 314 561 709 730 750 856 222 309 226 58 31 464 512 236 227 335 517 538 545 625 806 839 874 876 
128 171 143 173 189 567 591 748 516 277 175 7 359 375 695 835 863 
184 160 126 560 680 400 335 118 84 623 870 
451 446 492 87 752 765 913 932 479 274 465 311 528 529 672 800 927 
358 121 259 603 842 865 944 128 363 428 536 848 875 942 
347 508 106 464 667 950 126 444 419 49 674 811 
287 269 198 393 267 272 236 439 616 726 795 807 861 930 964 122 212 462 83 331 322 340 35 402 632 732 734 737 748 750 802 
128 48 173 562 591 446 200 620 697 858 911 
310 273 148 35 512 399 422 263 449 221 593 605 651 691 789 890 915 934 997 423 316 261 84 113 335 6 439 333 100 284 679 689 732 744 782 922 935 950 957 
174 358 620 697 708 744 916 298 316 468 551 577 901 975 
374 256 372 356 402 354 553 621 636 742 746 767 804 850 851 937 967 212 179 235 261 7 303 359 389 234 637 684 789 810 824 847 934 947 
242 13 39 494 487 144 17 247 70 251 218 265 584 626 661 679 706 711 743 830 831 854 871 215 76 293 258 362 58 35 348 223 312 327 508 139 538 672 724 748 759 775 874 884 962 997 
145 474 190 667 950 998 519 416 24 171 514 533 
128 173 171 315 591 650 95 101 519 489 370 635 961 
85 41 472 436 646 104 62 470 39 658 
419 311 383 60 112 594 761 797 464 56 561 633 743 787 873 911 
89 142 622 635 643 649 664 727 858 982 999 81 305 96 478 586 605 656 658 710 713 904 
492 52 132 443 451 445 610 652 826 893 913 935 528 386 180 411 239 434 499 299 622 671 737 760 
36 588 709 730 750 470 405 78 556 697 
153 611 754 792 904 940 962 247 424 71 75 166 101 
508 398 146 190 808 897 996 439 402 520 125 630 817 877 
236 272 408 393 439 662 728 796 836 348 127 61 419 623 654 720 754 
203 236 77 81 303 290 202 361 80 515 137 564 586 728 805 807 939 981 344 83 363 197 516 499 95 175 216 527 491 188 24 637 686 710 830 935 
176 337 59 23 401 428 557 581 766 769 938 943 400 40 128 442 53 577 683 751 757 760 946 989 
165 121 208 865 969 322 188 622 702 877 
54 374 356 354 402 18 686 850 851 309 366 359 70 86 95 202 77 736 
332 122 411 657 974 101 469 218 116 807 903 
203 267 202 179 137 555 586 787 807 838 861 133 417 12 343 65 263 813 845 902 951 
242 47 247 309 570 711 854 921 965 290 264 639 686 721 795 873 960 
113 326 214 90 362 298 252 130 220 364 572 601 701 721 868 895 926 966 358 254 319 253 493 329 516 425 238 122 579 636 693 754 759 805 854 891 
258 42 355 161 821 954 61 165 212 27 449 702 
384 339 367 307 551 876 883 59 99 242 368 571 663 692 854 
142 277 188 602 635 643 649 664 696 781 898 948 999 65 153 214 322 415 126 576 612 641 722 737 807 832 871 
330 197 157 710 866 463 309 251 584 795 
275 182 577 628 725 350 83 256 716 877 940 
300 349 225 417 418 339 547 367 457 434 384 249 598 876 883 891 910 332 474 287 525 433 477 309 260 358 484 566 651 654 773 780 860 958 964 
101 288 421 210 704 750 83 49 60 290 498 618 
526 354 256 469 84 18 291 374 636 686 767 850 884 952 317 479 128 56 101 584 635 639 653 728 750 755 873 979 
117 16 706 743 854 197 282 69 613 788 957 
361 236 543 795 805 873 175 126 10 567 840 974 
130 214 648 675 809 868 977 454 126 534 626 651 691 929 947 
337 59 428 126 86 286 75 377 539 23 71 180 592 685 766 774 943 225 171 153 193 300 214 338 281 364 236 154 566 672 720 743 970 
465 469 84 742 851 937 164 192 342 825 845 975 
317 51 146 808 996 98 514 82 366 15 685 
286 518 493 160 337 76 125 23 71 680 734 845 853 882 328 310 178 137 261 471 109 316 602 628 643 662 689 761 877 
201 283 101 319 107 36 187 382 516 11 238 614 681 702 709 768 856 273 102 487 275 353 531 204 434 194 586 611 619 654 787 795 798 805 910 
128 189 481 513 173 48 523 567 591 650 748 806 844 133 304 464 450 17 264 22 200 105 172 599 697 813 874 
42 219 355 275 725 775 786 848 954 252 198 363 257 467 173 636 744 820 913 
488 272 147 538 728 762 770 861 929 318 83 492 101 8 33 751 910 932 995 
2 419 6 327 594 604 611 656 659 778 779 904 951 962 177 156 314 135 33 388 73 291 602 686 934 935 969 992 999 
7 463 293 341 404 373 426 64 129 720 733 747 864 1000 1 551 85 557 243 188 346 355 428 591 608 657 693 965 
128 517 481 562 189 315 591 634 777 231 262 351 555 348 116 786 787 970 
389 342 254 583 801 953 370 404 317 277 165 35 761 
484 382 123 118 750 9 357 247 861 901 
353 494 544 830 965 273 11 400 396 719 
70 437 65 624 661 782 854 249 154 203 257 547 66 714 914 
252 545 214 183 220 24 326 113 362 648 675 809 977 243 374 428 318 477 441 167 493 593 606 820 935 
512 449 273 605 691 789 835 934 989 72 381 122 196 586 873 874 919 954 
437 309 14 22 251 332 310 333 419 600 864 
380 4 808 857 927 991 996 189 150 514 724 774 861 872 
100 251 65 17 502 388 39 242 353 470 56 247 595 830 854 942 965 384 333 445 282 32 134 140 296 548 451 467 580 691 720 847 968 
258 19 550 270 509 628 775 785 903 954 992 115 193 112 69 525 316 108 539 587 604 830 942 
514 98 683 710 976 990 21 182 316 481 251 579 716 
415 257 26 174 335 111 585 623 639 697 705 744 793 811 841 874 911 464 19 138 545 452 157 513 453 167 578 400 54 275 736 803 805 829 890 
277 468 46 30 643 727 858 999 190 482 223 507 576 757 878 1000 
160 539 126 423 71 766 845 26 158 267 419 621 728 835 
285 127 697 751 846 143 96 140 370 729 
181 254 166 568 646 61 24 451 140 264 
79 247 353 65 14 13 17 16 100 39 70 527 814 819 965 553 549 211 390 137 104 163 724 795 822 874 939 940 951 998 
170 196 127 579 257 26 677 744 865 911 918 437 247 396 309 197 211 627 693 718 743 850 975 
202 81 338 538 430 515 77 147 58 543 303 475 267 631 728 776 810 836 861 873 66 532 573 344 478 332 157 115 405 431 561 173 494 40 449 608 683 686 706 761 791 
141 44 83 216 637 646 855 8 411 67 236 286 577 818 880 
101 123 345 66 534 702 730 877 95 389 165 168 333 112 358 185 
281 507 141 472 363 801 315 31 265 630 681 737 
28 243 512 613 651 691 847 890 997 150 206 155 438 317 680 810 889 949 
128 48 529 562 143 517 171 567 473 513 523 315 634 650 671 748 777 806 844 227 166 86 175 312 228 566 257 194 79 14 35 98 610 750 755 758 914 959 990 
23 5 557 609 699 812 161 441 396 648 783 975 
370 35 310 221 273 449 524 605 613 653 663 691 694 840 890 934 277 137 458 514 194 257 11 130 572 695 733 763 781 914 937 950 
153 327 50 479 531 419 82 334 565 136 608 611 640 642 659 729 760 761 797 815 888 940 962 447 272 196 283 179 203 442 620 622 629 661 686 710 713 744 824 887 890 898 902 957 965 967 
576 33 309 218 100 39 16 242 409 251 679 830 871 370 500 109 148 422 610 631 645 662 677 738 755 824 
348 190 185 88 906 950 996 2 143 66 22 605 765 829 
236 49 137 303 179 515 21 728 892 153 419 46 123 508 411 674 743 837 
551 418 367 225 434 457 876 891 910 200 150 251 112 15 216 435 983 
135 152 786 834 903 562 276 686 738 796 862 
183 252 478 220 24 933 945 81 574 397 378 44 630 830 
362 113 545 721 977 96 38 322 683 902 928 
188 30 471 548 277 262 643 696 781 820 560 421 110 364 565 195 16 637 677 900 904 
520 170 121 335 865 874 242 508 444 632 886 988 
112 565 779 901 951 968 213 459 372 37 322 577 676 
573 593 524 35 221 613 678 847 934 596 138 133 142 532 620 729 762 821 
26 155 165 744 969 332 572 281 482 662 
215 212 153 419 608 659 778 904 451 414 72 330 675 722 724 944 980 
607 327 419 116 82 360 240 91 50 112 311 594 632 640 656 729 754 797 815 816 901 904 940 951 971 313 142 566 167 586 451 200 508 254 48 400 272 236 265 323 107 620 635 649 730 782 806 833 881 914 
126 592 286 86 75 202 355 219 797 928 929 
451 164 446 131 87 492 533 445 224 893 913 35 595 507 282 236 591 229 683 724 737 902 961 
535 82 594 565 212 419 376 729 754 761 797 815 904 940 951 958 968 221 61 133 32 338 497 469 561 176 666 696 713 720 762 794 861 961 965 
196 217 26 170 325 620 262 45 125 548 617 696 904 
605 246 221 593 263 243 397 35 370 512 590 653 678 691 789 890 934 989 997 50 7 386 377 229 434 375 380 554 89 662 666 709 755 805 966 970 983 
150 497 561 201 673 750 856 468 83 192 177 725 867 933 
155 121 196 165 191 232 811 75 464 750 758 928 954 
272 522 236 290 929 930 983 281 418 22 376 748 871 
294 483 72 296 74 316 946 367 612 696 782 991 999 
147 236 795 805 964 79 552 763 797 876 
451 652 765 826 893 137 273 561 39 165 676 
525 174 32 371 26 208 170 612 121 654 744 751 811 846 874 916 969 101 523 608 424 317 233 337 605 348 594 100 741 805 861 871 892 
526 469 354 256 84 746 767 90 581 126 39 320 782 
468 30 532 643 781 979 594 26 540 533 191 889 958 
579 26 170 223 335 697 744 790 839 865 874 944 984 518 195 256 129 287 451 437 271 537 649 707 967 
65 265 571 854 871 399 477 657 686 708 723 
343 364 220 648 809 860 202 256 516 121 111 976 
228 386 13 39 527 353 65 437 161 556 684 719 767 956 970 992 
95 381 504 683 693 771 881 585 515 299 201 513 716 738 877 
509 135 550 161 577 703 725 903 954 181 211 66 354 560 170 200 861 970 
406 174 359 165 208 358 708 308 594 56 218 871 997 
140 438 431 98 881 902 1 589 536 600 296 110 
439 290 488 137 586 795 873 900 346 234 380 79 327 595 855 992 
215 419 136 311 608 116 153 656 995 84 168 603 508 522 48 898 919 
486 172 41 396 278 400 216 166 85 281 322 389 102 78 181 646 700 719 784 928 955 23 68 100 361 144 160 54 75 531 125 69 750 782 820 893 894 923 927 934 946 951 
128 591 171 48 513 567 481 63 400 299 273 167 651 
532 89 277 262 548 188 142 643 664 781 820 972 167 295 608 486 154 553 529 121 408 238 636 745 924 
526 99 469 105 54 354 465 402 553 374 742 767 804 850 884 952 967 454 64 563 293 161 635 545 314 662 687 732 828 856 899 947 968 
432 436 83 400 587 389 266 133 312 320 322 472 646 772 801 953 538 140 86 242 602 526 88 711 778 796 836 867 908 913 971 996 
200 480 119 296 305 441 280 168 316 716 759 946 57 514 126 311 488 378 108 691 711 858 875 998 
121 257 335 579 259 191 299 44 544 125 264 553 
608 594 479 212 327 419 761 797 940 971 140 157 368 343 646 661 733 795 824 957 
303 424 236 245 57 929 395 548 152 743 749 826 998 
419 376 594 116 153 779 39 257 10 235 79 338 757 
277 635 395 622 323 580 262 548 532 188 602 649 664 696 781 820 898 972 999 560 432 167 122 441 433 464 361 452 319 171 281 661 667 745 856 867 877 902 980 
58 198 297 662 947 282 50 104 123 673 987 
142 188 46 717 820 319 595 807 816 856 
507 530 278 583 587 181 633 366 83 322 400 637 988 305 640 65 59 103 343 201 505 106 727 937 960 984 
40 444 182 509 992 347 418 767 805 851 
90 343 625 556 572 783 85 592 122 390 432 829 
323 262 548 532 277 643 664 781 623 608 654 677 841 849 935 967 992 
128 48 189 591 562 315 529 143 671 337 344 319 175 209 264 310 821 897 
370 35 524 449 590 221 263 273 512 28 422 835 934 37 634 551 296 308 556 119 159 734 795 833 896 912 
443 533 619 451 226 132 924 304 17 229 335 152 810 
397 449 35 613 593 273 310 263 691 997 477 191 431 553 391 658 670 808 819 881 
358 196 476 620 666 677 697 715 744 874 896 561 332 137 419 333 15 537 439 152 551 649 940 
337 163 184 126 735 95 157 266 669 908 951 
301 153 608 565 632 729 904 968 532 79 87 169 177 194 830 844 
332 122 350 304 542 499 411 62 670 738 974 363 434 128 85 624 139 17 566 424 948 956 981 
227 294 61 159 280 660 698 716 732 957 985 196 259 290 532 153 653 470 530 42 750 820 966 
2 565 594 419 607 66 121 40 299 512 855 
483 329 658 316 500 72 61 200 460 698 716 732 946 228 254 153 198 78 7 670 720 795 829 871 965 
100 94 14 65 56 353 527 247 79 571 470 70 242 711 743 782 871 942 965 468 358 277 479 140 643 256 119 281 640 72 267 594 62 682 704 719 726 768 804 
93 394 110 475 439 290 308 58 644 352 202 408 537 137 724 787 807 810 828 836 929 939 947 595 7 431 181 45 24 465 613 128 560 116 636 204 46 606 710 754 765 866 874 913 951 
593 221 35 282 273 321 915 304 62 547 215 197 692 719 873 
548 643 649 532 635 696 781 948 114 196 467 373 452 682 849 865 
476 335 174 666 708 135 366 377 412 729 861 
654 259 223 665 751 169 489 613 611 860 
521 528 185 53 405 274 808 319 643 267 722 820 859 
80 137 361 245 338 36 356 25 23 914 
90 183 214 24 220 860 868 933 945 966 399 280 655 405 406 305 225 22 410 676 805 
332 122 222 340 350 657 62 411 731 843 974 660 653 239 101 119 203 452 63 913 967 
128 650 591 173 748 482 174 533 322 683 
413 31 233 330 140 95 197 98 452 832 866 879 914 527 519 171 304 120 497 82 464 557 689 742 816 
66 201 299 614 702 768 880 912 644 86 504 170 446 136 492 259 
121 217 232 358 911 521 242 597 126 866 937 
556 364 326 572 220 933 475 296 607 84 158 941 
262 188 717 820 948 389 604 619 669 126 364 
196 585 358 127 654 462 121 865 941 649 388 413 595 602 699 820 913 915 996 
35 221 310 282 399 148 605 613 691 934 434 388 359 124 4 105 731 948 996 
158 527 218 186 595 94 871 42 90 524 826 905 912 933 950 
295 75 461 518 125 560 284 163 337 493 38 699 774 824 845 853 885 268 458 348 590 281 470 202 165 381 702 732 768 791 803 840 851 865 964 
96 271 175 11 561 856 877 878 29 419 589 234 256 751 777 813 
101 421 96 66 187 167 745 750 877 661 57 140 254 86 664 318 248 264 964 
452 578 379 627 514 230 157 381 264 95 211 504 710 881 914 960 976 601 406 586 87 161 21 610 486 671 231 539 190 410 263 848 880 950 
248 75 27 125 180 626 526 487 725 904 
401 160 498 557 461 184 712 774 885 187 185 101 559 324 762 858 873 926 
84 469 54 149 553 99 541 374 742 767 804 850 967 538 565 379 299 624 544 594 422 35 586 599 717 954 
139 278 172 102 363 366 322 636 294 167 443 720 731 767 996 
256 469 374 850 967 205 196 96 232 749 
131 87 446 429 443 9 451 226 492 445 741 826 913 924 986 524 433 177 560 672 468 412 411 711 791 813 912 925 965 1000 
332 231 731 738 974 514 443 7 508 480 
613 653 449 678 273 370 573 422 593 590 397 440 524 840 847 890 915 934 997 283 252 74 58 75 125 556 143 49 280 576 433 638 359 728 865 935 957 
254 133 181 320 389 663 547 134 728 870 
109 351 197 55 482 328 514 92 95 330 140 331 627 414 438 306 504 710 771 780 866 976 993 133 62 288 566 494 317 446 308 324 545 585 18 26 294 451 344 173 711 787 821 834 875 934 
370 263 148 593 422 396 160 405 212 696 986 
157 138 431 98 485 233 379 455 330 866 881 914 976 27 442 76 517 460 362 279 593 66 479 709 775 918 
134 548 602 262 323 188 664 46 643 781 820 948 979 982 320 213 153 694 617 104 612 194 611 221 367 747 873 895 
582 165 121 623 579 335 285 170 654 525 259 705 715 842 865 916 984 534 384 562 163 374 501 224 523 122 728 747 854 879 903 934 970 976 998 
12 658 460 660 957 309 236 221 783 854 941 
592 428 160 357 15 680 938 258 105 677 283 198 733 878 970 
633 322 133 396 801 973 453 16 497 470 130 275 968 
545 183 326 809 849 868 966 370 511 80 181 825 947 960 
673 283 561 175 319 588 368 123 856 859 877 546 540 234 207 680 708 711 716 902 967 
628 444 135 786 848 863 992 66 323 280 366 735 947 994 
552 239 489 96 877 338 75 661 180 706 
579 32 259 697 708 865 911 79 258 74 202 726 827 983 
527 186 554 242 711 871 704 53 586 786 915 938 
40 161 725 785 786 821 623 370 227 424 855 963 
705 467 629 525 665 944 980 389 96 702 624 766 801 923 983 
534 516 107 187 10 241 561 750 856 912 321 192 233 695 268 121 613 381 843 857 974 
578 414 331 683 211 549 693 140 514 197 306 98 832 866 879 902 914 970 976 196 33 40 115 538 96 22 532 160 594 269 142 4 499 662 741 801 853 940 
247 218 661 386 47 487 527 17 33 706 13 100 409 242 309 544 782 831 871 887 908 965 276 88 126 74 348 344 702 284 393 637 693 638 75 110 381 121 234 689 86 723 876 928 
428 377 75 685 766 885 157 190 239 797 979 996 
275 495 385 509 152 42 19 459 40 161 258 456 270 736 775 786 821 834 863 903 956 992 48 448 611 208 376 319 103 417 464 594 532 369 421 173 63 228 51 98 31 811 876 899 
400 133 268 139 772 798 418 474 229 571 775 994 
165 257 654 697 941 440 496 75 904 998 
460 638 194 305 200 199 660 61 658 3 483 72 510 759 794 957 975 193 505 627 456 374 155 550 293 190 197 4 501 702 578 802 928 993 
645 188 676 820 999 686 169 86 879 967 
332 122 231 62 740 974 381 480 585 71 239 910 
633 342 389 366 281 85 784 570 663 142 245 661 431 626 742 
463 7 293 566 426 64 20 373 404 454 341 253 129 722 733 739 747 829 862 864 917 923 936 959 1000 12 611 537 557 188 576 24 245 687 139 75 400 660 109 46 257 330 11 810 840 884 908 941 974 
545 601 326 503 966 977 994 451 87 544 813 863 934 989 
720 7 463 454 293 426 747 864 917 959 607 548 219 390 511 469 667 392 428 788 855 
332 122 304 62 231 731 822 974 70 339 15 624 201 711 66 901 
515 662 81 80 58 439 290 303 287 728 810 836 930 964 981 607 584 210 220 101 610 379 192 527 575 187 779 797 803 970 
152 563 707 385 628 550 182 459 392 42 736 785 821 903 348 684 614 128 366 247 286 101 202 195 766 768 782 953 974 
202 522 58 236 728 776 795 833 836 452 504 661 123 150 705 481 97 923 
532 580 134 346 898 504 204 646 52 877 
297 137 538 597 537 49 236 245 726 352 416 435 564 724 179 586 154 770 795 805 828 894 964 457 279 358 692 146 197 413 581 553 431 697 32 322 336 106 691 735 752 767 820 854 883 
611 608 136 419 112 50 376 407 103 82 656 594 761 792 797 816 867 940 962 665 177 123 218 582 439 605 371 142 27 476 370 445 462 19 748 751 801 811 977 
368 588 279 534 271 516 241 118 150 880 608 303 438 493 212 440 284 197 742 756 
332 122 231 723 350 690 62 411 670 738 822 843 974 414 678 234 189 197 100 330 687 751 785 797 850 
441 250 316 194 324 159 500 660 296 318 200 168 658 759 788 813 925 946 957 235 636 358 522 214 680 51 65 415 524 770 785 808 853 858 871 872 907 947 966 
720 7 463 566 64 426 829 862 917 923 959 87 699 245 437 110 593 47 640 401 795 
86 560 76 126 1 27 284 651 33 271 302 522 16 242 837 
86 428 284 655 163 126 766 943 703 293 728 288 122 799 947 968 
42 40 713 725 509 385 491 834 992 468 292 541 451 320 579 380 300 976 
344 3 204 61 316 460 305 227 296 12 280 483 194 441 292 794 957 53 533 118 396 70 589 202 89 219 326 362 522 610 548 836 980 
332 122 62 350 231 657 731 499 690 974 25 246 347 599 316 627 595 747 836 893 964 
7 463 426 720 293 64 864 959 54 263 418 297 470 441 179 748 
332 122 718 350 231 822 974 436 166 337 762 856 988 996 
52 689 43 893 913 710 348 620 460 491 
686 372 469 374 229 558 636 105 54 526 18 767 804 884 967 220 128 730 672 719 205 178 200 275 68 406 131 20 811 831 869 
16 56 17 218 70 386 97 39 79 33 661 554 309 22 251 527 830 854 871 489 585 641 334 157 88 287 188 557 306 480 531 221 597 133 325 805 806 928 929 
585 259 606 620 174 121 654 232 462 525 623 165 579 751 980 563 431 190 303 457 594 42 95 524 203 231 488 879 964 974 982 
682 382 187 101 66 837 878 643 348 313 635 133 833 914 964 
621 291 256 469 526 804 817 80 494 188 47 854 940 
720 7 64 501 293 566 722 959 1000 350 696 697 738 203 424 61 202 823 
128 591 189 473 562 48 671 517 173 777 844 303 739 237 522 419 527 510 87 264 616 729 871 
317 490 405 889 996 189 688 641 164 344 
709 489 11 484 123 569 118 614 319 96 534 505 279 66 516 150 175 101 368 552 682 757 859 961 184 240 215 133 498 522 553 658 453 633 9 350 290 260 591 159 615 773 830 845 854 904 938 941 
582 744 666 335 620 415 811 839 852 874 896 944 22 539 236 731 144 681 564 729 436 844 928 952 
519 451 913 935 986 728 306 133 848 968 
206 333 474 427 996 998 449 244 813 846 920 
136 240 608 535 212 6 611 2 867 662 167 443 232 456 545 73 537 945 
61 296 316 483 441 227 119 788 946 957 985 613 512 591 44 355 595 553 775 835 936 966 
363 507 181 802 855 928 949 393 494 730 124 212 361 791 
239 750 150 167 37 877 961 642 324 362 580 539 360 925 
220 326 448 933 945 591 615 792 857 992 
638 716 159 500 732 280 480 957 406 47 1 527 357 360 545 884 
153 594 327 761 904 940 968 533 539 7 74 772 851 919 
729 760 60 531 116 50 594 407 611 640 778 779 792 797 888 901 904 940 951 332 368 247 337 176 290 359 384 453 568 586 156 560 141 47 781 824 835 938 975 
21 424 375 137 564 416 439 179 110 77 805 873 892 930 983 118 685 254 462 740 605 367 611 422 389 492 317 889 923 958 
333 193 234 88 317 886 919 927 991 996 354 218 118 35 483 618 212 593 176 928 953 
214 90 364 237 809 500 93 211 804 927 952 
451 9 104 477 619 492 131 445 519 443 826 913 932 387 596 51 662 13 221 30 247 780 825 837 871 962 
539 163 557 176 735 86 712 581 1 255 37 708 143 209 122 725 33 868 
374 354 636 156 54 526 84 553 18 402 686 465 621 742 850 851 952 106 184 626 274 728 687 479 647 173 268 78 510 406 251 789 901 912 
561 673 210 825 856 877 878 680 661 278 725 244 218 822 967 
428 5 126 15 75 284 539 65 221 495 509 188 964 976 
424 564 410 728 873 123 273 732 239 891 
369 157 627 482 381 693 367 114 125 203 308 49 
637 486 389 472 714 869 953 452 760 80 137 394 797 812 
347 427 490 213 380 234 348 405 8 51 53 206 808 906 922 987 998 243 418 750 338 181 220 413 17 104 551 450 429 282 439 826 841 848 
680 125 86 685 75 160 557 120 845 255 395 293 51 475 48 575 871 892 
289 577 459 244 135 713 258 563 821 903 96 527 755 472 226 695 714 127 846 892 961 
726 297 586 338 93 242 485 52 117 181 974 
128 143 567 173 748 591 806 66 174 681 22 191 304 437 789 
761 212 565 607 797 637 144 374 912 977 
761 565 642 604 479 91 82 419 792 940 951 269 236 160 7 367 280 724 169 785 914 984 
455 330 157 233 482 95 514 693 452 551 74 393 329 515 476 765 70 787 
635 649 622 188 548 643 696 664 468 602 142 346 471 820 898 57 80 761 356 593 374 109 116 338 424 136 50 843 856 
571 711 47 94 437 502 661 242 260 854 524 633 5 608 106 174 725 617 621 864 
648 90 448 966 994 79 515 592 140 698 496 
181 633 276 396 719 262 512 451 7 942 965 
725 707 135 577 509 903 335 779 731 732 183 884 
40 392 275 707 444 713 563 509 599 19 703 821 956 492 194 24 126 706 75 53 363 313 148 567 218 483 996 
137 424 543 662 202 245 290 63 93 796 810 981 780 693 343 90 332 531 561 450 567 451 906 974 
200 250 442 500 755 732 124 813 957 434 254 722 554 497 85 453 801 814 959 
310 512 370 573 524 221 613 148 997 109 526 160 777 232 178 767 219 
623 121 811 839 841 51 169 305 148 493 892 
398 317 51 190 906 919 922 927 998 689 756 586 327 680 167 793 894 
535 82 779 334 479 729 761 419 904 951 971 995 485 92 758 80 474 307 62 428 97 515 807 924 994 
359 406 579 811 846 319 513 791 826 971 
737 72 716 227 813 70 611 797 873 902 
162 202 424 555 728 475 290 631 618 80 361 287 57 198 726 203 522 805 810 861 873 470 383 651 420 494 153 660 446 584 549 253 733 544 55 640 561 497 316 934 970 
81 236 308 439 787 537 929 493 90 599 396 503 139 637 856 
91 327 594 301 205 531 778 761 383 640 608 112 116 729 212 611 153 867 901 904 962 221 772 712 474 794 333 731 185 135 308 285 724 609 100 618 28 496 76 866 964 976 
363 278 322 254 714 83 41 172 432 801 973 561 385 50 381 330 29 26 291 886 984 991 
446 492 451 131 826 407 735 323 236 489 286 
54 804 884 937 967 512 125 422 11 409 519 
637 700 389 589 322 44 568 133 363 798 988 708 788 729 710 146 160 250 803 844 868 883 
281 363 756 389 254 89 716 429 117 522 930 
482 31 403 197 55 140 866 914 970 801 680 256 579 159 7 724 934 942 
742 374 291 526 746 354 256 800 636 686 54 937 967 451 764 428 445 144 159 184 661 492 286 869 897 901 996 
338 287 538 728 762 137 110 49 618 795 58 203 162 80 272 269 202 555 894 930 939 947 964 247 620 214 561 743 153 36 124 66 18 545 579 445 613 647 164 144 44 669 869 911 946 
128 591 777 562 189 173 48 743 457 283 276 608 516 342 878 
662 137 522 202 543 538 810 873 894 67 548 48 307 792 645 542 414 
667 773 559 506 536 575 998 429 653 95 82 55 732 853 
556 625 503 572 764 701 849 486 353 39 304 287 259 877 
287 724 787 662 236 424 80 586 807 308 515 297 290 795 833 900 929 947 65 88 509 590 652 463 192 526 720 404 129 819 845 866 901 903 943 950 
217 615 793 127 358 579 620 406 751 790 846 941 984 729 316 123 449 278 244 713 521 463 742 909 935 959 
126 592 76 428 286 818 824 209 370 504 195 772 46 35 464 
788 280 199 119 316 344 72 441 442 794 159 61 324 732 296 925 946 957 303 90 381 332 721 753 562 689 123 543 363 681 490 828 924 930 940 994 
16 79 447 17 584 276 421 788 222 933 
608 212 594 327 611 901 951 260 191 352 128 833 
50 479 608 215 729 968 672 342 252 236 645 946 
54 356 746 354 256 937 967 211 428 72 332 401 379 536 928 
160 812 23 248 885 307 587 128 843 903 
584 97 33 186 942 141 213 653 810 864 
781 323 262 696 643 277 635 89 676 602 645 468 134 717 898 979 982 658 450 100 728 54 216 220 667 373 563 160 633 440 572 396 677 828 865 
385 786 546 707 40 19 713 775 725 152 219 863 956 261 170 240 358 605 650 55 63 693 508 71 309 861 
332 122 62 304 350 723 731 740 67 843 974 507 173 432 246 366 43 768 584 226 845 925 
339 384 300 69 876 385 68 747 831 975 
812 235 126 86 27 160 184 680 845 761 237 225 594 475 595 526 640 858 922 
288 151 238 283 175 25 768 37 170 339 701 558 765 149 32 886 
451 429 164 492 799 445 533 619 765 87 226 132 689 224 131 114 443 365 446 893 913 924 932 935 510 145 287 55 514 773 115 361 15 303 290 463 481 793 641 306 294 202 11 679 842 857 973 980 
330 482 328 866 970 354 260 283 50 705 
662 361 728 290 179 110 80 873 892 418 119 256 636 820 189 813 282 157 902 
720 733 463 501 20 579 210 648 596 660 852 902 
218 595 97 527 570 743 70 576 409 186 386 854 124 54 261 577 600 286 161 750 92 656 159 538 863 
247 527 711 79 965 823 25 742 873 904 
264 710 672 195 331 485 881 86 376 310 548 322 246 158 836 
290 81 810 726 303 861 608 432 815 745 651 902 
599 275 736 713 954 956 214 693 454 505 86 341 
512 573 651 221 997 581 761 517 755 324 996 
236 586 726 137 430 537 662 424 724 873 947 964 442 832 306 737 101 256 637 324 738 54 907 955 
745 319 101 856 877 734 597 495 765 465 967 
269 416 543 458 964 215 122 335 83 903 908 
623 462 165 751 26 790 467 874 911 366 273 118 516 498 236 878 917 
691 310 593 221 148 512 934 680 555 4 281 720 320 943 
26 579 790 165 872 207 398 471 773 649 
462 127 697 520 846 874 916 944 41 409 440 98 515 209 398 513 826 
332 122 822 62 731 670 974 781 214 270 189 465 818 318 709 
128 48 591 748 189 143 562 315 302 801 419 656 259 751 316 83 512 
125 560 680 423 59 774 108 581 75 45 824 86 184 284 38 931 943 119 400 417 343 810 156 93 558 750 419 543 822 171 873 956 968 
793 811 582 359 842 620 775 189 753 140 297 379 893 
691 590 282 605 915 934 227 419 576 526 962 972 
563 161 495 42 275 703 509 355 444 219 903 992 168 752 309 520 773 37 339 189 231 683 451 889 950 
701 503 809 298 90 220 237 860 895 664 317 365 649 306 331 477 851 876 
54 553 465 526 688 354 686 541 636 105 229 767 402 256 374 731 203 202 142 119 187 585 66 96 259 332 874 946 950 
558 374 526 767 541 884 967 23 760 849 333 680 233 647 
26 751 257 111 121 293 829 147 279 332 
680 295 160 286 163 560 303 114 63 710 732 808 869 
353 527 782 830 33 218 247 158 571 242 409 100 544 624 251 554 502 265 576 743 871 908 965 119 68 393 746 351 698 54 148 266 165 545 335 41 697 151 547 126 750 728 35 133 888 896 905 
139 587 756 312 133 973 978 659 631 368 240 722 707 128 865 
681 412 66 837 101 516 450 239 123 319 561 702 768 382 175 96 614 709 877 636 111 645 139 514 165 88 369 477 796 208 457 643 316 781 259 98 740 132 
380 464 274 190 511 53 115 51 575 4 996 463 392 168 80 137 386 460 165 709 826 435 758 
188 142 532 277 580 30 999 638 523 94 685 424 306 824 732 
750 167 66 11 123 151 702 5 509 512 231 100 667 343 330 
625 478 669 252 849 551 263 666 865 947 
795 833 564 290 63 586 522 272 543 947 964 981 628 620 575 173 569 216 611 821 665 157 865 905 
720 463 7 733 959 33 152 599 126 81 
258 491 161 219 289 40 135 713 459 703 821 111 517 160 82 830 141 130 721 483 457 873 
720 7 463 293 739 566 722 959 90 782 819 319 109 137 574 895 955 
223 415 165 705 585 603 677 623 540 697 335 462 520 26 155 196 232 191 969 178 1 130 264 691 861 81 256 860 333 320 441 369 664 820 680 855 221 873 922 
827 504 695 693 710 803 381 485 140 306 549 672 53 101 62 492 810 422 284 674 662 441 797 997 
479 153 360 797 754 729 962 968 637 614 643 175 117 35 86 875 976 
448 545 701 669 252 362 556 766 449 395 801 139 61 993 
322 366 133 83 772 742 805 853 804 235 
70 386 22 251 247 79 965 248 181 515 518 692 469 997 
470 242 624 679 527 706 711 117 17 661 595 65 743 33 251 854 409 388 494 502 908 942 965 620 748 444 616 137 548 256 60 61 515 140 732 660 480 366 774 408 765 629 904 913 943 972 
165 841 259 335 969 271 119 16 575 282 732 
807 828 63 631 154 410 770 424 394 586 203 515 80 555 762 488 795 49 245 836 900 964 981 696 134 663 51 461 553 863 131 865 145 61 794 544 685 196 531 845 200 573 405 831 916 921 972 
325 751 415 121 603 406 623 208 620 839 654 26 842 285 127 223 335 371 579 359 165 918 584 459 573 420 850 315 225 527 133 273 366 439 562 175 231 280 203 516 148 662 277 885 939 
27 461 59 126 248 638 693 867 520 501 
547 418 384 823 598 69 209 551 910 711 849 34 516 492 713 618 122 482 927 
319 704 96 702 757 421 588 484 768 66 837 175 682 489 856 681 912 961 451 627 402 540 550 643 560 536 316 23 133 809 309 331 727 403 355 901 
96 66 745 201 681 768 118 839 699 313 806 580 296 365 986 
306 264 98 710 672 418 744 717 697 955 
319 673 279 730 150 683 95 587 881 925 
627 496 630 683 695 832 414 902 976 990 880 26 254 214 168 608 121 653 948 959 
120 75 493 163 560 319 410 26 362 490 
349 457 418 367 307 547 249 384 339 551 910 334 801 506 363 340 728 196 231 296 392 976 983 
374 636 800 256 553 402 742 851 243 492 527 785 720 759 420 263 944 
818 712 685 680 931 943 490 874 379 227 929 967 998 
51 763 317 193 922 80 603 131 798 825 173 
711 242 94 22 65 70 594 285 119 422 936 974 
761 301 594 327 91 854 271 422 29 202 
88 474 749 53 185 348 193 927 950 762 72 81 60 284 590 265 848 622 
273 370 524 613 691 593 148 221 422 590 246 52 594 579 409 201 441 204 938 967 976 
598 434 418 225 551 382 170 770 545 996 
338 597 375 393 828 202 762 775 48 620 463 774 790 65 514 
826 87 443 741 610 365 451 619 226 533 913 298 633 846 242 79 738 463 41 940 963 965 
805 807 728 203 964 33 633 791 383 220 
298 849 252 545 220 362 326 343 448 90 926 945 281 288 864 148 696 418 201 51 257 136 338 911 
654 259 415 751 155 854 142 460 651 930 
333 169 536 51 922 998 650 64 804 367 14 962 
781 323 89 188 346 142 548 727 468 643 471 46 820 632 443 119 87 220 496 200 594 311 137 51 207 956 985 
508 348 390 922 950 505 636 201 460 346 713 
308 810 58 873 631 81 363 471 602 200 402 908 
797 608 116 103 212 761 2 815 50 479 604 215 904 940 968 186 344 466 525 810 97 88 511 293 877 767 358 569 723 804 964 
230 881 197 98 413 351 630 482 109 496 452 31 331 514 306 710 914 970 976 990 829 19 39 543 610 50 126 190 186 111 510 643 833 601 594 828 794 203 702 65 406 
40 848 42 725 628 713 775 785 459 161 495 577 599 182 355 954 245 16 352 290 810 461 27 542 174 119 818 80 697 838 949 972 
656 608 901 792 153 565 535 761 611 205 136 376 797 419 116 60 360 760 327 607 951 962 968 170 871 281 65 684 290 203 54 85 165 9 161 464 335 750 612 715 831 508 455 532 602 965 
296 441 74 61 925 679 861 90 854 998 
791 405 390 115 773 207 206 596 289 787 58 336 331 496 402 918 
314 271 167 66 505 44 732 143 230 836 
854 247 309 871 487 70 711 22 470 502 921 514 41 637 188 720 120 655 838 432 900 951 957 
381 514 98 140 306 438 253 335 399 93 811 949 
551 434 384 249 598 418 883 876 225 380 159 4 508 48 564 561 718 242 981 
259 705 579 476 839 585 674 531 895 805 523 210 254 
96 877 175 484 283 673 319 201 210 118 450 150 709 299 25 391 157 778 507 316 384 336 689 148 401 767 347 679 181 651 987 
451 752 492 445 610 533 689 765 224 741 826 52 519 43 104 893 935 986 662 247 428 160 871 677 76 563 670 637 385 275 277 20 169 313 948 957 988 
902 672 710 514 683 803 195 233 695 138 990 262 745 362 250 198 591 593 220 571 779 668 608 
847 691 370 35 524 273 663 148 399 934 366 83 159 300 17 706 66 306 251 677 
525 620 697 257 842 232 290 873 508 363 950 977 
720 463 722 733 7 448 839 200 354 497 
165 359 196 874 585 906 695 98 347 389 
791 508 474 763 927 283 632 573 760 988 
204 296 316 442 985 381 291 753 514 419 938 
908 544 260 117 144 441 126 82 472 873 
53 333 192 773 899 791 490 886 897 274 169 508 34 998 309 503 197 451 222 311 202 865 154 130 524 824 430 159 992 
7 463 720 733 293 404 959 1000 726 708 63 633 762 470 934 967 
114 689 652 826 445 355 160 813 792 635 
732 510 200 324 227 294 905 813 280 212 757 466 235 4 689 880 413 822 974 
545 220 895 183 994 383 685 174 22 970 992 
88 575 919 464 234 106 763 889 791 998 399 421 519 457 764 196 633 484 876 461 
486 756 396 633 139 255 281 400 436 320 472 312 363 181 268 949 988 106 751 615 193 743 253 383 817 609 601 763 384 711 348 716 174 146 935 
810 408 616 796 110 236 361 662 439 564 641 352 267 964 981 885 82 743 332 609 556 197 274 483 455 451 505 413 135 950 
762 137 805 616 724 439 522 115 802 509 896 321 86 813 354 
845 885 75 160 126 410 316 94 443 988 
765 224 519 492 826 935 147 79 100 444 564 354 
362 600 675 326 669 758 977 614 121 679 354 333 814 80 
370 593 321 613 449 847 915 422 524 35 282 605 678 512 243 691 573 651 273 440 840 989 997 795 526 475 633 697 257 923 102 426 693 313 251 395 565 803 721 336 127 88 231 32 80 224 992 
826 533 132 752 445 492 446 932 477 131 43 114 913 986 538 524 83 811 245 565 572 649 928 691 205 56 39 938 
720 463 426 293 64 959 1000 62 301 887 87 472 755 986 
558 817 374 256 800 526 804 84 967 674 419 350 245 486 348 646 593 
498 163 86 15 235 284 699 45 539 218 750 890 935 153 273 706 920 761 54 
236 515 538 290 80 662 805 93 983 16 183 274 316 584 294 874 991 993 
779 640 535 327 212 901 594 760 311 611 761 608 729 968 995 654 550 710 42 584 278 509 319 93 813 893 746 502 464 317 
208 677 257 811 715 675 750 720 698 60 
247 17 47 65 576 39 178 661 819 70 871 100 577 220 784 479 161 520 258 58 803 445 512 964 
163 539 493 75 557 498 377 461 15 76 845 885 735 108 317 871 366 227 396 840 42 199 437 161 810 500 945 997 
842 520 751 708 359 623 449 364 884 3 92 607 
183 600 669 220 895 478 758 977 193 445 754 283 21 474 943 327 
200 617 813 324 74 638 480 61 302 119 296 755 732 660 227 316 441 483 539 338 805 68 50 157 850 35 326 469 244 220 816 317 633 
810 202 861 644 475 137 408 805 662 63 154 203 416 836 245 964 526 188 735 636 53 66 701 732 7 860 223 703 556 335 160 959 
468 676 188 548 664 696 395 972 999 241 266 184 100 88 881 913 678 20 657 
366 342 928 432 756 363 254 386 903 193 590 909 230 985 
169 899 889 348 466 508 511 317 213 528 521 53 51 4 405 596 464 987 848 515 143 916 90 679 850 524 244 473 321 810 929 184 683 416 276 593 
792 608 212 565 604 904 761 6 815 611 215 50 116 779 327 958 296 655 285 98 543 662 584 908 316 65 7 414 175 633 87 973 
636 354 149 767 553 197 441 764 35 751 
133 254 436 281 637 772 568 102 988 763 380 725 335 230 970 992 993 
491 628 834 385 903 546 42 563 577 615 573 686 415 257 350 122 305 499 
633 400 78 389 44 181 363 963 236 106 836 257 267 879 101 864 
385 786 713 182 392 834 152 821 992 154 160 259 845 657 626 435 898 965 
698 658 324 732 200 480 316 813 737 302 755 788 716 759 510 119 640 913 554 81 330 908 524 351 71 594 4 691 238 257 123 44 
327 311 611 951 50 363 278 622 762 551 
720 7 936 293 454 426 739 722 747 463 733 253 864 923 501 862 591 106 507 368 465 389 453 202 411 881 811 236 788 93 947 994 
157 683 514 351 413 494 544 646 701 495 962 
241 757 877 750 412 611 312 610 775 529 
729 116 419 904 594 153 867 205 797 535 212 565 765 243 527 897 165 7 468 960 21 847 460 61 
312 133 955 486 322 297 163 893 707 315 
236 137 338 424 873 836 947 894 838 21 202 522 861 618 63 805 724 929 728 551 901 75 797 126 148 2 407 745 738 942 384 680 443 769 682 744 319 
584 711 22 502 831 661 65 17 570 178 470 97 100 544 870 871 854 265 576 9 893 2 956 566 611 62 331 594 445 784 904 660 352 441 51 689 7 969 987 
721 701 183 90 343 252 669 783 448 545 326 61 382 755 474 732 165 93 613 658 110 
374 54 688 686 851 402 149 356 291 526 465 105 742 800 804 937 18 354 636 156 817 717 594 203 649 35 670 885 133 923 348 623 175 702 837 768 118 463 138 14 890 985 
611 212 6 816 904 604 656 153 383 760 103 901 867 360 940 376 11 482 845 225 735 175 162 114 576 700 44 424 636 752 273 435 
620 540 872 191 606 259 865 290 483 137 965 62 565 
438 710 827 902 381 331 109 414 504 803 264 98 379 313 976 628 953 613 557 481 242 699 626 697 65 187 926 795 567 724 53 
383 640 792 240 608 233 385 445 793 637 
635 46 395 142 643 948 468 188 480 107 873 903 871 501 847 281 
855 700 798 281 988 288 951 121 101 826 
332 122 62 350 731 231 822 670 657 738 411 723 843 740 340 304 718 499 67 690 542 222 744 198 555 121 725 117 414 709 227 466 887 404 776 720 19 787 391 441 28 925 283 504 
441 294 442 716 480 558 823 592 525 585 761 
970 710 881 578 452 683 695 902 197 330 693 455 413 230 95 138 195 369 55 514 331 141 508 361 867 769 312 101 883 172 736 697 368 400 890 797 625 234 458 58 992 
933 556 113 24 721 326 601 572 945 220 994 916 28 403 114 202 778 389 729 368 334 
281 855 432 133 41 988 113 365 417 127 242 997 998 
696 188 323 622 820 712 553 174 456 319 450 
744 708 358 32 335 643 58 607 826 737 201 
929 338 538 439 724 303 787 861 873 361 235 442 70 479 448 210 306 657 228 910 
468 532 188 820 696 160 197 744 441 122 
137 939 361 290 616 762 49 435 424 613 186 156 280 883 598 705 708 84 
26 697 121 623 111 335 811 798 366 142 779 252 646 251 
336 920 318 200 61 658 755 119 401 288 496 247 967 898 949 161 
445 935 492 752 43 689 913 364 186 356 936 878 694 503 100 
773 950 190 508 348 136 965 912 644 277 
172 366 953 216 973 801 254 928 978 646 281 78 320 603 179 59 468 4 217 212 919 740 931 913 119 483 
246 148 573 934 613 486 539 721 182 442 75 
431 387 902 881 914 578 353 401 286 117 168 591 
213 348 453 274 234 763 192 575 508 266 363 509 798 152 617 939 997 
713 42 956 491 495 577 848 40 270 135 456 703 355 736 647 976 758 649 290 953 565 922 626 332 926 134 934 331 631 206 54 
157 95 693 140 369 211 716 437 419 322 953 868 939 
113 252 721 220 783 478 977 214 926 130 792 161 35 959 703 439 714 813 495 129 7 
153 792 240 940 632 105 514 273 368 437 564 
763 145 464 380 596 193 106 88 234 749 53 29 274 185 575 857 348 559 405 4 51 536 753 32 460 804 354 251 424 891 678 740 119 712 3 352 86 786 272 409 687 375 637 677 835 
613 691 243 789 440 148 370 35 524 653 835 273 246 590 934 629 978 866 60 79 527 256 325 991 14 92 210 870 3 943 133 
234 53 51 791 773 753 808 348 169 922 192 528 927 897 261 72 61 298 885 486 332 638 641 584 715 287 459 227 905 978 697 
532 948 717 580 643 858 548 293 426 617 315 332 565 193 275 
720 747 463 7 936 566 923 274 153 689 580 186 94 431 339 
