1000 10036 0
125 126 163 180 337 428 539 274 290 508 632 773 888 
360 594 754 760 797 61 186 431 545 643 
159 194 280 292 318 433 460 483 737 755 759 925 150 309 327 400 419 578 593 744 745 805 908 996 
51 53 213 333 348 474 528 559 575 857 991 998 11 46 87 126 150 438 555 594 599 795 885 923 
27 75 108 126 684 133 256 683 719 886 
153 212 607 901 904 19 197 539 579 934 
20 64 253 293 341 373 404 426 454 463 501 566 720 722 733 739 747 829 864 917 923 936 959 1000 21 26 44 96 97 202 267 281 283 331 367 527 585 658 729 810 845 887 891 892 899 914 962 968 
190 193 763 773 919 70 139 186 866 980 994 
114 131 446 533 826 893 38 159 427 463 675 781 961 
107 151 201 210 314 552 588 42 80 231 251 274 816 945 
101 167 239 314 412 682 859 880 907 4 23 51 166 242 366 404 424 526 
61 324 658 755 957 346 368 449 726 751 822 
16 144 218 247 854 86 148 303 586 905 
79 247 584 661 743 184 466 575 658 696 754 
45 592 734 766 774 824 191 192 418 479 679 861 
13 65 527 584 871 942 965 93 126 293 374 404 466 795 805 
33 39 47 65 70 79 94 178 242 247 260 409 527 571 595 661 854 871 965 51 69 83 110 131 175 274 318 322 384 414 436 438 581 611 664 713 747 762 805 
374 402 526 636 746 804 100 123 179 245 460 968 
40 135 270 289 355 385 713 725 6 111 167 290 313 578 731 989 
7 64 566 720 959 173 320 539 576 656 895 
154 202 290 662 668 728 762 838 7 200 220 235 313 772 865 931 
65 79 247 260 437 447 494 576 711 814 830 160 220 235 332 400 418 449 542 565 693 799 936 
75 86 126 337 557 684 735 875 938 943 11 198 431 441 446 632 672 690 779 937 954 
252 545 556 572 758 895 945 64 73 133 294 345 795 820 876 
66 201 241 279 299 682 40 177 389 415 587 611 833 
32 232 257 476 525 579 585 603 615 620 697 744 751 842 911 941 7 57 195 366 469 508 517 649 692 753 813 824 828 843 854 889 
5 125 160 284 337 428 680 845 938 137 217 264 443 504 514 661 791 873 
263 273 512 590 678 200 254 515 547 679 
73 169 234 347 950 987 331 488 515 574 716 914 
46 323 696 781 820 898 401 629 719 720 873 903 
197 264 452 504 683 148 153 601 818 828 
26 155 174 217 259 612 865 874 84 182 219 484 494 739 864 982 
17 56 65 97 117 251 386 494 527 965 253 290 374 528 550 650 680 928 948 996 
51 106 464 996 998 211 238 566 799 873 
148 221 282 310 370 399 422 524 590 605 613 651 663 691 694 789 840 934 997 119 247 256 324 333 470 477 483 492 582 611 830 837 844 908 927 951 982 996 
201 319 561 750 877 41 171 232 354 384 826 
96 101 505 704 750 86 487 775 842 850 
86 176 337 699 712 9 64 97 852 881 
17 56 117 218 309 544 570 624 871 908 921 75 161 225 234 370 551 563 755 849 927 968 
19 42 135 152 161 563 577 647 713 725 786 848 903 992 25 164 183 381 397 409 469 488 533 562 580 586 689 761 
44 85 133 141 633 714 978 36 270 338 343 551 629 929 989 
40 161 275 355 385 509 563 577 647 725 903 992 10 73 75 95 109 157 162 413 463 820 826 835 906 
131 224 451 492 533 826 139 236 293 341 441 497 
41 83 139 177 278 312 322 400 633 772 988 7 52 62 145 261 356 378 627 729 950 
15 184 248 560 655 133 291 340 460 705 904 
30 89 323 643 781 820 898 999 4 116 160 325 695 728 892 951 
17 100 218 574 584 743 965 93 244 333 508 551 725 974 987 
128 171 173 189 473 513 517 523 529 562 591 634 777 844 287 309 318 380 584 617 696 825 881 903 959 978 991 994 
137 290 435 597 805 873 929 220 463 602 826 854 992 
205 212 419 594 607 608 754 778 797 888 940 951 968 67 200 309 418 614 662 664 742 788 865 879 883 969 
34 4 53 106 190 193 274 317 348 380 464 508 575 596 857 889 919 922 927 987 991 998 11 17 81 90 112 124 400 429 513 514 527 532 570 579 643 654 792 854 865 953 957 988 
164 445 689 826 893 44 353 383 471 695 834 
51 4 88 115 192 193 261 348 390 464 575 897 906 927 950 143 220 329 367 389 392 404 526 669 684 775 873 939 940 
84 156 256 291 354 374 402 469 526 553 558 636 686 688 742 767 804 850 851 937 138 154 160 213 218 443 474 508 557 593 594 628 657 661 775 791 830 903 938 941 976 
157 197 387 909 976 121 163 332 409 428 994 
39 33 117 242 251 661 871 137 320 331 430 824 912 975 
63 236 290 352 538 564 728 805 26 60 175 420 514 563 612 854 
80 81 137 147 179 203 236 267 435 662 728 796 805 148 284 304 708 709 748 751 798 866 893 904 915 
126 428 461 539 557 769 92 213 227 290 365 584 
656 754 761 904 968 995 57 105 337 424 786 806 912 
12 72 119 159 168 227 294 296 305 316 480 500 660 716 732 755 759 813 946 957 985 2 161 162 180 190 309 315 371 546 551 695 711 742 801 805 839 941 947 959 966 974 
67 122 231 304 332 340 350 411 499 542 657 670 690 723 731 738 740 822 974 44 66 72 121 131 207 386 429 433 515 524 545 561 569 720 817 829 856 868 
57 80 81 179 245 290 410 538 724 873 981 94 156 275 282 449 497 906 908 940 998 
20 7 293 426 454 463 566 720 959 38 24 296 320 329 529 682 817 997 
17 33 16 22 79 97 117 186 242 353 386 470 576 595 706 711 814 854 123 154 234 273 296 299 303 468 512 514 634 640 651 691 697 708 779 869 
25 96 101 118 151 167 271 283 319 450 484 497 516 552 588 702 745 750 856 877 878 912 961 62 130 137 171 204 223 322 325 419 502 518 535 587 595 636 657 738 740 755 866 898 914 983 994 
62 122 332 670 723 974 50 301 309 441 
118 319 489 561 856 188 605 658 873 908 
307 434 547 598 891 17 90 304 329 822 993 
17 100 144 218 242 247 251 409 470 527 544 570 571 706 711 854 870 908 942 965 8 101 159 202 203 274 314 399 411 416 484 517 565 593 631 815 964 973 986 997 
160 539 609 769 812 818 845 183 202 251 492 627 779 847 
61 200 296 318 480 483 500 658 660 737 788 62 95 249 486 498 633 768 811 836 874 964 984 
29 380 536 899 927 996 42 24 124 137 176 452 
119 200 316 460 716 794 434 493 559 652 702 756 876 
5 23 86 108 120 125 126 160 163 235 284 401 518 592 680 699 766 818 824 943 39 42 84 165 290 316 326 348 431 514 577 603 647 658 693 810 843 910 916 944 
86 401 428 680 938 267 354 662 701 738 843 
287 308 728 796 983 313 428 738 902 968 
133 312 363 400 472 568 84 527 555 677 779 789 857 
22 17 14 65 144 251 527 571 576 661 743 782 830 98 122 197 231 296 334 428 559 644 713 747 824 903 944 
58 63 202 269 272 375 416 543 564 662 668 728 787 795 828 873 900 930 939 10 88 95 130 181 197 220 223 305 312 323 341 519 548 579 604 693 751 997 
58 63 93 203 290 435 555 776 795 833 892 947 51 141 169 190 284 359 451 661 683 763 867 914 
327 376 594 608 729 754 779 816 940 185 190 290 402 420 689 728 744 857 860 
44 133 276 281 363 366 396 400 420 589 646 719 756 17 165 287 372 376 541 554 579 593 636 862 920 965 
54 354 374 402 469 621 686 742 800 804 850 884 967 78 75 32 141 194 348 473 522 527 528 680 771 986 
41 181 255 322 363 366 633 637 801 953 99 153 242 353 509 613 653 805 906 957 
38 76 75 23 120 160 176 184 284 286 377 539 557 560 734 769 812 853 882 37 13 98 218 317 496 549 577 582 640 698 713 742 792 870 871 877 917 922 
104 114 365 451 492 533 610 689 752 765 799 826 893 913 4 140 173 309 316 363 396 415 454 463 542 562 801 830 
53 169 190 192 193 274 333 857 906 927 950 996 998 80 128 310 412 557 574 623 765 792 820 938 968 
46 346 468 602 635 643 676 163 389 586 668 742 750 
113 183 214 220 362 364 545 556 572 648 701 849 895 926 966 994 69 51 192 272 277 288 527 595 723 729 735 737 742 848 871 948 
607 760 904 962 968 399 457 557 591 936 
95 379 455 496 514 549 695 59 261 275 310 465 546 861 984 
81 137 236 424 564 787 807 861 929 964 983 47 16 95 122 216 284 353 373 414 426 441 738 
17 100 251 487 595 661 711 63 98 507 773 810 825 952 997 
92 140 211 230 264 328 330 369 381 452 514 672 683 693 695 909 914 72 93 42 80 135 236 256 329 424 464 468 499 642 750 763 862 
66 37 101 118 123 201 368 497 682 750 825 912 7 159 184 221 248 341 480 577 724 792 801 882 977 
65 33 100 502 527 661 679 782 942 38 7 173 451 658 708 731 902 947 967 
140 157 211 264 330 379 413 414 431 514 578 693 695 710 771 832 990 86 79 94 100 124 336 371 511 553 656 660 661 667 755 787 868 928 978 
256 354 372 553 636 850 967 85 151 159 253 322 358 873 
94 70 47 97 117 144 247 260 309 388 447 554 570 584 661 706 743 782 854 18 98 110 133 161 165 194 201 278 306 380 451 538 669 728 897 946 962 
66 11 37 96 123 151 167 175 201 241 271 283 484 516 561 614 681 682 702 709 750 768 877 880 70 120 165 188 190 380 468 508 519 591 615 657 689 691 728 761 789 824 838 871 887 901 951 976 997 
141 281 366 436 646 692 802 200 332 451 504 524 527 715 935 
153 531 659 761 816 115 125 548 662 743 
87 451 741 752 826 913 932 935 306 327 338 362 487 851 923 952 
229 354 374 553 686 767 804 60 148 185 805 854 867 982 
51 34 185 206 390 453 464 490 886 125 201 324 419 618 639 658 699 880 947 
10 210 505 516 681 745 768 144 454 533 551 648 683 
5 75 235 357 680 354 697 706 743 757 991 
140 157 313 496 514 630 710 771 970 42 237 257 280 284 380 516 724 981 
154 203 245 361 424 522 836 100 17 161 725 874 943 
259 603 620 629 811 969 19 516 566 710 720 785 
136 153 531 604 940 51 537 633 636 697 
90 220 252 545 572 601 849 138 154 155 189 334 462 970 
87 9 131 443 451 610 180 346 539 640 767 877 980 
53 317 474 906 922 103 384 670 750 913 
407 419 594 604 640 642 656 761 797 867 904 46 154 254 326 356 787 806 854 884 902 935 
65 56 39 100 33 595 854 871 170 287 559 628 641 662 741 832 904 
66 68 96 150 151 175 187 319 412 588 730 757 825 837 856 859 907 161 219 306 402 514 532 580 584 611 679 713 716 728 740 748 845 970 
61 74 124 194 200 250 280 292 294 296 318 329 441 442 638 658 660 716 732 737 788 813 905 946 957 35 133 157 184 222 251 252 261 263 265 281 298 312 369 381 428 518 586 591 630 798 848 902 933 970 
86 75 680 685 766 885 101 164 508 816 902 957 
165 217 285 325 335 359 371 520 525 623 629 639 666 708 811 839 841 842 872 874 941 62 55 134 188 332 366 459 505 516 519 536 564 572 583 722 813 901 942 962 964 
62 67 222 231 304 332 350 411 499 542 657 670 690 718 723 731 738 740 822 843 974 79 93 157 178 202 203 212 293 374 449 456 507 604 654 684 785 811 854 874 897 985 
96 101 150 201 210 279 288 319 673 825 65 18 129 133 298 316 369 418 522 761 942 
119 200 296 442 460 660 737 51 98 73 190 406 662 679 997 
27 1 75 286 539 560 581 766 769 845 931 106 103 242 258 293 317 403 558 566 610 611 874 
1 75 5 59 23 184 248 286 337 401 423 539 557 560 609 680 699 774 845 931 938 943 4 16 155 199 259 324 335 348 396 419 452 470 481 573 647 648 651 779 805 816 922 947 
259 335 525 654 677 918 318 354 458 513 967 988 
48 143 171 173 189 315 473 481 513 517 523 529 562 567 591 634 650 671 748 777 806 844 88 170 181 226 268 335 348 370 443 453 483 531 580 610 649 787 881 941 946 965 970 999 
426 463 720 739 959 123 132 290 337 510 633 
214 648 966 977 994 66 80 165 303 370 541 
9 43 114 226 429 445 492 610 652 689 826 913 62 17 133 367 467 497 500 544 633 727 856 886 
443 446 492 689 765 826 893 913 129 299 367 561 579 683 723 967 
83 78 41 172 181 254 312 322 342 396 400 420 436 587 633 646 700 772 801 928 949 988 45 5 123 131 119 100 24 162 201 277 489 576 608 628 658 686 710 720 728 761 781 839 851 
142 188 262 468 645 664 696 820 948 121 169 260 327 432 710 732 922 
40 19 275 444 509 563 628 647 703 713 821 863 992 95 203 224 228 264 391 464 518 580 591 619 675 
112 153 205 327 407 479 608 632 761 904 951 142 259 339 379 579 622 691 737 825 859 973 
93 49 58 154 236 290 297 303 352 410 424 439 475 488 522 586 616 662 726 762 810 861 929 947 981 66 73 27 56 220 273 350 452 470 512 535 539 610 652 658 669 700 706 720 804 884 916 972 976 988 
211 330 485 695 902 54 113 139 242 639 
44 172 254 278 486 568 772 928 978 8 43 138 212 451 514 516 848 925 
98 95 109 157 197 313 331 403 413 438 455 482 485 514 693 695 710 771 803 832 902 914 993 87 149 150 172 261 290 312 362 370 459 526 527 553 609 643 724 796 805 845 854 864 873 920 985 
41 102 281 363 587 633 978 84 81 316 441 509 560 739 795 
134 262 277 346 548 602 622 643 676 696 820 948 982 136 174 183 192 245 399 419 501 512 572 626 803 848 896 
128 171 173 473 517 591 634 650 806 844 53 146 168 254 257 277 293 322 367 865 
13 79 70 100 409 107 208 323 330 686 877 
146 317 528 763 996 44 318 332 387 826 999 
145 274 405 753 886 998 143 264 561 807 939 947 
58 338 430 586 873 389 436 503 517 547 
35 221 243 282 370 524 590 593 613 653 691 840 890 934 13 105 31 58 202 211 224 303 363 416 496 561 595 661 
256 374 469 804 967 140 172 254 364 514 778 
118 123 201 299 368 412 484 745 837 3 4 140 315 389 393 417 442 
118 101 10 66 319 489 704 730 99 169 184 273 557 591 705 876 
40 161 258 275 491 563 577 786 956 296 472 518 754 865 880 883 904 
103 136 6 112 311 419 479 608 640 656 729 754 761 779 815 901 904 962 85 31 155 196 275 303 348 354 459 571 590 623 693 728 791 857 875 937 949 
21 137 110 202 236 338 352 375 662 728 807 810 983 65 113 54 116 160 340 492 541 649 683 718 736 767 
32 259 358 359 623 654 839 126 113 153 591 602 964 
54 354 469 636 742 850 63 245 480 594 641 725 857 
55 140 109 98 197 230 233 306 351 369 379 381 403 413 578 627 630 693 827 881 970 42 122 119 163 202 279 299 350 458 566 567 597 721 761 788 824 856 857 895 935 936 967 
218 502 782 830 942 259 592 767 805 935 
61 3 194 199 204 227 324 480 483 732 759 946 957 99 9 96 70 469 535 742 749 810 861 888 964 965 
75 86 27 71 235 284 295 337 357 377 428 493 498 518 557 560 581 685 766 875 885 938 46 22 154 54 261 331 381 383 389 409 439 464 501 587 747 795 810 854 934 953 976 983 
42 152 40 270 289 456 491 550 577 628 703 725 775 834 863 903 954 956 992 61 118 100 39 110 201 210 232 487 499 513 516 524 591 610 711 803 866 997 
198 424 458 861 929 133 42 61 206 284 
75 1 284 286 423 539 557 581 655 685 699 885 938 157 89 55 206 233 247 310 508 532 637 639 689 904 
52 445 451 826 913 924 40 120 252 316 811 832 
121 174 191 208 217 232 257 285 579 585 620 623 654 674 697 793 865 872 984 130 100 101 83 75 266 344 349 409 426 470 561 565 659 762 763 764 765 784 976 
181 281 363 400 420 425 700 11 193 214 291 487 653 951 
66 101 11 175 201 271 283 288 382 750 19 174 222 265 267 440 575 755 783 938 
61 200 296 316 480 500 510 638 813 957 143 242 287 612 645 647 725 768 773 928 936 
88 29 185 190 207 348 380 464 474 490 511 536 808 134 81 151 211 256 322 408 529 585 733 848 975 994 
257 335 406 744 811 842 865 117 128 366 374 389 591 720 974 
128 48 143 189 591 777 844 66 36 375 391 545 596 716 970 
139 133 266 342 363 396 432 637 869 149 140 218 224 335 592 654 752 863 
128 48 143 189 315 473 481 517 523 562 567 591 634 650 97 87 20 284 293 451 519 522 526 570 646 725 765 885 
32 165 232 462 579 620 639 705 839 846 142 167 326 382 707 713 861 871 883 947 
167 118 101 288 299 368 484 516 534 614 681 682 702 730 750 757 856 907 912 17 57 191 273 275 617 620 729 740 760 765 779 810 819 951 958 965 992 
38 86 401 699 845 882 938 73 216 239 441 775 983 
44 281 363 400 633 784 798 25 203 538 595 751 965 
17 186 247 260 743 122 235 314 750 877 
63 58 203 267 287 488 728 828 836 939 18 242 317 348 755 912 923 931 967 995 
1 557 560 712 769 114 61 302 390 928 
85 133 166 216 255 281 322 342 366 396 633 646 700 756 798 802 928 988 80 128 247 351 522 572 576 594 608 688 730 743 748 766 777 810 874 999 
495 550 707 725 736 775 863 32 344 403 610 850 909 
90 220 237 326 364 448 648 868 895 966 994 142 71 40 210 299 536 593 661 901 914 987 
126 45 86 248 461 493 518 680 685 824 119 14 96 151 293 412 522 691 698 831 
169 106 333 405 464 508 536 667 773 950 991 82 105 188 201 480 514 611 657 726 934 974 
65 178 309 554 576 819 8 2 236 324 456 561 638 
118 279 516 561 750 856 878 242 246 536 538 580 974 
134 262 277 468 471 532 548 580 602 622 635 643 649 676 696 717 727 781 820 858 898 972 979 101 121 68 185 196 226 245 332 359 484 494 500 587 677 695 743 762 799 838 895 945 992 
128 48 173 171 481 513 523 529 562 567 591 748 113 273 319 394 471 571 627 776 783 845 855 893 
8 51 88 169 213 234 333 380 453 464 508 763 773 808 857 889 996 61 101 124 81 82 198 247 314 332 532 543 560 696 779 793 910 918 981 
165 257 259 359 579 620 793 15 175 294 341 472 912 964 
53 88 317 348 380 667 922 90 15 142 319 664 776 
53 8 51 88 380 596 897 987 996 166 259 280 315 463 492 692 856 929 930 
119 3 159 280 316 324 433 441 483 500 716 737 920 100 84 270 281 295 307 572 584 657 765 778 787 958 990 
381 482 672 693 881 914 26 444 592 928 936 974 
232 325 335 415 462 579 585 620 654 666 697 751 811 852 874 153 188 203 228 229 269 316 423 438 560 682 760 780 820 857 
31 140 157 55 306 387 413 414 549 630 672 683 693 695 780 827 866 881 902 970 976 80 6 79 209 222 275 419 460 470 557 593 697 707 732 748 793 847 907 948 965 967 
162 202 236 522 833 873 23 190 273 476 605 812 
159 227 344 660 813 126 216 424 738 929 
124 74 168 119 72 280 296 305 316 510 660 920 946 50 102 21 28 319 384 525 543 721 767 826 862 873 
96 123 36 101 150 167 25 10 239 271 299 319 368 382 516 534 730 750 856 859 877 161 133 100 185 106 264 295 445 456 474 538 626 631 643 691 724 734 747 773 775 893 921 
154 80 21 198 203 269 424 430 475 488 537 564 586 641 728 762 805 861 873 930 947 964 122 70 148 71 157 7 261 284 335 347 438 480 485 526 607 608 613 743 772 824 852 864 904 
110 58 179 202 81 236 267 272 394 416 435 475 488 543 586 644 762 776 787 795 796 828 964 981 135 177 70 122 196 242 320 340 372 376 377 404 426 449 452 623 689 696 712 751 817 883 914 923 1000 
159 227 483 732 957 985 66 334 468 594 750 810 
136 50 608 640 729 901 244 248 364 437 644 651 978 
106 317 380 398 427 536 899 163 162 220 385 655 911 947 970 
169 261 490 508 528 62 277 381 419 850 957 
165 358 406 520 708 896 916 144 316 515 716 885 899 987 
249 418 434 883 891 197 428 572 633 946 959 
10 123 107 345 484 497 505 709 877 183 161 284 330 362 548 788 946 
138 95 98 672 693 710 780 169 148 34 221 395 515 792 871 
50 6 311 327 376 419 531 607 608 611 632 640 656 729 760 761 792 901 940 951 958 971 139 122 288 316 324 331 443 463 485 506 586 666 674 694 731 753 762 866 908 910 937 979 
190 4 274 347 348 390 427 508 922 54 59 383 399 565 599 693 711 797 955 
130 90 252 298 343 556 601 669 849 945 166 258 321 615 619 649 697 704 749 813 879 
419 594 611 729 779 995 275 482 593 597 732 929 
181 254 320 366 432 801 953 93 199 176 303 593 594 682 946 
165 32 121 257 615 874 980 27 348 519 640 894 922 
39 47 70 13 158 242 247 470 584 854 870 908 942 86 172 54 319 374 416 594 681 682 693 698 729 
275 459 495 509 546 821 32 118 493 527 663 767 
113 90 183 237 252 298 326 343 362 364 448 503 572 625 675 701 721 758 809 926 945 966 977 80 53 137 21 22 206 49 276 290 381 397 451 468 490 581 700 711 770 854 861 889 973 997 
35 148 273 282 310 449 524 573 605 613 651 678 691 847 915 934 997 211 96 236 259 264 353 551 563 565 700 730 746 823 842 884 991 
122 332 723 843 974 167 119 197 577 586 720 
371 579 744 751 874 984 80 66 379 480 573 804 
43 445 451 519 893 913 135 172 148 338 430 631 
339 367 384 417 418 547 551 823 883 910 39 286 363 478 526 589 743 821 900 904 979 
131 443 451 477 741 765 893 913 128 188 237 317 385 708 777 957 966 
204 61 159 199 294 316 344 441 460 660 716 732 755 813 925 946 59 281 293 424 426 516 553 613 662 712 811 820 833 863 898 952 996 
247 353 470 527 782 135 196 640 646 813 
105 291 354 553 636 742 937 196 289 427 681 725 769 810 956 
157 95 306 387 514 683 803 909 914 286 474 477 622 641 646 669 851 916 
122 62 332 350 542 657 670 718 723 731 738 843 974 79 10 249 266 290 311 608 623 860 874 892 938 
165 26 174 196 358 406 415 585 697 715 161 36 245 258 260 296 514 519 728 770 
157 264 330 627 710 970 163 322 366 465 663 835 984 992 
29 190 317 333 380 474 559 667 763 791 998 65 39 319 524 652 712 735 821 839 845 848 913 
75 160 108 680 735 818 853 178 21 22 451 462 640 796 995 
198 154 137 203 58 57 93 245 303 308 352 439 515 522 543 618 728 807 810 836 894 929 947 186 95 221 43 280 317 371 502 514 516 637 650 669 679 680 819 856 902 934 940 946 971 996 
220 183 326 600 648 860 868 109 226 281 443 666 671 711 724 
283 345 856 878 912 34 572 922 926 943 
11 201 283 561 825 912 176 324 443 481 492 691 776 
327 611 632 797 904 962 971 307 395 457 683 830 855 885 
25 101 319 421 516 704 856 683 700 835 903 909 922 
70 65 17 56 218 247 265 309 353 386 409 437 470 487 494 527 554 624 626 711 743 887 921 203 125 85 179 11 138 187 168 287 363 400 572 620 669 716 729 759 769 797 823 869 884 948 
148 282 310 370 512 590 678 254 367 427 554 614 616 637 660 
275 550 577 821 903 205 47 388 576 665 813 
236 63 110 297 435 538 586 662 724 762 947 964 188 142 18 232 156 301 354 400 469 506 673 753 
263 310 321 370 524 997 187 445 636 719 732 950 
242 70 178 14 218 228 13 22 17 100 260 353 437 470 544 595 624 743 782 830 854 965 181 35 190 163 261 304 334 425 525 555 586 625 642 818 834 868 872 880 885 888 893 968 
184 45 126 286 680 735 205 96 320 547 573 979 
209 367 384 551 891 231 72 322 460 691 
119 280 316 344 788 813 271 384 448 672 702 890 960 
70 33 56 79 94 309 353 447 584 626 711 831 887 908 942 71 119 10 288 297 322 401 492 579 602 635 716 859 924 960 
220 113 24 214 364 503 675 783 895 977 994 164 119 275 296 335 408 410 479 480 584 651 
7 341 463 720 1000 33 99 405 690 765 771 
216 139 133 268 281 312 366 400 472 486 530 633 637 719 855 928 949 978 149 28 143 243 116 339 424 479 537 746 757 773 834 836 858 967 985 987 
181 85 320 366 400 295 415 418 563 959 
54 99 149 354 374 469 526 541 558 686 742 767 804 817 850 851 952 967 95 35 169 5 318 358 381 453 482 559 604 637 638 711 842 883 912 943 945 
26 191 217 170 165 371 623 705 790 839 896 143 109 322 330 332 474 568 575 815 866 869 932 
152 275 546 563 713 736 775 848 992 214 125 232 317 414 445 782 925 942 
127 32 111 191 155 335 359 467 579 612 615 620 654 674 677 697 744 865 911 941 969 136 158 126 221 193 268 316 381 413 419 439 470 503 509 553 720 863 940 951 963 
22 247 17 178 100 544 965 134 232 313 495 598 735 898 968 
53 207 274 348 453 464 506 521 596 773 791 44 140 92 119 160 202 247 296 551 617 874 
142 134 188 580 643 820 858 898 374 555 573 585 673 711 
246 28 512 593 605 934 997 119 655 703 754 774 786 913 
95 31 233 98 330 482 485 514 627 693 803 866 909 135 221 201 146 27 354 374 388 680 709 724 736 946 
242 447 576 595 626 711 167 119 404 424 485 850 
172 322 400 637 798 165 231 742 789 881 930 
58 179 203 308 375 391 805 833 76 167 7 561 576 693 874 970 
254 322 646 798 953 988 259 128 315 330 374 861 
80 202 308 416 424 586 644 196 402 501 594 687 713 855 
161 19 725 834 863 903 41 194 286 319 363 406 447 
201 101 167 66 288 319 569 750 877 880 250 350 362 413 543 547 550 739 813 992 
80 203 543 597 641 807 90 434 474 689 716 783 
221 28 282 321 370 399 440 449 524 613 653 678 691 789 840 915 934 997 151 175 65 189 137 198 363 376 413 428 486 649 669 780 811 856 931 937 970 
88 146 261 213 51 466 753 950 10 70 1 17 448 476 717 840 964 
42 258 152 244 219 135 385 444 563 599 628 647 785 786 863 92 252 175 63 197 153 215 279 353 367 375 455 873 905 924 932 
83 363 425 432 955 220 375 401 514 729 773 
142 188 323 548 602 635 643 676 727 781 858 982 143 133 90 207 355 476 510 565 577 634 802 967 994 
139 44 530 637 784 801 928 100 319 524 604 683 800 897 914 
187 25 123 319 561 275 157 424 426 595 671 
200 3 119 250 194 296 316 329 441 638 660 732 985 193 109 236 337 396 431 445 496 719 782 866 948 965 
181 177 141 166 83 254 102 363 366 389 436 507 587 589 633 637 646 692 756 801 928 953 973 194 227 237 119 7 304 321 335 344 447 529 608 660 676 737 740 750 773 788 809 971 977 
243 221 273 148 35 449 663 678 934 63 451 608 635 680 701 810 913 
101 66 239 238 167 673 702 730 768 837 856 859 912 7 296 359 374 409 465 480 919 942 950 951 991 
75 86 160 163 27 518 685 774 818 885 943 109 81 210 162 173 58 93 202 527 643 907 910 
121 165 623 665 896 984 290 370 433 441 726 823 
163 86 125 126 248 357 428 560 609 774 853 225 230 270 327 661 711 740 782 808 870 901 992 
77 179 338 394 424 555 616 662 762 929 83 242 48 117 168 368 379 411 454 560 613 
167 123 271 175 314 516 561 859 212 90 251 322 524 559 779 867 
161 19 355 444 713 229 397 521 557 720 974 
49 63 21 57 137 81 308 375 391 410 488 515 586 641 662 724 726 728 762 776 805 810 873 900 59 19 220 129 82 231 140 75 33 1 285 319 441 445 493 520 572 713 733 756 826 859 968 995 
54 229 354 374 553 621 952 967 45 166 436 620 657 743 781 955 
3 119 316 336 433 716 492 750 864 950 963 966 
64 7 341 373 404 426 454 463 501 566 720 722 733 739 747 917 936 959 143 227 16 184 125 173 43 122 317 348 451 455 500 586 927 935 954 976 
119 61 227 441 460 732 191 24 461 548 637 653 955 
160 560 592 812 824 255 201 194 367 490 
72 124 280 168 200 119 61 302 324 329 344 441 480 658 660 716 737 813 957 252 64 283 232 79 152 65 261 322 335 544 586 588 597 650 780 825 868 880 964 
245 137 586 597 838 947 251 370 544 610 778 946 
214 220 478 572 669 701 783 123 119 533 549 560 565 803 
201 25 150 175 368 614 681 750 757 856 961 183 157 65 132 396 463 545 697 865 881 890 
417 418 434 457 598 823 883 398 410 482 557 608 898 956 
479 565 604 797 951 67 245 469 798 935 
296 316 441 658 920 946 180 419 585 734 824 999 
137 236 393 439 515 522 641 662 805 810 929 939 964 981 216 65 130 153 13 148 464 502 506 527 620 624 809 934 
122 62 332 340 350 499 974 58 69 247 281 326 447 898 915 
200 61 442 617 737 80 368 380 494 894 
230 157 197 331 379 438 514 695 710 881 970 976 990 100 104 118 342 348 441 463 465 472 548 594 608 765 964 
69 378 384 547 551 883 910 240 194 316 342 566 587 719 895 
77 267 269 236 290 805 836 873 892 402 407 514 632 744 761 779 910 
242 251 39 186 100 388 470 574 576 584 624 743 782 854 965 3 61 87 48 67 50 327 479 582 678 723 815 836 925 961 
221 243 35 246 370 605 613 694 934 163 92 88 492 529 544 743 767 977 
153 212 531 608 611 632 968 231 318 447 629 680 705 774 939 
254 44 78 133 322 389 486 633 928 119 140 80 360 380 445 452 516 833 891 
109 140 455 780 866 902 970 19 77 21 260 343 952 
11 10 288 368 569 673 878 178 190 70 419 538 663 
128 173 517 591 634 650 748 806 844 150 193 268 61 424 482 506 755 854 
61 302 227 280 200 194 74 250 292 168 318 324 329 344 460 483 500 510 658 660 716 732 794 905 975 212 87 307 141 259 196 123 164 75 208 332 348 448 463 515 566 692 693 789 880 902 903 960 964 
206 234 115 145 192 51 333 348 427 464 508 536 559 753 763 773 791 808 922 996 258 86 179 226 236 293 125 437 471 555 563 637 681 694 774 788 853 871 878 898 909 
119 316 72 3 329 441 617 737 759 17 256 48 127 145 311 422 795 
201 123 68 151 271 66 279 118 241 36 382 450 552 561 673 704 750 768 825 856 877 218 234 270 200 192 290 189 278 354 509 515 553 608 635 656 732 805 886 920 934 962 
216 255 322 363 389 396 530 714 855 949 988 64 203 248 20 56 377 732 775 837 989 
246 273 397 449 691 281 214 538 561 584 973 
44 266 181 268 320 133 85 312 342 363 366 389 420 432 507 633 637 687 772 953 988 143 249 288 233 251 99 17 169 257 66 296 364 411 455 538 696 722 743 836 861 995 
277 46 30 532 548 580 664 727 898 982 80 144 326 396 414 430 624 795 856 874 
12 316 194 159 296 480 638 660 755 813 946 957 985 126 35 239 106 186 212 355 427 672 686 805 921 974 983 
121 196 697 751 874 66 46 419 616 973 
183 220 237 503 556 572 669 849 860 868 994 323 174 304 116 75 330 507 516 772 992 
212 136 82 240 419 479 594 608 640 761 779 792 797 940 968 104 3 309 286 134 396 524 625 638 646 676 677 708 743 
95 379 381 403 413 662 901 934 966 974 
318 280 119 316 296 732 788 95 64 53 69 817 820 879 
233 138 98 264 95 379 431 514 672 693 710 902 210 257 326 268 144 391 426 442 608 662 756 797 
306 140 381 414 452 485 683 803 827 902 56 212 29 7 160 490 612 790 854 871 
122 62 231 304 67 222 340 350 411 499 542 657 670 690 718 723 731 738 740 822 843 974 145 316 102 121 257 190 188 22 55 333 348 358 473 523 639 714 750 753 758 791 877 889 
317 234 185 190 88 4 466 474 508 559 596 667 763 791 808 897 927 47 35 332 549 557 586 613 636 718 724 798 804 877 892 901 957 972 
383 479 611 729 792 247 204 113 79 501 558 
127 259 196 121 170 359 462 467 540 585 606 612 620 623 677 744 839 865 872 874 984 172 281 128 252 126 296 202 348 485 489 648 661 720 737 738 742 782 805 849 934 
292 483 617 716 732 98 357 386 470 906 969 
126 38 23 27 1 160 377 428 853 280 60 129 525 586 633 643 711 863 919 
147 154 287 430 439 631 662 795 810 828 836 929 947 104 224 41 493 561 628 661 772 803 854 913 960 990 
225 349 367 417 418 434 551 876 883 254 136 588 605 673 698 788 927 940 
332 62 304 350 657 731 974 45 203 154 534 837 856 
253 293 7 426 720 733 43 191 96 80 891 948 
322 133 181 172 955 306 307 376 402 732 967 
214 220 364 545 809 895 313 41 396 582 615 930 988 
250 199 227 316 296 638 658 660 698 716 759 813 925 281 182 165 381 445 451 601 651 701 839 845 867 906 
238 210 534 673 878 24 633 812 903 934 
89 142 622 781 898 12 114 383 579 922 938 
213 29 380 753 791 857 202 350 543 786 810 944 961 
51 261 53 213 4 317 192 169 380 398 405 453 474 508 667 749 857 906 950 987 991 293 179 153 75 332 306 126 84 335 217 316 128 402 451 526 532 534 552 710 759 826 867 
339 367 418 598 910 165 352 495 497 849 934 
332 62 122 340 231 304 411 657 670 723 731 738 822 974 271 157 347 137 358 514 515 535 633 726 781 795 873 947 957 
157 379 803 832 976 181 603 633 732 899 
137 57 236 154 361 394 538 662 728 807 836 900 349 357 451 453 486 554 562 593 664 773 913 998 
242 251 65 228 247 388 437 487 527 595 624 711 743 275 85 52 93 221 435 514 547 636 683 691 777 966 
256 229 54 99 105 291 84 156 356 374 465 469 526 541 553 621 686 742 804 884 937 245 127 108 319 264 36 76 153 369 413 471 483 486 583 633 691 701 808 821 825 915 991 
289 42 19 392 491 546 703 785 848 277 324 362 473 504 567 667 689 
354 374 541 636 767 44 116 397 615 635 
286 108 160 518 818 352 336 653 722 792 805 
155 208 232 406 579 666 674 677 697 744 751 842 874 99 350 332 256 385 439 499 506 662 721 736 760 843 
191 335 259 121 155 406 603 665 666 705 751 969 283 81 188 501 563 638 680 682 743 786 797 922 928 
2 479 535 594 608 904 968 312 547 621 718 926 977 
110 352 537 724 762 807 810 833 873 947 981 477 633 665 684 743 786 788 822 831 854 864 
220 90 545 600 648 783 860 895 994 210 355 104 140 271 416 574 620 683 955 
78 141 322 83 177 320 281 166 172 85 276 400 472 486 583 633 687 700 719 798 855 928 963 988 242 273 148 87 270 225 409 412 428 445 458 492 548 564 682 754 761 775 811 831 845 859 929 947 
183 90 252 220 343 448 675 966 322 149 205 426 467 584 878 959 
87 451 492 610 689 935 59 403 504 561 928 948 
322 254 216 85 102 281 181 83 255 389 472 587 637 646 798 801 953 988 121 26 11 170 233 477 611 635 651 717 773 785 796 881 908 916 957 976 
249 339 349 225 384 417 418 434 551 598 883 891 910 132 7 53 295 275 143 131 243 414 427 527 643 828 934 
150 175 299 96 314 201 382 450 516 588 614 702 709 305 287 12 451 560 632 699 713 760 763 794 838 864 972 
95 157 496 683 902 960 970 354 123 119 432 525 632 757 
310 246 243 273 148 35 397 449 512 524 573 590 593 613 651 663 691 789 847 890 915 934 997 297 39 140 130 285 128 433 500 516 527 556 565 581 631 682 699 710 854 896 953 957 964 
121 223 257 639 811 61 98 236 565 678 
99 767 800 850 967 203 83 468 685 908 
7 293 463 720 722 733 93 420 435 474 627 942 950 
256 356 18 105 354 84 149 54 291 402 465 469 526 541 558 636 686 742 767 817 884 952 967 283 218 262 122 268 264 170 16 33 422 433 508 523 551 560 648 671 683 716 876 934 953 984 
267 154 290 80 424 616 171 275 276 661 890 916 
82 212 531 594 797 940 951 83 342 273 203 710 969 
86 160 337 428 557 824 943 320 203 431 522 527 736 752 
307 384 418 551 598 44 586 728 733 940 1000 
328 92 306 157 351 330 98 514 693 976 223 287 136 567 570 592 625 652 727 747 
169 192 348 193 234 347 190 73 206 51 521 899 922 927 998 101 312 109 305 48 100 539 576 730 748 758 832 877 932 978 
157 328 95 195 331 414 504 514 627 672 866 902 976 256 160 119 259 344 40 220 207 418 512 541 609 652 
201 167 319 368 745 174 432 520 522 807 915 
334 729 778 779 888 901 958 213 346 160 52 391 548 881 974 
378 307 367 249 225 418 457 547 551 876 910 36 250 200 115 17 633 826 917 955 977 
19 275 42 713 786 954 992 226 358 206 513 693 699 771 
242 33 65 409 576 584 661 831 336 62 391 419 428 741 773 901 
230 55 197 452 695 145 422 426 598 605 957 
353 100 309 743 854 264 244 436 524 816 
322 366 281 320 312 420 432 436 486 633 637 687 756 772 928 949 955 978 160 53 150 89 170 147 25 393 480 481 599 605 606 657 744 811 829 895 
213 106 53 405 466 906 180 532 709 723 849 956 
290 267 424 728 964 330 383 386 171 135 
355 509 563 577 834 863 53 442 538 551 826 965 
303 662 728 762 828 900 964 389 150 446 463 633 692 720 996 
203 352 287 726 873 189 591 608 646 707 940 
548 645 649 858 972 211 240 569 579 868 940 
133 320 83 181 172 425 432 583 633 687 714 801 855 869 953 988 126 323 280 327 343 299 87 442 487 518 543 608 663 771 775 959 
370 321 449 593 651 40 220 289 356 889 
348 206 427 906 996 300 526 610 821 901 
35 273 422 512 651 694 915 142 70 213 91 426 522 665 966 
78 133 177 255 266 363 83 44 254 166 646 687 978 245 242 51 3 22 408 498 537 560 685 686 812 981 
176 75 126 76 539 557 560 824 943 30 276 251 411 463 513 552 811 947 
374 54 18 84 465 541 686 850 851 884 967 342 82 118 269 348 308 448 508 533 560 580 911 
157 328 140 438 482 365 182 125 415 441 
7 293 463 566 720 722 733 265 16 53 203 11 576 873 
146 348 390 185 453 464 508 528 773 950 998 253 567 594 641 680 703 870 943 970 990 
359 170 208 358 232 540 846 270 124 436 478 722 781 892 963 
116 136 594 778 940 995 308 463 508 579 807 902 
538 586 726 873 900 947 252 169 400 465 731 777 
17 386 144 70 242 494 527 626 711 830 854 283 363 40 160 55 165 425 622 696 848 904 
137 63 290 475 662 795 810 252 300 449 604 613 889 916 
332 62 350 122 657 690 731 822 843 974 322 287 70 401 454 522 580 616 838 865 
150 11 118 450 730 856 363 184 88 683 780 974 
157 328 140 98 197 414 431 514 672 693 866 993 259 271 273 354 42 442 594 716 732 815 845 860 898 
98 331 197 413 381 514 627 902 993 323 93 258 17 367 775 939 951 
196 232 579 629 811 865 874 87 25 255 403 669 836 
203 269 80 430 726 795 929 218 362 70 148 459 658 840 
225 300 339 367 418 551 876 150 423 699 792 827 902 942 
384 225 417 300 367 209 349 339 378 434 457 551 823 876 883 910 22 15 50 255 381 123 501 502 503 515 531 587 737 743 791 863 913 
327 153 116 212 215 50 479 565 594 608 611 632 642 656 754 761 815 867 901 904 940 951 968 3 207 66 106 126 142 325 386 314 259 302 197 443 584 596 667 696 724 737 793 828 861 887 933 
166 322 389 83 133 633 928 373 57 82 514 535 663 678 
241 484 516 702 730 750 757 432 508 627 638 642 716 857 
35 399 524 573 605 651 789 835 890 934 997 318 374 387 434 624 721 786 929 942 943 983 
163 126 461 845 853 196 417 647 654 927 
137 375 391 93 162 269 287 202 110 439 668 724 787 795 805 810 833 838 60 265 95 279 315 227 254 11 199 507 598 603 629 659 689 743 866 871 962 
396 166 276 633 928 963 247 409 743 744 762 847 
7 129 293 64 341 463 501 720 862 864 923 959 165 93 399 203 387 227 279 330 364 441 781 808 
206 317 398 213 511 899 991 996 229 324 9 243 367 594 751 928 
286 76 59 160 1 27 337 377 498 557 581 685 712 735 875 882 119 273 79 77 386 55 209 363 511 543 624 635 659 675 773 806 826 
131 445 610 893 913 935 986 62 51 444 615 687 
338 202 147 416 873 56 323 224 591 727 
98 413 330 452 672 780 879 902 960 976 280 2 75 23 377 437 450 643 924 985 
172 322 276 216 389 396 583 801 988 369 421 382 134 460 488 733 769 940 962 
194 292 3 737 813 62 370 285 374 467 
69 418 209 339 367 300 551 272 74 422 469 747 851 871 873 
245 58 49 203 81 618 631 353 373 438 693 791 967 
102 389 281 133 530 928 953 147 406 17 388 291 653 
242 22 247 353 527 626 782 871 908 965 205 317 431 464 563 591 762 773 856 929 943 
306 140 403 514 693 695 902 17 202 435 4 196 545 612 865 
303 137 236 424 338 458 475 564 586 597 662 762 795 861 873 892 981 160 358 259 516 539 550 565 635 640 687 710 763 804 820 848 877 946 966 
273 524 651 691 890 167 515 775 796 872 
119 194 302 280 318 227 296 294 442 460 658 716 794 813 925 946 957 985 93 23 141 426 285 306 403 290 176 43 67 612 679 734 752 814 956 974 
124 305 441 119 480 716 732 946 957 413 396 150 392 330 635 678 870 934 947 
132 226 114 446 451 492 533 826 913 924 212 237 419 27 54 128 239 606 751 876 997 
135 275 289 459 599 195 429 524 949 974 999 
224 131 429 52 164 446 451 492 519 689 826 913 935 986 290 201 344 246 258 363 280 312 524 538 711 783 809 883 966 
443 132 445 9 451 477 533 610 689 765 826 913 935 393 23 548 567 701 766 773 863 883 895 930 967 
251 22 265 100 661 870 921 304 281 270 311 520 621 
364 183 220 545 721 809 926 966 316 250 402 274 532 767 810 846 
221 321 282 370 273 397 590 593 653 691 934 203 122 22 63 12 410 546 572 830 844 900 1000 
66 319 412 368 497 588 856 431 558 567 698 713 890 935 955 
164 114 224 226 104 445 43 365 443 87 446 477 492 519 533 610 652 689 741 765 799 913 924 932 935 102 97 344 100 220 81 368 282 139 352 293 235 173 348 464 479 573 687 700 711 729 732 781 908 965 
431 31 331 95 387 482 514 683 693 710 312 126 137 73 203 487 717 748 967 983 
261 348 190 405 106 927 352 256 128 472 543 733 905 
293 7 64 463 720 747 411 287 87 107 607 797 
140 92 313 482 514 549 683 710 322 293 275 576 724 798 837 887 
161 786 821 834 954 956 186 122 201 516 631 728 
418 384 300 551 598 876 240 91 475 479 797 836 956 
439 162 586 805 983 157 363 127 539 562 
444 219 509 577 725 821 848 956 992 416 153 121 140 538 720 790 844 858 865 
316 74 3 294 441 227 124 480 483 638 658 716 788 946 975 249 45 197 18 432 545 571 593 613 644 697 727 730 731 808 908 
184 423 59 774 812 824 938 294 524 529 665 761 959 
335 196 174 620 623 666 865 113 235 500 584 637 722 800 977 
7 293 129 64 404 426 373 454 253 501 566 720 722 733 739 747 829 862 864 917 923 936 959 1000 9 306 42 401 299 49 393 87 316 193 212 407 637 642 671 743 768 770 845 914 928 929 933 980 
405 53 185 190 317 51 169 261 106 34 474 511 763 773 857 889 927 950 987 991 996 998 95 135 303 437 160 451 470 524 566 594 625 710 729 739 810 841 849 867 870 888 902 926 
374 402 354 526 558 742 767 817 851 233 408 283 92 306 503 735 913 966 
333 390 274 763 889 16 14 691 762 830 
335 259 623 790 865 874 131 433 364 694 735 787 820 904 962 
188 134 89 471 602 635 643 696 781 972 999 65 204 220 101 372 95 515 616 876 934 942 
84 54 149 156 256 374 354 541 621 850 884 937 159 301 40 26 434 245 499 854 873 878 964 989 
247 218 242 228 70 309 65 527 544 554 576 595 819 871 965 35 165 126 197 464 259 336 137 513 561 573 763 837 925 
468 188 548 649 717 781 317 354 189 52 636 872 
78 366 363 254 589 633 692 719 855 306 152 191 453 496 533 576 643 
128 173 48 143 591 634 355 84 332 530 761 797 
234 169 4 464 348 115 333 773 791 889 272 230 373 54 201 257 509 579 594 713 814 
439 203 410 137 202 515 724 457 479 545 577 846 910 
26 579 603 620 874 274 198 277 614 953 970 
451 446 226 492 689 765 826 932 361 230 35 366 540 604 662 713 
298 545 572 669 945 225 406 720 865 902 
136 301 327 360 419 334 153 594 604 309 457 254 475 15 451 252 541 877 
159 296 324 61 168 442 460 72 510 737 788 813 925 946 975 389 283 185 202 96 156 252 223 562 576 594 635 762 896 937 970 
128 173 189 567 748 126 239 389 670 712 989 
140 264 195 455 452 403 514 683 771 866 970 315 256 300 215 521 553 616 623 745 933 
316 460 3 194 204 72 336 159 716 732 755 813 946 128 35 354 569 693 803 822 859 874 876 981 992 997 
101 421 66 150 175 210 702 757 877 70 32 188 589 607 610 643 710 945 
264 138 140 331 693 902 976 265 212 202 335 529 721 854 959 
139 254 363 389 312 646 784 928 955 273 354 72 352 538 670 697 759 787 930 
353 242 94 571 584 711 743 942 965 452 161 166 396 104 37 725 930 
202 290 203 137 179 515 537 40 29 432 545 600 737 931 985 
151 68 497 682 702 709 750 878 912 133 335 512 613 744 830 913 931 970 
169 106 207 506 950 295 220 331 561 695 838 
161 355 152 546 713 786 672 756 793 801 904 949 
451 443 445 131 477 132 365 43 87 519 533 652 752 765 799 826 893 913 924 935 986 35 251 239 154 310 71 193 363 292 502 514 637 711 713 759 798 879 901 937 959 
160 184 560 581 684 766 943 74 290 219 338 674 675 857 911 
409 22 33 242 527 32 188 305 511 834 986 
219 182 628 713 736 786 954 260 349 643 689 739 822 926 957 
109 369 92 514 683 710 970 976 148 280 86 472 500 651 841 860 871 
210 450 96 66 489 516 552 673 961 349 43 131 63 542 744 869 950 968 
428 160 557 774 845 72 400 666 852 912 
332 122 62 304 718 974 161 469 95 358 528 553 795 
61 168 194 316 72 510 638 698 788 975 496 370 188 293 131 462 620 640 850 902 
7 426 463 293 566 720 936 142 334 269 359 418 160 
158 97 711 854 870 871 887 965 236 303 492 66 418 534 660 812 998 
220 326 252 721 764 895 418 147 465 259 769 872 
31 381 683 832 879 909 914 990 102 365 27 355 625 680 777 954 
107 37 210 516 588 750 121 527 678 686 710 989 
490 261 773 927 996 245 212 303 315 358 
322 281 587 719 869 928 949 122 424 326 94 845 874 925 950 
185 405 190 348 317 213 207 51 333 528 596 667 791 919 922 950 996 998 101 421 120 163 1 407 402 26 54 374 47 552 601 645 661 671 817 850 
219 459 392 135 42 599 713 775 821 848 954 259 141 474 85 319 548 549 590 603 811 878 
500 168 480 316 200 732 946 277 129 562 657 858 962 
169 427 464 575 773 428 494 98 822 825 
370 263 399 243 28 593 613 653 691 840 847 890 934 989 381 137 142 65 489 564 609 687 745 750 767 782 796 797 954 
128 48 189 529 562 591 650 748 777 401 51 470 127 161 385 689 
379 413 95 330 306 98 109 264 482 140 230 381 438 455 496 92 452 414 710 780 866 970 976 57 118 420 185 65 276 232 51 27 236 75 149 139 492 350 353 308 527 541 575 620 623 873 934 
303 488 475 236 290 564 597 662 762 929 939 947 983 468 418 440 319 316 211 28 208 350 62 29 739 898 
497 368 101 421 187 201 505 175 107 66 288 241 614 709 825 877 912 961 111 139 109 227 121 370 236 312 456 439 161 326 563 630 646 693 902 934 
128 143 48 315 173 562 567 591 147 26 70 681 689 693 871 874 977 
284 160 75 184 357 135 152 119 396 66 780 
451 224 445 492 533 652 765 826 217 173 101 232 121 80 589 608 693 
208 121 582 751 790 852 874 290 447 382 771 821 903 950 
261 380 575 667 773 922 289 482 618 770 807 923 
137 236 198 303 110 537 538 543 555 770 795 807 861 873 939 377 382 123 173 411 181 84 184 399 584 613 680 782 821 922 941 
128 173 48 189 591 332 374 686 693 813 843 
440 246 273 370 35 422 221 148 613 651 663 678 691 694 789 835 890 915 934 161 102 445 388 278 62 461 464 327 288 444 234 598 619 638 672 806 807 857 896 
121 127 26 606 916 918 984 247 337 200 369 566 871 959 
256 18 354 374 54 465 553 688 742 746 767 800 804 850 851 937 967 225 348 140 173 11 202 53 398 651 669 728 729 757 813 885 976 988 
409 79 16 17 494 470 33 228 353 242 97 437 70 544 576 584 595 661 711 743 830 870 871 219 102 377 367 51 514 84 7 78 370 284 505 303 90 140 662 678 774 849 904 935 984 996 
508 145 4 405 207 889 499 33 84 649 754 1000 
128 189 48 513 567 806 281 64 310 461 485 169 593 
254 436 278 320 646 473 688 736 751 811 
212 103 311 376 112 607 962 968 128 418 548 578 597 922 923 991 
188 323 580 643 649 717 781 820 948 972 999 190 118 163 390 51 448 348 586 611 694 740 
443 9 87 519 451 43 492 446 619 689 765 826 472 40 402 298 107 542 734 738 745 832 901 976 
345 201 175 561 614 502 348 340 545 714 
360 594 608 729 815 940 962 66 159 350 420 137 688 
185 169 206 73 317 753 996 187 183 121 537 686 800 992 
361 488 522 202 631 724 728 810 929 112 400 254 536 592 637 829 902 
352 522 408 245 57 63 555 616 618 724 762 795 796 805 810 836 947 964 100 177 314 445 201 486 459 322 392 187 321 551 577 626 643 660 822 926 
86 71 1 401 59 163 126 125 557 581 680 734 6 439 20 114 380 137 458 660 738 828 877 903 
335 406 697 790 980 477 599 640 736 781 
374 256 402 469 356 354 558 884 967 83 154 479 381 514 130 664 903 928 
332 122 231 62 974 533 497 87 22 729 744 
236 203 522 272 80 662 762 795 805 810 930 453 271 347 396 190 428 200 702 864 976 
260 527 70 470 247 39 782 854 965 310 297 296 131 736 757 877 904 
24 362 343 448 113 478 90 556 572 600 601 625 669 758 809 926 933 977 460 2 475 171 62 488 534 438 299 586 626 660 702 720 797 862 914 922 
491 258 355 219 713 848 61 92 449 556 680 890 
384 69 225 307 551 883 910 248 271 28 353 147 360 782 957 
395 188 323 471 142 277 580 635 664 781 820 898 972 509 306 294 103 446 383 531 363 80 210 595 668 677 850 
455 92 197 881 976 298 333 86 509 865 
161 244 182 713 903 33 271 439 661 797 804 
418 367 249 225 547 339 384 434 378 417 307 457 598 823 876 883 910 41 61 261 39 107 47 392 221 374 538 571 585 590 603 750 803 951 991 
497 319 66 10 681 730 348 401 508 813 835 883 
54 354 291 526 99 229 105 621 636 742 767 804 850 967 259 227 499 482 98 140 319 609 681 784 821 861 863 873 
242 470 186 100 711 243 352 83 919 974 988 
522 287 538 81 564 964 317 262 247 4 78 800 
90 326 214 24 545 895 977 370 546 581 594 614 693 731 813 
86 428 539 163 401 160 126 498 377 59 180 23 655 685 735 766 882 333 289 197 88 91 54 300 151 584 602 679 707 749 755 828 840 
541 374 54 465 256 767 125 450 334 691 836 883 
333 317 234 4 773 74 117 288 79 256 777 
401 160 286 86 126 125 45 180 493 295 735 845 882 943 374 400 287 141 402 368 190 298 196 575 768 801 909 913 920 
36 68 534 319 279 239 288 101 187 673 681 704 750 757 856 877 880 132 321 165 186 470 62 146 338 267 148 490 365 710 795 802 815 968 985 
128 173 189 48 513 517 567 591 650 748 777 806 844 510 40 352 480 458 87 613 697 704 713 716 720 948 976 
392 135 42 275 152 258 40 577 848 516 39 317 437 359 221 57 255 875 930 
93 439 57 515 80 555 202 631 728 363 512 121 578 602 626 730 858 882 991 
419 301 607 608 611 632 642 729 761 797 867 888 940 971 370 70 277 298 221 22 439 213 371 165 613 707 787 851 934 
7 463 404 64 501 20 293 720 739 747 862 917 959 1000 464 34 316 157 125 525 307 111 624 668 732 828 943 974 
128 481 517 173 189 529 562 591 634 405 157 379 446 450 355 713 872 913 
139 78 633 756 869 988 257 619 702 732 871 904 910 
314 271 681 709 825 395 483 62 689 703 
100 39 70 854 942 173 379 51 639 772 
487 79 17 70 871 887 921 189 153 551 460 633 686 790 939 
90 298 478 326 545 113 220 24 625 669 933 966 994 242 142 194 181 238 209 290 449 121 717 870 934 
221 370 422 593 613 651 691 840 934 223 262 451 248 470 126 611 618 949 
309 47 661 743 871 362 29 88 683 955 999 
4 51 53 511 521 922 950 167 560 514 257 14 591 693 
79 186 527 265 386 65 309 22 470 679 711 743 854 871 908 921 965 455 181 133 480 267 472 380 404 20 244 681 697 704 714 728 821 
459 42 392 244 152 161 40 563 599 736 848 475 75 86 222 538 277 96 686 696 832 967 985 
98 157 693 866 881 970 19 531 3 564 844 950 968 
223 174 358 26 196 259 415 476 191 165 623 629 751 811 842 865 874 80 251 51 6 83 407 132 346 395 136 474 709 713 761 814 853 854 889 
532 323 548 188 262 643 696 858 411 40 402 128 118 187 135 905 
539 125 493 163 428 160 734 370 220 17 556 638 865 954 
520 612 744 865 874 343 35 309 86 725 
396 363 432 798 928 121 354 704 716 965 
527 386 218 16 14 47 100 309 487 251 711 830 871 887 965 252 321 419 59 118 522 557 462 364 194 48 746 901 966 996 
196 26 165 232 335 603 620 697 865 916 944 262 551 169 7 302 646 731 778 819 822 914 974 
439 245 202 458 269 147 137 290 408 297 203 631 724 728 795 805 810 833 861 892 296 545 532 333 378 247 212 222 337 40 13 119 293 89 643 709 735 893 936 971 990 
281 133 141 507 366 692 963 66 188 307 418 160 25 677 836 
66 450 505 368 10 118 702 877 339 296 601 664 672 714 787 892 
281 472 83 756 928 949 519 225 484 710 860 959 
449 370 243 148 35 28 678 691 989 153 551 509 784 797 824 837 946 998 
128 48 173 523 143 513 473 189 517 315 171 562 567 650 671 748 777 806 844 394 575 430 170 135 101 151 161 437 91 119 155 636 652 746 820 833 898 919 993 
75 15 295 712 769 824 195 158 379 172 537 649 
397 370 148 263 573 449 512 613 651 653 678 789 840 915 934 997 197 3 54 83 70 529 460 216 183 352 215 611 763 839 895 958 
535 116 82 50 479 360 2 376 215 407 327 419 608 659 729 760 761 792 797 888 904 940 951 427 474 556 405 181 218 216 204 4 464 269 480 54 306 413 156 663 720 748 764 767 780 898 
17 470 265 117 94 247 353 65 527 661 679 711 743 148 66 548 279 90 177 656 695 730 809 839 951 996 
193 333 261 508 51 950 998 171 419 600 706 870 893 972 
49 515 439 272 297 770 810 828 929 215 157 296 531 633 653 786 797 965 
551 367 378 69 349 457 300 876 910 387 424 260 524 632 745 761 998 
275 577 444 509 903 213 540 4 389 764 839 
545 362 237 701 860 933 977 596 488 644 727 802 805 943 
113 214 545 625 849 344 508 31 588 691 751 
468 89 142 188 277 622 643 649 664 781 251 155 557 564 49 626 722 728 807 865 964 
585 111 359 476 26 846 424 509 351 551 75 943 
301 112 116 479 729 904 410 122 477 256 278 80 876 
35 263 422 310 221 613 691 934 989 387 68 339 198 389 689 774 779 827 
525 335 620 697 846 389 443 633 805 1000 
565 91 50 6 531 212 642 951 484 454 202 610 691 742 842 850 855 
594 50 419 565 136 153 360 205 535 327 212 82 311 640 642 729 754 760 761 792 867 888 904 962 968 282 231 396 319 181 133 306 394 300 519 330 281 202 649 658 661 675 750 777 786 812 850 912 946 965 
71 126 286 680 712 553 512 140 381 762 953 
451 131 87 429 114 446 365 689 765 913 935 137 297 182 607 484 125 161 128 398 645 813 866 
311 215 334 240 565 419 212 640 754 779 792 797 816 867 904 958 962 185 593 118 366 532 125 25 35 573 17 660 705 724 810 898 909 913 959 
335 582 32 259 629 842 168 57 438 441 331 972 985 
605 35 524 221 273 573 370 148 512 310 593 651 663 678 691 835 890 934 989 202 333 460 287 562 85 410 522 227 489 565 693 715 798 864 893 922 972 
175 534 516 299 101 368 856 50 476 556 243 827 862 950 
217 259 26 705 793 841 865 356 101 214 429 343 929 
137 375 287 538 631 644 981 243 325 468 411 482 854 
305 318 336 658 732 957 985 48 261 175 654 662 725 
435 236 538 631 964 573 106 521 677 993 
533 689 826 913 986 135 524 214 568 713 947 
476 111 174 196 335 462 26 191 259 606 585 165 697 846 874 896 944 242 514 303 362 500 175 291 637 703 718 742 784 805 856 887 900 
553 469 354 84 291 767 851 360 447 722 789 829 976 
188 602 142 346 717 820 230 136 409 710 712 791 852 
467 285 155 579 121 257 165 335 462 677 697 705 744 482 153 88 231 203 514 754 804 806 844 909 962 
247 309 242 353 39 566 428 323 422 303 792 
601 572 220 545 721 764 247 379 504 327 464 636 
265 437 251 409 242 661 711 871 142 545 538 564 201 602 654 713 
414 233 381 264 157 780 970 373 71 189 44 421 636 855 915 
495 135 161 275 713 725 821 848 992 54 133 117 338 641 677 729 750 788 
415 121 612 111 579 665 874 41 30 311 424 641 859 
109 157 197 710 909 970 516 119 691 705 841 853 
616 564 586 618 435 537 338 662 456 370 70 224 201 745 910 928 
240 311 212 565 419 136 778 792 816 1 23 308 369 368 598 705 902 
322 396 363 181 281 85 133 389 472 177 141 41 425 44 568 420 312 254 784 928 955 209 351 384 606 129 361 571 345 354 112 131 72 337 393 597 350 653 881 884 927 970 
128 143 567 48 315 173 473 277 65 701 773 792 974 
188 89 548 468 277 643 664 696 858 898 972 979 366 439 251 442 480 319 428 356 282 673 765 895 994 
156 54 99 553 18 229 356 374 686 688 746 767 804 817 850 937 967 112 591 627 246 353 471 333 625 66 83 715 725 883 912 936 950 
322 172 266 254 281 366 389 85 278 692 714 772 802 949 955 973 463 294 317 256 163 620 243 462 537 236 492 693 761 967 977 981 
500 460 344 280 324 119 168 737 755 920 925 957 186 327 524 421 359 581 256 662 738 761 806 986 
174 371 121 677 705 744 138 332 570 106 163 685 
611 116 205 153 327 212 608 797 962 968 228 86 235 439 114 500 217 540 65 998 
290 272 303 202 644 838 117 156 405 230 629 628 686 
419 608 116 607 565 901 421 463 95 247 695 805 921 
188 468 142 46 277 580 532 89 262 602 635 696 781 820 898 948 979 982 999 495 140 367 484 472 431 51 337 2 284 538 586 201 711 770 788 951 970 976 993 
616 641 269 203 787 460 79 600 205 730 994 
134 395 696 727 820 610 168 508 697 711 
102 400 281 83 181 530 366 133 486 268 714 784 798 228 230 585 173 394 516 327 672 800 805 820 903 904 
42 135 275 40 903 423 168 126 75 915 
362 90 237 130 183 895 107 374 126 335 710 851 
395 188 532 602 471 696 781 858 154 528 608 26 592 273 214 128 677 
128 562 173 315 513 591 143 671 748 296 33 236 653 687 733 743 891 977 
370 593 221 573 613 524 440 422 397 399 35 691 997 344 126 65 526 496 252 205 366 656 662 760 810 886 
519 131 451 492 752 826 935 591 234 74 379 381 137 
512 148 593 273 449 663 789 847 890 934 650 85 633 166 294 357 597 436 756 843 
155 196 259 165 127 697 705 708 715 852 874 423 172 51 617 626 122 662 721 724 747 873 939 
45 557 163 766 943 206 263 695 703 759 796 
116 60 153 419 212 901 904 951 319 651 98 20 595 865 896 925 
332 340 62 350 122 231 411 670 738 822 974 389 101 185 54 291 510 194 66 662 816 895 997 
72 344 12 316 617 460 302 296 441 119 946 75 608 97 137 416 133 14 7 68 106 874 927 
103 594 729 792 797 424 165 428 679 762 802 
72 344 124 200 324 61 280 119 296 227 316 199 737 502 539 281 611 243 98 545 538 760 774 873 902 
447 595 626 527 100 94 97 574 386 56 14 17 79 743 782 814 854 870 908 148 54 286 27 375 550 335 608 508 183 98 81 338 678 691 737 820 881 969 1000 
287 21 137 58 410 303 352 154 631 439 245 80 393 338 543 515 290 724 810 836 873 964 981 330 638 358 117 328 657 617 651 654 76 477 527 227 124 103 50 758 780 798 886 946 950 
35 282 653 370 524 613 691 594 233 314 396 219 420 714 984 
602 635 323 134 548 696 820 948 50 192 17 541 588 352 767 861 
629 359 285 744 841 361 399 461 244 707 795 
359 121 196 358 462 498 237 212 766 813 
333 192 348 185 508 234 521 355 98 419 743 836 976 
21 80 424 805 861 566 548 89 761 846 
326 214 478 298 545 572 721 758 895 966 415 230 242 236 137 273 53 526 100 781 795 
332 122 62 657 67 231 350 731 738 822 974 481 115 486 683 685 743 818 820 904 919 
128 650 591 748 806 279 463 237 508 374 
431 197 195 211 381 413 95 330 683 693 695 902 976 23 524 324 491 250 646 588 749 873 878 938 950 
561 497 345 283 123 314 319 750 245 339 635 262 786 805 826 946 
165 259 358 865 918 493 212 801 840 845 917 
364 252 220 701 764 868 9 608 428 493 135 865 
188 277 89 142 820 327 281 741 767 778 878 
259 127 623 335 358 639 839 874 980 548 78 188 649 618 628 587 327 741 879 
590 282 28 524 221 243 273 613 593 915 661 309 371 527 442 505 420 703 779 
576 595 97 819 854 871 942 28 441 118 557 15 659 236 124 
126 27 609 120 184 235 76 75 248 108 539 734 774 824 845 931 943 84 359 546 522 33 264 405 282 311 236 504 710 711 804 821 911 926 992 
569 175 299 552 561 101 107 856 576 553 229 218 317 517 890 918 
101 11 96 175 25 489 745 750 912 64 363 216 196 359 218 370 733 846 941 
197 672 452 369 482 230 331 496 95 455 504 31 693 695 710 902 970 278 574 107 154 5 374 81 132 241 412 362 353 670 240 687 691 871 
493 23 5 845 943 361 122 53 863 913 
163 557 160 284 184 428 120 734 735 400 372 639 670 701 724 911 972 996 
105 402 84 256 54 374 354 636 742 817 850 884 967 144 324 536 505 133 400 641 571 577 523 805 808 915 
363 322 400 389 396 798 953 650 683 429 439 512 451 269 771 
54 636 526 767 967 530 535 181 766 825 
445 610 87 52 451 132 477 365 131 533 619 446 765 826 932 424 605 355 495 101 272 82 569 40 513 203 163 517 722 917 
332 122 62 411 974 253 23 744 840 861 
613 221 370 440 524 590 605 651 512 148 449 273 321 35 663 573 694 934 997 101 249 136 558 239 201 630 466 353 607 184 601 661 354 65 683 792 826 
102 637 587 472 281 316 26 393 193 725 
157 578 98 195 683 672 330 197 413 485 438 264 140 95 452 211 379 771 780 803 827 976 990 316 519 267 483 75 80 385 213 637 153 575 517 556 516 613 435 523 218 22 713 760 853 868 
524 35 691 310 399 317 467 532 212 732 994 
138 95 92 197 306 98 438 683 140 387 672 881 976 642 490 52 595 188 655 61 46 731 773 826 904 988 
649 635 142 643 468 580 188 30 134 645 664 820 972 999 409 190 48 577 419 14 322 203 730 804 856 865 900 928 
232 358 196 259 540 585 606 325 623 620 165 654 26 811 865 874 969 299 645 486 108 562 112 576 460 214 65 197 714 729 767 858 940 965 990 
500 344 732 737 905 86 450 339 184 218 996 
126 75 38 176 163 712 875 106 417 385 368 370 761 910 967 
166 181 363 133 855 955 221 241 451 220 137 807 959 
675 220 298 600 90 721 966 282 344 446 634 76 685 354 
101 421 175 283 66 368 484 489 588 750 859 250 568 543 545 74 706 718 820 928 984 
161 355 135 707 713 775 903 655 263 569 405 678 620 866 
561 37 151 241 319 562 214 583 576 929 
654 257 174 623 359 639 615 630 45 632 311 151 611 711 
65 70 100 711 854 871 596 702 137 108 733 999 
182 703 725 736 903 956 665 565 174 394 557 197 
208 654 121 715 811 916 969 58 65 327 226 97 883 942 949 
101 569 489 516 368 210 750 837 877 912 586 58 264 579 390 801 826 829 906 938 940 
683 496 233 630 211 514 306 452 140 455 98 109 330 780 866 879 914 976 993 464 680 133 348 376 505 134 561 622 370 648 484 111 439 589 784 813 889 975 
595 353 626 502 584 65 265 554 576 527 70 242 706 251 409 94 22 487 831 871 942 965 705 445 286 643 256 213 161 237 645 220 451 492 337 262 61 680 744 755 766 797 863 954 
592 180 609 428 699 38 234 622 481 227 203 732 
19 135 703 385 491 40 550 495 628 258 546 289 509 725 775 785 786 863 903 954 956 992 626 290 492 477 567 174 619 269 368 562 17 579 86 118 474 79 693 450 776 906 910 951 
320 396 41 646 637 988 534 697 576 663 332 588 
708 654 232 839 944 102 613 636 787 999 
442 483 336 74 61 194 227 296 441 292 460 316 344 119 732 737 755 272 562 413 29 251 421 374 242 118 208 171 583 845 875 895 924 942 
532 471 622 188 727 366 572 452 274 762 
332 122 499 231 731 974 333 360 620 154 702 845 
472 507 83 254 363 801 973 280 246 307 5 30 904 918 965 
463 7 293 566 426 341 501 404 454 373 64 20 253 129 722 733 739 747 829 862 917 923 936 959 1000 478 562 594 30 259 335 545 170 133 62 111 289 459 137 393 222 755 767 884 906 908 958 986 992 
701 669 625 503 448 220 977 157 422 654 485 358 200 798 
720 7 463 404 373 293 733 747 864 959 462 689 621 602 357 406 121 322 761 861 957 
332 122 62 350 231 67 222 974 390 309 132 90 750 763 783 809 
245 537 538 361 424 662 63 475 290 586 728 787 861 930 964 333 237 611 140 264 455 109 96 419 685 201 654 786 853 874 
40 713 707 19 42 161 459 182 628 270 786 834 903 954 582 636 229 47 487 617 692 173 168 110 156 759 801 846 947 
290 408 137 416 394 787 805 929 964 285 185 12 350 731 793 813 818 832 
645 323 717 188 277 430 460 379 600 131 
77 236 391 57 586 179 58 393 21 202 80 352 724 290 537 564 154 787 795 810 894 947 964 46 153 100 526 456 133 118 101 602 576 378 232 82 734 788 803 874 877 893 942 997 998 
215 565 535 594 383 659 212 334 608 82 153 604 205 761 779 797 901 904 968 90 175 7 464 526 628 218 44 542 697 242 451 276 748 772 856 878 935 950 996 
412 151 552 175 421 118 283 201 877 912 644 181 380 460 564 595 221 696 742 803 
332 122 62 350 411 670 718 340 231 738 740 822 974 585 212 408 556 19 97 460 726 695 737 772 794 
617 716 698 159 61 336 442 483 280 294 329 227 119 510 316 204 813 920 946 342 566 246 712 319 134 413 351 694 568 215 451 197 320 757 817 856 960 977 982 
720 7 463 293 341 373 722 404 864 923 1000 169 706 290 682 453 378 432 650 774 900 
581 685 539 15 680 86 845 728 533 302 441 201 744 928 953 
235 248 557 685 23 560 428 845 90 234 465 467 586 260 850 855 
495 182 577 258 707 785 821 903 992 530 544 358 154 377 264 540 753 877 
716 124 318 119 72 3 480 698 194 638 305 660 433 296 755 946 957 418 419 661 335 488 136 731 90 281 738 748 752 804 835 877 893 
332 122 62 670 657 731 231 350 822 974 93 533 335 638 77 199 76 737 66 539 998 
720 7 129 463 293 566 923 959 271 32 141 515 464 495 850 884 
332 122 62 731 822 843 974 281 532 175 66 118 286 858 
104 226 451 893 986 677 386 676 117 976 
54 465 526 84 553 374 229 686 256 156 354 767 804 850 952 50 335 90 266 61 89 86 607 730 620 159 761 873 893 943 988 
247 574 242 47 14 388 353 576 595 100 178 661 79 487 527 309 871 942 965 650 424 108 291 425 310 322 463 188 103 202 181 670 361 418 225 327 667 359 901 
223 665 170 582 259 335 639 26 623 358 793 852 874 969 980 425 489 734 3 497 690 542 711 308 82 389 796 848 923 964 986 
682 66 107 382 150 757 877 533 631 598 3 512 482 795 981 
636 18 526 767 817 937 952 591 254 584 221 903 929 
720 7 463 293 566 454 722 829 959 379 654 17 434 201 160 79 858 865 
128 591 315 562 650 189 513 481 671 777 844 729 594 452 197 380 118 58 737 181 785 894 938 
348 753 897 919 996 214 672 557 159 933 
175 299 271 702 682 201 66 319 489 709 96 187 505 167 36 421 561 37 673 101 768 825 856 859 281 512 723 178 332 292 551 204 628 95 89 608 115 763 829 836 884 898 918 934 935 967 975 992 
359 325 520 196 26 358 223 579 839 842 911 944 12 80 530 203 58 443 177 601 427 830 913 935 
652 87 104 492 826 441 377 172 737 945 
317 347 146 274 749 536 26 736 245 212 332 
82 153 611 2 50 60 419 608 904 528 363 623 263 152 14 759 826 893 
737 3 324 227 483 12 716 638 61 759 794 720 39 66 179 167 557 98 315 711 781 795 
389 181 83 589 568 281 798 653 330 74 491 290 914 920 
118 484 175 299 561 421 745 544 108 254 369 526 732 995 
545 669 24 220 849 332 380 662 840 902 
318 61 159 344 3 755 946 957 492 655 486 242 754 725 348 943 
212 608 91 2 594 962 995 175 368 358 651 660 693 196 
116 136 565 60 608 729 594 103 419 153 327 212 779 797 815 901 904 951 971 40 668 473 133 598 637 722 742 461 699 308 638 123 363 579 101 157 787 823 932 
538 290 21 361 287 202 393 203 515 245 439 543 137 776 795 437 466 212 609 659 425 188 717 17 165 480 774 789 822 856 
8 145 317 464 190 466 333 234 950 996 723 750 593 95 81 165 470 368 439 933 974 
503 625 675 809 977 594 165 599 795 810 981 
477 132 492 226 519 451 610 87 533 689 446 826 893 173 253 194 635 306 88 175 165 808 816 863 965 997 
15 120 493 655 75 557 160 125 931 446 711 666 181 688 777 874 912 929 
746 356 374 372 558 256 54 553 621 465 105 688 636 526 742 817 967 697 200 594 448 219 512 664 720 676 114 310 154 158 810 812 961 980 
319 750 101 283 107 856 912 72 463 168 560 892 903 925 958 
180 86 59 592 125 71 943 432 229 503 242 797 939 965 
597 522 892 981 983 232 463 521 643 220 
482 98 140 109 693 902 520 84 396 253 385 687 
44 139 322 637 133 389 802 202 731 338 729 21 570 326 
559 8 190 261 317 474 521 506 185 511 405 464 889 906 919 950 998 366 634 446 352 1 428 386 276 94 695 201 437 281 254 168 801 818 
15 126 286 498 284 680 461 812 845 605 317 660 263 733 527 762 311 873 
703 161 713 258 509 182 821 848 863 992 363 396 176 53 440 54 320 414 201 37 817 
290 203 81 762 983 239 713 192 189 829 840 
128 171 748 562 48 591 513 181 766 559 408 608 353 504 226 
632 383 50 407 797 585 194 297 149 676 
729 215 761 82 383 611 153 327 797 815 904 288 78 71 605 65 308 190 678 23 175 126 
431 313 627 710 211 693 514 197 914 296 518 662 273 412 594 196 797 994 
532 643 471 548 346 277 188 468 30 649 602 46 898 948 979 669 133 426 9 350 291 755 540 406 451 844 912 927 945 
247 100 437 79 228 309 661 158 97 544 547 335 280 512 258 522 286 848 852 968 
252 362 298 849 933 445 723 189 167 272 847 
278 177 633 646 486 553 165 620 590 710 943 
275 355 713 736 786 863 122 111 748 366 832 963 
385 785 275 725 456 495 491 713 40 152 821 903 992 60 347 361 724 597 422 359 608 263 673 804 811 831 998 
726 424 644 724 93 203 80 728 795 805 810 964 588 98 467 486 761 715 194 116 128 565 849 954 
480 250 460 329 72 500 119 925 985 210 628 50 317 643 157 339 728 281 361 
422 273 524 370 35 653 593 915 934 316 762 78 621 266 101 813 969 
467 257 520 540 811 571 331 459 819 885 976 
261 508 234 317 333 474 347 897 998 54 418 27 332 435 153 622 839 
611 632 334 659 212 594 608 327 797 816 867 904 624 211 86 417 691 357 88 51 96 634 800 889 947 
191 615 165 744 941 491 190 197 726 419 
441 755 74 316 905 368 731 934 950 968 
81 439 338 543 424 538 522 410 416 586 728 762 80 787 203 805 828 873 894 929 947 141 323 318 764 499 16 350 160 745 669 4 24 755 561 665 822 848 871 993 996 
77 58 203 538 873 892 900 655 440 366 235 744 512 140 897 
240 116 594 327 565 640 729 376 50 611 792 761 659 779 778 301 2 815 901 940 951 512 590 711 330 545 359 597 454 473 242 550 457 213 769 780 803 843 872 922 927 929 
756 268 181 177 363 646 687 583 366 266 802 58 455 492 333 613 721 662 301 119 940 995 
492 451 87 826 913 34 22 188 808 904 921 
84 372 526 804 967 792 536 555 462 646 278 
366 85 278 281 396 216 719 432 133 955 973 61 773 674 709 725 96 560 491 87 848 948 
772 637 102 798 181 659 277 600 561 804 998 
140 351 230 331 264 693 866 914 976 551 730 298 161 338 728 483 142 797 
553 256 18 354 149 54 526 742 84 636 105 800 967 696 333 439 737 550 137 223 623 802 786 680 805 889 996 
424 290 538 543 586 49 795 787 726 458 303 202 668 58 267 308 57 828 838 861 929 939 947 642 61 319 158 600 16 804 140 85 324 3 357 126 335 646 17 620 673 606 686 105 842 
128 315 143 562 529 671 591 116 428 60 638 623 524 951 998 
236 272 352 361 522 93 154 828 981 407 382 700 146 602 521 524 854 
169 190 317 333 857 886 922 426 354 286 460 799 686 765 
545 448 220 343 764 933 945 445 281 303 723 595 850 891 
338 303 586 662 597 236 543 154 787 537 410 290 137 728 361 538 424 836 611 181 651 75 204 175 764 767 7 160 229 448 347 94 159 282 464 850 
697 196 121 579 170 790 708 371 111 415 865 911 918 122 509 363 273 401 164 389 227 72 786 530 920 959 
774 461 86 295 71 845 875 767 400 345 608 502 198 821 952 
119 441 324 732 199 61 344 480 433 296 250 168 227 483 905 925 957 985 228 726 552 526 121 710 244 214 523 26 610 271 556 666 789 857 901 904 
22 65 661 830 871 474 441 579 884 972 
535 419 153 797 761 779 901 561 257 70 413 309 
632 103 792 611 82 968 120 657 388 10 765 126 
374 767 746 256 686 636 465 62 775 329 64 732 508 203 988 
235 284 357 75 71 247 773 726 31 670 
186 470 679 830 908 236 790 585 175 954 
548 30 142 262 643 696 676 188 134 664 622 645 46 532 898 948 972 196 42 227 88 646 591 329 670 467 439 702 24 661 826 877 904 935 976 
509 456 628 135 459 775 244 786 219 736 834 956 992 354 680 553 398 522 812 225 520 576 234 928 934 935 
332 122 62 411 670 731 657 350 738 740 974 538 12 795 511 483 762 585 495 361 69 944 
551 225 300 418 876 221 242 761 285 1000 
75 680 592 401 184 15 377 295 461 157 101 590 56 79 302 26 202 892 922 
750 516 118 239 569 123 96 319 136 94 511 296 688 354 48 968 
689 445 519 492 752 43 446 9 87 652 533 477 132 52 164 799 104 765 443 131 619 932 935 986 384 709 691 348 290 673 145 428 695 49 42 392 820 36 754 200 845 848 868 874 943 950 953 992 
331 197 157 693 976 417 614 605 830 949 
179 597 393 203 80 795 805 338 807 557 367 26 31 539 566 419 925 988 997 
720 7 463 747 923 389 62 621 776 750 709 537 
247 527 584 79 819 814 409 158 22 854 871 887 466 240 54 87 489 827 35 449 751 866 946 983 996 
251 386 711 854 908 361 184 786 363 874 
504 351 140 98 879 881 914 533 117 726 785 380 164 577 899 
586 361 424 198 267 81 25 312 227 591 921 932 
821 161 392 456 725 270 247 52 254 494 964 993 
524 613 422 890 997 42 737 233 552 241 902 
662 352 236 110 179 338 810 308 538 861 873 947 415 254 322 750 667 72 587 309 558 457 842 948 
118 283 150 709 877 340 590 455 35 470 320 
805 424 641 297 21 490 411 368 188 101 970 
715 121 751 155 677 174 257 335 911 599 593 234 595 61 344 791 133 
35 573 512 273 148 593 934 416 674 557 758 690 274 776 
665 121 615 865 911 464 630 496 847 873 
121 358 579 751 170 26 612 874 607 805 37 836 256 221 854 950 961 
332 122 222 740 411 231 974 797 523 653 75 358 76 26 894 
128 591 315 562 748 171 48 143 578 449 623 35 781 459 904 971 976 
774 560 684 498 423 735 126 176 71 125 27 680 734 812 885 938 943 413 718 344 7 674 463 363 189 507 140 826 716 118 234 897 911 
406 620 603 174 606 872 682 668 725 475 448 929 942 
653 221 370 512 915 934 841 197 425 783 71 983 
628 355 459 563 546 509 577 258 775 40 863 954 795 782 439 139 409 90 169 119 142 826 801 234 744 
214 326 113 783 601 90 758 868 895 335 349 787 39 527 390 464 925 956 
742 256 372 402 84 156 54 636 469 686 99 553 526 937 967 810 207 607 809 735 508 608 548 500 265 739 182 37 856 
402 54 256 465 526 621 967 133 434 230 648 565 104 871 
196 744 654 520 984 38 782 622 202 498 
337 286 235 86 423 931 579 693 724 317 630 867 883 
679 309 218 247 70 830 17 65 570 409 117 831 388 576 13 706 502 544 100 661 871 908 965 140 616 26 57 842 807 315 331 160 116 469 361 49 122 370 485 579 220 51 105 338 888 890 898 
363 254 700 396 472 320 963 189 607 269 240 735 627 913 935 
750 768 681 450 68 299 614 412 241 561 238 175 319 283 118 201 66 187 877 62 236 131 620 729 437 273 850 157 340 762 732 696 323 193 865 881 913 940 
88 4 347 808 190 348 464 51 922 950 998 813 78 82 524 493 157 196 421 153 156 976 978 
395 649 635 262 188 277 580 564 459 747 510 697 740 254 949 
750 11 201 702 118 283 288 251 290 363 629 483 136 904 913 
326 237 600 362 966 589 231 82 496 413 
805 202 93 836 162 439 137 724 522 668 586 894 419 92 159 322 690 553 15 722 174 268 220 664 
426 463 720 566 959 200 545 614 95 83 
275 713 775 161 182 135 848 392 270 785 992 711 446 259 418 172 765 684 553 337 227 897 
733 722 463 7 426 936 959 1000 361 140 292 202 368 32 613 543 992 
462 674 335 415 841 579 811 585 582 615 170 32 697 165 467 259 872 896 944 51 411 143 549 299 438 478 675 21 696 581 747 602 459 656 152 856 50 965 998 
381 197 482 264 578 710 313 803 413 514 902 976 257 280 58 8 830 161 610 703 212 66 424 938 
565 611 116 608 419 792 951 995 81 853 348 464 105 288 344 903 976 
849 237 326 183 675 895 994 826 62 247 296 693 98 395 
568 396 507 172 973 257 65 242 497 956 
447 527 70 502 218 661 908 86 596 464 572 442 286 405 
711 830 574 502 706 470 117 16 814 17 626 39 679 571 584 527 576 437 743 56 854 942 965 496 90 424 434 795 851 317 517 174 683 331 568 525 86 101 211 874 886 962 967 979 996 998 
335 121 865 846 165 440 567 471 503 247 797 
439 795 394 836 290 308 408 662 80 147 430 202 198 49 796 361 63 522 892 894 930 939 983 30 350 404 672 654 27 140 99 469 742 553 68 841 434 200 275 514 34 53 660 774 882 944 996 
677 476 335 217 325 629 582 358 32 415 196 697 467 579 223 121 620 654 842 520 744 944 517 267 72 261 323 766 507 831 871 724 483 826 181 231 125 658 728 110 122 890 927 928 982 
428 699 23 160 812 153 563 716 915 992 
339 457 417 384 598 551 418 823 883 151 74 374 483 468 24 443 604 902 967 
36 101 201 709 271 484 561 745 837 66 210 730 856 588 319 516 907 912 737 380 539 333 86 178 479 820 439 114 544 144 332 728 736 922 979 990 
66 238 489 345 187 314 961 509 672 676 317 729 469 364 978 
710 431 504 832 902 329 50 492 214 677 
11 561 271 101 912 316 296 152 106 247 
306 832 549 695 578 195 197 157 902 976 38 383 633 856 661 128 366 48 299 266 
557 428 560 86 176 564 873 96 913 983 
307 551 367 418 225 209 300 876 339 547 891 50 552 558 256 152 853 708 636 446 174 203 445 
541 374 469 402 354 686 84 967 739 242 814 221 116 633 137 750 720 
845 160 163 120 284 943 247 173 526 208 4 790 240 
146 106 808 922 996 319 871 662 651 131 5 
830 251 502 584 571 242 620 419 101 7 455 930 
383 594 608 565 50 159 854 1 464 247 
466 773 51 190 528 474 464 950 996 792 804 579 710 410 26 220 332 397 
835 524 512 370 148 440 613 422 653 934 997 299 854 681 450 250 375 874 546 912 968 
249 883 367 69 209 312 650 809 7 341 
439 81 873 586 308 796 770 7 588 333 46 824 768 406 231 
9 429 765 226 741 52 492 132 224 87 935 189 742 613 586 737 596 754 201 728 247 58 
728 236 795 861 873 217 843 305 748 943 
90 556 362 252 503 849 868 648 343 24 669 183 446 716 635 20 307 157 188 593 389 657 997 1000 
620 865 208 257 285 370 142 656 480 524 
193 53 333 749 791 991 845 278 100 863 122 796 
323 635 781 548 46 643 820 188 30 346 262 948 979 227 260 611 304 300 591 66 854 515 750 317 594 413 974 
427 206 73 380 996 351 7 832 208 959 978 
393 796 80 290 408 352 733 225 620 696 449 951 
419 656 761 6 815 729 383 642 797 153 212 205 904 962 968 121 183 743 813 333 386 101 584 328 398 533 492 286 902 912 997 
369 881 381 771 438 672 138 140 431 330 197 414 879 683 485 866 331 313 914 976 97 500 660 835 537 478 236 901 120 119 632 516 758 77 407 116 417 464 876 316 996 
550 40 647 270 725 161 707 42 599 713 736 244 703 786 956 992 30 746 520 646 79 345 54 539 867 241 541 768 316 48 950 970 
656 604 608 419 360 761 901 116 779 611 6 240 792 91 136 754 729 60 153 594 940 951 962 527 695 491 670 225 544 813 163 202 58 859 719 844 409 152 820 117 467 568 646 799 45 944 
698 813 119 316 794 580 275 13 453 964 
398 115 348 88 53 390 773 996 713 709 720 85 336 63 344 42 
877 118 11 175 912 197 284 960 986 994 
819 251 218 39 661 831 854 576 437 870 70 451 68 720 35 460 372 63 3 212 366 945 964 
504 95 55 230 264 630 611 241 623 182 560 317 
349 225 307 418 384 551 598 367 547 75 631 284 699 713 475 308 190 568 212 
751 259 841 839 811 26 969 685 493 206 845 402 680 
489 66 239 516 877 283 96 880 709 238 730 682 907 175 768 56 60 636 766 890 179 256 608 901 498 781 191 929 933 993 996 
451 104 87 164 445 799 226 492 429 224 610 619 132 443 131 446 932 935 611 115 856 418 882 338 567 234 489 282 352 751 855 684 859 465 263 560 971 
230 780 803 832 902 195 140 95 504 710 960 278 183 81 203 585 7 29 66 463 545 756 934 
678 847 399 221 593 789 370 273 524 997 875 627 354 58 647 382 686 304 975 981 
585 708 525 208 941 984 410 375 230 75 137 366 
720 566 293 7 463 689 86 674 384 998 
811 674 525 127 980 681 190 719 750 981 
749 773 8 51 508 591 283 670 554 337 
200 194 302 638 732 560 83 140 756 319 811 
39 242 576 447 571 799 201 833 642 324 
380 575 192 808 115 886 51 317 521 857 213 508 991 996 217 877 545 86 241 359 531 134 346 613 522 797 126 238 824 
720 426 829 733 7 463 739 959 179 104 744 521 531 4 203 957 
451 164 443 492 935 275 251 431 716 996 
788 813 344 441 3 638 227 480 975 309 656 470 849 828 258 768 507 139 968 
220 545 90 448 977 495 464 238 360 680 538 
464 88 506 333 53 453 73 51 380 950 633 39 658 35 339 797 874 293 781 423 
633 389 589 133 420 139 436 363 278 254 181 583 425 312 507 486 281 359 98 195 874 180 463 365 631 168 702 696 734 821 541 427 33 934 980 
597 236 303 537 49 805 93 137 162 515 287 338 416 795 726 615 912 437 199 463 41 215 363 422 746 766 193 797 704 846 
873 543 80 724 202 939 964 266 487 446 486 563 193 343 887 
766 853 126 125 680 488 273 489 21 179 
826 477 913 104 451 689 761 275 833 380 257 992 
783 809 545 600 572 945 966 119 749 912 419 463 763 482 
370 691 573 273 35 524 310 593 840 512 148 422 449 653 605 613 263 789 221 847 282 890 997 442 794 914 516 160 928 6 750 468 821 335 328 565 572 367 349 374 514 185 236 319 303 345 963 
826 610 451 365 446 893 924 445 652 913 492 429 104 986 450 116 751 820 855 157 301 158 527 729 293 750 102 821 
720 864 463 501 7 293 959 586 91 157 195 636 22 168 
850 526 636 229 354 746 54 469 967 153 273 23 492 480 212 945 987 
461 845 160 176 126 76 27 163 23 346 231 866 88 167 54 709 748 672 951 
515 873 303 522 930 179 80 805 964 53 571 769 654 311 146 414 967 974 
594 376 407 535 327 797 565 50 212 419 82 904 112 951 968 259 856 378 236 395 798 63 432 53 394 339 697 709 974 979 
259 916 793 26 121 128 682 61 522 54 
570 16 711 218 743 871 97 70 679 158 487 251 283 121 846 468 373 708 728 417 258 716 123 422 
845 769 684 655 493 560 377 126 885 284 75 401 23 680 422 405 894 759 256 826 600 742 238 784 110 566 603 437 
751 865 715 620 874 585 75 79 904 822 873 347 
478 24 220 214 933 809 977 994 10 781 752 908 188 256 484 937 
510 61 759 324 480 302 732 200 159 658 119 483 737 441 460 442 227 957 673 210 209 608 264 128 830 590 662 216 236 439 100 297 967 
728 361 408 538 137 245 202 795 236 805 81 297 338 515 836 964 146 725 174 350 106 363 619 792 401 206 97 126 61 442 957 965 
142 134 820 664 643 532 781 898 999 365 242 562 836 341 33 90 280 801 197 
389 589 507 133 254 320 637 444 858 827 491 573 708 153 
773 575 88 927 53 348 405 763 490 185 464 508 596 274 857 889 29 996 507 729 497 283 662 794 826 292 520 246 44 672 636 842 578 614 373 903 
376 904 212 761 867 797 136 301 940 50 607 419 656 594 958 968 713 166 551 900 46 259 283 101 175 595 35 414 806 938 643 980 
291 256 742 746 374 227 104 812 313 94 
366 687 436 322 85 268 396 216 281 609 826 51 370 734 374 160 476 
385 848 456 161 713 495 725 509 956 23 787 581 711 504 512 819 293 962 
633 276 637 486 342 801 700 389 213 362 294 574 291 384 450 996 
954 821 152 903 161 707 459 456 713 441 457 849 300 390 869 229 957 986 
737 12 324 638 296 946 119 204 441 442 61 159 168 617 813 759 387 366 947 333 722 956 495 85 226 120 207 350 923 370 547 51 
611 951 383 212 962 194 720 175 768 593 
720 7 20 862 864 426 463 64 747 129 566 936 739 293 923 722 525 899 364 611 461 396 61 589 492 485 209 255 700 48 811 962 
914 431 369 976 993 250 338 251 907 732 316 
66 299 878 497 516 9 842 347 309 767 
901 760 640 91 958 608 904 153 240 535 531 611 100 467 432 959 954 121 623 510 424 7 871 319 
363 587 855 425 988 292 406 259 934 785 
93 303 555 245 930 662 393 726 787 724 947 203 202 939 391 728 618 538 983 191 72 370 744 908 159 70 834 316 296 905 121 155 602 469 306 274 998 
584 70 437 711 576 260 544 854 33 871 470 47 309 247 16 502 17 743 487 83 765 451 177 280 597 947 392 197 697 128 159 719 865 769 583 175 608 967 969 
572 130 448 364 90 933 220 669 183 860 701 584 226 61 445 399 353 292 439 328 465 
526 804 84 291 937 402 372 636 541 686 767 553 99 374 800 688 850 149 884 851 256 871 446 277 197 157 946 127 342 435 254 452 699 179 637 750 876 97 132 965 577 939 
940 531 360 91 311 50 60 419 327 640 729 816 608 951 901 971 794 88 782 561 39 825 890 18 7 290 497 578 925 247 260 77 
744 359 259 708 697 911 111 789 50 336 661 376 965 
313 627 233 578 514 157 109 197 630 683 482 369 496 306 990 838 643 489 128 480 273 119 113 476 118 171 206 405 903 633 267 
565 212 240 968 761 236 281 586 913 844 
532 820 395 468 548 188 635 696 613 368 333 612 814 137 685 596 
719 869 281 801 637 70 220 136 321 325 
332 122 62 350 731 231 822 670 657 738 411 723 843 740 340 304 718 499 67 690 542 222 940 444 554 324 185 566 412 939 634 763 170 898 47 195 187 383 585 289 441 61 328 996 
316 500 480 460 925 915 169 750 56 710 988 
431 496 306 55 351 902 381 960 803 379 866 695 710 827 514 549 197 672 693 881 485 293 160 533 621 857 366 526 844 543 667 101 867 790 165 54 562 643 820 137 741 
252 945 926 721 556 600 220 764 545 130 994 732 517 281 637 462 96 310 384 360 650 
41 389 400 254 139 141 857 48 878 380 98 899 205 
188 898 781 643 635 877 248 871 940 225 212 
744 918 677 217 540 767 463 928 8 951 114 
303 137 203 439 770 807 662 361 63 616 764 915 745 190 109 400 483 918 637 988 
643 323 142 277 999 874 35 32 105 732 
770 77 776 873 515 458 93 154 964 882 66 176 830 422 452 847 160 324 
525 335 165 285 916 852 223 527 702 663 72 374 92 233 
788 204 324 280 813 617 61 441 431 612 140 577 488 122 254 561 
935 826 619 741 445 492 429 84 744 638 720 494 956 70 907 
51 193 464 348 29 183 254 47 937 208 
363 44 432 320 396 268 714 322 963 568 133 181 366 127 975 742 526 554 137 828 51 695 817 981 343 998 
590 605 613 512 997 41 320 469 19 505 481 
693 98 504 970 306 993 697 877 194 338 405 586 
464 185 897 348 51 922 427 4 996 354 551 531 283 48 108 221 564 
135 863 628 459 736 821 786 42 161 903 258 775 40 713 385 864 233 680 875 750 536 271 720 826 49 286 483 188 175 932 326 
960 710 140 414 413 990 795 69 591 643 618 834 912 
977 326 362 572 130 90 252 945 868 183 277 48 780 55 169 8 644 907 694 66 635 
215 760 407 60 867 322 757 798 290 235 179 
899 508 190 88 427 193 763 73 506 317 34 889 922 950 145 906 464 749 398 991 536 886 998 236 227 795 393 527 33 830 955 974 912 871 685 924 873 584 729 35 804 595 3 698 902 
989 890 273 263 651 422 691 593 246 915 221 370 35 934 835 220 765 80 901 483 895 728 657 161 70 828 101 443 124 94 64 
51 996 380 34 508 464 146 596 4 773 405 88 234 791 857 590 964 806 865 640 871 63 352 502 802 786 917 598 728 988 738 
982 696 643 46 948 468 532 444 715 181 128 302 574 145 706 
720 566 463 864 733 253 7 661 823 378 606 203 449 528 895 
