00:00:07.25
431
580
700
700
431
431
685
431
657
657
481
159
978
897
202
4
400
481
481
672
431
354
41
465
106
565
672
202
106
481
978
657
481
481
465
978
657
897
565
481
700
41
700
106
672
580
672
685
106
159
431
657
354
354
685
978
685
978
580
202
978
685
400
431
202
672
565
159
685
978
465
106
685
685
685
400
657
481
685
897
657
481
202
657
700
657
685
202
685
672
700
4
481
106
580
672
580
685
106
168
431
431
354
580
202
978
106
354
465
168
700
657
481
431
106
685
580
700
354
978
106
978
481
580
700
978
159
202
685
481
580
978
465
481
580
168
159
685
41
481
465
465
657
202
657
978
700
657
106
657
202
897
700
465
685
202
106
481
685
159
354
700
431
580
202
431
481
657
168
672
465
168
106
657
481
431
672
481
657
465
700
354
685
897
400
168
700
354
4
106
672
4
400
685
481
700
202
897
527
657
700
657
202
685
431
565
481
580
565
565
685
481
527
159
978
431
657
657
481
354
106
106
481
481
400
168
4
41
672
565
354
657
700
672
400
700
202
700
106
700
685
685
4
481
700
202
657
700
685
685
565
565
354
672
159
685
4
685
159
700
400
565
565
978
527
897
657
657
672
465
657
897
465
580
4
527
657
657
580
700
106
168
657
202
657
202
202
481
685
580
354
685
580
202
400
202
685
685
202
465
700
700
978
4
106
672
354
527
481
202
106
400
580
700
672
657
672
106
159
481
672
897
4
565
672
565
400
354
431
657
481
202
657
897
354
685
700
354
400
565
685
106
897
481
580
700
685
700
657
700
700
580
202
657
354
481
580
41
481
431
202
465
897
700
527
481
700
565
431
431
657
565
465
700
400
657
657
202
202
685
565
685
685
685
481
657
4
700
400
565
202
354
700
481
106
565
159
481
672
465
400
431
106
354
481
4
481
700
700
41
202
465
106
431
106
565
657
978
685
4
657
565
202
527
657
685
481
897
354
481
202
159
400
202
700
400
685
354
657
685
202
202
657
465
897
202
465
657
657
657
354
41
159
202
685
672
106
978
685
672
672
527
657
657
168
465
565
354
202
700
431
481
106
897
202
657
168
465
672
481
672
481
202
106
978
685
159
481
41
580
657
354
431
897
400
481
685
4
4
700
106
168
202
168
106
978
672
41
657
657
672
672
202
106
700
897
672
700
700
657
565
685
354
580
657
978
527
527
4
431
400
202
565
106
202
978
700
202
580
400
4
400
672
41
481
431
481
685
700
168
685
41
202
672
481
481
400
565
481
202
685
685
897
202
159
565
700
565
431
4
565
168
685
481
202
354
481
354
700
202
580
481
168
431
41
106
685
431
168
565
41
159
685
527
202
685
672
527
106
672
354
481
527
700
700
202
159
897
354
106
400
202
565
431
565
565
481
431
657
465
527
700
700
685
700
685
159
685
527
202
465
672
202
481
978
431
700
657
685
106
465
565
481
657
202
565
657
657
106
672
565
354
580
465
565
657
354
657
580
700
481
978
168
159
580
657
700
4
565
565
202
897
672
580
354
400
481
202
672
159
978
527
700
41
202
700
202
657
106
481
672
700
354
978
202
978
897
354
657
897
700
672
481
685
41
202
700
897
565
106
159
580
354
685
400
4
700
465
202
527
657
580
159
168
978
700
400
354
202
700
897
565
685
400
672
897
354
106
354
41
565
168
700
657
685
168
481
159
354
978
481
400
657
700
685
657
4
481
527
159
978
685
41
700
580
354
465
580
106
106
565
400
202
4
202
202
580
978
354
481
700
106
106
685
481
685
481
481
672
41
565
481
106
354
168
700
4
159
481
202
580
657
978
580
354
657
159
685
978
672
400
481
202
159
202
481
354
657
700
106
4
580
672
481
657
700
4
580
700
202
400
481
400
978
168
481
700
580
700
354
657
580
700
354
978
159
202
481
465
400
400
978
700
978
685
978
685
465
4
106
657
657
106
700
106
354
202
672
481
700
657
672
354
400
4
700
700
202
672
580
657
657
700
700
685
580
897
657
657
897
168
657
4
4
565
580
202
897
700
202
202
202
685
565
202
431
106
354
700
159
657
168
685
400
41
400
657
159
4
431
580
481
465
41
527
897
400
159
354
978
354
481
527
202
685
527
565
978
106
400
685
202
580
672
700
400
657
527
202
685
700
978
41
657
700
565
700
159
354
700
481
685
657
41
580
657
685
202
168
202
354
897
465
700
685
168
700
202
431
354
978
106
700
700
700
657
700
580
565
202
672
4
481
202
354
400
657
4
700
685