1000 9847 0
30 126 267 490 620 660 908 73 185 675 927 
29 31 32 57 62 83 108 112 150 187 206 235 259 316 351 434 445 465 494 583 589 597 599 667 683 722 779 796 809 845 860 905 927 967 15 64 149 182 204 248 352 568 581 632 651 795 877 885 948 
10 59 70 85 155 454 648 657 705 825 973 197 389 404 981 
171 285 321 457 500 538 623 719 936 201 236 562 690 799 
16 64 134 141 397 814 890 467 680 739 915 
22 82 114 264 328 395 424 426 552 577 629 631 855 866 143 173 344 368 453 826 
421 427 456 474 557 668 684 903 985 462 634 971 973 
23 173 211 289 310 530 717 914 965 30 388 899 938 
110 149 180 201 202 343 355 384 408 430 602 607 609 638 641 652 776 782 786 795 857 879 978 981 993 214 336 366 393 622 625 702 727 750 913 969 
3 59 70 85 266 454 520 522 534 593 702 792 844 920 935 969 170 232 383 404 583 777 799 858 
112 440 503 525 533 722 789 905 34 560 733 921 
30 267 347 409 487 615 620 32 62 459 
50 190 273 385 853 901 957 354 437 780 998 
158 342 376 436 447 567 651 734 774 815 859 578 583 612 635 908 
52 61 74 121 149 162 256 320 344 378 408 420 430 523 579 617 639 641 678 695 736 776 786 795 912 978 993 997 998 2 205 298 392 394 432 446 528 536 565 799 861 976 
5 26 33 64 68 103 134 141 168 174 185 279 345 396 397 407 518 541 637 704 741 755 814 865 882 890 952 983 27 118 151 249 284 303 384 390 427 458 841 850 880 
107 144 191 307 330 404 416 419 706 743 783 804 911 932 204 461 490 502 611 758 857 
161 388 474 489 512 613 699 726 728 984 179 347 437 821 886 
213 278 280 295 413 606 653 656 777 42 229 402 906 
124 234 288 435 513 698 904 948 996 34 81 135 162 
41 65 76 176 403 586 842 885 892 941 992 362 432 466 956 
6 82 109 116 152 264 354 532 552 631 650 663 931 49 115 200 610 812 892 
8 56 91 125 210 289 309 386 389 423 519 530 644 752 778 818 829 830 850 872 914 924 963 35 122 192 254 341 382 477 734 824 993 
302 309 313 356 459 548 717 803 830 755 866 955 
61 74 121 180 201 202 224 226 254 256 348 378 420 523 582 607 609 611 688 786 795 912 946 966 988 993 995 50 106 144 221 361 367 380 573 680 719 730 858 
16 64 141 174 185 397 407 541 637 704 890 545 898 934 970 
39 84 373 421 464 482 598 672 711 712 840 903 985 16 119 130 729 776 880 
210 218 229 248 289 302 309 365 386 392 446 752 830 835 850 862 914 953 963 965 37 155 351 639 691 700 768 806 934 
2 32 143 187 311 337 370 445 465 494 503 584 645 759 789 870 889 927 75 362 397 653 750 820 833 939 
1 12 135 165 267 382 490 517 620 694 753 784 808 908 8 65 156 206 662 907 913 
2 57 465 597 845 897 955 275 746 982 
2 29 49 57 78 83 112 143 187 299 337 411 445 471 528 564 584 597 645 686 779 789 809 845 867 870 887 889 897 905 907 938 967 12 34 35 93 196 304 332 347 419 529 568 635 672 801 853 
16 64 397 541 741 865 890 277 305 611 
43 99 120 131 148 157 163 225 274 341 380 443 484 502 559 566 568 575 633 642 700 730 731 749 797 798 806 811 812 883 939 947 949 976 982 20 11 32 77 176 303 307 392 540 585 719 720 857 912 1000 
177 190 192 268 285 321 332 340 450 457 466 467 509 538 574 596 608 623 680 781 821 853 873 901 936 957 961 986 32 23 183 232 427 445 569 602 731 866 916 942 997 
58 89 370 589 813 870 905 958 127 361 708 729 
278 280 306 536 634 656 745 28 65 846 
108 143 150 316 337 440 839 172 279 815 
27 132 154 161 183 252 257 272 329 334 373 427 442 460 464 498 598 672 684 726 728 764 840 846 903 984 985 86 148 228 263 277 322 541 555 568 578 774 821 
41 76 92 220 403 563 586 842 885 892 900 909 919 926 989 992 416 500 575 696 729 741 913 
40 21 65 76 92 176 220 275 403 506 563 586 842 885 892 900 909 919 926 941 992 52 57 81 99 117 210 325 502 503 516 
75 303 571 646 696 836 849 852 922 19 350 436 
34 241 341 368 371 443 754 811 949 970 982 87 336 823 875 893 
51 73 81 292 304 476 496 561 576 616 627 632 671 725 742 758 799 163 187 327 403 410 490 553 914 
166 196 250 427 460 728 903 866 889 956 
54 116 214 264 315 325 328 395 424 577 590 631 655 663 666 715 866 931 274 342 584 585 638 649 673 694 
87 246 314 374 390 537 585 622 735 861 921 255 799 941 996 
227 235 351 845 913 938 1000 81 200 664 
32 57 89 206 434 510 584 789 860 905 958 22 106 134 325 616 
13 140 171 192 231 268 285 308 319 321 385 450 457 466 516 538 539 596 623 687 714 821 853 901 961 25 59 129 327 356 403 426 511 567 690 872 
44 73 81 86 96 233 292 401 476 479 481 493 496 504 576 588 595 605 616 627 632 635 636 671 725 799 817 856 111 122 155 190 369 383 501 540 649 698 739 746 809 
15 149 202 344 348 372 384 430 508 602 639 678 793 795 869 912 966 978 988 993 998 41 199 338 397 475 700 886 965 
113 144 147 172 191 330 416 748 911 189 617 758 
46 67 214 336 426 577 866 661 930 954 
75 169 217 303 511 661 673 750 769 852 880 922 62 104 211 428 568 901 
23 289 333 383 630 803 850 117 121 847 
49 2 32 31 89 206 434 510 528 845 860 870 889 927 958 41 264 716 762 922 996 997 
36 112 187 317 564 789 837 845 967 343 588 664 
3 10 117 127 228 271 326 339 349 361 417 437 468 520 522 540 580 594 626 648 657 702 705 738 739 792 825 920 937 971 50 213 313 384 397 415 442 450 567 837 866 906 
139 195 204 682 689 723 740 805 950 211 299 834 853 
25 15 97 149 180 202 320 344 348 558 607 688 801 869 912 978 981 988 993 998 137 248 432 449 510 739 804 889 996 
2 108 150 187 337 445 584 589 789 889 893 1000 55 12 298 486 670 804 
375 376 436 651 774 807 815 862 867 903 
16 26 33 5 134 185 397 541 637 741 755 814 865 890 2 80 242 311 671 779 
41 21 403 506 586 885 909 919 945 989 992 30 37 308 344 789 
234 452 513 526 527 746 886 904 929 230 233 240 250 840 
54 82 354 426 431 458 577 655 866 456 568 723 781 984 
16 345 396 397 637 814 882 110 476 659 706 
118 213 535 536 543 606 634 653 120 158 858 892 
10 3 117 540 593 648 935 444 761 882 
140 192 253 385 539 574 623 714 716 821 834 848 213 229 777 798 
123 126 165 281 487 490 517 694 729 784 827 980 101 114 210 913 
44 51 81 86 304 481 507 595 605 616 635 636 647 671 742 799 868 894 1 135 214 289 498 646 705 726 
15 25 77 121 226 261 320 322 348 463 523 617 619 638 641 736 782 833 869 876 879 912 951 160 346 375 376 473 559 630 746 908 996 
55 42 230 303 318 659 681 750 788 880 922 29 250 285 620 
41 21 40 275 403 506 842 885 892 909 941 992 351 590 705 719 920 967 
74 201 202 254 343 523 547 558 579 639 641 801 34 150 328 651 
32 311 351 510 514 870 958 373 460 801 
100 278 280 284 444 560 634 656 777 127 208 466 563 
154 208 250 486 489 512 840 64 148 484 688 
44 51 73 175 233 292 476 479 481 499 504 576 588 595 616 627 632 635 636 640 647 725 733 742 758 799 817 856 48 20 41 221 385 409 487 490 583 586 623 927 
6 67 22 116 264 325 354 357 424 426 552 650 655 663 855 866 126 373 720 727 936 992 
2 32 89 143 187 235 370 465 589 779 854 887 889 893 913 938 394 484 652 734 737 821 912 949 
27 236 239 272 290 297 456 461 498 697 711 820 840 891 977 985 341 451 595 635 674 783 896 
10 3 117 258 276 326 454 520 572 580 648 792 920 943 971 973 187 191 330 595 800 905 984 
73 51 96 194 233 292 304 476 481 496 499 504 576 605 616 635 636 640 671 725 733 742 758 799 817 39 98 130 206 420 455 460 552 896 955 
47 182 246 314 374 414 480 537 585 622 624 677 735 765 861 921 990 43 197 316 325 350 492 566 610 
123 126 331 487 490 497 604 660 720 908 972 143 259 314 387 764 857 
57 83 49 36 150 187 206 259 351 370 584 683 759 839 938 958 128 131 308 426 439 865 885 
91 178 210 229 237 248 289 302 310 313 383 386 581 717 803 914 928 962 140 246 250 372 566 704 873 886 
90 23 178 189 229 242 298 310 333 362 383 392 423 545 658 717 778 818 830 850 862 933 965 254 489 490 520 587 679 786 815 868 
41 40 403 563 842 885 892 926 992 117 185 421 792 881 
122 217 303 318 521 646 659 693 696 750 852 922 32 204 814 823 920 957 
205 376 447 478 721 780 815 444 457 586 664 
111 137 181 192 199 269 387 441 467 539 623 687 719 744 910 957 281 410 668 674 817 920 
51 86 401 493 499 635 636 405 454 631 
61 322 344 602 869 912 978 318 490 971 
107 144 172 221 277 330 416 419 767 791 804 819 915 86 188 378 383 648 918 
34 163 502 730 812 949 994 41 303 435 450 
79 213 306 312 444 470 536 560 634 899 934 434 445 586 635 693 868 
229 313 519 737 829 902 963 72 293 697 
161 412 442 486 878 984 985 401 813 992 998 
16 134 185 345 397 541 637 704 814 373 533 995 
167 448 455 689 690 724 740 55 237 241 719 
183 222 290 329 377 557 726 266 567 941 
140 171 181 308 319 332 340 457 467 505 524 687 713 773 961 986 49 25 413 423 546 656 996 
17 98 221 277 330 404 416 419 783 372 603 715 764 
62 2 38 143 227 440 597 789 905 913 669 672 716 906 912 
22 114 116 264 325 426 577 590 629 663 855 931 430 497 606 678 710 973 
9 202 226 254 372 378 384 549 912 68 126 349 807 
95 199 268 285 308 332 369 450 608 710 773 843 986 51 135 238 777 913 949 
58 32 11 2 206 337 370 491 510 667 686 779 887 927 938 958 209 270 580 694 775 841 924 997 
53 144 191 221 330 404 416 419 473 783 819 239 244 320 545 889 903 
109 6 116 119 203 328 395 426 590 631 931 72 344 713 835 984 
283 562 679 718 746 904 948 996 22 155 658 717 
22 82 114 109 46 152 264 315 325 328 336 395 424 552 577 587 629 631 655 663 824 866 232 297 371 654 696 726 823 883 913 922 
70 59 85 155 326 327 402 432 433 454 468 472 540 572 625 657 702 703 792 923 935 969 975 92 56 41 163 172 217 302 484 681 
69 278 338 444 475 535 653 777 899 16 462 505 683 992 
114 315 328 352 715 866 931 27 508 903 986 
34 131 157 274 422 610 811 841 906 949 956 69 155 328 391 477 665 
74 15 25 300 320 343 344 372 579 609 652 688 786 795 857 879 56 442 495 591 840 842 865 986 
93 169 217 230 244 303 305 318 511 521 612 646 659 696 750 761 788 940 51 23 469 680 686 845 866 996 
88 72 360 487 490 556 694 298 510 622 999 
20 145 247 265 526 886 996 354 473 627 
23 210 242 298 429 717 737 850 928 454 525 704 763 
88 72 1 135 263 267 281 331 360 381 382 409 485 487 490 497 556 615 620 694 708 720 753 784 808 823 827 972 82 110 177 271 370 383 435 516 687 728 852 865 999 
59 155 271 349 402 432 433 492 540 594 675 739 923 935 960 969 971 79 36 457 689 699 798 840 843 
296 702 792 844 920 935 937 89 455 659 
282 346 409 490 620 708 827 50 290 484 617 
143 235 259 440 759 839 845 895 905 913 927 86 27 226 392 447 451 
120 34 157 163 209 249 393 443 469 484 502 566 568 633 691 700 701 731 798 806 811 812 841 883 906 930 939 949 956 968 970 89 138 162 171 288 333 351 388 416 657 664 725 834 849 
39 250 272 391 512 613 668 672 699 728 903 984 330 351 566 639 689 990 
149 344 348 372 378 602 912 959 964 214 289 606 649 673 
16 64 103 5 185 345 379 397 518 704 755 814 865 882 890 983 49 142 221 377 429 508 555 772 
126 30 170 382 620 694 808 111 20 73 558 
296 402 472 495 540 594 676 739 792 943 975 186 235 589 750 940 
95 171 308 324 719 762 821 61 699 754 
139 195 204 223 455 553 649 664 682 723 740 874 918 942 950 131 158 655 717 746 821 891 
138 60 553 649 689 724 740 772 918 950 236 577 619 905 985 
106 50 71 273 340 467 680 713 716 90 496 711 814 997 
16 26 5 185 397 814 890 416 540 584 717 
192 269 285 308 524 762 834 843 986 134 244 248 536 
83 29 130 108 38 32 187 206 317 370 399 465 491 510 528 564 584 667 789 796 897 913 927 6 88 303 338 424 446 474 563 901 980 
53 17 113 98 172 277 287 307 330 404 405 416 419 473 515 706 743 783 791 802 804 932 991 25 335 371 690 717 724 766 845 861 935 998 
124 452 679 746 785 974 996 153 193 201 
469 633 642 700 730 956 970 546 552 663 
53 221 330 404 473 767 804 418 672 865 
34 209 341 368 428 484 559 568 700 730 754 841 883 906 949 956 39 80 195 569 622 648 699 
15 52 9 61 133 232 256 344 348 372 378 600 602 609 619 641 652 678 833 857 884 912 978 988 997 2 360 362 489 669 783 850 865 903 908 
89 38 62 2 351 491 584 589 683 759 796 845 889 927 77 288 341 425 571 751 822 
200 327 454 492 534 625 657 16 622 709 
22 116 328 352 424 532 655 866 931 267 277 367 372 620 
187 503 510 528 599 809 837 145 762 850 931 
39 80 236 239 293 297 377 456 474 613 668 699 247 452 483 803 923 963 
127 3 117 184 258 402 540 626 702 703 705 738 775 792 825 896 920 975 115 120 28 51 278 312 766 794 891 
184 367 534 554 702 703 739 775 792 844 920 975 30 359 556 819 928 949 
120 34 131 380 428 469 484 502 568 749 841 883 213 313 444 759 779 935 
14 179 205 363 375 376 567 763 815 138 69 304 638 
286 455 462 649 772 805 918 226 439 754 
402 417 534 540 603 675 702 775 954 74 202 783 956 
18 102 39 183 236 398 486 684 699 165 220 314 793 804 
15 180 300 343 344 378 602 607 609 801 912 20 131 171 480 
131 99 34 371 484 566 691 731 751 841 883 949 956 968 970 982 44 117 377 402 424 426 802 873 
181 253 285 385 441 719 781 440 681 979 
72 30 281 346 381 487 490 497 517 573 694 708 729 823 827 980 161 327 399 592 780 836 918 
45 350 373 427 557 668 697 712 726 341 449 714 845 885 
104 195 204 359 448 462 553 649 682 689 690 723 740 805 822 874 918 942 173 189 510 679 763 783 836 848 865 
16 397 518 541 704 882 890 468 515 757 870 
122 55 260 270 612 659 661 662 665 673 750 761 769 849 858 880 922 392 539 633 830 958 
135 381 409 808 827 972 980 10 255 567 
50 106 4 137 192 285 308 321 387 500 539 551 714 719 744 762 821 834 961 162 131 330 377 589 633 786 888 896 
144 98 53 221 277 287 330 404 416 743 783 791 804 911 915 117 38 460 571 823 831 848 
8 210 211 242 309 333 362 392 581 752 778 850 962 963 6 167 332 346 482 
16 26 185 345 397 541 865 207 662 734 828 
81 401 499 635 636 742 758 799 817 686 687 886 893 
41 21 220 403 506 919 992 34 439 541 968 
35 285 369 385 457 551 762 936 986 126 256 289 883 
91 90 229 298 830 962 963 260 685 855 
158 207 342 376 447 567 651 721 734 763 807 815 851 18 321 639 661 674 916 
61 9 162 25 224 232 344 912 946 389 620 691 975 
106 164 95 285 457 516 623 687 910 471 875 956 
87 243 246 314 537 585 622 861 921 2 739 756 942 
161 39 105 236 239 252 293 297 350 373 377 421 425 460 474 482 489 546 570 672 699 712 764 766 820 832 878 888 891 903 977 984 985 35 363 399 406 476 530 609 674 688 734 763 829 850 910 980 
155 156 349 367 394 572 626 705 738 187 685 829 918 
16 174 134 64 103 141 26 379 397 518 741 755 865 983 1 92 401 486 517 636 
231 308 387 716 719 821 957 136 377 395 779 
32 143 62 89 58 29 2 153 83 206 259 399 434 503 583 589 599 645 779 789 837 845 854 860 887 905 907 913 938 958 44 85 184 231 300 424 554 639 661 787 812 959 998 
211 333 392 630 850 914 928 962 965 98 540 578 739 861 
91 211 362 429 717 737 752 830 872 928 965 53 167 344 364 538 617 
35 13 199 285 324 441 467 538 551 710 713 843 936 957 51 430 567 591 661 
53 113 17 277 330 419 473 743 748 783 911 932 85 362 671 762 849 938 
50 35 142 95 71 171 285 308 450 509 524 853 917 957 23 295 328 347 829 
306 444 536 634 777 816 847 145 229 364 774 
86 233 476 550 616 635 636 725 817 222 556 955 
60 167 138 204 240 255 359 455 462 649 674 682 689 690 723 724 772 790 805 822 918 942 950 148 214 352 367 372 447 626 656 673 782 
45 208 236 350 421 460 570 672 32 202 214 689 
219 591 651 721 727 774 815 87 3 448 731 
230 511 646 693 750 769 849 524 705 891 
111 190 95 466 467 707 744 834 843 52 741 935 
151 349 454 540 603 738 825 971 973 48 22 374 513 750 
77 9 25 254 348 430 582 652 678 795 912 993 997 4 145 233 423 534 721 
25 9 110 77 61 52 226 254 300 343 344 355 372 523 602 607 639 776 786 912 951 959 964 978 993 997 196 160 266 350 428 439 566 700 729 855 925 954 
114 264 328 424 577 587 692 316 470 728 947 
167 60 195 138 223 240 255 286 359 364 400 448 455 462 553 565 664 674 682 689 690 723 724 740 772 822 831 918 942 950 93 17 2 282 389 590 606 616 623 647 675 735 811 847 
158 94 219 251 363 375 376 447 567 591 651 721 727 757 807 815 859 15 278 403 431 534 572 786 806 
112 89 143 187 57 49 2 299 471 510 881 889 897 913 86 30 257 419 613 822 868 
179 301 591 651 721 763 815 174 313 919 
80 196 239 250 377 427 461 891 985 79 211 286 452 696 
148 131 368 371 380 443 559 610 633 691 700 811 864 883 906 956 112 250 638 694 844 966 
125 23 90 173 28 211 229 242 298 309 333 356 362 386 392 423 446 530 581 630 737 778 862 914 928 965 41 72 295 436 504 524 577 706 712 917 
189 173 188 210 8 218 229 237 248 289 309 310 313 383 392 446 459 581 670 709 717 737 800 818 830 850 872 914 928 933 962 963 965 208 60 55 299 381 655 699 750 801 808 860 908 984 
342 376 478 567 643 651 734 794 815 851 306 349 429 
19 69 100 245 278 280 284 295 306 335 338 410 413 418 444 470 475 536 606 654 656 777 838 847 871 934 59 71 157 221 356 571 864 901 908 912 962 963 
54 46 238 264 291 325 395 424 426 451 577 629 631 824 866 931 196 133 9 73 195 850 884 929 
217 303 415 571 646 659 661 696 750 761 922 386 387 743 746 799 
288 513 679 698 732 875 886 996 378 717 790 976 
122 93 55 215 244 303 578 618 646 659 661 750 836 880 117 261 350 773 850 
211 28 392 530 924 928 953 524 770 848 958 
197 205 376 447 721 734 815 851 859 590 779 792 810 883 
176 40 41 403 586 885 892 900 992 161 328 350 416 
147 172 107 98 113 287 330 404 416 419 473 706 748 791 802 804 932 213 134 25 81 386 725 739 959 
105 373 421 474 486 668 684 711 764 820 984 985 194 420 721 786 863 913 
204 138 649 805 918 942 950 431 471 563 
25 180 348 600 678 786 993 276 328 603 
34 428 439 484 700 731 841 947 956 288 492 576 892 
74 110 202 25 344 372 430 508 523 639 695 946 964 966 993 997 998 159 130 388 429 653 667 802 893 
48 108 311 351 370 533 584 789 796 889 907 913 310 401 646 812 
59 349 367 394 540 625 657 739 768 39 521 983 
91 90 101 211 28 210 178 237 313 356 386 389 392 519 548 581 717 752 800 818 826 850 862 902 914 933 963 965 71 193 19 317 409 489 506 702 770 796 815 899 981 
198 122 75 244 303 453 521 571 646 659 661 662 681 696 836 852 880 66 321 445 531 581 584 641 892 
186 50 285 308 319 324 539 551 187 604 763 985 
149 180 256 343 607 609 652 736 782 786 912 997 116 10 35 376 815 909 
51 81 194 86 401 476 479 481 647 742 799 201 66 416 607 759 840 
20 66 452 513 527 698 746 886 996 303 337 370 522 750 
83 130 2 48 259 311 370 440 514 645 686 759 809 845 136 278 328 398 792 991 
84 161 196 154 183 239 290 297 373 377 388 412 421 425 460 464 486 498 546 613 621 672 764 840 891 977 139 4 270 318 324 332 346 392 475 657 762 944 
229 211 90 313 383 386 392 429 630 709 717 800 835 965 104 246 282 452 462 821 873 
214 264 325 328 395 426 431 655 715 111 443 696 966 
208 84 236 183 154 257 290 350 377 398 425 460 482 489 697 699 712 726 764 766 832 878 888 891 903 977 985 987 113 259 274 389 468 574 689 696 700 708 765 
204 195 286 462 483 664 805 918 942 66 791 919 977 
43 428 488 568 610 749 841 883 982 104 250 330 526 899 
91 210 125 173 298 313 383 446 581 717 965 64 258 635 952 
182 246 314 542 585 622 735 861 921 373 470 496 
230 217 122 303 453 646 760 836 863 922 142 113 783 850 985 
213 280 413 444 536 656 777 339 422 946 
87 47 182 243 314 374 390 406 480 537 542 585 622 624 677 735 765 861 921 990 90 237 439 457 461 833 870 935 950 
124 288 366 452 526 555 562 679 718 732 746 875 886 944 979 996 154 467 473 483 881 890 962 
90 211 28 289 309 356 389 449 545 630 737 778 800 818 829 830 850 928 933 963 142 61 2 293 314 330 524 889 920 
131 274 502 691 731 812 982 16 315 525 983 
80 132 208 45 252 272 297 350 373 377 391 442 456 460 464 474 498 546 621 669 672 684 711 726 728 764 832 840 878 977 984 985 241 75 209 66 90 292 503 506 547 617 700 803 936 963 
205 301 376 567 734 763 780 815 290 432 507 559 
250 39 183 489 668 697 728 607 871 883 
71 164 285 321 385 623 713 714 986 487 739 804 805 878 
201 202 110 77 25 343 372 611 678 776 993 91 23 305 370 
195 204 286 483 674 723 942 170 47 394 652 
25 232 149 15 320 372 600 602 782 978 998 177 583 643 808 
239 39 297 350 425 474 668 712 984 206 607 636 913 
85 155 394 454 572 625 675 739 775 792 935 937 975 242 286 294 479 636 961 
2 235 89 130 187 311 316 440 583 722 870 881 927 955 1000 88 239 406 620 673 827 890 
169 303 511 612 646 673 696 750 922 178 576 655 944 
74 343 600 602 609 639 978 217 635 989 
369 457 467 623 628 680 714 762 848 901 917 936 379 389 784 797 982 
126 346 382 485 573 694 756 908 39 384 518 539 
109 22 238 116 82 6 214 203 46 291 325 357 395 552 577 587 590 629 866 57 321 581 741 758 773 831 858 861 
124 283 513 527 679 886 974 996 492 517 868 915 
10 432 437 492 520 593 648 703 739 935 937 969 202 105 397 398 853 928 
30 126 12 1 294 346 347 360 487 490 497 556 604 620 694 720 729 784 808 980 152 300 560 600 656 682 763 885 984 
111 50 35 332 467 574 707 716 659 672 691 752 
142 95 285 321 441 574 707 710 773 901 961 339 637 685 813 842 872 
169 303 571 618 659 673 681 696 750 769 880 236 112 506 647 802 
59 127 327 432 437 492 495 648 768 935 975 126 311 539 659 695 728 
84 39 250 132 460 546 832 407 532 629 723 
140 13 441 450 466 574 719 901 961 372 514 844 980 
249 34 120 380 443 484 559 730 797 806 883 947 956 968 976 994 239 46 538 616 705 721 772 
41 76 403 586 842 885 892 919 926 992 31 476 566 641 984 
85 432 495 501 648 676 920 224 366 931 
191 98 144 107 172 330 358 404 405 419 473 515 706 743 791 802 915 991 33 39 152 380 417 490 683 778 803 
19 213 118 79 37 280 295 306 338 410 418 535 536 560 656 745 777 816 838 205 155 235 314 363 481 691 729 731 
16 345 379 397 518 541 704 741 755 890 952 38 776 874 879 885 
245 79 19 278 213 37 306 470 536 560 592 634 656 745 847 899 354 544 567 691 713 822 
126 165 72 331 381 485 487 497 573 620 660 694 808 827 908 95 532 557 575 599 648 986 
129 346 604 694 720 729 808 204 237 511 625 
265 115 288 435 513 698 810 875 886 944 974 996 517 580 596 730 
79 213 295 306 312 335 413 418 536 634 656 847 934 16 354 433 625 719 907 
253 231 50 177 164 269 4 142 111 192 181 171 35 190 308 324 332 385 387 450 623 680 687 714 716 781 834 848 873 901 936 961 986 75 309 404 449 477 490 506 522 543 717 890 918 952 975 980 
204 255 240 159 359 455 553 649 664 682 724 740 805 831 874 942 208 258 670 718 741 912 
221 172 144 330 404 416 791 380 459 906 
247 216 283 20 438 452 513 527 529 555 562 679 698 718 732 746 785 787 810 944 948 974 996 225 150 131 677 728 752 830 831 928 967 978 
28 56 211 23 8 248 90 309 362 383 392 423 446 459 545 644 803 830 835 862 953 962 965 73 133 177 371 388 406 497 634 679 714 896 
239 84 236 105 474 668 984 985 987 251 129 649 698 
264 214 325 354 395 532 552 577 655 685 692 866 394 593 787 861 917 997 
51 86 81 44 401 476 499 504 507 561 595 616 627 636 647 742 747 799 856 894 250 523 658 667 696 716 751 783 992 
154 183 461 669 840 903 985 101 248 553 955 
267 381 497 573 615 620 694 823 980 258 344 428 675 
278 213 284 19 444 536 543 606 656 899 192 210 480 484 546 
136 128 339 349 367 432 520 805 890 934 974 
84 250 183 154 236 257 350 377 442 461 669 684 726 840 903 984 116 420 455 897 929 963 992 996 
210 178 125 242 91 313 829 830 963 62 15 123 385 502 
32 206 337 370 583 683 837 870 927 211 60 342 
121 162 202 344 355 372 420 430 602 639 652 833 912 951 187 267 340 457 814 859 903 
251 207 342 376 651 721 815 385 442 499 
28 24 90 313 333 389 392 519 548 752 830 117 487 672 745 866 972 
260 42 230 122 244 270 55 217 75 215 93 305 415 453 511 521 571 578 612 618 646 659 681 750 760 769 771 788 849 852 858 863 99 143 16 34 234 345 429 490 582 595 691 823 956 985 
44 73 86 401 481 496 550 627 632 635 636 640 647 725 817 32 158 426 508 698 893 957 
122 303 453 646 673 828 849 863 922 254 33 565 792 
100 193 278 213 37 284 280 312 338 413 418 444 470 536 543 560 601 634 656 777 999 212 341 408 425 461 539 744 851 982 
144 17 330 416 706 804 911 34 648 711 792 
192 106 231 137 111 285 186 171 50 142 369 457 467 608 623 687 713 716 719 781 821 848 936 957 961 65 89 343 350 356 371 610 723 771 927 
289 248 211 210 24 23 173 28 313 362 383 386 389 423 429 519 581 658 670 737 800 803 818 826 829 830 835 914 924 928 965 285 409 427 435 443 458 540 552 626 629 799 845 852 939 
91 90 211 8 544 717 914 227 455 890 975 
259 227 235 29 78 411 440 491 645 796 845 271 64 416 421 556 604 
100 306 284 335 338 413 444 536 560 592 606 634 777 838 155 344 364 441 703 907 972 
302 237 229 309 298 211 90 24 242 101 323 365 389 459 519 548 630 829 862 924 953 59 157 207 437 512 517 565 584 712 
246 87 47 182 243 374 390 406 414 480 585 622 624 677 735 765 861 921 990 248 161 278 88 385 559 657 840 986 
46 119 116 354 631 685 931 249 403 536 933 
2 38 259 471 510 597 905 203 87 617 
58 143 445 465 759 889 927 229 981 996 
75 93 122 571 578 858 922 97 236 568 819 
50 231 106 387 539 628 901 444 653 878 
256 61 74 121 15 348 523 607 652 782 786 912 964 113 346 597 699 874 990 
35 171 50 269 4 253 332 387 441 538 574 623 680 714 773 821 848 917 936 957 179 230 264 327 335 498 513 637 811 
97 74 607 609 782 884 995 39 332 528 
313 365 392 581 717 862 953 450 463 749 
231 137 190 285 385 539 608 710 762 236 404 601 
109 291 82 214 46 238 116 264 328 336 354 395 451 458 532 552 590 631 655 663 666 685 770 866 931 41 87 49 349 412 440 618 735 799 890 906 937 
85 59 117 327 437 534 594 792 844 937 943 975 341 344 764 996 
271 326 117 151 349 367 394 432 437 454 522 534 540 554 603 626 648 705 920 923 935 165 50 44 321 476 663 734 791 908 967 
325 114 116 6 119 46 238 152 203 336 352 357 395 426 431 451 458 552 577 590 631 650 655 663 685 715 770 824 855 866 931 192 120 224 235 77 220 361 376 691 696 783 807 922 974 
39 105 350 728 766 888 985 339 663 895 
144 277 221 172 113 17 98 191 107 53 307 147 287 358 404 405 416 419 473 515 706 743 748 767 783 791 804 819 911 915 932 991 132 241 171 248 85 446 497 656 679 695 717 815 936 
281 126 88 490 497 620 980 454 509 749 964 
268 106 35 111 321 285 467 500 516 707 843 848 853 901 322 236 32 173 404 795 999 
91 210 173 188 56 302 362 803 830 914 131 409 425 652 954 
39 377 461 474 712 728 820 527 759 991 
213 284 312 535 601 606 654 321 144 916 
328 116 325 54 395 552 631 650 9 43 852 961 
62 112 299 38 32 29 440 491 503 525 779 789 813 893 895 905 234 339 353 376 559 912 994 
213 306 312 118 278 413 653 656 745 777 899 52 143 352 381 421 755 
59 296 349 394 522 534 738 935 329 337 269 245 
140 35 106 450 467 524 539 744 873 300 443 572 857 
148 34 43 393 439 469 484 568 610 642 691 700 730 731 749 751 754 798 811 956 976 982 166 84 23 150 326 306 409 431 497 839 
212 14 301 179 363 375 376 447 567 569 651 734 774 807 815 859 299 46 416 502 518 634 646 996 
162 232 77 254 202 261 121 9 348 602 912 308 58 703 719 834 921 
121 162 97 149 61 15 226 133 52 300 180 202 372 549 582 600 602 609 619 639 678 782 786 801 833 857 869 879 912 978 993 998 294 65 326 312 114 189 6 395 414 418 586 660 682 754 866 
16 68 103 134 279 174 396 397 407 541 814 865 890 952 303 367 525 691 947 978 1000 
263 165 129 267 282 347 409 487 490 517 620 694 708 729 173 74 320 236 384 656 919 
267 12 346 381 382 620 660 694 708 729 784 823 827 980 18 32 192 529 598 891 
61 320 25 224 149 343 52 74 133 201 372 378 384 549 609 652 782 833 912 966 988 426 432 438 528 566 585 592 750 835 
327 228 127 184 59 339 200 296 402 432 433 540 603 625 626 702 703 705 739 768 825 896 920 923 937 325 212 110 384 409 487 491 609 803 815 838 
329 196 183 250 239 166 297 257 377 391 442 460 461 464 482 486 489 598 697 766 840 878 903 916 985 308 217 202 87 42 220 499 585 623 640 982 
2 150 48 78 89 227 399 440 510 589 614 813 839 860 870 913 28 132 131 76 548 772 943 
328 152 119 577 590 655 866 195 2 338 755 
386 446 548 717 752 830 914 337 631 645 702 
82 315 22 291 325 67 426 458 577 587 590 770 284 13 124 280 923 936 
300 9 202 378 600 611 966 383 682 775 968 
229 24 248 210 383 459 717 826 830 963 965 50 308 213 512 
264 328 82 424 426 663 685 866 931 429 648 651 
330 277 404 515 706 743 791 804 915 605 662 811 821 992 
167 204 195 286 455 462 649 664 682 689 690 790 874 918 156 446 694 738 778 967 987 
267 123 126 485 487 517 573 708 729 980 149 507 706 910 930 
59 432 501 522 540 594 739 844 971 25 36 328 
91 309 289 173 189 333 210 383 459 581 709 752 803 902 914 928 965 21 191 29 149 602 608 634 956 
205 158 342 375 376 447 478 567 651 721 763 807 815 278 183 521 649 803 965 
204 455 649 690 723 740 874 312 193 189 987 
313 28 323 392 429 670 803 835 850 476 603 751 756 768 
247 527 531 555 679 904 944 974 996 9 276 557 989 
296 156 184 228 327 394 402 432 433 454 492 522 540 580 594 648 675 702 775 792 825 920 923 935 969 25 345 195 152 474 527 581 599 700 897 909 990 
148 209 43 428 443 610 691 701 811 841 883 906 968 982 6 526 922 926 958 
111 308 177 262 457 539 623 710 713 821 848 936 51 485 657 902 972 996 
36 235 227 89 299 83 143 29 112 411 445 533 584 881 907 938 958 234 254 126 412 413 420 726 792 
43 163 209 488 502 610 700 797 956 968 116 289 308 144 425 
344 300 256 226 254 52 202 110 121 133 149 348 408 463 602 607 639 688 695 782 801 857 978 997 273 152 195 90 107 399 440 577 596 654 692 
222 183 27 250 166 39 236 388 456 461 474 486 512 668 728 840 903 977 985 987 78 243 82 103 395 419 656 696 875 
246 314 47 87 585 735 861 200 376 808 
158 205 63 342 363 376 569 591 651 721 727 734 774 807 815 925 74 580 652 728 903 919 982 
219 63 375 94 179 158 363 301 212 251 14 205 342 436 447 478 567 591 643 651 721 727 763 780 807 815 851 925 374 74 232 337 328 408 585 631 740 860 943 944 
208 297 239 350 250 334 236 154 183 105 456 474 477 672 726 728 878 888 134 163 186 171 539 544 663 836 906 
110 348 25 162 15 133 149 355 652 786 793 946 216 98 562 575 583 649 
185 134 279 396 541 741 865 262 474 683 835 
34 274 209 157 502 797 798 25 287 277 708 
281 347 170 294 165 126 382 487 490 620 694 729 753 898 908 972 338 211 417 564 647 778 891 952 
135 30 381 126 347 263 490 517 573 620 808 908 23 390 562 912 
356 211 362 289 91 309 90 56 242 237 389 392 423 446 544 752 778 850 924 928 963 51 98 355 126 10 555 601 611 942 954 
348 110 52 9 463 602 611 652 736 997 998 16 263 349 346 59 
13 285 50 71 253 177 164 324 457 467 505 524 539 574 623 714 719 744 848 853 910 298 81 301 314 392 433 581 694 935 
90 210 353 229 23 28 309 237 389 446 581 709 717 778 818 829 830 933 953 963 215 221 467 505 635 713 847 957 979 
319 285 95 186 171 321 450 467 716 719 821 843 901 986 215 88 460 650 702 863 
373 236 18 412 421 460 482 489 546 903 977 131 8 226 289 579 1000 
229 309 23 383 248 302 313 386 423 429 717 752 800 850 902 928 239 3 180 262 204 502 535 624 
246 314 47 537 585 622 735 861 990 16 382 880 
350 250 132 460 461 832 903 120 440 623 909 
218 383 302 210 237 211 91 365 188 28 323 173 289 229 429 449 519 545 752 778 800 803 829 850 924 965 169 34 15 385 130 236 441 454 500 589 878 971 
341 131 566 691 731 754 811 9 887 914 
327 339 184 367 228 258 437 454 501 522 572 594 657 702 738 739 768 775 792 920 935 960 973 83 15 291 255 447 494 583 609 633 689 883 
214 336 46 238 6 325 114 328 264 291 116 424 451 552 577 587 629 631 650 663 692 770 855 866 931 344 373 186 466 476 523 633 661 678 759 949 
16 379 345 68 397 541 741 755 952 653 778 836 919 920 
16 134 141 64 185 345 174 26 279 33 168 103 396 68 5 407 541 637 704 741 755 814 865 882 890 952 983 52 29 59 266 559 663 720 777 811 817 819 962 
239 161 425 427 489 672 903 985 266 235 612 893 
143 187 351 465 494 584 839 889 958 372 165 183 415 590 
204 448 553 649 689 918 942 668 777 881 
175 96 304 233 292 51 481 561 635 636 817 185 102 227 537 577 765 
127 117 160 349 367 155 136 468 522 554 594 625 657 702 739 768 792 920 935 954 19 163 585 754 842 848 869 958 995 
41 40 76 65 21 275 220 92 176 506 563 586 842 885 892 900 909 919 926 941 945 989 992 205 50 44 315 419 554 595 777 849 975 
330 113 107 147 17 277 221 287 172 144 358 416 419 706 743 748 783 791 802 915 991 10 332 3 324 285 446 490 518 567 626 659 
330 277 144 416 473 804 915 96 430 827 
246 314 414 537 585 735 861 183 289 259 473 
16 397 345 26 518 541 741 814 865 890 952 983 272 443 455 563 804 985 
15 372 9 508 652 793 981 993 997 306 376 510 691 992 
170 129 346 126 12 485 487 490 604 615 620 694 708 720 729 808 908 972 980 333 229 341 349 309 81 668 746 811 
278 213 444 656 777 838 871 95 44 473 
311 32 370 597 789 889 905 913 938 650 911 978 
388 102 236 460 474 546 840 370 325 438 541 
19 213 338 284 312 306 245 418 444 535 634 654 656 745 777 899 999 106 370 454 523 577 756 915 922 
87 314 406 537 585 735 861 344 808 933 
215 303 521 646 661 788 852 59 399 503 
330 144 113 107 404 17 98 172 287 307 405 53 221 419 473 515 743 767 783 791 802 804 819 915 991 141 311 220 131 40 233 342 587 732 832 898 971 
160 59 454 468 580 648 702 775 975 381 277 611 690 743 
213 306 284 413 278 444 475 634 656 777 847 344 147 523 540 700 796 
330 191 416 404 17 98 221 113 144 277 107 473 706 748 767 783 791 802 804 819 915 932 403 32 206 373 456 487 553 584 721 856 
300 15 25 558 602 695 786 876 966 993 997 297 86 222 370 442 710 
236 196 27 7 388 183 222 668 672 699 985 92 311 338 513 750 762 
120 428 439 443 469 566 700 754 811 841 883 939 970 245 450 480 648 880 952 
210 389 383 23 309 91 289 429 752 962 965 201 106 498 589 920 
152 82 357 395 214 203 6 46 116 426 431 552 587 692 866 187 143 163 506 624 656 841 
257 236 183 239 398 461 726 764 840 903 985 333 150 306 371 522 
82 238 357 54 214 109 328 354 6 67 424 114 532 577 629 631 650 663 666 692 824 855 866 348 163 304 50 89 656 683 693 772 
39 398 166 208 7 45 461 486 512 669 699 846 878 985 309 16 35 447 795 
148 368 225 241 157 422 439 469 502 568 691 798 883 970 202 55 294 609 681 740 
423 189 389 309 365 237 125 392 737 830 850 862 902 914 928 962 212 303 226 134 357 789 
9 15 226 300 52 201 607 795 876 405 109 190 471 694 
67 238 328 424 552 655 931 205 341 223 467 
271 327 361 117 296 367 266 276 349 127 437 495 540 580 603 648 705 738 920 935 937 954 969 973 975 21 15 251 61 348 496 578 760 841 895 899 929 
349 127 367 117 648 935 975 385 284 827 899 
2 187 57 49 789 913 967 100 786 988 
283 20 529 562 679 698 746 787 810 875 886 904 974 996 126 99 309 487 813 931 953 
14 376 63 447 569 643 721 757 774 780 815 42 210 460 549 888 998 
271 394 432 266 59 326 327 454 522 572 703 738 954 975 18 313 13 505 623 662 880 
288 452 531 746 886 929 974 348 412 695 699 
341 225 428 422 484 566 568 633 691 730 754 811 883 906 949 956 970 976 982 994 89 202 246 159 176 476 577 668 927 
130 351 337 235 311 108 11 38 259 597 614 686 845 927 164 325 372 391 496 668 689 
190 95 273 164 269 321 539 719 910 312 392 618 
39 297 102 350 250 728 891 59 301 420 121 
131 368 34 209 274 43 422 469 484 502 691 700 730 798 864 970 982 994 238 407 340 309 449 646 651 709 788 
79 213 295 413 418 118 245 100 410 193 306 312 475 536 592 601 606 634 653 656 745 777 816 838 847 899 157 319 94 70 531 578 602 734 779 795 890 904 
29 370 32 317 62 2 494 759 881 889 967 35 100 230 577 880 894 
289 386 353 210 28 211 242 383 449 545 717 752 778 800 803 818 830 862 902 914 965 330 143 359 15 404 521 532 595 634 920 
205 179 363 14 219 342 94 436 376 651 721 727 763 794 807 815 195 130 394 427 465 669 723 893 
167 204 104 400 649 822 942 197 536 889 
248 446 392 630 670 709 752 778 818 830 850 872 914 933 443 61 166 285 811 944 
285 35 111 340 50 273 387 192 505 762 901 910 917 936 323 422 99 59 535 667 776 
325 328 214 395 577 655 685 84 130 816 
234 247 288 438 145 66 562 679 698 746 810 875 904 996 208 154 237 481 519 585 
244 303 230 305 578 661 665 696 750 6 519 755 891 
200 3 437 367 394 85 258 151 10 117 327 417 492 540 580 625 675 702 738 792 413 125 331 96 392 697 722 826 889 
138 104 364 195 159 286 359 204 462 483 553 649 664 674 772 790 805 822 918 942 950 310 297 128 407 86 484 665 721 903 912 
7 84 377 250 373 154 474 546 726 728 840 67 419 619 628 782 950 
369 177 106 262 50 181 385 35 308 4 467 539 623 710 713 773 873 957 300 127 94 246 464 659 758 918 
354 325 67 328 532 631 655 692 770 866 931 309 16 805 907 
24 362 211 356 289 313 914 287 12 742 974 
239 183 391 236 412 388 250 196 39 45 272 350 464 474 477 482 486 489 546 557 668 697 832 840 878 903 916 977 984 985 387 78 86 172 436 522 543 550 586 622 623 791 792 798 
208 391 293 297 84 334 425 427 350 373 489 570 668 726 840 891 977 987 306 246 17 462 495 522 861 896 
204 159 240 167 455 359 195 649 674 682 805 822 918 942 237 7 118 461 467 668 817 
74 384 372 547 549 609 617 678 782 323 645 767 965 
350 236 27 39 250 460 546 668 669 832 903 457 540 666 884 
29 399 2 83 31 143 317 813 870 889 895 897 447 598 655 673 685 738 
273 199 35 50 509 710 716 762 901 910 936 395 79 21 723 
340 385 106 332 190 262 140 457 199 95 268 308 387 35 500 509 551 623 707 714 762 773 821 848 901 910 961 247 431 386 5 462 519 609 633 656 678 877 985 
59 117 402 417 593 648 703 705 739 896 975 168 239 475 486 549 815 
422 443 131 146 157 428 341 502 559 568 700 749 883 970 994 122 536 618 659 666 799 886 
100 306 280 213 475 656 745 777 847 899 934 203 243 977 987 
316 32 206 503 583 584 589 881 889 181 430 223 903 945 
136 117 540 580 792 844 920 607 641 905 
330 416 419 191 144 147 221 113 405 277 706 748 783 802 804 819 406 74 124 410 247 551 562 782 
460 154 257 18 250 412 377 290 7 183 456 373 334 222 621 669 672 684 697 878 888 987 143 367 379 507 562 634 724 742 855 951 
470 418 444 118 213 535 536 543 777 816 236 468 52 610 749 
51 86 233 81 292 194 44 479 481 493 504 561 588 595 605 616 632 635 636 640 747 758 799 856 868 439 68 395 275 365 183 327 513 775 778 952 
460 377 668 726 728 846 984 120 285 23 648 
376 94 363 212 643 651 721 815 491 553 723 864 
81 233 51 476 504 742 799 258 691 845 
246 87 314 585 622 735 861 162 422 295 
476 401 51 73 233 81 86 304 493 550 588 616 636 799 817 894 452 278 603 775 792 879 977 
388 27 239 350 460 183 668 173 674 907 
240 455 255 553 649 664 690 831 918 247 154 503 801 
131 439 34 148 341 443 225 157 163 274 488 566 568 610 633 642 691 700 730 749 797 798 841 883 906 930 949 956 970 982 117 83 295 455 129 80 535 569 646 655 911 966 978 996 
409 126 263 281 360 490 497 620 720 823 908 369 668 780 878 988 
350 102 222 427 373 460 161 236 80 668 699 468 185 62 674 717 
165 12 88 126 381 360 409 72 267 281 123 346 490 497 573 620 694 720 729 827 898 349 302 81 419 253 435 645 773 997 
371 484 241 691 730 956 970 590 862 881 938 
183 460 350 398 80 239 252 388 461 18 570 672 728 903 916 984 91 149 229 540 544 704 915 924 
487 346 267 123 30 485 126 1 129 409 331 72 382 88 165 381 497 517 620 660 694 708 720 729 756 808 827 908 972 980 303 44 277 97 404 81 285 91 17 499 569 605 889 
150 337 311 112 143 510 722 845 881 349 478 630 672 800 
151 266 454 271 367 127 520 626 675 676 705 954 87 225 265 635 863 961 
476 51 96 481 616 742 758 799 536 701 761 968 
2 399 445 29 503 599 905 394 596 699 
276 271 432 136 540 603 648 702 960 461 121 512 620 
304 51 86 44 504 576 605 616 627 635 647 725 742 747 758 799 894 243 432 140 440 536 822 861 961 
165 281 331 485 267 126 490 294 487 88 604 729 808 827 908 980 109 330 341 289 777 785 822 877 
39 236 250 84 621 672 699 726 728 891 903 985 423 321 73 671 
81 96 86 175 292 636 733 742 799 350 490 301 
4 467 332 171 710 853 917 40 392 852 
276 394 361 522 572 937 975 51 616 852 
131 371 249 428 469 99 380 157 34 443 559 568 575 633 700 701 730 797 798 806 811 841 883 906 947 949 956 968 970 982 41 342 17 298 389 530 612 793 844 888 918 938 
494 153 29 11 471 187 337 854 1000 250 415 41 483 
86 496 81 479 51 292 476 595 635 636 671 725 733 742 747 758 210 683 764 769 845 914 
106 385 450 538 713 744 762 118 386 437 754 
403 41 76 176 65 563 885 892 900 919 229 285 250 270 424 
73 292 616 635 636 742 799 817 868 251 360 474 598 781 
226 408 52 602 678 736 884 959 964 995 997 119 134 304 544 648 
192 467 466 35 710 713 762 821 936 986 331 523 700 
57 78 112 491 206 153 49 351 316 143 528 583 779 839 845 854 889 895 905 955 967 408 167 123 61 552 647 726 807 910 961 
260 303 55 198 122 578 618 665 696 760 880 50 282 831 859 894 
132 18 80 373 427 613 621 668 699 495 356 313 
265 66 283 234 216 20 288 529 531 886 929 944 974 996 200 476 321 421 725 822 
235 78 584 779 813 867 889 938 273 725 798 880 
330 277 144 358 416 783 804 168 633 928 
181 50 332 762 901 961 986 126 41 561 871 
382 490 165 72 360 30 346 660 694 708 729 808 898 972 185 265 283 313 925 
134 16 168 407 279 185 541 637 741 814 865 263 342 404 560 894 938 
309 229 392 23 101 313 302 544 630 709 803 818 850 872 914 928 467 452 453 568 620 656 950 
85 266 59 492 10 296 877 91 564 947 
230 93 303 415 122 659 771 836 363 446 228 881 
59 437 501 361 339 402 394 327 10 367 540 554 580 648 676 738 739 792 877 920 935 954 975 460 234 285 425 461 602 656 794 902 
226 320 15 202 74 25 77 547 602 609 912 966 997 998 509 418 395 292 413 605 963 
106 385 142 192 340 596 762 848 910 218 198 210 248 651 
337 11 614 870 889 938 958 249 125 345 
247 66 124 527 531 810 886 974 996 368 241 825 
265 526 288 366 234 66 555 562 679 944 948 974 996 334 367 634 703 719 978 
153 57 510 143 32 564 583 870 895 905 955 15 348 322 972 
513 288 435 562 679 785 904 974 996 347 32 883 
210 8 218 23 544 658 835 953 965 183 502 725 
438 366 526 513 875 886 944 979 996 230 444 700 895 
152 426 458 325 291 22 666 866 931 272 446 281 984 
11 370 227 614 789 870 893 913 103 612 800 942 
10 156 326 160 151 339 327 540 554 648 675 705 792 920 201 205 536 666 893 949 
118 278 413 69 475 335 606 777 450 484 389 574 
295 475 306 213 193 245 37 312 69 284 280 100 444 278 601 634 654 656 777 838 847 871 899 934 315 142 496 448 493 15 469 534 849 913 926 
246 87 182 47 390 414 406 585 622 624 735 861 921 990 401 694 874 904 946 960 
190 4 505 50 35 321 628 744 189 274 747 865 
457 50 319 385 369 95 71 441 171 324 231 340 596 608 680 710 716 773 853 957 377 271 263 169 306 640 711 911 931 
454 117 228 59 367 127 200 160 522 136 432 534 472 327 495 349 361 155 70 554 580 648 657 676 702 738 739 768 775 792 920 960 969 971 418 464 34 188 141 309 489 51 639 708 747 831 842 869 980 
16 168 396 64 33 407 345 379 26 103 279 397 518 174 741 865 882 890 952 176 39 412 596 737 817 840 910 925 
246 243 585 622 677 765 861 713 821 874 937 
475 295 69 306 634 656 871 899 999 285 460 584 661 677 
519 530 310 383 545 658 717 928 965 508 377 280 489 775 
392 446 289 544 91 248 850 113 26 794 977 
250 272 464 236 388 183 460 412 456 668 699 764 891 903 984 985 295 146 106 561 591 605 804 
523 77 463 609 782 912 959 250 649 854 
313 353 24 229 302 902 914 963 351 607 808 943 
463 344 110 348 582 600 688 786 966 468 436 657 
304 481 194 635 636 725 799 460 757 938 942 
190 171 231 467 177 719 853 936 957 473 820 935 960 981 
116 431 336 22 325 328 395 82 264 6 424 291 577 590 629 631 650 655 715 866 931 86 309 510 146 559 602 703 845 956 974 
286 204 400 455 483 139 138 167 649 772 831 950 419 293 478 44 824 882 
540 534 327 522 156 402 603 625 935 403 187 591 728 
366 247 288 527 562 679 785 875 904 996 134 383 39 616 771 
123 126 267 620 694 729 756 808 823 194 156 311 814 912 
105 166 460 7 613 840 891 366 281 854 
420 77 61 602 607 879 912 978 998 135 621 693 717 811 
34 469 274 502 209 148 691 751 798 811 841 864 956 968 982 251 397 314 74 552 337 775 
312 100 280 79 278 306 634 656 745 777 838 518 267 11 621 714 
401 44 476 292 616 635 640 725 868 546 516 598 775 891 
115 452 529 555 435 288 247 527 679 698 746 785 787 810 886 929 944 948 974 996 473 474 382 378 4 641 682 742 761 
403 41 92 40 506 842 885 892 926 945 992 79 407 143 223 
58 143 528 32 845 893 938 381 520 634 924 
204 649 689 822 831 918 942 313 15 305 947 
422 131 163 34 393 484 439 610 633 691 700 730 754 806 811 812 864 883 947 956 968 90 87 275 202 132 348 672 887 924 1000 
376 158 251 14 179 363 212 342 205 591 651 721 757 807 815 925 280 404 190 59 170 50 105 622 
241 341 148 469 157 439 502 131 428 484 34 610 700 730 751 798 806 811 841 883 939 956 982 519 55 318 39 2 67 32 728 758 862 903 
375 342 436 643 651 721 734 815 851 35 490 148 484 949 
461 196 183 489 598 668 764 903 985 775 807 859 
318 42 230 215 270 303 578 646 661 696 750 761 922 940 172 150 213 648 996 
437 501 117 258 85 394 184 768 792 920 975 205 340 689 691 808 
360 165 263 281 382 487 294 808 25 794 924 997 
385 273 35 321 71 268 269 901 535 239 726 876 
34 502 700 730 754 811 841 883 281 40 378 741 
81 496 44 86 51 725 799 260 225 730 777 
6 116 352 426 46 552 291 264 354 451 214 109 54 395 328 67 203 590 631 685 770 866 439 401 372 445 413 139 210 651 691 904 
571 453 318 217 303 511 646 659 673 696 750 788 836 852 922 940 432 444 188 39 14 605 677 
77 121 15 602 609 795 833 869 997 388 811 975 
59 367 85 472 454 540 522 417 432 648 705 937 971 375 283 112 714 818 840 
309 386 362 323 210 173 229 242 90 211 717 752 778 928 963 230 385 2 367 264 679 805 
549 25 344 201 602 912 978 303 614 760 
259 187 2 471 510 528 299 599 686 779 809 837 839 867 870 889 893 905 913 938 1000 394 378 14 10 81 256 676 748 844 918 
49 514 150 89 29 399 471 32 143 370 62 227 589 597 667 779 837 839 845 854 870 881 889 893 895 897 913 938 419 543 313 230 141 46 710 800 801 826 965 993 
246 314 87 537 47 374 390 542 182 406 243 480 414 622 677 735 765 861 990 350 452 402 34 376 46 348 905 998 
403 41 65 275 220 21 40 842 885 892 900 909 919 926 989 992 94 81 460 344 100 876 
354 395 203 264 116 424 631 666 866 91 416 719 773 
476 81 481 51 595 635 640 58 721 844 
471 83 36 2 584 62 187 150 351 789 854 889 955 958 136 423 171 392 604 878 
552 114 352 109 577 46 264 325 354 328 655 931 76 219 399 488 204 651 
197 376 205 567 207 375 651 721 763 807 815 554 121 546 190 
444 280 312 606 656 777 816 165 348 770 
10 468 70 266 705 775 920 291 678 856 
394 59 367 127 402 326 361 136 792 960 975 731 747 815 859 
51 73 476 81 588 504 292 616 635 636 647 799 817 856 85 403 303 446 84 988 
50 35 524 539 628 762 821 936 986 283 372 541 494 702 
316 2 584 108 440 32 31 411 1000 320 772 799 
350 39 27 570 668 672 840 903 985 465 347 561 507 
494 153 187 583 2 759 796 845 938 281 367 767 981 
549 261 344 224 355 149 256 267 643 702 750 
536 335 306 444 606 634 654 656 777 816 871 899 383 324 627 724 771 800 
162 300 9 202 97 384 558 420 579 52 523 343 261 256 372 508 133 582 344 149 609 617 638 782 786 793 801 993 444 362 522 35 552 708 731 739 840 947 977 
432 327 200 495 554 160 349 792 935 481 107 224 365 
409 267 497 88 282 620 660 729 827 908 980 311 231 589 824 830 964 
51 73 476 86 496 616 632 647 725 742 758 578 523 490 546 358 836 
444 335 213 601 312 535 592 295 19 69 634 653 654 656 745 847 999 109 133 204 616 679 733 786 811 
322 25 372 320 232 162 9 61 430 558 202 609 639 652 736 786 793 801 959 993 998 252 233 548 257 472 735 805 886 914 
111 324 539 308 35 719 762 362 622 966 
261 149 232 322 348 463 547 607 523 344 162 579 602 121 9 25 639 652 688 782 786 793 795 857 884 912 946 964 981 993 997 183 467 394 349 428 656 681 696 742 772 789 922 923 928 
371 120 568 209 368 241 484 566 341 700 701 730 731 811 841 883 930 939 970 475 308 87 22 677 745 893 950 971 
384 254 25 355 795 801 951 417 33 383 17 
303 169 122 260 750 852 940 398 502 14 533 
236 512 132 154 557 18 984 206 715 848 
351 533 525 440 722 845 867 582 640 752 850 
126 294 12 409 620 720 729 808 908 696 820 860 904 
595 44 86 493 81 292 73 496 605 507 481 194 561 476 51 635 636 647 725 758 799 856 894 204 606 501 274 555 49 648 691 862 870 
15 74 602 463 782 786 912 981 997 129 316 250 189 53 
511 303 270 217 849 880 922 441 469 325 
344 74 149 695 951 981 995 456 139 751 
135 126 485 346 381 487 267 604 1 409 556 331 490 615 382 12 347 281 129 30 294 660 694 708 729 753 756 808 823 898 908 980 75 180 152 519 495 259 623 636 645 726 845 866 982 
512 474 236 498 250 668 672 711 840 558 560 628 
246 585 480 87 243 47 542 314 182 390 537 677 735 765 861 990 9 460 567 608 151 148 123 782 
369 35 285 71 308 181 385 95 50 253 457 467 4 262 321 719 821 843 853 873 957 460 437 350 391 620 81 204 652 828 914 
87 537 246 314 735 861 990 424 389 665 881 
454 554 402 228 117 349 151 258 702 792 920 282 284 9 706 915 964 
492 184 155 327 59 349 775 195 309 404 
81 44 496 304 292 51 636 725 747 124 601 845 
538 319 596 262 687 781 901 621 456 641 891 
395 116 214 552 6 109 264 426 692 866 931 309 272 920 966 
210 519 56 449 313 188 237 248 829 491 74 843 845 956 
552 22 395 46 6 214 114 116 426 336 325 577 328 587 458 315 692 715 866 353 376 96 725 777 836 994 
304 81 605 51 476 44 636 742 2 737 795 903 
146 439 209 502 34 566 131 484 691 700 811 883 956 976 982 171 467 395 394 515 169 640 
79 418 306 543 284 69 312 536 560 444 193 100 601 606 37 413 280 653 656 777 838 847 999 362 7 474 446 342 289 527 564 649 730 839 
51 507 588 476 616 73 401 561 175 304 81 504 550 595 496 96 194 86 636 647 671 725 733 742 747 758 799 817 868 84 492 32 100 242 386 14 261 803 850 919 926 946 969 
635 550 73 86 292 96 304 507 632 175 481 595 51 504 81 627 499 616 194 401 476 647 671 725 742 747 799 817 856 868 257 620 258 185 649 735 834 878 883 889 920 980 983 
16 103 518 64 26 68 397 755 814 865 890 321 269 832 980 
9 602 74 782 795 857 988 46 158 209 
77 202 609 52 607 300 372 261 344 226 15 641 652 678 793 959 966 978 981 28 540 132 187 179 752 918 
86 588 561 304 476 81 725 742 868 350 614 539 633 
15 9 149 639 77 74 782 879 884 966 997 562 628 472 275 230 
484 341 146 34 700 730 982 655 714 748 
212 436 569 478 376 807 859 256 600 949 
23 289 778 803 829 928 965 678 847 857 909 
29 235 32 187 311 881 889 463 353 487 620 
305 578 215 415 303 244 571 198 93 230 42 122 217 260 661 662 673 693 696 750 760 761 771 788 836 849 858 880 443 342 73 227 484 699 730 866 901 930 945 969 974 
496 635 73 595 233 636 605 304 81 616 292 725 742 758 799 817 381 204 510 270 663 784 804 965 
3 276 59 85 432 468 417 495 367 271 70 522 580 540 266 327 433 534 676 703 705 738 792 877 896 920 954 971 98 616 571 307 477 357 148 422 508 281 862 921 997 
159 455 167 139 565 286 138 223 553 483 359 195 462 400 364 448 664 674 682 689 690 723 724 740 772 805 822 831 874 918 942 950 133 51 363 46 636 634 290 378 547 708 726 853 863 966 
426 22 552 82 328 395 336 692 866 387 411 844 933 
63 205 375 179 207 301 342 363 14 376 567 447 591 212 478 197 569 721 727 734 757 774 780 794 807 815 859 925 590 357 2 524 577 443 77 702 861 922 932 947 
9 201 384 607 232 378 348 639 300 121 320 609 408 149 695 795 801 879 623 333 255 375 83 800 827 901 931 
444 19 606 69 634 118 338 777 871 29 396 226 319 935 
335 413 213 536 601 606 777 372 116 840 960 
328 152 431 291 590 82 451 46 116 325 67 238 552 352 458 663 824 866 465 138 260 484 211 642 880 918 
592 418 213 536 634 306 338 606 280 19 284 444 560 543 245 37 79 470 278 410 295 601 413 745 777 838 847 899 934 999 346 106 522 609 426 330 467 195 373 424 519 267 852 903 
394 228 117 59 402 540 151 3 705 739 775 792 844 920 923 314 369 549 131 236 668 931 
309 544 91 530 737 850 862 965 292 115 864 982 
270 122 215 75 578 93 303 230 217 521 169 661 662 673 693 696 750 761 858 880 922 457 271 404 268 128 469 68 717 752 897 
490 347 1 281 88 620 517 604 708 729 344 709 738 750 
169 415 55 215 659 571 453 230 217 646 760 771 849 852 863 880 543 54 179 190 395 187 730 
646 230 659 169 665 681 693 828 30 174 437 358 
357 655 395 426 328 22 109 46 116 325 82 824 866 146 329 327 397 377 647 
455 138 240 286 483 359 649 204 805 131 58 94 48 
453 662 169 511 750 849 852 455 120 624 
532 426 587 46 325 824 866 534 469 464 
112 143 2 584 893 897 905 226 450 292 765 
598 486 477 290 512 132 252 257 222 621 460 570 154 464 421 166 461 482 373 546 7 684 699 726 820 840 846 903 984 985 439 657 400 95 485 409 462 440 701 705 782 942 992 
250 474 297 464 427 293 672 684 728 977 987 149 108 447 866 
449 211 309 365 717 752 829 928 62 286 700 735 
635 51 504 636 73 86 44 799 894 191 498 64 770 985 
598 39 669 377 474 498 621 421 196 27 183 250 236 398 132 489 832 840 891 903 977 268 32 302 108 566 491 147 814 950 
305 169 659 270 578 646 55 260 681 750 836 858 922 195 46 465 133 259 979 
649 204 255 455 462 195 689 723 724 822 831 918 84 95 179 486 183 482 
367 127 454 534 258 160 492 920 960 294 204 1 972 
522 648 136 540 492 276 702 703 896 583 906 968 
246 585 87 542 622 314 735 765 861 288 578 610 543 797 
149 224 254 52 508 344 639 463 201 15 776 857 912 988 593 467 109 644 395 726 962 
288 562 529 366 435 247 216 452 555 527 115 145 265 698 732 746 785 810 886 904 929 944 948 974 996 606 289 91 330 581 167 727 730 796 927 
539 321 35 285 140 262 961 5 122 25 905 
673 662 75 270 303 230 750 428 164 609 117 
204 195 462 649 60 138 359 286 167 772 790 874 918 950 344 562 355 267 954 985 
2 89 150 299 839 867 881 893 938 504 379 426 277 118 
222 297 250 161 474 668 39 7 669 711 726 764 891 903 732 744 792 870 908 988 
291 451 357 577 328 315 325 184 269 178 465 
112 583 440 235 32 796 845 907 913 175 122 705 818 935 
95 308 628 50 106 181 285 834 910 175 126 870 941 
372 25 549 61 121 609 776 966 981 80 183 814 
60 195 139 400 649 167 204 674 104 565 359 690 740 772 822 831 918 950 239 572 127 196 132 394 440 927 975 
649 204 364 689 104 167 195 483 359 723 874 918 942 950 144 417 4 50 707 985 
368 209 428 633 484 439 249 488 566 131 163 443 559 341 393 700 730 731 751 811 812 883 906 930 947 949 956 968 970 982 616 577 278 303 268 479 280 180 28 328 345 572 408 923 
650 203 426 458 424 631 395 291 629 866 931 372 772 892 957 
646 662 659 93 198 696 836 426 100 558 846 
517 165 126 267 556 281 381 409 135 123 620 294 282 263 490 347 346 30 72 487 708 729 753 827 980 46 359 112 209 537 385 430 741 815 887 914 928 
652 226 619 372 420 15 776 959 964 966 981 330 438 271 890 956 
646 270 122 230 511 453 93 571 260 578 693 659 42 215 760 836 849 852 858 863 880 922 116 609 239 615 208 40 328 238 373 292 
252 84 474 239 166 460 350 699 711 454 101 936 
216 679 435 562 288 234 283 452 20 746 785 787 875 886 904 929 948 974 996 304 290 51 724 788 799 807 
239 498 427 18 161 546 486 154 668 697 183 421 132 512 728 840 846 903 984 438 137 320 127 494 211 148 646 776 
34 566 209 341 633 443 148 131 502 371 422 225 469 642 568 146 575 484 610 691 701 730 731 751 754 811 906 939 947 949 956 970 531 52 239 418 670 509 202 28 250 367 807 905 928 965 966 
700 368 502 131 610 811 883 956 668 493 920 959 
160 155 417 117 367 540 59 128 10 402 676 495 156 454 394 625 349 739 775 896 920 923 935 937 943 954 960 969 651 600 387 353 9 596 229 708 766 817 818 875 978 
117 648 437 468 266 676 155 156 349 739 792 971 343 552 312 527 755 940 
16 26 168 397 134 279 103 741 890 983 125 90 489 728 944 
349 593 648 534 492 155 580 184 657 432 59 468 3 327 920 935 937 960 686 668 198 274 76 73 723 762 922 
330 473 404 144 419 17 221 307 358 277 748 767 804 991 360 68 625 210 904 
269 332 199 268 467 744 853 690 809 918 
620 660 346 347 165 409 129 694 490 517 126 360 720 729 823 908 980 602 540 36 239 380 702 649 953 
519 449 362 386 211 237 928 443 151 660 904 
509 457 269 111 500 539 466 190 324 369 744 109 420 584 870 902 925 
684 222 697 621 27 250 84 764 766 891 985 140 539 307 763 861 
257 239 27 183 334 166 728 313 210 901 
457 509 505 106 140 308 190 369 253 821 901 961 280 542 386 114 818 918 
285 71 253 50 321 262 467 385 171 744 821 853 873 957 642 166 560 580 289 
552 46 119 328 631 238 866 931 613 107 827 890 
285 466 539 140 268 387 186 308 71 719 843 57 292 108 912 
90 323 229 310 237 91 356 670 242 8 211 353 581 386 544 446 125 24 189 389 737 778 800 803 826 830 850 928 962 965 216 659 486 144 558 330 138 141 115 285 725 984 
288 247 115 785 904 944 996 286 815 903 
137 623 273 4 716 608 171 308 385 95 551 186 441 387 164 762 821 834 910 957 986 284 587 76 34 343 25 527 104 922 993 
126 490 88 282 487 267 409 485 615 708 729 397 82 34 914 921 
376 651 363 375 436 94 205 179 567 207 447 569 301 591 219 197 478 727 763 774 794 815 859 588 419 201 274 222 455 817 870 881 993 
259 614 11 2 491 887 905 454 739 752 
649 255 364 690 60 674 138 195 204 167 724 772 805 822 874 918 466 67 447 705 272 308 478 912 
649 204 286 104 674 195 139 723 790 831 918 144 601 698 474 948 
194 44 561 635 550 86 616 504 640 647 81 496 576 636 51 605 304 627 758 799 856 868 894 514 631 221 131 513 530 717 821 889 911 994 
166 105 684 456 239 297 425 250 498 18 668 461 477 39 377 728 766 878 903 977 985 116 620 678 649 73 574 370 510 889 
651 376 375 205 447 197 721 734 757 763 807 815 859 925 9 679 82 768 857 866 
334 252 373 132 39 477 18 669 699 726 498 377 712 489 250 329 442 456 45 840 903 916 984 288 271 704 126 375 203 554 568 738 743 815 
360 490 282 615 165 556 604 660 72 620 381 409 267 694 517 347 720 346 487 708 497 908 972 40 27 278 36 202 782 869 938 974 987 
148 484 691 34 341 99 642 568 439 575 146 488 566 502 443 610 274 700 811 906 947 949 956 970 982 25 661 634 283 646 679 576 782 795 853 960 
341 700 691 393 249 34 131 225 163 610 749 754 806 811 883 930 968 970 976 982 35 197 594 602 278 913 945 972 985 
679 216 247 288 886 974 996 416 684 830 
504 86 499 81 635 742 799 606 11 940 
251 179 727 375 342 212 569 219 651 14 774 807 815 83 23 444 327 183 174 
246 585 314 87 622 480 537 677 374 47 243 390 414 406 624 765 861 921 636 325 607 204 670 840 961 982 
232 508 384 15 607 74 876 762 766 965 
717 658 125 248 189 309 211 210 101 429 752 800 850 962 632 83 541 791 810 816 874 
540 59 432 454 184 200 339 155 522 437 394 648 739 775 844 877 935 465 660 359 728 808 839 864 872 
349 266 361 738 522 702 258 540 156 59 136 703 228 394 657 468 127 402 775 792 923 935 975 188 182 221 602 253 722 51 61 5 750 
649 689 167 60 138 286 104 139 204 364 831 918 376 428 902 962 966 985 
16 397 541 279 518 64 33 396 704 185 379 407 814 865 890 983 199 694 40 264 286 575 
507 635 493 499 292 640 81 733 73 86 479 605 632 647 636 233 496 44 175 504 799 474 459 562 609 782 788 935 993 
330 416 17 404 358 144 172 191 277 783 819 215 728 417 920 935 
340 714 199 385 171 707 710 505 538 95 957 306 684 883 990 
606 413 37 338 470 444 278 656 280 560 999 302 610 769 882 886 923 
115 247 66 435 234 452 562 145 288 679 698 438 875 948 974 996 409 215 74 138 51 31 752 842 
636 504 292 635 496 476 627 538 540 594 992 
330 221 191 419 404 473 706 53 783 791 991 642 583 761 762 
241 484 34 469 157 731 341 797 949 982 331 323 475 924 932 
169 578 260 55 612 215 93 646 673 217 122 571 270 75 681 303 198 665 659 453 760 761 769 771 836 849 852 858 922 940 200 211 234 348 739 136 660 600 421 9 29 753 782 881 
163 700 559 341 568 691 947 968 970 365 292 150 619 807 
173 389 302 353 449 446 737 362 392 189 23 423 581 670 229 28 383 778 800 826 829 830 835 914 933 963 268 614 722 639 659 746 288 761 836 885 
126 30 620 694 381 823 972 750 830 967 
731 439 575 700 566 43 393 341 148 422 930 939 949 970 137 505 402 344 159 790 
16 397 396 279 185 637 64 134 814 890 952 352 24 453 338 703 
490 263 556 620 827 898 908 365 413 182 
567 205 651 727 436 815 925 168 550 968 
504 476 635 616 44 493 175 725 647 81 605 86 496 799 568 457 264 17 53 899 
89 150 130 599 235 29 317 445 907 1000 395 334 157 233 865 
696 244 511 646 750 661 303 880 432 582 905 913 
646 571 122 169 659 215 750 828 836 858 940 493 70 748 562 752 
142 719 137 505 450 608 509 524 177 171 596 516 324 467 466 262 821 901 961 986 421 57 191 736 236 153 705 748 847 
376 447 158 721 251 207 591 363 727 179 794 807 815 859 183 231 267 167 711 125 986 
546 425 684 250 222 183 711 39 239 236 570 832 840 846 878 888 916 985 326 107 504 88 792 815 856 963 979 
246 585 314 542 87 735 677 622 861 239 401 667 
711 329 239 183 726 350 840 144 736 702 155 
147 416 706 98 419 330 783 463 599 798 
394 572 540 349 228 271 402 877 365 727 28 970 
750 270 303 169 55 198 771 504 745 830 
354 458 328 395 577 325 866 671 229 592 218 
661 750 303 769 521 646 880 555 308 601 953 
649 553 195 723 159 139 204 455 689 682 805 831 918 942 950 692 134 274 609 597 426 351 
321 457 539 111 269 106 467 853 961 986 487 217 264 587 819 
342 14 197 721 734 436 375 63 651 807 815 39 193 829 850 956 996 
626 739 702 593 657 156 160 367 738 540 155 394 417 258 825 920 923 935 937 559 355 544 481 570 112 561 476 910 
678 254 695 202 15 9 688 876 966 993 997 279 27 699 450 847 999 
338 213 444 535 410 653 654 475 245 634 536 118 278 312 418 19 592 306 656 601 79 193 470 413 560 899 999 403 400 631 397 497 111 10 71 576 793 796 997 
386 392 752 644 210 23 248 173 91 449 581 717 383 446 830 850 872 962 277 359 381 476 396 792 937 958 
337 583 112 514 510 83 187 584 32 2 789 867 893 1000 186 219 444 157 64 983 
436 651 94 251 376 807 815 13 165 485 
308 35 164 628 285 848 936 961 67 507 886 922 
609 74 372 344 320 322 602 232 348 638 617 9 547 463 256 641 833 912 966 988 993 668 750 622 195 456 729 473 742 730 
172 144 419 191 404 113 416 330 748 107 17 473 743 515 767 791 804 819 915 292 149 167 328 160 84 244 845 982 
72 126 267 30 347 808 823 647 262 982 
698 718 679 529 562 145 555 288 996 497 811 851 
378 320 549 25 232 609 15 344 617 420 607 224 602 121 9 202 801 912 978 434 171 222 91 606 205 957 970 985 
562 435 288 698 886 929 996 187 291 827 
578 75 415 646 303 122 880 742 698 443 
589 32 434 227 62 533 58 411 29 779 143 337 187 49 11 108 881 893 905 913 938 429 609 65 803 866 902 935 948 957 970 
682 455 724 195 359 918 942 950 754 216 
358 419 172 221 748 404 783 98 277 330 144 287 416 804 240 737 460 327 837 
326 367 594 472 128 625 648 258 657 117 10 739 59 402 703 156 136 522 603 394 85 534 540 155 454 572 896 935 971 975 92 764 481 460 307 684 305 370 778 235 219 897 965 
607 602 52 378 639 609 408 988 997 777 502 161 896 
212 651 447 721 763 807 815 545 522 573 155 
201 121 25 52 611 579 652 638 609 430 15 9 884 912 959 966 427 332 632 444 2 730 875 
227 311 599 686 143 150 2 813 889 893 958 229 777 679 418 928 
380 371 274 502 484 749 34 811 949 677 262 842 847 963 
559 568 131 484 341 380 502 34 443 428 947 127 767 71 514 460 
507 550 81 51 496 86 733 479 493 499 647 175 44 481 233 476 616 742 292 595 671 636 635 758 725 73 576 868 47 698 469 309 4 325 10 597 215 15 811 937 961 
717 446 211 237 309 229 752 737 392 389 248 914 962 652 85 601 491 533 584 
786 344 372 162 611 77 652 61 607 602 912 988 993 997 211 584 78 483 32 
144 473 419 277 221 404 416 163 226 270 
56 446 24 289 365 333 392 519 309 717 362 90 644 850 862 914 924 962 250 154 277 363 789 349 635 871 
330 416 144 419 405 473 17 791 706 515 98 358 147 172 307 221 783 911 915 932 991 407 161 253 647 61 546 62 860 973 
723 240 159 772 195 167 223 649 462 664 455 286 60 822 918 942 607 253 458 581 296 997 
502 566 568 731 131 34 274 906 982 205 28 879 927 
591 376 780 375 567 727 342 651 363 763 794 774 179 63 205 447 734 643 815 851 859 751 328 698 700 110 510 570 936 989 
620 517 409 170 281 30 615 490 784 135 282 267 382 573 497 126 556 898 548 572 374 738 211 414 256 830 866 
235 32 153 2 583 881 913 51 707 861 
435 679 452 283 526 562 288 904 929 944 979 996 219 737 865 951 
633 341 575 568 209 559 566 502 610 701 368 34 731 131 691 43 797 422 120 700 393 439 730 812 864 883 906 956 968 994 606 799 204 397 321 449 409 358 579 785 558 815 835 973 
34 811 691 99 249 566 131 956 970 227 187 22 892 901 
351 36 796 514 337 465 913 102 269 435 
16 397 345 407 741 64 68 755 5 134 103 518 637 141 865 890 952 140 300 672 688 556 93 885 929 
651 734 94 721 205 807 447 375 342 763 727 569 363 179 376 591 301 14 212 63 219 158 478 251 794 780 757 567 774 207 197 436 851 859 925 728 811 232 38 594 349 330 718 764 468 694 229 91 841 986 
444 475 601 278 193 592 899 737 451 928 
304 636 81 647 595 51 635 86 507 175 194 481 401 868 397 702 95 721 462 541 
211 229 446 23 91 309 386 248 519 449 965 686 713 580 702 845 942 
330 416 419 743 473 113 98 783 397 773 156 318 
183 84 222 334 668 903 985 551 615 29 931 
509 321 719 308 171 35 714 50 467 137 186 623 713 387 71 762 596 369 848 917 936 961 986 83 725 138 237 542 18 39 358 879 931 
455 689 723 462 448 195 674 204 167 649 565 805 874 918 150 497 513 206 496 280 
485 708 753 347 294 165 126 784 556 620 980 303 43 116 93 172 
655 426 666 116 328 214 663 604 23 553 
367 349 775 3 200 59 155 973 975 526 886 941 957 
356 717 309 752 229 830 902 454 6 584 
604 165 756 281 72 497 129 694 490 347 487 126 170 908 787 259 715 405 433 652 961 
761 305 662 852 880 922 940 623 174 853 
630 752 392 23 248 309 386 313 298 101 644 670 862 914 184 774 183 192 900 910 
446 752 309 386 826 289 178 91 717 248 429 298 23 211 24 302 353 189 333 28 356 449 778 928 963 965 769 288 604 732 169 753 808 832 833 916 974 977 
553 674 483 772 565 204 649 689 724 286 740 918 942 288 172 540 264 511 974 
764 272 183 464 672 239 460 250 391 891 985 637 830 416 875 
348 344 74 579 300 149 782 246 830 29 914 
719 285 142 199 687 71 171 843 901 957 343 60 636 131 975 
289 365 309 237 752 530 28 872 924 114 379 348 811 
750 217 578 42 230 696 646 761 244 673 693 521 852 922 605 377 165 752 396 631 167 
584 58 583 187 299 153 927 59 791 885 970 
444 312 278 634 410 536 560 656 213 349 906 937 965 
130 584 38 399 510 683 583 89 351 738 341 634 888 985 
84 412 425 668 461 297 699 293 373 764 728 460 598 27 672 250 621 80 350 456 766 236 39 557 846 903 916 977 984 987 127 580 735 233 121 66 314 541 654 602 870 880 966 989 
131 120 559 484 241 568 368 157 575 225 610 163 422 148 502 906 930 970 815 112 432 424 16 892 914 944 
403 41 21 40 586 92 76 275 563 885 892 919 945 992 269 797 746 121 402 540 843 
111 190 716 387 199 332 142 623 834 986 127 842 630 867 989 
738 128 472 657 10 326 361 156 877 896 920 935 943 960 588 273 502 650 583 209 904 
686 614 187 58 311 564 2 584 599 48 32 31 491 440 150 510 130 235 57 854 867 887 893 895 907 927 955 504 166 552 122 783 627 818 144 309 620 630 479 
477 427 668 764 39 840 699 37 693 969 
656 634 418 536 280 606 284 213 470 444 193 899 999 776 204 386 56 797 762 644 876 
308 385 467 821 262 369 71 285 321 781 332 524 853 873 910 986 172 402 218 613 167 883 952 
665 618 169 696 750 303 42 198 305 661 646 403 191 131 536 867 970 
803 392 778 449 173 658 211 519 389 429 248 23 229 717 383 56 28 545 125 91 737 365 188 862 924 928 962 149 16 635 244 217 153 183 774 214 614 935 
815 179 807 569 219 212 376 306 785 935 
42 55 665 303 93 578 661 230 612 836 696 828 415 750 863 922 126 336 309 501 656 500 881 
623 848 539 551 707 50 500 385 192 35 773 332 714 13 917 957 60 730 32 649 266 828 964 968 
83 589 510 584 187 503 845 860 870 897 913 557 547 918 956 
82 109 6 426 395 328 866 202 178 474 
636 81 292 725 595 476 51 616 593 764 419 954 
678 121 609 638 344 9 372 149 966 988 997 17 88 340 727 644 34 
673 761 696 303 318 659 169 750 646 940 10 25 264 69 995 
815 643 342 721 14 807 219 205 651 727 763 594 300 570 511 996 
351 57 854 187 2 49 881 897 615 376 804 211 
246 585 314 735 87 622 537 47 765 677 390 243 182 624 542 480 414 406 374 921 990 809 496 651 188 264 291 15 144 711 461 
323 91 658 28 229 313 210 850 289 429 803 829 446 965 63 488 568 616 648 910 
303 696 852 305 244 661 880 492 222 649 387 
209 559 566 443 811 968 970 738 478 658 213 
16 397 185 541 741 407 134 345 379 814 64 637 174 518 33 890 952 983 89 810 126 759 147 167 121 538 149 950 
328 325 532 291 631 770 692 264 352 655 666 357 6 426 54 395 552 46 116 119 577 629 650 663 587 855 82 424 715 67 152 214 458 931 302 45 620 344 727 35 808 789 646 669 24 59 122 965 985 
779 32 614 683 514 583 845 907 849 63 843 956 
817 561 799 476 635 73 507 725 636 640 91 206 100 265 931 
97 61 52 579 344 74 995 540 402 729 
78 36 259 57 583 528 351 533 29 32 465 525 854 584 299 881 893 907 913 958 967 687 684 168 721 840 616 710 246 918 949 
653 543 601 410 213 536 899 803 252 516 993 
449 519 23 835 211 778 189 269 50 738 917 
623 35 285 457 848 714 340 936 961 237 90 163 945 
649 723 364 138 286 690 167 682 822 359 918 542 537 320 737 279 885 
435 247 216 698 283 531 452 555 746 974 979 996 832 43 795 702 373 181 
74 430 776 420 736 879 912 964 966 586 847 574 928 
768 844 520 738 522 648 935 2 467 497 
377 250 183 102 726 350 460 764 239 427 474 903 977 985 636 253 485 589 392 319 982 
74 558 121 641 9 652 344 876 959 993 806 821 481 279 961 
696 646 230 661 618 270 760 771 75 169 511 659 828 55 863 217 788 922 422 655 445 437 27 390 840 16 514 
259 789 870 584 491 683 860 809 206 370 445 471 645 889 893 913 938 958 750 400 721 624 92 488 247 521 852 
16 68 168 397 134 541 890 70 745 553 
34 568 148 274 575 368 610 428 691 163 469 502 566 701 811 241 131 422 731 633 209 484 439 157 906 949 956 976 252 636 529 219 177 116 394 848 744 884 960 
641 149 609 322 508 795 981 883 464 214 
403 41 40 586 842 220 76 21 65 563 275 92 506 892 900 909 926 941 945 989 992 752 279 2 89 837 166 874 267 814 935 
247 679 435 438 562 526 513 234 265 732 531 216 283 124 698 787 66 944 996 781 469 90 175 52 18 825 607 745 
83 32 187 845 112 722 913 566 393 694 
183 239 329 474 764 377 903 916 985 839 171 436 502 
589 583 317 411 57 32 881 206 445 645 584 150 514 465 227 83 510 471 399 29 525 62 796 927 1000 45 490 61 636 448 248 113 454 726 725 901 999 
16 397 541 134 33 5 865 814 64 755 26 345 279 704 741 407 141 882 168 637 952 695 444 310 247 325 285 259 715 296 965 
672 498 183 236 832 208 546 557 684 442 84 239 461 711 903 985 198 453 561 628 155 138 381 347 
403 41 220 885 586 563 842 506 21 40 92 275 76 900 909 919 989 992 692 69 812 230 225 841 22 942 
779 564 683 789 845 796 83 62 881 667 870 533 337 583 584 907 913 938 534 304 447 43 175 610 398 226 912 
73 616 671 481 725 496 292 518 445 511 
584 465 528 130 510 845 337 531 329 432 
702 792 155 844 468 349 676 648 935 943 954 975 84 461 171 793 86 289 
854 31 32 860 465 143 206 667 584 913 927 792 297 659 367 988 
487 517 756 808 620 381 980 416 26 948 
280 656 543 816 413 470 118 601 871 777 536 444 295 100 847 338 934 229 8 433 758 432 241 932 981 
403 41 885 506 40 220 586 892 989 992 829 957 965 
319 834 713 273 574 450 50 466 13 35 516 467 762 387 628 332 269 262 285 917 936 957 812 55 646 652 213 143 712 889 905 938 
101 389 429 362 548 229 826 446 914 710 522 369 740 789 
460 840 820 672 27 684 39 398 293 498 388 391 239 546 7 726 878 668 699 888 464 489 350 598 373 297 728 45 570 132 183 425 891 985 656 455 300 718 471 113 568 375 63 149 119 632 934 980 993 
529 718 452 20 555 810 435 698 115 66 679 366 948 996 615 577 444 537 706 844 709 
36 49 108 130 32 316 411 11 494 789 187 510 2 722 667 583 337 528 913 955 1000 139 680 85 901 700 472 585 760 
700 883 131 841 209 811 484 730 148 502 439 806 691 120 368 956 968 982 325 19 59 287 838 676 377 108 
845 370 867 187 686 759 870 893 32 227 967 482 312 284 30 458 
497 708 604 490 827 263 620 382 729 281 88 409 1 615 30 381 485 756 972 213 149 74 211 327 14 684 920 975 
403 41 885 40 586 76 892 65 919 989 992 367 232 391 644 
95 719 181 848 441 524 466 385 687 467 450 917 961 986 360 183 510 862 829 541 775 
330 307 804 17 53 191 172 725 484 411 539 
617 162 343 149 786 876 547 232 133 523 300 52 202 801 678 110 97 201 344 74 782 320 15 61 25 348 609 180 582 558 795 946 978 995 997 455 723 382 286 337 34 108 893 83 556 213 716 926 958 991 
897 351 533 108 686 48 143 870 206 227 83 434 813 130 887 789 809 854 893 881 905 583 411 584 187 1000 9 536 30 72 111 116 731 40 257 760 222 956 
449 829 28 459 310 446 90 333 229 362 519 752 548 23 429 309 353 210 800 902 211 803 188 8 720 607 504 694 841 833 623 393 44 
330 98 277 419 358 804 405 172 783 404 416 991 265 489 625 413 5 970 
888 489 350 764 728 460 840 179 35 830 335 
192 321 901 500 910 450 853 262 821 872 210 291 942 
649 204 138 359 455 689 790 159 874 831 805 772 223 724 674 462 682 167 740 565 195 139 483 240 723 400 690 822 942 950 502 457 639 854 655 98 285 165 184 870 583 707 713 
403 41 506 176 275 909 586 892 65 842 40 941 945 989 396 635 207 346 375 240 
534 276 702 394 593 844 775 85 705 432 367 472 59 625 349 10 657 155 128 156 675 522 402 572 327 540 648 923 935 937 943 954 960 971 975 423 636 396 248 95 93 76 743 629 908 446 701 958 985 988 
861 246 537 314 735 182 47 87 243 343 720 11 648 
55 750 93 169 673 880 75 578 260 836 828 852 618 571 215 318 244 42 659 696 305 328 651 57 781 609 719 368 705 116 413 
775 367 702 739 349 117 127 657 920 327 935 154 691 609 354 745 
218 835 392 383 309 850 23 803 313 928 965 112 573 489 749 566 564 
815 375 757 376 727 651 567 541 710 517 202 
403 41 885 586 92 275 40 563 992 635 912 368 536 
259 143 299 130 29 112 150 317 57 845 897 440 2 837 889 967 439 806 308 1 689 81 679 
544 670 309 644 924 362 211 429 125 717 850 218 519 189 383 188 210 830 581 709 90 248 389 963 965 700 876 515 796 816 156 266 288 609 694 936 
562 513 698 66 438 679 810 787 996 214 297 432 814 950 
731 484 841 610 131 691 754 947 956 360 54 646 962 
114 214 46 109 152 590 315 431 357 715 866 552 119 629 692 395 328 325 22 458 532 821 539 276 652 820 153 435 868 657 936 
330 191 804 221 144 419 17 749 899 651 
91 248 211 229 449 386 752 414 315 650 939 
213 899 470 100 284 536 656 903 26 296 28 
775 402 258 117 738 877 844 70 603 127 339 432 792 433 271 10 554 923 394 522 705 128 739 920 266 367 896 702 327 937 975 144 653 385 246 157 199 743 742 885 551 851 789 850 686 
873 781 596 466 450 901 190 262 821 321 4 551 369 177 308 35 509 285 986 697 931 250 330 807 354 82 928 993 
326 580 349 432 258 128 59 705 266 775 501 935 920 702 778 325 838 799 542 957 
411 881 584 48 599 683 187 789 112 583 525 83 370 32 893 564 89 514 8 550 502 191 488 901 518 729 
700 568 610 34 754 131 422 956 933 29 309 980 
761 828 571 122 612 750 578 858 703 733 136 944 
403 41 885 919 21 76 992 105 687 47 825 
649 400 240 167 772 918 831 255 790 286 805 455 204 565 690 223 448 462 195 138 950 182 818 668 533 550 383 917 892 35 
920 85 702 844 136 896 326 548 376 351 
513 679 718 886 562 247 531 288 366 527 283 810 974 979 449 236 841 376 940 704 260 
403 885 65 563 842 919 992 471 731 646 873 
226 378 912 25 180 609 951 635 245 537 949 
566 700 225 751 691 930 798 502 34 730 274 982 565 203 651 520 602 345 
679 288 904 746 562 20 698 115 527 974 996 724 2 898 789 
883 700 43 34 148 163 730 99 484 131 439 502 691 797 120 749 754 956 982 534 870 156 111 395 946 643 83 569 
689 455 690 195 649 223 942 139 204 682 772 60 138 553 918 790 865 456 519 610 672 929 246 
946 300 611 619 74 202 993 810 474 977 
16 397 541 890 279 814 755 345 407 865 396 983 285 381 242 476 848 422 
323 28 530 218 313 386 289 771 708 435 
402 896 437 920 160 492 432 702 648 522 975 856 383 54 333 682 202 
510 528 259 589 31 905 845 86 293 194 24 
131 484 633 274 120 812 209 700 949 502 701 148 939 730 439 811 488 146 568 883 930 691 341 566 163 906 559 371 225 982 630 913 552 695 160 303 45 362 774 181 867 854 21 975 
321 457 13 744 539 192 186 834 623 308 853 719 551 714 35 901 95 190 986 386 789 900 692 825 786 93 937 304 
36 370 525 89 112 49 589 187 78 57 796 881 870 399 218 778 912 368 169 920 402 
508 547 639 202 695 795 133 879 607 701 187 221 
844 675 594 394 127 702 705 540 495 920 654 537 883 551 730 
781 821 106 773 171 873 713 516 467 50 285 762 680 273 308 269 910 35 986 827 492 879 496 735 336 258 799 510 
717 778 90 178 800 850 211 737 423 173 803 188 289 429 678 213 247 740 397 930 
101 830 248 356 752 383 28 928 178 298 581 229 23 173 211 548 386 154 250 523 764 797 213 297 976 
320 202 508 609 695 133 876 226 997 604 853 625 331 
392 309 818 188 362 928 717 644 544 211 423 356 530 830 210 924 862 658 242 446 28 229 91 189 289 237 8 838 52 792 866 890 900 463 736 363 584 647 700 
523 795 639 420 776 348 857 641 688 226 782 52 549 695 25 876 355 978 608 238 840 700 629 649 484 209 740 
2 907 510 58 870 32 434 927 445 359 76 327 288 753 
368 731 163 502 274 864 131 566 691 811 371 751 906 559 853 493 676 355 757 176 1000 
127 10 702 367 540 117 432 266 975 635 846 646 9 
731 502 131 488 751 610 443 439 428 864 469 43 163 422 146 484 812 691 700 841 754 730 982 26 768 837 849 789 915 786 975 986 
703 85 540 200 127 361 580 648 59 792 920 7 392 610 97 416 
490 381 753 170 908 729 409 88 517 126 980 528 312 302 731 675 369 
3 85 432 394 200 825 975 7 804 109 811 
438 679 288 145 527 435 875 513 944 265 283 948 698 529 746 562 526 366 732 979 996 296 831 459 830 729 328 552 646 
896 432 437 433 258 417 326 973 969 155 792 136 522 594 920 739 572 117 156 271 501 954 468 825 935 834 180 403 908 970 310 579 689 956 285 982 
341 274 34 633 731 883 439 963 216 15 
250 878 669 460 388 726 373 461 183 239 672 840 236 84 984 602 830 240 481 951 470 545 
639 256 97 15 52 912 582 149 261 786 344 372 9 202 558 966 61 288 484 411 345 702 527 
247 531 810 974 875 944 996 386 164 673 764 
360 604 165 694 708 497 823 72 294 409 331 490 898 267 972 347 170 620 637 636 939 540 273 285 903 183 143 
639 884 408 61 688 619 9 695 617 609 993 599 899 551 229 3 317 
956 906 633 249 806 559 241 341 368 970 568 443 163 691 484 730 439 642 731 947 749 34 949 502 43 994 31 620 658 878 262 306 350 375 975 735 784 783 
16 397 865 952 704 185 407 134 741 636 779 249 228 
39 132 18 297 699 222 250 477 840 290 489 102 460 257 183 728 613 668 546 977 985 114 267 85 717 532 211 67 275 993 
498 711 208 39 764 421 878 820 891 427 888 183 598 832 398 84 350 222 570 546 27 329 290 293 460 726 250 903 239 984 7 425 668 373 102 866 786 231 731 139 682 303 740 671 407 690 244 467 920 839 
106 177 387 509 142 596 910 253 773 285 111 719 936 957 516 35 843 961 762 848 821 121 763 119 314 815 281 970 995 
474 290 239 373 461 669 840 359 364 729 470 
857 149 782 678 25 801 52 61 638 793 348 993 684 897 434 595 485 920 
403 40 909 892 919 586 885 65 900 992 843 366 807 261 840 
861 246 585 314 390 87 622 624 537 744 320 132 367 
330 416 404 915 706 144 804 277 748 334 235 912 
403 892 885 989 586 40 909 220 945 275 563 65 21 176 900 842 41 926 76 92 941 297 668 408 82 102 292 358 747 118 
951 25 254 879 602 202 344 607 61 782 420 988 52 801 201 224 776 408 609 226 9 981 15 936 871 742 721 719 984 584 23 903 
982 469 443 811 439 274 99 337 631 725 
322 508 869 912 619 25 998 402 986 858 103 
679 288 886 718 452 283 555 234 787 904 247 979 435 527 698 810 948 513 145 929 974 124 531 875 366 785 20 562 265 216 115 529 526 732 746 106 61 47 326 484 774 317 342 122 74 57 369 571 859 297 
523 793 579 15 609 912 232 226 801 149 508 857 408 384 201 641 202 617 420 372 964 776 140 112 291 777 487 648 573 57 805 35 
226 558 256 15 995 607 61 52 344 523 384 102 13 144 436 187 585 
777 656 634 847 306 606 413 543 745 123 776 126 332 889 
583 779 48 889 913 62 259 759 503 597 905 388 566 968 34 345 
