1000 9847 0
165 490 497 604 694 729 784 402 861 960 976 
31 36 38 83 112 130 153 299 316 337 370 399 440 465 491 494 514 525 528 533 584 589 683 789 796 845 860 870 889 893 913 938 958 967 116 274 285 401 443 612 613 620 636 794 864 896 961 965 990 
59 184 522 572 648 792 877 935 954 960 975 83 109 482 902 
192 253 308 539 710 714 848 957 986 334 593 698 869 993 
16 64 397 518 637 865 890 420 458 479 876 
82 116 238 315 395 426 451 577 692 715 770 824 866 931 62 134 476 602 700 918 
236 239 377 425 460 486 598 726 903 125 238 240 289 
91 189 211 229 248 289 392 953 963 34 204 518 836 
15 61 74 121 149 202 254 256 344 348 372 378 384 420 463 523 579 607 609 639 678 786 912 946 951 84 117 163 210 212 405 436 887 904 922 996 
59 128 160 266 327 339 433 468 522 540 572 675 896 935 969 973 72 176 211 280 503 576 672 690 
32 62 108 235 411 514 779 887 222 330 783 830 
165 267 281 331 694 827 980 149 695 952 
111 231 285 608 719 910 961 845 963 975 984 
94 342 376 447 478 567 651 721 727 807 815 345 354 550 699 839 
9 25 61 180 202 226 254 256 344 348 420 463 508 523 558 609 619 638 641 695 776 857 876 879 912 946 951 966 988 81 109 112 117 173 264 351 385 527 623 745 891 942 
5 26 33 64 68 103 134 141 168 185 279 345 379 396 397 407 518 541 637 704 741 755 814 865 882 890 952 983 21 98 139 206 211 285 388 403 502 536 661 795 895 
53 147 172 277 330 358 404 419 706 748 783 802 804 819 138 202 447 470 526 728 903 
84 166 350 373 377 461 474 832 903 985 143 182 569 792 970 
278 280 338 413 418 444 536 656 899 94 209 266 404 
216 234 288 435 698 732 810 904 996 196 563 683 947 
41 76 92 403 506 586 885 919 926 941 992 16 303 308 591 
46 114 116 152 264 325 395 424 458 532 631 866 931 151 259 400 443 444 553 
24 28 91 210 211 229 248 289 309 313 323 356 365 383 386 459 544 717 778 803 850 924 928 143 397 483 490 491 493 645 694 845 969 
23 298 309 313 386 717 830 914 965 266 394 682 
15 52 74 201 261 320 322 344 384 408 508 602 607 609 619 639 782 786 793 801 869 879 884 959 964 978 997 81 305 383 443 466 532 620 681 730 764 831 938 
16 64 134 279 396 397 637 704 865 890 952 65 183 184 795 
183 196 250 290 388 613 668 684 726 764 840 903 977 116 349 428 664 731 933 
23 211 218 229 309 323 362 365 389 392 423 545 581 717 752 830 914 928 933 963 39 205 208 275 340 354 424 434 903 
38 62 130 143 187 259 311 337 525 564 583 686 722 870 895 927 955 967 193 230 281 540 605 628 753 985 
126 267 282 294 346 382 409 490 620 708 729 753 827 908 190 432 585 744 871 930 954 
2 143 150 445 491 589 599 407 481 769 
11 49 58 78 83 89 108 112 143 150 187 206 259 337 351 370 434 440 465 514 584 667 789 796 813 839 845 881 893 895 905 913 938 68 81 132 226 239 274 372 454 540 546 580 617 675 775 868 
16 134 185 397 541 741 890 333 615 912 
43 99 120 131 148 209 241 249 341 368 422 428 439 443 484 502 559 568 610 633 691 700 701 797 811 812 864 883 930 939 956 968 970 976 982 8 59 122 261 285 288 302 327 332 450 462 562 816 840 897 
95 137 140 171 273 285 308 321 332 385 457 466 509 516 538 539 551 574 596 623 781 821 834 853 873 901 910 961 59 173 278 303 322 375 658 721 803 830 892 893 906 
2 83 317 465 491 584 938 967 292 472 508 761 
213 306 312 444 601 634 656 253 706 915 
29 2 143 411 789 845 955 214 416 829 
45 84 154 161 183 236 329 334 350 377 421 442 456 460 461 464 474 477 668 684 697 728 840 878 888 891 984 28 106 221 237 308 310 313 340 578 762 911 942 
41 76 92 403 563 586 842 885 892 900 909 919 926 941 945 992 187 303 421 518 717 745 814 
40 21 76 92 176 220 275 403 506 586 842 885 892 900 909 919 926 941 945 989 992 46 58 239 257 367 504 524 623 716 726 
75 93 215 230 578 673 696 750 858 289 377 530 
34 131 209 341 502 559 566 633 730 930 968 134 537 581 914 928 
51 73 81 86 194 233 304 476 504 550 616 635 636 640 647 725 868 89 134 156 230 263 663 844 886 
39 373 442 489 498 840 985 648 679 909 
22 109 116 315 328 336 357 395 424 431 552 577 631 650 663 715 770 866 41 76 278 435 442 574 774 786 
246 314 414 480 537 542 585 735 765 861 921 55 131 805 815 
78 337 503 789 854 893 1000 653 673 745 
32 89 370 445 759 845 860 870 889 905 1000 229 272 331 635 782 
106 111 140 142 164 181 186 199 231 268 285 308 332 369 385 466 467 500 509 539 680 714 719 848 901 337 403 468 474 590 624 647 769 779 845 899 
44 73 81 86 96 194 292 401 479 481 493 496 499 504 550 605 616 635 636 640 671 733 742 758 799 817 868 894 211 254 309 364 459 540 782 824 889 920 923 925 988 
25 149 226 256 343 348 355 372 378 602 611 736 776 786 793 801 879 884 946 964 978 215 289 446 616 746 799 821 872 
17 113 144 330 416 706 783 911 915 193 725 830 
328 354 357 426 631 692 866 467 813 984 
75 122 169 511 646 659 681 696 750 760 849 922 47 91 274 591 637 708 
101 210 429 449 830 914 928 217 330 760 
143 150 259 311 370 503 510 722 837 839 889 913 927 938 955 138 158 603 709 734 808 962 
32 89 150 317 494 564 796 881 938 41 500 738 
3 10 85 117 151 155 200 228 271 367 394 417 454 492 495 522 534 572 593 594 626 648 675 676 705 768 775 920 923 971 34 35 180 219 354 451 485 726 758 811 948 984 
195 462 649 682 689 723 740 831 874 430 432 441 965 
15 9 180 201 254 639 641 652 678 782 786 793 801 879 884 912 978 981 988 993 81 112 269 347 742 750 792 878 896 
11 29 150 299 351 510 599 789 881 905 913 938 6 341 412 657 793 799 
376 447 591 651 734 763 815 278 638 845 
16 26 5 134 141 279 396 397 541 741 755 814 890 983 74 131 177 355 417 761 
76 403 506 586 842 885 892 900 941 989 992 26 235 487 818 901 
288 527 531 562 698 875 904 948 996 302 376 437 844 911 
82 109 291 426 532 631 770 866 931 344 886 890 987 999 
16 397 704 741 814 865 983 32 190 487 744 
213 306 634 653 654 656 777 847 239 271 867 880 
200 540 648 657 792 844 937 129 308 700 
95 285 308 385 539 596 623 719 762 873 936 957 265 513 651 985 
126 129 360 409 490 604 615 620 784 898 908 972 10 133 136 913 
44 51 233 292 476 496 504 507 595 616 635 636 671 725 758 799 856 868 283 296 315 355 443 823 887 907 
25 9 149 180 202 224 232 254 322 348 372 508 547 602 688 786 795 801 857 912 966 993 997 64 90 130 392 594 598 748 771 809 929 
55 42 122 169 198 230 303 618 646 659 940 449 584 881 986 
41 40 65 21 403 586 885 892 909 919 989 992 46 217 262 288 473 855 
121 133 162 202 463 523 549 609 638 639 912 988 229 548 571 729 
48 32 206 311 867 870 955 635 736 872 
100 245 306 335 410 444 470 656 999 126 419 625 729 
236 239 388 460 668 699 840 277 596 696 714 
51 44 86 194 292 401 476 479 493 496 504 507 561 576 595 616 635 636 640 647 725 742 747 758 799 817 856 894 32 15 25 61 132 144 309 553 741 746 887 999 
67 6 203 264 291 325 424 577 587 590 650 655 663 855 866 931 324 611 635 705 893 970 
2 36 32 130 143 351 525 589 667 759 796 839 867 881 887 927 3 246 456 495 539 540 646 890 
18 39 183 236 250 290 350 391 512 672 766 840 846 888 891 977 9 271 344 453 467 723 965 
59 117 156 349 367 432 437 522 540 580 657 702 768 896 937 943 191 330 362 372 511 643 734 
81 44 51 233 401 476 481 493 496 504 507 588 595 605 616 627 635 636 647 725 742 747 799 856 868 106 124 328 377 460 620 700 752 775 914 
182 246 314 390 406 414 480 537 542 585 622 624 677 735 765 861 990 429 507 552 737 796 920 968 969 
281 294 346 497 620 694 729 808 823 908 980 117 190 295 367 424 919 
58 32 49 235 259 337 351 399 465 584 599 759 789 927 967 1000 44 349 447 668 886 903 948 
125 211 313 392 429 446 459 548 630 644 717 752 818 826 829 850 933 963 74 215 287 297 336 702 809 853 
23 8 173 178 229 248 289 309 333 423 446 544 545 709 717 818 830 835 850 862 914 928 953 55 130 443 445 772 821 836 989 992 
41 21 40 220 403 563 885 892 989 115 348 516 601 635 
42 230 303 578 646 659 661 750 761 769 788 852 267 307 636 897 901 942 
14 179 197 363 376 807 815 19 462 490 778 
35 71 164 253 268 332 340 385 441 457 467 509 539 716 853 986 188 358 447 765 794 914 
51 292 476 479 576 616 647 289 584 970 
300 320 463 602 638 833 981 173 233 264 
113 144 172 287 307 330 404 416 419 473 767 783 804 16 104 157 385 436 908 
34 502 568 610 642 883 906 416 658 807 965 
79 118 213 280 295 418 444 535 634 656 745 131 249 298 538 589 762 
56 125 189 211 229 737 924 183 325 371 
236 257 373 621 669 697 832 380 416 475 831 
16 134 185 397 541 637 755 814 890 348 350 872 
139 167 359 364 649 690 918 98 151 316 461 
350 377 486 728 846 903 984 321 480 568 
50 181 273 321 332 450 466 524 623 762 773 821 848 901 957 961 86 39 187 394 794 818 827 
277 330 404 419 515 783 791 802 915 131 313 851 908 
11 32 227 235 434 525 583 584 779 893 306 394 571 595 768 
46 67 203 214 291 315 325 424 426 655 663 866 15 3 195 342 436 567 
344 348 378 523 607 609 611 617 993 396 608 789 982 
50 13 268 285 385 450 467 680 707 781 853 901 936 121 167 606 868 886 938 
2 32 206 299 351 411 584 789 839 860 867 881 893 905 913 927 61 15 290 292 356 467 558 698 
98 53 191 330 404 416 419 706 748 791 991 126 186 232 343 817 965 
22 116 214 264 291 328 395 424 458 631 866 270 316 460 569 995 
513 529 562 679 787 875 974 996 92 197 215 440 
114 6 22 46 119 152 214 238 264 325 328 336 354 395 431 552 587 590 655 685 855 866 27 2 271 280 321 415 520 731 896 918 
59 85 128 184 296 349 432 492 520 534 603 648 657 676 705 738 792 844 920 923 954 969 971 9 15 88 135 300 507 649 824 843 
100 284 413 601 606 634 656 745 777 349 435 586 712 932 
116 264 325 395 552 629 931 407 582 707 730 
34 148 225 341 428 691 701 751 811 906 956 154 446 711 739 786 830 
77 9 149 226 232 256 261 300 372 420 602 609 786 959 964 966 111 239 257 292 402 433 473 868 
75 55 169 230 303 305 511 571 578 618 646 696 750 760 761 836 852 922 34 134 225 246 360 478 713 903 
126 346 487 490 497 708 823 551 609 754 999 
452 555 562 679 886 944 974 86 835 846 
90 101 362 446 449 778 829 835 850 7 166 244 364 
30 123 72 129 165 170 263 267 281 294 346 347 381 382 485 487 490 497 573 620 729 753 756 808 827 908 972 980 113 79 171 197 224 334 393 401 502 521 633 719 947 
394 402 432 468 472 495 522 593 625 648 657 702 703 775 844 920 935 204 336 541 568 585 795 910 913 
10 117 367 657 844 920 935 515 530 581 
126 72 346 487 708 729 808 70 423 664 727 
2 83 29 143 187 206 510 683 779 895 958 74 91 327 420 668 692 
43 34 148 274 371 380 393 422 428 439 484 502 559 575 610 633 642 691 700 730 731 754 798 811 812 841 864 883 906 930 956 107 47 100 64 239 315 337 429 652 656 689 776 779 980 
236 250 427 477 489 546 598 697 728 764 840 985 81 32 150 409 633 920 
77 180 202 261 609 652 776 795 912 72 137 568 633 759 
16 64 33 103 26 141 174 345 397 741 755 814 865 890 952 983 43 6 44 122 303 502 616 649 
170 281 487 490 620 694 729 117 166 429 910 
228 361 454 540 580 676 702 703 792 877 954 72 359 457 677 913 
35 186 192 332 467 524 781 133 163 784 
167 195 204 223 286 359 455 553 649 674 682 689 690 918 942 17 57 439 459 577 650 996 
104 159 204 286 400 649 689 740 918 950 16 143 144 328 812 
50 35 321 324 467 551 574 848 986 151 301 350 943 976 
16 134 64 279 397 541 865 209 285 610 709 
50 171 285 319 457 467 713 714 773 212 304 830 878 
38 83 57 130 31 29 32 150 187 259 316 337 528 564 584 597 667 683 809 845 867 870 905 18 139 23 200 234 313 394 417 956 972 
98 53 172 191 221 277 307 330 358 404 405 416 419 473 706 743 767 783 791 804 911 915 991 139 81 369 426 481 527 562 568 628 780 879 
288 679 746 904 944 974 996 416 821 889 
341 568 691 731 797 906 994 641 780 848 
17 172 277 330 416 743 932 333 367 815 
120 34 131 274 341 371 439 469 610 691 700 731 798 806 883 939 358 453 510 657 768 964 978 
121 52 9 74 180 201 320 322 344 355 372 607 609 639 641 652 688 782 857 876 884 912 981 993 997 12 239 440 461 479 487 544 668 790 808 
62 143 32 58 57 31 399 440 845 881 889 893 907 938 132 326 460 461 699 710 873 
59 156 160 327 540 648 792 104 22 140 
22 116 264 291 325 328 395 424 552 300 308 576 721 918 
2 411 434 584 683 759 1000 281 529 665 715 
39 183 239 250 350 373 728 764 820 832 888 977 120 232 251 607 622 975 
59 326 361 367 432 492 522 594 675 702 739 792 896 920 935 937 954 973 236 395 463 488 512 585 609 878 949 
85 151 200 394 402 495 501 648 792 935 971 975 44 270 317 350 541 929 
163 484 502 566 610 700 730 731 939 949 956 976 98 220 481 585 649 878 
212 251 375 376 436 567 569 651 815 57 200 202 957 
139 649 674 690 723 805 831 273 279 704 
151 10 296 367 702 703 825 935 971 330 571 577 759 
39 350 460 557 728 840 891 903 977 173 191 343 383 767 
77 226 344 602 641 678 695 795 857 912 964 167 258 669 871 
157 274 428 439 502 566 568 642 731 797 811 906 956 968 970 982 9 137 447 460 527 742 831 998 
95 50 199 285 369 961 986 289 487 832 
12 126 1 267 347 360 381 382 490 517 573 620 708 729 756 808 439 607 682 776 815 834 946 
18 236 250 425 474 546 570 697 764 125 135 428 653 982 
104 138 195 204 240 462 553 565 649 664 690 723 724 772 805 831 918 942 162 111 303 422 497 509 700 737 830 
16 174 185 397 407 755 890 206 647 676 706 
75 122 55 230 303 305 318 511 578 612 661 662 750 760 849 858 880 354 423 490 952 961 
135 126 360 487 490 497 729 378 691 948 
35 142 181 450 505 538 539 623 628 710 716 762 781 821 848 873 910 936 961 126 219 234 278 311 431 580 689 987 
147 98 144 17 277 330 404 416 473 515 706 783 804 819 991 298 328 408 610 702 838 909 
91 237 362 383 386 581 717 752 800 803 818 850 963 965 161 15 35 97 369 
134 168 345 397 755 890 983 223 292 314 681 
292 496 504 632 635 636 799 817 894 321 419 519 858 
41 275 403 586 885 926 992 10 237 285 634 
199 369 385 467 505 524 623 762 936 64 510 648 679 
91 211 242 309 383 752 830 437 440 490 
94 205 251 342 376 436 447 567 651 721 734 807 815 281 628 738 789 811 879 
74 61 15 133 149 256 344 611 912 59 268 367 927 
171 50 106 190 285 509 608 773 986 373 730 805 
87 243 246 314 585 622 624 765 861 18 216 678 886 
39 27 154 84 236 239 252 257 290 293 334 350 373 377 398 412 421 456 460 461 474 512 546 668 672 697 699 764 820 846 903 916 984 26 101 258 286 361 444 446 457 459 595 617 634 730 758 935 
3 117 276 349 394 522 625 738 969 26 386 700 746 
16 103 168 33 279 345 379 396 407 541 637 755 814 865 192 269 285 625 634 974 
137 50 285 308 539 687 821 113 327 620 967 
143 130 29 32 206 317 370 471 491 494 503 528 583 584 589 759 779 837 839 845 860 867 870 905 913 938 955 958 967 1000 40 106 237 326 379 534 541 560 656 695 717 761 892 
211 242 289 309 392 830 850 928 963 95 250 395 583 792 
8 101 211 356 383 446 548 752 800 914 933 256 568 585 723 833 840 
181 199 231 285 324 387 457 467 500 505 821 848 901 910 30 68 88 666 912 
144 113 277 330 358 416 419 473 743 748 767 932 161 85 382 409 426 692 
4 137 324 385 539 608 623 714 719 762 901 917 936 957 185 248 260 566 831 
213 312 335 536 592 653 656 29 53 208 940 
44 51 81 476 493 561 635 725 799 686 842 946 
60 167 138 204 359 455 483 553 565 649 674 682 689 723 724 740 772 805 822 831 874 918 942 109 209 403 416 652 696 815 840 845 934 
27 421 464 474 489 598 699 977 20 620 703 841 
94 376 567 651 721 727 815 126 115 381 802 
75 215 217 618 662 750 858 792 951 954 
177 164 50 190 539 623 719 957 961 460 606 882 
156 70 59 258 327 540 626 792 935 158 143 219 484 708 
149 25 61 202 226 372 384 609 617 652 912 951 966 231 312 341 342 962 970 
133 77 201 9 74 15 226 254 344 355 408 430 579 607 609 617 638 639 652 688 736 795 801 912 993 998 17 158 205 534 583 610 626 725 866 904 921 928 
82 109 354 532 552 577 631 233 249 504 992 
195 138 167 139 223 240 255 286 359 400 448 455 462 483 565 649 664 682 689 690 723 724 740 772 790 805 822 918 942 950 8 127 236 360 424 452 496 529 661 693 698 748 817 901 
179 212 301 342 363 375 376 436 478 567 591 721 763 774 807 815 859 28 202 254 332 590 663 669 702 
130 187 32 78 112 370 597 722 813 854 889 893 958 967 16 168 378 383 394 522 622 
363 567 591 651 721 727 815 403 407 903 
252 257 442 460 474 489 699 903 985 28 193 437 487 719 
34 43 274 380 428 610 700 701 730 806 811 930 949 956 970 982 141 195 19 550 795 807 
56 23 229 237 242 248 309 310 362 429 449 519 530 630 670 717 737 803 818 826 830 914 928 933 962 963 9 376 443 462 597 725 764 852 903 972 
189 178 23 188 101 28 90 8 248 289 298 309 313 365 383 386 389 392 429 446 519 530 544 581 778 800 803 850 914 924 928 953 963 10 16 51 415 684 694 701 708 870 912 934 949 957 
158 205 375 376 436 569 643 651 734 815 9 142 710 
193 37 69 100 278 295 306 312 338 410 418 444 475 535 536 601 606 634 654 656 745 777 871 899 934 999 279 314 317 441 484 486 723 783 812 926 952 958 
116 109 114 264 325 336 431 458 552 577 650 655 663 666 866 931 38 385 389 545 595 621 648 719 
42 198 270 415 453 521 612 693 696 750 922 52 115 90 656 731 
20 288 435 513 531 698 948 996 182 650 760 830 
198 244 260 270 303 659 673 681 750 769 852 880 922 940 56 76 636 824 929 
28 237 289 302 581 644 924 466 543 642 646 
251 342 447 569 651 774 807 815 851 59 200 171 395 821 
41 92 403 586 842 885 892 919 945 157 460 554 740 
144 307 330 358 404 416 419 473 515 706 743 767 783 791 804 819 915 39 306 451 602 713 763 891 940 
250 290 427 460 464 486 498 672 878 891 977 985 11 534 558 696 854 934 
138 204 649 674 689 724 918 174 239 370 
74 344 378 582 617 988 993 126 383 454 
120 393 439 484 730 798 883 970 982 122 503 725 807 
201 15 162 202 121 52 232 300 320 558 602 857 978 988 993 997 998 32 247 506 654 721 815 944 961 
108 317 445 491 510 645 759 813 845 905 938 1000 602 630 739 821 
59 136 402 454 593 676 920 935 937 311 778 891 
210 101 8 23 28 91 248 289 313 389 392 423 429 446 459 630 717 737 778 826 830 850 914 924 928 953 962 965 49 77 286 312 484 488 490 567 632 721 773 799 811 
169 122 93 42 75 244 578 646 659 665 769 771 836 849 852 863 880 29 44 247 366 452 509 540 768 
50 190 13 457 596 901 936 986 201 647 667 727 
226 74 121 344 602 639 678 782 857 959 964 997 113 154 697 700 759 847 
44 73 86 479 576 595 616 635 636 725 742 97 203 288 581 837 906 
20 288 513 562 732 746 875 886 996 171 143 378 383 427 
11 108 89 337 351 471 494 583 789 845 870 889 893 905 65 294 566 806 903 956 
102 80 7 132 183 166 39 84 239 250 377 421 425 460 546 557 668 684 711 728 764 840 846 903 977 985 204 155 438 445 465 519 552 639 671 702 727 754 
218 210 173 289 309 323 362 389 423 429 449 544 717 778 176 39 187 300 312 445 777 
6 116 328 451 552 666 685 855 866 7 397 413 928 
7 154 80 183 236 250 334 398 460 461 486 489 546 598 668 672 684 699 712 728 832 840 878 888 891 916 985 987 32 69 121 131 149 223 41 394 655 682 889 
204 167 400 649 689 723 790 805 950 7 389 725 895 
34 341 443 484 502 566 730 749 982 391 454 577 752 829 
210 188 178 309 333 386 392 449 658 872 965 338 457 476 932 
182 246 314 374 537 585 622 735 861 536 791 880 
217 230 260 453 511 646 665 788 880 922 125 337 396 893 997 
79 280 413 444 601 656 847 341 474 705 
87 47 182 243 314 374 390 406 414 480 537 585 622 624 677 735 765 861 921 990 83 122 264 309 311 344 437 662 801 
283 366 435 438 452 513 526 527 529 562 679 698 810 886 948 996 230 226 252 635 918 920 931 
91 8 210 23 211 229 333 362 386 389 392 429 446 717 737 752 830 850 902 965 192 283 351 373 411 458 504 572 993 
34 439 484 566 841 970 976 203 100 719 860 
166 132 154 239 84 222 236 27 293 350 377 388 391 425 427 456 464 477 482 557 613 668 669 672 699 726 820 840 903 916 985 987 188 278 345 519 539 565 631 658 693 762 803 849 901 905 
179 219 158 375 376 734 807 815 154 352 435 691 
183 208 427 486 498 726 891 247 713 861 
4 95 332 500 596 713 719 744 853 37 265 309 678 885 
9 202 15 74 61 256 372 602 801 857 876 51 205 416 594 
204 649 664 682 772 918 942 378 432 728 739 
52 121 254 15 9 180 344 348 652 776 995 189 293 304 375 
208 183 102 377 398 460 461 888 985 121 41 789 810 
200 271 349 454 540 554 603 676 702 896 920 935 960 162 183 380 450 640 716 
29 32 57 89 143 445 465 528 533 583 683 845 870 881 895 22 356 359 403 651 875 940 
217 244 303 578 659 693 750 836 849 192 540 834 850 
133 121 25 300 912 966 997 34 583 646 
319 324 385 457 466 500 524 707 710 843 901 936 76 609 649 805 977 
126 347 487 490 497 620 660 972 44 339 526 528 
152 116 22 214 119 82 114 325 328 352 354 395 424 552 629 655 770 866 931 246 97 15 467 508 592 656 677 949 
288 366 452 555 562 679 979 996 253 71 398 685 
10 327 367 394 402 432 534 554 625 648 877 920 24 19 473 680 854 927 
12 126 30 165 282 294 382 409 485 604 620 660 694 708 720 729 823 827 908 980 93 387 392 457 724 737 817 843 945 
95 50 111 387 719 773 834 961 180 372 552 577 
285 385 450 623 713 719 901 910 917 961 986 61 185 460 578 796 938 
215 217 303 612 646 662 673 681 761 880 922 156 114 402 413 975 
258 59 349 367 432 522 657 675 739 935 954 116 69 84 562 742 970 
373 482 489 621 668 764 977 49 573 635 958 
106 35 285 387 450 457 467 713 961 159 656 730 972 
148 163 131 209 341 422 439 484 502 566 633 798 864 906 956 982 32 2 55 452 654 865 957 
41 176 403 506 563 842 885 892 900 992 28 345 521 762 775 
184 540 625 738 775 935 975 323 413 574 
144 147 107 172 191 17 287 330 404 416 419 473 706 743 783 791 802 911 80 303 332 376 385 444 639 763 822 
213 19 284 338 413 475 536 543 560 606 634 653 745 777 838 847 899 934 999 171 63 250 35 46 750 815 820 883 
16 26 141 185 64 345 397 407 704 890 952 159 213 487 540 881 
19 100 245 284 306 312 413 444 536 543 592 601 634 777 838 899 10 116 386 651 677 764 
135 12 126 88 360 409 490 497 517 620 694 720 729 808 898 179 29 153 305 340 668 938 
30 267 346 517 604 620 694 432 555 659 799 
247 435 513 526 529 679 886 904 948 974 979 996 73 248 631 890 
118 278 280 470 475 536 560 606 634 656 745 777 838 445 469 538 637 861 930 
35 111 273 50 164 186 269 181 13 71 142 190 308 369 387 450 467 500 539 623 710 713 714 719 744 762 781 821 834 848 901 961 986 2 185 16 34 141 176 396 422 646 670 795 850 912 949 971 
204 139 138 455 553 565 649 689 724 740 772 805 874 918 942 950 229 183 616 672 702 707 
277 98 330 416 419 748 915 90 481 901 
216 145 20 234 265 66 366 435 438 452 513 527 555 679 698 732 746 810 904 944 974 979 996 34 76 233 374 426 469 500 603 682 898 917 
237 211 23 229 8 91 218 188 309 333 353 356 383 392 446 544 717 752 778 800 850 872 928 96 164 52 7 42 510 705 743 764 892 974 
27 183 84 222 350 425 668 840 891 112 375 475 555 
109 82 67 114 152 325 328 395 426 577 587 631 379 609 746 799 922 973 
51 73 96 175 81 304 401 476 496 499 507 605 616 627 635 636 640 725 742 799 112 174 121 36 313 450 623 719 903 
250 183 388 456 461 726 728 256 535 703 803 
30 88 126 267 517 556 620 972 980 235 300 786 865 
100 213 306 410 606 656 777 816 899 999 88 523 636 739 933 
160 117 394 433 705 920 935 73 731 812 856 
350 373 456 460 464 598 668 711 712 728 840 878 891 903 984 985 90 316 620 634 691 782 811 841 
211 24 449 778 803 830 835 914 928 172 100 728 852 969 
62 2 112 471 533 564 809 889 927 620 807 919 
97 261 121 226 420 508 579 582 602 607 638 959 997 998 152 237 294 117 505 583 657 
205 342 478 651 780 815 859 140 764 782 
218 356 383 658 752 829 830 850 928 962 963 34 66 651 807 920 966 
93 75 270 260 122 169 217 318 453 511 571 578 612 618 646 659 661 673 681 696 750 760 761 769 771 788 828 852 858 863 922 940 167 134 21 277 35 40 517 575 588 668 729 751 964 979 
292 44 481 504 561 588 595 605 635 636 647 725 799 856 894 256 142 375 405 426 735 977 
169 122 646 665 696 750 836 849 940 25 281 682 687 
280 295 79 69 37 213 312 338 535 536 560 601 653 656 745 777 816 838 847 871 899 108 221 321 346 404 440 655 713 906 
144 221 98 330 404 416 783 93 345 571 966 
35 71 285 50 186 4 369 387 466 505 509 524 574 596 608 687 714 716 719 821 834 917 957 961 986 152 39 70 21 461 476 481 625 856 922 
289 24 210 178 242 23 91 28 211 188 237 313 333 353 383 386 389 392 429 449 519 581 670 709 717 737 803 850 872 914 953 51 81 246 253 497 616 720 750 772 776 873 883 990 993 
210 313 581 644 778 862 928 39 385 584 982 
57 29 78 337 411 503 583 779 809 860 927 171 228 246 450 549 956 
306 193 37 280 213 444 470 536 634 653 656 777 871 899 229 237 201 390 607 702 840 
229 90 309 23 310 24 211 323 365 386 446 449 459 544 717 737 752 778 818 902 933 292 39 143 107 407 600 700 728 853 
246 87 47 182 243 374 390 406 414 537 585 622 624 677 735 765 861 921 990 174 213 332 368 419 494 618 927 934 
46 109 6 426 552 692 931 131 73 548 706 
143 2 370 494 528 845 893 104 114 297 
187 36 58 227 789 845 913 156 213 674 
169 303 661 696 858 880 922 335 408 691 797 
142 262 524 538 762 910 917 755 800 949 
25 149 97 226 344 558 582 602 639 801 876 966 997 748 783 847 851 937 939 
35 106 140 324 340 457 467 539 574 623 687 707 710 713 719 781 821 843 957 986 116 105 175 306 381 435 569 672 927 
149 74 25 343 408 602 978 35 630 889 
28 237 23 313 830 850 965 276 894 974 
140 262 190 192 321 539 719 834 843 82 629 922 
291 116 119 82 22 264 152 109 214 328 336 352 354 395 424 532 577 629 631 650 655 663 770 855 866 101 427 438 533 534 689 717 841 860 951 982 997 
155 327 402 432 437 540 703 738 739 825 844 896 150 187 622 890 
200 266 326 151 10 349 468 495 501 540 572 594 657 705 738 739 844 920 935 954 975 34 186 130 494 806 810 843 893 974 1000 
238 116 46 54 291 152 114 325 264 336 352 357 395 424 426 451 458 552 577 587 590 629 631 650 692 715 770 824 855 866 931 139 172 86 346 488 497 622 634 653 672 679 845 851 985 
39 377 668 726 840 903 977 503 730 770 
144 221 307 172 17 98 191 147 113 53 277 107 287 358 404 405 416 419 473 515 706 743 748 767 783 791 804 819 911 915 932 991 11 56 85 160 355 423 467 601 663 684 740 981 993 
12 347 409 487 490 620 708 49 359 798 830 
50 137 253 95 35 106 369 385 450 467 505 623 710 834 277 205 314 34 367 370 478 
91 309 289 248 242 446 519 717 778 965 147 33 418 457 647 
183 239 39 350 672 712 766 126 4 378 
79 193 470 606 656 777 847 318 522 927 
328 116 325 214 46 426 587 866 90 127 516 751 
89 143 29 32 48 2 311 235 411 471 599 686 837 870 889 907 131 50 244 394 689 764 949 
278 19 213 306 413 444 470 536 601 816 899 242 481 542 721 811 997 
10 367 432 454 775 920 937 960 263 636 678 903 
321 95 385 500 539 714 719 843 986 39 281 28 988 
34 146 148 120 43 274 241 502 566 633 691 700 730 749 754 797 841 864 883 970 976 982 201 62 245 350 466 519 607 734 772 914 
301 179 219 205 14 375 447 567 643 721 763 774 794 807 815 859 201 109 490 522 693 746 800 960 
52 322 348 384 558 579 609 639 678 695 801 113 161 392 410 498 789 
224 320 202 232 149 180 25 15 256 110 162 9 372 378 408 547 582 600 602 609 611 639 652 688 695 786 795 857 879 966 981 993 84 67 246 387 396 477 492 495 604 616 781 850 867 892 897 
134 185 174 16 279 397 407 518 541 741 814 865 890 952 275 250 307 14 393 586 923 
30 123 126 88 282 129 381 409 490 615 660 694 708 908 328 306 378 417 420 778 935 
331 126 165 263 360 381 382 409 485 556 620 729 808 980 61 502 611 671 701 874 
74 256 52 343 9 15 110 508 549 602 607 617 619 786 795 876 959 966 981 993 998 92 103 511 660 685 784 866 871 961 
271 258 184 327 117 85 394 402 432 433 492 520 522 534 593 648 675 702 705 739 768 792 844 896 935 89 118 27 698 733 806 814 857 883 958 993 
290 84 250 105 334 39 161 18 183 154 297 377 464 486 489 668 697 711 726 764 832 840 903 984 985 140 156 341 103 483 751 752 834 861 885 931 
235 83 32 112 89 62 533 583 584 589 789 813 845 881 913 927 248 15 444 455 735 866 982 
328 325 264 395 631 663 866 251 381 492 896 
289 309 389 392 429 862 928 413 656 700 880 
116 264 203 325 54 395 426 552 577 629 866 931 59 28 169 14 362 858 
202 149 52 420 600 793 879 330 73 64 460 
189 289 23 302 392 429 446 778 850 862 924 259 112 568 980 
54 328 46 395 426 577 631 866 931 449 905 936 
330 144 221 191 17 416 473 791 911 95 148 386 679 858 
104 138 195 204 364 455 462 649 682 690 772 790 942 950 259 331 136 368 371 499 609 
347 281 170 72 165 487 517 620 694 908 204 122 612 745 992 
155 136 367 394 540 702 792 943 960 183 548 724 
248 237 125 173 28 210 386 392 423 519 581 709 752 800 818 862 965 354 85 367 517 627 652 796 854 
207 94 205 375 376 447 567 651 721 763 807 815 859 372 385 389 580 810 823 
104 359 483 649 689 772 918 125 51 467 1000 
23 211 313 28 717 803 862 902 962 445 552 669 981 997 
247 288 265 438 698 886 948 974 996 230 432 609 866 
128 361 85 160 155 266 271 339 59 417 432 433 472 501 534 540 580 625 705 738 775 792 844 954 973 332 41 180 147 362 88 643 659 661 674 944 966 
34 443 484 502 566 610 691 700 754 883 947 949 956 994 314 359 402 636 647 
50 177 308 164 285 332 387 457 538 574 910 936 144 173 377 674 755 980 
32 206 187 316 49 57 2 440 445 465 494 599 759 789 893 897 907 223 332 668 753 844 944 960 996 
148 131 502 566 610 883 906 947 949 970 359 101 525 613 818 
254 74 201 52 9 344 121 149 430 582 600 602 609 736 776 782 801 912 964 966 978 988 993 997 363 32 85 268 406 451 686 783 955 958 973 
45 272 102 154 297 183 18 412 464 474 512 557 668 711 764 832 840 888 903 984 248 181 422 615 773 823 864 960 970 
243 314 246 585 622 735 861 288 741 890 
158 212 342 363 205 251 376 436 591 721 727 763 780 807 815 859 256 290 304 35 463 474 553 
251 179 158 63 14 197 363 94 205 212 375 436 447 567 569 591 643 651 721 727 734 757 774 780 807 815 859 925 210 277 66 493 644 775 842 900 917 937 962 980 
18 39 236 7 257 329 183 250 105 350 391 442 456 482 672 699 840 985 369 86 42 807 876 936 959 974 996 
110 9 224 52 344 384 602 609 782 959 993 995 170 255 346 206 234 334 
16 185 397 518 541 865 890 291 187 536 609 
131 209 751 811 906 947 968 258 102 404 699 
165 126 346 347 382 409 485 490 517 604 620 694 720 753 756 808 352 197 321 402 417 544 658 982 
30 126 381 267 347 165 409 615 620 694 708 756 191 651 764 965 
173 211 289 178 302 23 309 189 389 459 545 548 717 800 803 850 872 928 962 963 965 224 206 161 25 234 422 510 589 739 985 
9 25 378 201 343 736 782 786 793 912 978 569 702 859 885 935 
111 50 269 262 95 177 332 340 71 35 192 466 509 539 623 628 680 744 821 834 843 98 214 277 310 15 363 604 675 995 
362 211 248 242 309 24 23 313 173 392 519 630 658 717 752 800 803 850 963 965 280 358 184 397 447 580 689 942 944 
308 285 369 190 273 268 516 714 716 744 762 821 843 910 267 344 495 515 617 653 
250 293 27 80 456 474 489 512 820 832 985 16 444 614 648 747 752 
211 353 383 28 237 229 248 309 392 530 581 658 803 850 928 965 214 363 240 428 602 750 890 975 
246 314 87 537 585 622 735 861 921 312 439 634 
250 84 377 464 498 699 728 241 544 566 804 
362 389 386 188 28 229 289 211 90 353 248 242 8 356 309 446 519 530 717 737 778 829 830 850 914 962 343 267 74 474 582 599 782 853 894 903 968 970 
225 131 484 559 575 906 956 126 345 567 
127 349 184 59 266 361 296 156 417 433 437 454 534 554 572 594 675 702 792 825 920 935 975 206 239 337 106 24 108 143 426 624 750 840 
291 352 119 152 264 328 357 46 116 6 22 354 325 114 424 458 552 577 587 590 629 631 655 692 866 219 188 155 502 627 635 774 838 859 880 997 
16 26 64 185 397 518 541 755 814 244 344 110 285 767 
16 64 134 345 26 279 68 103 396 33 5 141 168 379 174 407 541 637 704 741 755 814 865 882 890 952 983 23 386 238 434 442 513 648 779 797 836 864 897 
183 257 239 421 684 984 985 987 265 454 500 704 
2 89 150 584 686 796 845 889 938 473 704 822 945 978 
240 204 139 455 689 918 950 22 516 920 
81 51 292 86 476 504 635 671 742 799 817 2 126 484 572 813 915 
326 349 127 228 266 156 454 468 522 540 625 648 702 775 825 844 877 935 960 971 121 270 368 381 1 567 579 749 992 
41 40 76 65 21 275 220 92 176 506 563 586 842 885 892 900 909 919 926 941 945 989 992 16 50 259 207 195 518 548 626 734 880 
330 144 277 172 17 221 98 113 107 307 405 419 473 515 706 748 783 802 804 932 991 306 380 19 448 462 558 636 740 780 912 967 
330 404 144 416 802 804 915 304 9 997 
246 314 87 585 622 677 861 372 428 454 783 
16 397 168 345 279 185 518 541 741 814 865 890 119 31 313 207 423 717 
202 25 344 322 609 688 776 782 795 318 172 635 681 777 
382 346 267 381 347 331 30 281 72 487 517 573 620 694 708 784 808 823 827 191 132 435 536 577 678 791 926 981 
79 295 213 543 601 656 934 343 474 963 
38 153 112 337 11 311 434 599 938 248 534 777 
373 183 672 699 726 766 985 62 850 967 975 
118 245 278 280 19 338 418 444 535 536 601 606 634 653 656 777 899 353 276 270 238 471 853 915 922 
246 314 47 87 585 735 861 558 679 942 
215 612 646 750 828 858 922 116 211 631 
330 144 113 277 287 221 307 405 98 191 147 172 358 53 419 473 706 743 783 791 804 819 911 915 932 38 195 102 145 99 254 561 644 648 652 916 955 
394 367 59 432 454 554 705 739 935 143 64 381 346 438 
413 213 100 19 536 592 634 656 745 777 816 333 504 556 709 786 933 
330 416 144 404 277 191 98 113 107 221 17 287 473 706 743 748 783 791 804 819 932 991 79 175 314 475 496 659 764 899 974 985 
15 9 121 355 300 602 793 801 912 978 998 346 130 5 630 829 984 
183 398 39 236 196 498 546 697 726 840 977 40 473 573 714 862 907 
131 274 34 428 443 484 568 642 730 754 864 883 982 167 373 383 285 598 870 
28 362 229 237 91 670 717 818 830 835 914 330 169 129 407 740 
264 109 22 114 328 46 325 152 82 395 426 458 629 655 866 28 204 88 652 827 844 988 
236 7 250 166 290 460 512 726 832 903 985 454 470 745 850 962 
357 354 328 67 336 315 291 109 54 6 424 431 451 577 590 655 663 666 685 692 824 855 866 191 304 394 288 144 594 781 840 957 
132 222 252 250 442 460 498 613 668 672 699 903 985 987 325 234 793 957 970 
120 163 34 422 131 209 439 484 691 700 883 949 956 970 166 406 27 389 513 921 
309 211 248 56 90 356 210 237 353 229 545 670 830 902 962 965 135 87 131 623 831 991 
372 202 547 558 609 611 639 793 795 60 621 670 696 855 
116 426 214 46 552 577 655 171 487 865 996 
127 85 339 349 271 155 117 417 266 326 367 472 492 540 572 580 657 702 739 844 877 920 935 943 973 282 60 366 255 30 453 616 717 733 778 903 993 
394 367 296 10 349 775 792 121 517 646 905 
32 153 411 108 533 839 845 28 397 439 
247 20 216 283 288 526 531 679 718 746 875 904 948 996 321 46 251 118 409 710 777 
179 376 158 205 375 212 569 734 763 807 815 98 109 9 450 809 845 
85 394 326 468 492 540 580 594 603 648 705 739 920 975 178 66 208 246 499 827 875 
366 247 288 562 810 904 996 417 325 236 702 
274 163 225 34 249 428 131 148 484 691 700 701 731 749 812 883 947 949 956 994 434 390 138 165 473 538 572 752 885 
150 370 32 2 471 491 503 510 583 854 881 893 905 967 306 178 149 115 470 522 971 
95 509 539 551 716 834 848 936 986 213 60 581 
39 377 427 45 208 477 878 397 46 566 904 
34 241 368 422 502 568 691 700 754 806 811 883 939 947 956 970 976 982 210 2 22 73 25 91 505 578 808 
19 338 312 245 280 37 413 100 213 79 475 535 543 592 601 606 634 656 745 777 816 838 847 899 934 999 22 351 183 388 277 648 718 808 823 842 850 963 
370 259 31 227 49 503 528 583 779 860 905 237 91 365 284 236 985 
289 313 189 229 91 90 211 333 125 356 248 392 459 752 800 830 850 862 914 924 963 120 183 52 476 484 629 652 653 837 935 
376 63 219 179 14 342 363 591 643 651 721 727 763 774 815 859 386 95 163 89 17 644 977 984 
204 455 772 822 874 918 942 404 606 698 
56 313 309 210 125 237 242 298 530 644 658 709 737 800 75 357 604 610 649 783 
273 106 111 269 332 285 171 457 596 680 821 843 901 910 436 311 34 292 258 643 766 
426 328 238 6 577 655 931 372 59 221 
265 247 124 288 513 527 562 679 698 746 810 886 929 996 204 274 230 804 820 939 
303 244 215 571 646 659 750 828 922 148 84 432 735 
258 59 339 417 402 136 394 228 520 540 580 675 703 775 896 920 923 935 960 975 32 224 398 406 425 241 457 576 607 
195 448 138 204 400 286 359 462 565 649 674 682 689 724 772 805 822 874 918 942 950 351 469 602 618 655 661 891 901 984 988 
297 377 183 388 39 293 250 570 699 726 903 83 590 698 719 725 918 
273 190 262 95 321 142 369 35 231 450 467 719 762 821 848 853 917 957 454 242 183 333 136 267 690 726 
22 424 114 214 328 395 552 629 715 824 866 5 248 537 728 
383 90 23 446 313 229 965 51 138 183 812 
39 257 7 297 425 80 427 236 161 183 239 222 208 461 474 477 598 621 672 684 711 712 726 728 764 840 878 903 977 984 199 114 163 355 269 220 86 150 635 651 691 741 870 986 
239 39 293 257 183 18 460 474 486 489 684 712 728 766 820 888 903 985 104 149 150 308 561 639 826 861 
204 359 167 455 60 483 649 674 689 690 822 831 918 942 210 404 34 94 786 889 959 
97 77 9 15 600 617 795 978 981 155 375 575 938 
350 39 196 391 250 373 222 297 570 916 985 750 751 774 885 
89 36 370 259 32 2 525 583 789 845 870 907 236 530 567 595 694 781 
50 262 385 308 106 35 539 628 710 719 821 341 25 218 914 
111 273 190 95 137 50 142 457 285 177 140 321 332 509 551 628 687 710 719 744 762 773 848 853 901 936 986 112 330 54 84 364 264 526 735 752 841 913 979 
10 402 327 437 127 495 603 648 775 920 975 50 559 740 746 803 908 
148 502 568 633 700 701 730 754 806 811 841 883 949 968 994 455 284 288 606 692 694 985 
338 335 284 79 312 475 606 634 654 656 777 425 440 17 803 
299 337 440 235 187 584 845 870 913 413 811 888 940 947 
432 367 127 522 703 739 975 36 562 842 
358 221 172 416 98 277 191 330 419 404 144 515 748 767 783 804 266 76 421 399 439 121 847 890 
18 166 183 196 460 373 208 39 461 388 570 621 669 672 699 711 728 820 846 891 903 985 50 392 375 245 410 552 786 789 799 842 
284 470 444 213 278 536 560 656 745 899 102 419 290 944 965 
96 81 292 44 194 73 401 86 481 496 499 504 605 616 627 635 636 671 725 733 742 758 799 817 868 446 308 6 242 726 730 835 840 845 859 968 
250 132 442 460 39 672 903 344 779 782 852 
14 301 205 591 651 721 757 815 122 332 861 997 
96 81 233 51 635 636 725 149 5 655 
246 87 47 537 622 735 861 105 519 968 
51 476 86 304 504 507 588 595 616 632 635 636 647 742 747 868 338 157 287 31 308 144 554 
250 272 377 726 840 903 984 3 540 877 
204 195 364 462 565 649 790 918 942 350 23 623 647 
34 439 422 249 428 368 157 393 225 131 241 274 488 502 566 691 700 730 731 749 811 812 841 864 883 906 930 956 970 982 401 213 446 229 200 510 579 584 634 652 732 777 862 986 
267 126 347 381 490 620 660 694 708 753 908 59 561 590 661 775 
350 105 252 239 222 461 7 669 672 711 840 213 747 833 866 995 
360 409 263 170 129 331 123 126 135 490 497 556 615 620 694 729 753 808 827 908 980 279 208 149 65 164 431 68 622 691 
484 502 566 700 811 841 956 328 155 229 605 
272 45 132 239 350 196 388 208 461 498 621 668 699 840 903 985 497 540 631 723 789 814 935 980 
170 263 123 281 30 1 487 346 135 381 126 485 331 72 165 517 573 620 660 694 720 729 753 756 784 808 823 827 898 972 169 342 23 229 94 178 659 758 790 829 889 913 976 
2 36 440 227 187 31 583 584 907 23 755 757 821 830 
437 432 59 117 349 155 534 540 626 702 739 792 344 352 505 558 586 743 
81 86 194 51 496 747 799 817 376 23 567 866 
2 316 370 235 58 187 789 314 327 906 
327 127 468 59 156 534 603 702 738 387 344 83 732 
476 81 73 86 493 51 292 175 550 616 632 636 647 671 742 758 799 204 419 524 539 731 792 954 983 
263 126 281 170 88 1 487 123 694 708 720 784 823 827 908 980 328 489 167 309 561 651 770 875 
222 489 252 421 45 391 427 512 672 764 891 985 343 691 724 936 
51 476 292 576 595 616 636 742 799 437 359 964 
340 285 262 253 190 50 744 398 288 58 
367 156 327 580 739 775 792 560 822 908 
34 157 368 484 163 131 341 274 443 43 371 241 488 469 99 559 568 642 691 700 751 754 811 841 883 930 949 970 982 994 134 16 126 395 347 570 703 845 849 866 870 935 
57 445 187 48 311 440 589 907 913 329 10 225 925 
481 175 51 476 86 81 73 44 304 401 635 636 640 647 742 799 248 418 41 203 641 723 
332 190 177 171 308 716 957 443 492 300 965 
403 41 21 275 65 586 892 909 989 992 226 552 685 787 928 
292 73 86 481 81 550 635 636 799 87 117 700 728 896 
348 300 25 15 74 523 602 611 639 857 876 36 264 510 749 861 
50 467 181 35 95 385 441 308 707 961 230 167 919 
57 130 62 440 227 564 584 597 645 686 789 813 837 839 854 870 881 889 897 913 1000 508 289 383 148 484 177 636 694 832 840 
55 169 303 244 122 578 659 696 750 828 880 348 85 531 552 762 
183 373 388 84 498 425 570 668 684 155 870 978 
288 115 247 283 234 216 452 527 555 562 698 886 904 948 71 428 397 560 701 830 
2 32 11 525 528 584 779 887 576 801 838 848 
330 172 107 473 221 404 804 387 128 607 
387 35 538 623 716 901 986 400 92 336 811 
409 282 490 165 381 360 281 294 556 620 729 827 972 980 303 433 362 676 858 
379 5 396 407 345 16 541 741 814 865 890 8 40 403 585 753 996 
210 211 333 309 386 362 392 544 737 803 829 850 914 924 962 965 175 341 250 480 236 559 651 
454 349 117 702 738 920 969 116 661 777 
215 612 646 659 750 760 852 880 126 275 522 536 
3 472 402 184 10 127 155 349 59 85 271 534 593 626 648 702 703 739 775 920 937 954 960 206 342 335 521 440 640 742 800 808 
508 77 9 15 110 607 688 795 876 959 978 981 997 998 295 720 815 849 861 878 900 
319 106 177 137 262 308 843 873 936 496 41 531 738 907 
514 108 2 29 83 465 809 371 659 664 
283 247 435 562 679 698 785 886 904 263 17 467 
288 66 247 513 452 531 562 698 718 875 886 974 996 144 15 163 568 616 981 
316 259 2 445 514 143 187 854 897 913 1000 263 549 555 604 
247 283 115 679 746 787 886 974 996 204 153 798 
449 389 211 392 210 545 752 850 872 465 128 42 
435 527 216 66 679 746 787 974 996 511 524 694 696 
203 22 325 67 552 577 590 655 866 25 711 818 850 
2 434 299 259 351 789 837 938 325 728 842 978 
117 59 367 522 349 495 394 266 492 540 554 648 702 969 202 411 222 325 187 581 
213 444 413 306 100 656 899 934 293 637 659 833 
338 475 284 418 413 278 312 19 193 306 280 213 543 560 606 634 654 656 745 777 847 871 899 999 521 409 16 379 243 614 681 795 885 916 922 
246 314 480 47 87 390 243 585 622 624 735 861 921 990 43 458 799 847 856 928 
516 369 35 171 319 710 821 910 284 439 100 578 
385 324 441 171 285 192 50 95 186 35 199 71 466 340 4 321 623 713 762 821 83 250 496 619 655 672 739 817 982 
200 136 454 534 492 432 437 361 85 70 367 258 151 276 10 326 402 327 554 572 626 648 657 702 703 705 738 775 792 825 920 923 937 975 230 260 279 489 32 83 29 482 51 596 641 668 981 990 994 
16 397 345 64 407 379 396 103 185 518 141 33 704 741 814 865 882 890 952 127 187 156 542 606 657 818 903 985 
47 87 585 677 735 861 990 338 541 906 912 
536 444 410 280 278 634 656 745 777 218 735 756 782 827 
237 289 91 519 313 23 211 826 928 381 391 149 635 901 
429 28 383 530 91 752 818 214 635 828 889 
183 132 421 166 236 239 668 672 711 728 840 903 916 977 984 985 32 689 729 771 808 841 988 
344 74 430 695 793 988 993 663 930 939 
90 189 383 581 709 800 803 965 403 315 361 77 
77 348 607 609 641 801 879 912 978 311 528 650 
44 507 51 496 725 733 742 209 14 668 997 
140 467 441 35 710 714 744 762 910 123 654 677 856 886 
328 458 315 431 116 532 238 395 214 152 119 203 354 46 264 590 631 655 663 685 866 236 268 511 474 506 365 87 602 704 725 
195 167 286 138 664 674 682 690 790 805 822 950 81 375 22 857 915 975 
540 417 534 258 394 266 739 920 975 481 220 622 891 
513 124 288 265 679 698 785 886 979 996 282 528 290 689 825 
517 487 347 294 573 694 808 908 980 418 584 605 771 994 
236 161 250 373 669 699 728 723 899 902 
15 320 226 430 343 786 912 951 997 414 112 492 404 222 
502 393 131 34 43 566 568 575 610 730 731 883 968 970 976 468 519 601 606 761 792 950 
284 536 306 278 475 592 606 634 656 847 899 513 501 187 649 673 
81 304 194 576 627 635 636 725 747 461 485 497 416 820 
452 124 527 247 115 66 526 438 513 234 265 679 698 746 785 886 929 974 979 996 472 34 271 144 672 819 835 850 966 
403 40 275 92 586 842 885 892 900 919 992 20 633 646 674 
510 143 299 29 58 759 938 623 690 918 943 
455 167 483 195 204 286 918 250 628 737 815 
341 163 559 157 484 274 241 371 43 368 249 488 568 610 700 730 731 749 949 970 982 442 192 391 235 584 674 713 777 946 985 
207 376 197 205 14 179 363 342 158 651 721 794 807 815 851 859 229 493 109 465 393 402 840 910 
559 443 34 469 502 163 566 146 422 99 691 700 731 754 797 798 806 811 841 883 956 970 982 527 144 356 133 189 105 127 627 738 938 963 
212 219 436 376 158 591 651 807 815 18 321 384 114 985 
474 512 464 456 166 613 840 903 984 502 702 905 
453 122 303 646 661 662 665 696 750 761 788 852 863 940 108 307 160 77 720 
432 59 3 394 10 327 540 580 702 775 975 401 439 248 883 901 
490 126 165 556 409 620 660 808 272 421 678 821 
321 308 369 35 140 762 901 957 276 46 678 733 
559 131 393 610 811 906 956 982 463 303 776 804 
96 561 81 233 499 742 817 454 514 10 152 
203 82 354 357 431 395 46 328 532 214 325 451 291 6 426 629 631 663 666 685 866 931 268 160 241 138 409 616 649 783 862 972 
303 122 511 230 260 169 42 93 646 659 673 696 760 836 849 880 39 443 538 269 847 958 982 
300 343 202 9 609 678 869 981 993 484 402 742 
367 454 437 501 136 432 572 85 594 657 825 896 937 32 363 171 386 599 843 
211 310 309 362 28 218 548 389 173 630 644 778 800 830 965 43 128 441 233 534 636 691 
300 344 372 320 224 795 997 119 392 889 
351 29 187 108 259 491 235 440 445 465 311 584 597 614 789 845 881 889 893 913 955 261 188 300 202 651 697 743 762 890 910 
89 153 143 510 491 187 471 32 351 36 108 514 2 399 112 583 686 722 789 796 809 854 870 881 887 905 913 927 310 566 96 484 75 556 586 594 928 954 956 992 
246 314 87 537 47 390 243 182 406 542 374 414 622 677 735 765 861 921 990 157 518 189 155 30 127 642 670 957 
403 40 65 220 76 176 506 21 41 563 842 885 892 909 919 992 118 584 345 492 804 911 
395 328 82 336 291 116 629 655 931 612 710 801 951 
86 304 481 616 632 725 758 303 815 828 
83 187 503 2 31 351 597 614 686 759 809 870 927 958 100 383 668 705 885 891 
395 552 426 328 82 532 116 650 663 666 685 866 485 456 205 50 752 949 
569 375 63 478 205 447 207 376 651 721 815 21 55 660 788 
418 193 280 560 444 847 871 264 788 993 
228 59 127 522 349 792 975 4 885 985 
155 580 437 59 394 327 648 703 738 844 920 74 426 254 584 
304 233 81 481 73 499 86 647 725 733 742 758 799 856 465 108 214 183 886 912 
308 231 71 253 35 450 716 773 873 540 80 739 839 931 
589 143 510 583 206 813 845 889 905 210 629 990 
7 460 297 196 239 132 711 728 984 74 422 922 950 
411 370 31 62 89 337 867 887 889 392 580 651 997 
344 355 463 372 607 678 912 313 623 816 855 
306 245 118 410 338 444 280 37 413 213 634 777 559 330 92 602 957 991 
300 344 25 322 378 254 320 348 226 52 74 121 162 508 232 372 97 420 609 678 782 786 801 833 912 978 993 998 221 455 6 389 601 227 552 606 649 861 945 
495 437 117 468 258 705 792 935 969 288 57 808 841 
381 72 282 267 1 615 620 708 729 784 827 528 385 449 344 605 804 
86 476 51 304 292 616 635 636 640 799 868 604 488 556 29 644 845 
118 413 278 213 444 335 560 295 470 284 536 634 777 847 871 934 999 559 111 469 541 602 199 448 774 
523 348 549 110 300 25 149 9 202 600 609 611 641 652 678 782 786 801 912 995 997 515 454 341 165 154 312 683 918 922 
181 13 192 308 719 821 936 110 883 979 
77 430 607 549 202 344 408 372 343 378 133 579 149 9 602 25 121 110 15 201 652 695 736 786 876 912 946 966 981 995 998 366 262 359 379 291 123 155 684 698 702 910 917 928 985 
131 368 157 559 566 99 575 209 148 371 34 691 730 749 754 883 906 949 956 449 172 141 202 630 680 738 847 931 
508 344 607 180 52 110 430 82 347 834 985 
521 303 215 415 169 270 750 2 360 587 937 
570 27 250 427 699 891 984 371 2 691 
583 589 870 881 905 927 1000 536 388 685 699 
382 487 72 346 604 729 827 972 980 373 33 968 998 
481 73 96 44 588 499 476 81 233 292 605 51 86 496 627 636 725 733 742 758 799 817 856 344 52 286 527 432 577 134 309 656 731 
224 201 348 110 463 202 619 639 966 387 183 32 774 862 
122 75 198 303 696 880 922 314 455 741 
348 617 15 25 782 884 946 539 636 866 
485 267 487 360 263 72 490 30 573 409 604 347 331 282 294 381 135 88 517 281 165 126 382 720 729 756 784 808 823 908 972 980 86 25 297 299 186 2 196 787 839 840 862 918 994 
272 474 489 460 102 668 669 764 840 430 214 918 
246 585 314 87 390 537 480 182 374 406 243 624 735 861 921 990 206 154 554 326 487 328 836 898 
171 285 332 177 321 539 35 269 516 199 385 71 106 192 707 716 719 773 781 821 901 483 15 292 429 564 600 41 691 920 935 
537 314 622 182 246 87 861 394 50 690 811 
127 276 367 184 266 402 702 768 792 920 935 185 308 79 819 889 913 
492 200 540 522 59 705 975 202 403 941 
616 86 561 292 476 636 725 742 799 568 362 395 
466 385 467 171 707 843 901 29 144 179 565 
354 119 577 328 325 587 458 424 395 264 663 446 324 597 916 
386 210 229 581 90 717 829 830 914 610 420 227 322 935 
552 395 357 22 291 46 325 67 577 54 328 203 352 114 655 685 692 866 931 250 283 415 489 805 846 873 
481 588 496 175 647 725 799 817 229 691 881 947 
274 43 131 34 341 469 691 731 751 811 841 906 947 956 982 126 563 132 133 696 879 989 
606 213 418 100 284 543 560 470 69 118 536 601 37 278 312 413 280 444 654 656 777 838 999 176 185 390 328 183 484 297 691 714 724 881 
481 86 476 44 194 605 479 292 73 51 401 561 175 81 233 507 304 504 636 640 647 671 725 747 758 799 817 856 868 408 92 247 395 49 545 82 272 78 460 544 652 763 978 
499 304 81 51 605 73 476 479 561 635 627 507 175 233 292 44 616 504 496 86 481 640 647 725 733 742 758 799 817 868 368 93 510 2 217 581 619 339 404 295 818 866 912 
16 397 103 26 5 185 704 741 814 882 890 535 284 55 727 
15 202 300 77 97 782 997 63 684 730 
232 149 344 202 430 617 61 320 343 9 508 25 77 782 795 966 988 993 995 236 277 461 865 875 927 931 
81 44 635 292 636 605 51 504 799 258 522 729 760 
162 607 61 15 549 149 695 869 912 966 993 504 540 146 754 895 
99 131 422 163 502 691 956 585 218 679 
447 376 212 342 651 763 815 367 85 450 
581 449 90 310 218 928 953 605 416 376 447 
227 510 889 893 913 938 958 23 696 728 946 
230 122 415 93 578 55 453 303 571 244 270 521 75 305 659 661 662 681 693 696 750 760 771 836 852 858 880 922 285 563 218 83 433 261 700 720 747 778 804 893 937 
636 635 81 304 481 595 86 504 96 496 632 44 725 733 799 894 333 231 168 483 50 368 680 863 
522 127 59 402 117 534 266 3 70 468 540 151 349 437 594 156 676 703 768 775 792 920 923 935 943 954 960 975 416 45 214 397 177 388 444 669 759 800 822 830 853 
204 455 159 167 359 139 286 223 138 104 462 255 240 364 483 60 195 664 682 689 690 723 724 740 772 790 805 831 874 918 942 950 449 157 602 560 262 117 134 577 654 749 799 825 870 930 
82 325 328 214 46 590 715 866 931 138 216 549 668 
376 158 567 447 643 219 197 363 63 301 212 478 207 14 591 179 569 721 727 734 757 763 774 794 807 815 851 859 519 280 583 302 259 460 382 497 599 71 739 883 
607 344 609 61 133 202 201 256 149 736 782 795 912 951 966 993 997 998 131 362 446 484 416 424 635 195 716 
306 312 413 193 278 69 656 777 899 387 48 446 166 328 
536 69 470 213 634 838 899 551 649 226 274 
395 424 116 214 532 325 631 82 426 587 264 552 109 451 431 692 715 931 239 455 539 479 306 881 913 988 
295 306 19 536 79 634 37 312 653 100 284 444 213 535 475 413 418 470 193 335 69 245 410 543 560 118 777 816 838 847 187 131 273 215 353 616 264 717 725 852 877 948 965 989 
327 580 117 128 127 540 70 432 85 271 792 935 943 960 971 148 62 541 300 828 908 956 
302 389 449 242 386 752 829 830 99 381 35 250 
217 55 646 303 453 260 521 230 75 93 578 511 661 673 750 769 788 836 849 852 922 282 490 525 535 419 367 666 789 870 992 
263 346 573 267 485 490 694 729 908 980 591 348 918 975 
659 318 571 169 646 93 303 665 693 696 750 836 852 863 880 940 204 520 485 455 367 16 950 
646 169 571 270 198 696 760 922 246 725 850 977 
629 577 590 352 82 214 109 46 552 325 426 866 931 330 547 205 44 725 918 
255 204 553 649 167 690 805 822 831 525 27 129 714 
305 661 571 244 230 696 849 153 902 924 
238 590 214 577 426 692 866 190 659 965 
143 83 32 845 887 889 897 231 778 791 831 
489 290 329 297 183 39 512 80 373 621 427 27 546 250 350 272 239 236 669 672 684 699 728 764 832 878 888 977 984 985 303 130 149 370 281 589 540 650 89 550 912 936 938 
621 102 250 474 486 668 557 840 878 916 984 162 648 205 365 
423 429 309 210 717 752 933 962 585 430 285 998 
401 73 51 476 496 635 725 742 799 236 347 777 933 952 
477 546 498 427 486 334 460 474 668 250 183 377 84 239 222 412 766 846 891 903 985 321 539 328 10 286 562 721 757 986 
659 578 42 217 303 270 696 750 761 828 852 880 922 48 560 743 799 883 1000 
462 195 553 455 159 223 138 723 805 822 918 942 317 367 369 563 566 859 
394 59 454 349 155 271 10 739 768 385 32 755 906 
59 136 117 648 228 258 705 923 935 517 168 965 
246 585 314 87 406 542 735 765 861 280 264 136 551 739 
579 162 607 9 343 602 600 61 232 782 912 978 993 995 573 409 574 182 253 339 787 
529 288 555 531 115 435 526 265 145 562 452 124 247 283 698 718 746 787 810 875 929 944 974 979 996 642 45 328 177 414 358 684 727 883 920 
385 111 450 50 853 901 986 647 266 610 702 
303 646 217 55 270 852 880 174 25 536 408 
649 255 195 204 455 60 138 359 553 723 724 874 918 950 305 239 165 288 24 737 
259 143 130 153 2 870 889 913 958 20 607 825 849 859 
460 398 239 461 39 236 27 512 668 726 846 891 903 985 679 330 609 638 211 997 
426 552 577 116 238 631 590 348 506 265 614 
29 399 584 510 589 337 722 779 913 194 372 721 767 822 
321 467 308 186 714 821 848 936 986 305 708 807 926 
202 523 149 408 344 74 786 964 993 708 834 985 
195 204 60 649 364 240 400 223 286 139 455 462 138 723 740 822 831 942 131 325 546 171 555 337 386 945 986 
649 138 664 159 167 104 462 359 204 553 740 874 918 942 10 624 457 564 866 917 
443 146 484 368 148 439 131 610 120 34 428 568 642 502 341 633 700 730 751 754 798 806 864 939 949 956 968 970 982 994 632 297 487 318 623 460 170 613 581 251 498 634 729 876 
315 655 426 6 666 328 395 631 54 715 931 191 130 469 694 
215 661 260 646 750 769 922 342 250 204 718 
497 490 660 485 556 12 360 267 487 282 409 382 281 346 135 381 1 88 708 720 729 808 827 908 980 23 465 692 211 531 510 469 699 706 783 866 962 
641 609 15 344 343 547 162 786 869 884 912 12 187 729 814 839 
571 511 318 122 303 646 578 618 55 662 42 215 673 665 305 661 750 761 849 852 863 880 80 195 645 633 531 222 430 699 813 857 
39 421 183 102 350 132 166 712 728 232 583 762 
679 288 66 247 513 526 555 216 452 562 366 527 20 718 886 944 948 974 996 448 349 112 456 204 609 4 
557 391 456 196 489 412 427 668 250 474 208 613 80 239 183 377 728 984 985 614 694 150 14 380 696 744 773 912 
148 502 341 368 488 209 691 484 439 443 566 428 131 568 34 157 469 701 730 749 751 797 811 812 841 883 930 939 947 949 956 982 313 184 6 507 232 70 86 353 646 167 795 833 849 860 974 
34 120 700 469 209 439 968 982 211 347 513 980 
402 155 85 160 534 432 572 349 522 136 520 540 127 495 394 625 492 361 258 705 738 739 775 792 825 920 935 973 570 312 236 680 609 438 384 172 90 286 205 958 996 
594 540 454 522 160 136 472 326 648 127 844 971 293 196 502 750 961 998 
279 397 541 637 26 68 16 741 890 952 552 398 159 399 765 
367 626 540 117 702 437 327 676 417 603 349 59 296 877 920 923 969 975 82 589 289 245 734 799 820 874 942 
330 17 404 277 113 416 419 221 172 53 144 804 819 915 37 315 694 168 916 
509 628 111 623 262 321 853 119 286 900 
165 694 409 123 382 346 497 485 604 331 267 30 129 808 823 908 972 55 211 688 687 200 717 883 923 
91 362 309 548 449 778 830 141 418 57 971 
538 467 321 551 4 262 285 171 466 332 853 212 587 150 435 892 998 
486 236 546 297 460 598 373 474 350 726 766 532 120 912 935 968 
239 334 460 297 697 461 985 118 786 866 
273 285 321 269 539 253 142 762 821 910 957 961 252 566 122 221 306 772 
285 4 340 308 192 551 387 50 142 687 848 873 961 986 421 80 634 664 949 
458 655 328 6 692 46 650 866 153 719 792 984 
308 505 623 387 441 171 95 596 516 910 986 652 258 41 721 
173 383 91 248 313 90 210 365 386 229 392 28 237 309 289 333 423 670 23 630 24 737 803 829 830 850 862 914 928 965 325 708 40 407 187 432 656 841 878 923 956 992 
435 698 527 679 886 904 996 444 693 924 
269 192 268 467 308 324 50 608 199 321 71 285 340 466 253 623 13 457 762 853 936 249 292 126 214 456 715 208 760 797 815 
267 381 497 281 620 490 694 823 908 972 980 571 309 523 646 889 
376 197 447 651 179 14 591 478 207 375 567 363 342 205 727 734 757 763 780 794 815 851 925 229 152 226 686 716 35 672 338 870 884 
686 206 57 29 584 779 893 827 931 935 
204 649 195 240 689 60 167 159 674 682 740 831 874 918 942 950 504 213 557 489 189 84 904 943 
649 223 195 682 286 167 455 204 740 874 918 498 361 267 634 783 
44 194 86 304 233 632 671 292 81 616 479 635 73 627 595 550 647 636 561 588 476 742 799 656 663 456 662 202 240 53 210 552 225 792 
456 421 329 460 293 412 711 482 684 252 425 350 250 7 27 728 764 840 891 903 985 457 476 59 41 750 852 893 919 966 
651 197 376 14 375 447 207 721 734 774 807 815 851 925 679 231 129 637 236 728 
391 236 668 293 39 239 132 105 161 460 461 557 697 699 726 154 546 474 598 297 840 878 903 313 645 727 255 533 458 298 507 17 770 862 
88 1 490 487 126 135 694 517 281 660 604 165 129 620 267 30 615 347 170 823 827 898 980 640 546 79 303 691 77 695 736 766 950 
700 610 209 131 484 559 422 691 225 469 241 566 157 43 341 731 754 806 811 841 883 939 949 956 970 25 181 476 329 119 638 273 183 748 804 907 
163 633 131 148 559 146 157 439 484 566 568 730 749 798 811 841 883 947 956 968 496 616 116 27 296 215 792 854 924 
288 20 234 746 948 974 996 484 495 843 
647 636 595 616 476 51 550 349 574 432 
376 251 436 727 651 63 721 179 212 763 774 807 815 85 57 403 705 341 773 
246 585 314 414 537 542 677 622 390 47 87 374 480 243 765 861 921 990 304 453 351 543 467 749 938 971 
372 384 202 52 609 652 964 729 78 888 
229 309 248 717 449 313 392 519 101 210 778 830 962 963 682 167 267 87 565 798 991 
594 520 367 184 702 327 326 540 276 117 495 739 775 792 896 920 923 58 610 568 179 524 903 941 996 
437 554 349 738 522 155 432 472 271 417 675 702 327 492 326 501 920 923 943 960 969 971 975 120 255 383 227 295 596 539 651 677 905 
286 649 204 724 690 60 195 689 723 139 822 950 330 468 423 404 220 754 
16 397 345 33 134 518 541 704 64 637 68 407 755 865 890 952 374 618 460 81 869 913 
499 725 51 476 550 636 86 292 576 627 233 504 496 616 595 401 671 481 81 758 894 579 163 522 271 61 804 972 992 
277 416 144 419 147 191 221 330 748 783 804 583 492 673 289 875 
385 467 387 253 285 500 551 773 853 957 961 699 30 68 886 
284 278 118 418 213 100 543 475 306 444 536 15 40 425 48 360 789 
145 531 679 732 452 435 529 562 288 234 810 886 929 944 974 996 291 81 342 184 52 468 906 967 
86 635 561 493 481 81 817 486 646 388 927 
330 17 404 419 191 473 743 113 287 791 802 204 320 730 74 
241 566 610 439 731 700 484 341 947 982 735 649 508 402 750 
303 659 122 661 305 453 696 217 693 521 612 169 571 415 673 93 260 646 215 42 55 198 511 771 788 836 849 852 880 922 309 464 394 749 278 726 703 61 389 754 811 909 941 973 
633 380 502 700 120 691 754 798 841 303 350 464 336 961 
530 90 446 386 362 545 178 189 248 289 658 670 28 313 302 173 803 818 826 830 835 850 872 902 914 965 439 350 241 467 86 590 388 772 822 881 
30 487 485 490 126 381 980 29 370 518 
730 568 469 341 422 443 691 368 610 131 751 502 811 970 123 641 750 236 740 766 
16 397 396 168 64 741 134 103 174 185 890 369 319 491 675 763 
126 620 490 381 165 382 908 543 803 892 
721 376 651 478 763 807 815 491 672 826 
636 51 496 73 742 588 81 595 616 635 476 799 817 868 59 183 490 812 874 890 
564 49 370 83 153 89 187 589 227 779 160 133 648 232 914 
303 55 662 521 169 578 646 122 719 216 640 56 
270 122 571 93 303 696 673 771 836 849 858 559 187 64 36 799 
574 285 539 551 457 713 106 71 319 171 177 719 467 387 192 821 848 853 957 986 511 275 100 39 583 697 250 963 970 
363 721 436 375 205 447 63 643 342 757 651 734 815 851 277 635 755 221 899 905 966 
272 460 154 621 726 350 183 27 373 668 166 498 132 236 878 903 984 987 289 210 280 382 301 337 25 419 880 
246 585 314 735 87 677 182 47 861 704 95 966 
334 84 412 461 711 672 878 729 754 450 986 
330 144 221 473 191 98 802 396 161 686 
349 59 85 675 625 648 920 969 230 108 148 967 
93 217 693 659 303 230 858 31 50 956 
264 328 46 325 67 6 866 497 728 329 965 
303 230 750 646 761 828 922 546 74 556 774 
195 286 455 649 364 167 204 448 255 359 790 831 918 942 950 713 91 309 341 752 784 999 
142 623 106 467 596 744 181 268 917 957 699 734 373 229 779 
447 727 205 342 734 651 219 376 794 807 815 464 395 771 606 46 617 
738 522 339 454 367 276 59 648 702 501 127 433 402 572 540 468 792 920 975 485 86 376 32 275 782 836 928 931 
15 408 133 372 52 256 801 833 912 951 966 575 309 131 165 811 961 
69 656 444 335 295 312 634 543 606 536 601 213 306 280 653 278 413 118 470 418 284 816 838 847 871 899 934 671 484 435 237 411 566 520 408 792 865 884 941 
709 298 23 211 310 356 737 313 581 333 125 289 237 392 229 803 862 965 228 646 667 432 346 94 821 827 
445 108 514 11 311 722 130 686 759 187 854 860 889 1000 773 477 397 131 50 791 
301 721 375 376 807 815 851 146 144 404 
623 111 171 285 321 35 137 821 426 344 465 871 
372 639 408 619 638 25 652 678 61 378 384 607 232 602 149 833 912 981 988 993 998 51 392 543 775 301 49 477 297 797 
330 743 144 404 307 107 221 172 98 17 53 416 277 419 473 791 804 915 991 320 372 577 694 406 11 724 449 213 
604 72 620 490 1 409 497 137 772 348 
555 526 562 810 875 886 944 974 996 832 899 947 
558 688 607 52 121 609 695 9 348 25 61 602 74 384 344 857 912 978 997 712 120 46 418 294 474 462 816 888 
531 115 679 529 875 944 996 620 678 506 
303 750 571 659 244 93 940 592 591 919 
48 32 89 465 583 62 317 351 38 510 533 235 112 370 2 584 494 796 893 897 905 474 489 343 257 659 110 179 745 924 929 
649 483 204 359 240 772 553 918 490 149 
330 416 419 113 748 358 107 221 144 783 277 804 915 991 409 779 667 243 880 
155 394 648 156 501 657 361 367 3 349 70 593 117 603 433 136 625 540 151 200 702 738 775 492 825 877 937 971 973 975 198 715 777 725 559 731 61 18 496 188 800 984 996 
355 52 547 430 384 61 420 25 946 62 427 960 987 
651 342 721 567 774 815 925 95 2 106 942 
582 133 408 639 430 344 348 162 523 74 652 463 202 869 946 966 209 26 285 127 536 700 16 
32 83 789 584 2 399 58 907 913 927 967 362 87 269 882 921 
146 163 341 700 34 568 798 956 982 318 782 397 719 838 
225 568 691 148 751 797 131 274 731 968 970 529 737 331 889 902 
616 635 81 175 493 51 304 73 496 194 504 636 632 292 476 640 725 499 758 507 605 595 671 401 86 647 627 817 673 649 62 229 761 705 474 291 282 537 52 880 920 
383 362 211 289 449 173 548 581 446 189 386 928 965 319 342 648 792 522 971 
343 61 607 776 420 74 372 52 254 202 25 320 549 602 514 246 587 848 918 
277 404 17 748 405 767 107 197 891 931 
548 210 717 389 298 365 309 211 386 173 519 23 752 778 383 829 924 963 293 250 756 468 470 35 817 982 
330 144 17 405 783 515 743 791 706 221 98 416 473 419 172 404 819 911 915 932 991 604 452 575 730 391 586 646 742 913 
167 159 674 664 240 195 553 649 204 455 286 822 831 918 942 950 47 262 181 631 989 996 
691 443 568 209 148 730 469 812 982 327 349 235 861 
376 94 219 569 727 251 342 205 734 14 436 179 774 375 651 780 757 363 567 815 925 299 225 687 99 209 377 302 866 883 
620 409 694 487 88 708 129 165 126 490 381 556 573 281 347 827 908 980 149 57 444 443 546 522 603 914 936 
311 299 525 143 584 589 905 436 74 90 
20 679 438 247 746 452 288 785 875 929 944 996 327 257 363 935 
568 731 488 484 502 380 469 34 730 131 700 163 209 443 633 575 754 120 812 841 883 906 930 947 949 956 968 970 982 994 624 297 776 471 750 338 516 59 179 229 821 876 958 996 
439 806 34 700 131 484 811 883 968 459 139 758 213 296 
227 206 32 510 351 597 958 54 696 401 
16 397 134 518 396 103 541 64 345 637 185 407 68 865 890 952 983 695 489 349 40 857 935 995 999 
651 376 721 807 205 63 447 774 94 727 734 363 763 207 591 436 14 212 569 219 158 478 251 342 375 794 780 757 643 301 179 197 567 859 925 565 195 588 226 147 278 165 47 719 523 840 850 865 937 953 
444 656 338 295 306 777 418 600 786 34 
636 493 758 799 401 51 175 576 632 635 747 81 616 476 267 803 204 539 113 881 
173 210 91 545 90 362 313 752 423 914 928 541 532 106 65 636 371 
330 416 419 804 221 172 706 17 625 562 891 908 
183 388 154 250 474 461 985 452 705 561 278 
35 321 457 539 171 538 186 687 106 762 608 190 623 387 285 385 308 450 466 781 713 936 957 573 227 145 219 91 811 52 491 778 844 
448 462 455 204 195 740 674 805 689 664 553 831 918 942 752 399 277 501 686 648 
267 708 729 490 497 720 620 409 88 123 898 363 373 444 73 982 
458 426 6 328 855 866 931 117 51 217 
326 702 160 580 540 394 792 402 896 649 683 555 829 
90 752 210 229 544 835 962 757 461 904 
694 808 729 267 497 126 409 30 487 615 12 517 490 604 106 437 778 543 722 424 920 
511 673 415 303 453 771 858 657 588 545 
717 125 519 90 630 658 803 302 392 835 914 924 963 965 825 241 420 490 38 944 
752 24 446 717 28 658 709 248 423 210 229 302 630 178 188 737 56 581 323 429 392 91 298 902 933 965 142 53 167 491 120 648 11 216 35 513 331 957 
723 649 805 60 664 689 822 462 772 167 195 159 918 429 25 102 163 667 192 
239 154 350 388 668 373 425 102 18 878 985 785 164 510 919 
602 776 97 782 912 988 995 486 700 189 535 
385 332 268 35 324 441 308 285 843 961 611 688 165 260 350 
826 423 829 298 125 752 91 850 965 124 476 562 864 
578 750 122 646 661 230 761 260 305 659 852 863 922 940 397 622 91 8 775 915 975 
57 533 187 337 510 889 897 233 446 903 996 
278 280 306 634 444 654 284 656 777 395 514 797 172 
83 112 510 187 57 32 434 854 905 695 620 14 596 924 
728 350 236 250 482 39 297 460 329 27 669 377 45 132 84 486 421 80 373 489 570 290 239 546 161 621 726 903 984 985 426 510 815 620 34 394 476 189 312 567 195 842 848 872 
341 249 488 484 751 469 811 131 633 568 731 730 502 700 883 947 949 982 717 467 325 603 196 546 297 893 
403 41 220 40 65 586 563 275 885 892 909 919 989 992 376 444 533 194 474 472 840 
340 385 834 387 628 262 324 450 524 321 267 117 732 327 580 
349 326 128 127 594 70 367 432 703 117 327 402 937 975 424 44 821 66 370 950 983 
583 32 471 351 235 317 38 434 2 259 49 597 316 143 227 399 150 465 187 667 860 889 895 907 913 955 958 502 13 476 50 195 605 328 436 63 23 886 896 
183 236 672 84 105 474 684 631 124 885 
335 592 245 69 606 777 656 278 444 560 536 306 999 232 473 610 578 537 320 863 956 
106 190 467 714 457 171 762 4 441 140 285 687 50 873 901 936 801 840 514 146 875 880 966 
696 169 305 659 55 665 750 230 578 761 260 250 683 700 502 523 869 
229 386 211 835 323 356 530 309 389 125 446 23 91 717 752 248 519 383 188 302 289 90 173 392 862 872 962 532 562 285 815 260 344 444 662 425 412 935 
567 219 727 651 721 763 780 320 107 328 
673 521 659 303 571 750 646 93 681 661 122 217 230 696 836 922 726 210 656 298 477 906 961 
95 680 719 111 707 710 253 35 744 762 457 467 901 910 936 957 413 313 90 392 648 857 866 953 
839 584 48 779 528 440 510 206 905 927 958 731 362 266 222 
116 238 426 325 824 82 328 76 430 600 
595 81 86 73 616 304 635 894 537 296 551 308 
226 344 786 74 254 149 15 232 508 162 912 814 696 349 853 553 873 
415 828 761 769 42 646 303 198 318 169 175 358 354 517 920 
815 301 342 363 567 205 651 447 375 376 925 395 476 683 384 674 
311 779 445 2 112 187 845 49 325 249 700 963 
246 585 314 735 87 622 537 47 765 677 390 243 182 624 542 480 414 406 374 921 990 350 461 1 806 284 252 523 602 508 478 
365 353 356 446 717 91 310 850 778 362 914 928 963 965 484 728 620 577 617 421 
230 836 661 303 696 571 880 847 647 913 1000 
34 484 274 422 131 341 691 835 2 397 373 
16 397 141 5 379 134 185 26 541 407 68 741 814 518 345 882 952 983 639 777 274 815 431 294 949 955 957 986 
328 395 424 426 663 116 238 577 264 22 54 67 336 824 650 325 352 109 354 666 46 590 6 114 458 357 770 631 552 82 214 532 715 931 502 619 493 690 202 807 348 351 486 853 694 712 366 636 889 
187 143 83 78 112 599 870 881 344 69 953 984 
51 73 476 635 758 605 44 86 481 636 32 121 111 870 908 
795 641 25 579 695 879 988 4 741 849 
471 29 465 259 867 614 143 337 683 49 78 510 589 2 187 584 235 881 913 938 958 512 659 721 460 868 649 502 422 211 936 
312 306 592 536 606 777 213 348 162 30 781 
289 752 242 309 530 383 850 103 52 840 78 
848 35 596 71 714 524 171 917 957 857 309 631 150 
195 724 448 286 455 649 690 60 723 682 918 705 758 347 890 968 974 
234 785 787 527 66 679 435 810 115 948 974 996 259 848 497 639 743 437 
15 149 320 609 508 254 348 523 978 377 691 5 811 
3 136 792 432 705 402 266 656 482 908 
460 669 764 728 668 39 222 766 832 239 297 442 891 985 155 61 717 142 523 157 966 
355 549 869 52 61 15 344 25 978 997 179 144 633 910 936 
750 270 230 863 618 244 511 661 696 169 521 646 681 673 318 578 217 922 848 353 791 69 799 243 764 395 403 
440 150 870 351 510 867 83 584 614 62 32 58 583 112 259 897 907 967 632 75 817 752 655 279 634 899 936 
16 541 397 637 865 952 983 796 199 993 
225 568 148 812 731 841 99 422 469 34 559 700 730 341 428 484 502 371 368 131 610 443 811 439 906 949 956 982 679 572 673 608 309 349 651 807 278 708 981 
619 25 61 695 149 52 997 777 721 911 
403 41 220 586 842 76 21 65 563 40 275 176 92 892 900 909 919 926 941 945 992 593 253 589 536 464 350 846 439 384 923 
527 526 562 124 247 698 452 746 555 513 529 283 718 234 366 785 944 974 996 182 595 551 744 44 845 67 111 89 
667 83 584 11 514 599 905 73 9 81 
257 84 239 461 373 39 154 668 987 471 736 786 956 
150 337 845 667 299 510 2 57 206 645 399 683 49 599 837 597 583 235 779 893 895 897 913 938 1000 798 625 51 462 866 545 145 322 582 239 720 490 
134 397 704 755 814 741 174 345 407 5 541 518 637 379 103 279 26 168 33 64 16 283 67 758 389 874 326 473 583 374 83 
239 684 222 878 672 726 297 613 498 84 161 474 290 39 252 903 589 554 15 819 455 221 228 802 
403 41 76 885 586 40 220 65 842 563 506 275 92 900 909 926 989 992 756 187 35 289 344 710 922 944 
370 789 150 32 112 235 889 722 2 440 583 206 316 645 108 48 927 958 841 726 82 646 244 327 35 920 952 
51 647 856 304 742 175 81 323 392 959 
29 259 889 845 32 130 927 641 240 16 
155 258 580 85 825 326 10 349 454 738 920 937 61 116 507 352 845 2 
510 881 370 837 789 889 667 528 907 913 927 34 93 397 344 983 
729 281 72 823 490 908 972 622 288 956 
475 413 280 444 306 278 312 295 535 654 560 777 653 338 536 19 213 763 881 419 785 557 50 903 922 
403 41 275 885 892 563 40 65 919 992 707 523 376 
450 35 628 111 50 516 262 853 574 106 231 848 680 192 623 285 190 269 467 936 957 986 93 65 204 544 287 572 455 250 915 918 
248 313 752 429 830 365 914 962 965 3 798 557 665 987 
208 474 489 728 297 570 461 250 684 350 183 427 840 726 546 891 456 460 18 482 373 672 477 236 105 27 425 329 764 161 7 977 984 987 292 899 432 28 837 392 738 122 17 541 235 339 89 210 207 
66 283 435 526 438 718 20 288 145 513 929 944 974 996 723 826 442 9 202 950 985 
32 49 143 235 187 839 597 887 227 62 584 789 854 440 809 445 112 614 913 938 958 570 433 357 250 763 739 956 983 
380 99 371 610 575 883 120 633 811 131 274 484 393 146 163 968 970 982 306 233 35 852 746 675 494 542 
465 845 370 881 491 796 150 503 897 337 913 730 524 73 421 920 
620 808 487 708 360 72 756 267 485 88 126 898 346 694 720 30 556 660 497 657 107 819 98 877 468 868 501 947 
403 842 506 76 586 41 885 40 892 945 992 45 172 750 986 
387 450 369 551 171 713 190 853 269 538 319 13 716 35 567 127 583 609 135 879 954 
330 804 277 416 358 144 53 586 39 66 884 
61 600 558 833 857 602 607 652 782 384 776 609 372 261 695 162 420 549 641 9 202 77 149 133 201 786 180 74 678 15 951 959 966 993 997 699 595 636 190 711 542 211 404 285 668 33 914 956 973 982 
645 112 870 584 2 907 796 57 889 187 905 62 317 528 510 351 845 897 471 503 683 583 32 686 938 958 136 655 72 467 490 741 127 863 804 625 921 925 
24 446 818 752 717 902 630 519 210 309 423 829 862 298 91 28 189 392 211 229 56 924 928 962 759 86 43 808 912 466 341 95 998 
221 791 107 783 330 804 706 144 405 53 287 416 37 553 836 413 901 401 
250 183 669 546 464 239 985 629 536 706 416 
873 192 773 269 308 319 457 961 986 376 609 690 288 
682 204 223 649 455 364 167 565 805 195 674 831 138 104 462 255 790 772 286 822 874 724 139 400 723 690 448 483 942 950 620 6 621 607 801 660 564 901 663 152 456 247 116 
403 885 40 76 41 21 220 900 586 563 842 926 989 992 88 299 509 788 726 832 
594 127 117 896 296 454 648 739 768 266 339 155 775 625 59 394 702 705 327 520 437 128 554 258 468 228 738 540 432 522 923 935 937 973 975 799 623 132 893 51 907 302 679 247 827 87 400 858 936 942 
861 246 585 314 622 47 735 390 537 913 796 428 202 
244 693 55 217 122 852 750 618 415 318 303 270 880 662 836 215 673 771 453 659 646 536 607 413 899 9 291 308 324 598 892 
738 117 59 454 739 676 920 540 705 648 935 717 345 885 708 51 
803 914 356 519 446 218 101 211 229 23 829 718 665 839 731 789 956 
794 727 721 815 807 859 376 913 503 51 996 
403 40 885 919 892 176 41 21 992 687 213 409 980 
895 589 57 854 299 89 796 83 311 893 29 351 584 897 614 112 639 180 335 266 314 321 747 
717 914 229 383 211 800 389 28 91 23 289 862 818 644 544 298 302 56 353 210 310 188 953 963 965 584 609 202 537 506 775 238 43 935 977 979 
562 746 452 904 810 679 944 974 996 217 74 789 156 954 
43 502 811 131 209 34 484 700 956 649 284 30 547 
866 67 82 663 451 328 119 315 577 650 22 6 824 354 357 655 214 264 587 692 631 722 350 247 639 775 610 596 802 977 980 
330 419 191 416 404 147 804 242 118 975 
90 670 313 830 210 189 28 295 27 418 671 
777 535 444 606 278 213 410 222 195 211 314 
394 3 10 276 127 648 432 402 603 327 920 128 200 156 702 417 160 155 454 271 296 923 349 657 676 625 228 258 937 954 975 928 346 810 502 722 489 630 623 711 814 446 850 384 183 
719 71 524 441 369 821 171 192 467 687 608 853 848 231 901 177 111 262 961 357 881 808 920 668 879 498 870 377 
339 522 844 896 70 540 580 85 920 228 935 155 792 975 320 646 612 376 815 992 
870 564 889 187 913 58 227 411 32 2 533 399 36 645 62 57 150 905 463 269 111 25 281 735 668 568 
157 34 700 691 148 443 730 949 547 320 452 996 
836 217 661 75 571 303 305 788 259 193 221 471 
403 40 41 885 21 65 992 777 750 738 626 
649 204 690 805 138 918 772 286 822 455 167 723 448 483 674 462 359 195 255 689 950 39 705 794 920 15 93 386 414 961 
648 361 432 739 85 657 975 564 140 723 
698 124 679 886 746 288 787 810 904 145 929 785 974 996 829 386 475 367 892 370 226 
403 885 40 41 909 220 992 267 689 602 399 
15 52 9 795 793 609 619 165 566 194 645 
749 731 841 811 380 439 633 371 368 443 700 956 126 785 632 908 20 471 
216 513 435 247 66 732 366 283 698 875 996 170 656 59 89 
730 371 939 439 157 691 566 469 883 811 428 502 209 841 368 610 700 956 976 211 264 319 285 714 865 155 590 337 
805 204 400 918 455 723 740 139 649 942 240 553 682 286 359 772 729 844 904 598 661 559 989 
15 912 652 558 776 9 201 198 325 587 
16 397 279 345 26 865 134 814 541 882 741 704 12 169 893 671 213 1000 
8 309 644 91 928 211 229 853 815 867 
271 648 327 155 136 3 522 935 117 367 971 198 929 910 584 30 496 
845 38 187 583 78 29 57 865 372 416 977 
575 131 691 568 883 947 731 797 163 484 930 428 393 443 488 700 368 633 120 34 439 209 274 610 949 730 811 157 642 970 717 584 143 898 905 847 924 888 912 657 311 235 769 975 
713 505 308 853 192 199 744 762 457 574 71 821 321 901 773 4 873 106 961 426 211 601 158 830 274 865 585 427 
130 683 813 854 187 645 913 2 905 845 206 870 589 893 702 811 272 372 578 349 213 
300 121 378 25 232 348 523 912 997 377 894 462 
361 648 258 657 402 339 454 522 739 3 1 793 370 342 373 
273 171 957 199 268 308 744 713 13 35 269 714 917 834 509 285 164 936 106 751 703 2 942 226 776 169 852 348 
902 392 670 914 383 302 519 365 210 850 229 826 429 737 57 425 201 694 376 982 
862 386 173 737 829 928 28 383 188 8 211 90 210 446 302 803 965 410 444 13 762 860 568 978 993 
736 162 688 372 232 52 25 121 988 148 303 499 980 
752 383 963 548 429 829 778 800 362 24 389 835 928 323 862 902 519 242 459 248 333 386 173 229 717 830 581 60 666 84 676 475 99 113 382 2 656 770 505 
320 776 617 201 344 74 641 261 121 372 652 639 15 609 795 348 912 993 367 302 307 878 765 726 848 763 562 
89 206 440 2 187 29 796 36 881 186 404 746 412 768 
34 559 906 469 691 163 812 43 798 811 701 731 380 970 711 392 874 615 87 476 480 
739 603 768 10 520 117 184 534 705 87 298 23 972 
798 209 428 163 559 691 371 730 341 968 566 956 568 906 443 754 811 34 484 502 249 225 982 18 427 271 392 762 373 96 82 201 
703 117 160 657 792 156 739 402 954 59 975 800 440 285 735 709 
615 294 490 517 263 72 708 898 720 126 620 143 273 742 210 969 577 
10 792 432 155 367 920 702 372 912 291 750 
115 746 732 288 527 785 531 366 124 929 904 679 562 529 698 875 283 145 944 886 996 327 419 377 874 289 700 323 185 
648 572 775 844 276 156 554 327 454 739 593 792 943 437 971 3 472 935 705 920 394 626 937 468 540 154 389 412 553 660 270 956 13 836 932 996 
559 34 157 443 249 341 949 490 140 1 
272 154 196 668 222 546 161 329 84 460 236 903 27 421 984 955 304 931 447 928 262 662 
322 52 602 372 678 384 226 420 876 61 879 25 523 549 463 786 997 512 399 148 533 963 635 
679 283 555 288 562 265 996 303 467 608 928 
517 720 294 694 660 347 620 808 497 729 753 126 556 88 615 267 12 487 701 356 376 131 931 926 369 489 964 
463 61 348 344 97 782 609 149 523 579 993 883 330 540 409 527 365 
691 163 484 422 225 502 575 566 633 841 34 906 209 811 883 701 700 443 241 274 797 749 568 970 341 806 962 110 803 381 578 351 310 325 539 166 823 912 
16 134 174 865 882 68 814 64 397 496 897 905 844 
613 977 840 398 183 105 598 668 39 669 546 350 460 903 482 297 570 764 373 699 985 59 715 447 13 792 420 455 867 54 
840 388 208 398 350 464 18 546 427 474 489 984 699 668 250 832 498 726 45 712 684 412 257 239 377 672 297 132 425 916 820 222 878 236 461 29 469 328 609 541 611 383 419 904 566 593 688 569 71 445 
181 340 917 680 901 762 441 516 687 716 4 467 95 164 714 140 321 231 269 285 308 865 75 484 460 909 766 689 672 
398 903 427 888 764 250 239 902 171 793 67 
77 782 15 372 224 964 833 639 547 61 869 226 424 51 655 546 340 455 
403 41 92 919 506 842 892 76 65 992 805 633 950 91 656 
861 246 585 314 735 87 622 537 542 540 309 597 2 
330 404 144 804 791 113 783 172 419 429 737 601 
403 41 885 945 586 40 919 989 76 909 563 900 21 275 176 506 892 926 941 842 65 659 937 91 717 402 742 203 584 360 
110 579 652 782 74 912 547 981 372 348 378 688 202 641 639 602 61 678 224 966 149 226 344 432 248 309 963 882 592 4 349 330 
439 368 691 811 502 469 146 556 540 620 
678 609 833 256 607 639 378 385 486 814 114 
679 288 974 562 529 698 746 948 944 904 247 452 145 527 555 875 283 810 929 785 886 531 265 438 366 234 20 435 66 216 115 979 787 732 718 738 370 377 702 138 805 792 431 837 811 975 518 9 925 939 
261 232 879 582 652 558 74 638 978 372 523 226 607 884 320 300 149 25 786 912 959 998 599 395 550 325 405 365 338 244 478 684 
420 609 226 348 523 997 202 602 652 300 782 615 710 163 703 914 670 
606 444 278 79 536 847 634 295 213 81 67 123 814 772 
510 187 889 779 153 48 227 89 528 49 614 364 673 952 863 327 
