66
119
183
17
85
118
120
49
6
29
167
159
47
40
125
26
141
61
42
198
3
141
25
34
10
145
176
201
9
192
3
69
118
141
120
122
150
77
166
113
140
137
4
91
90
59
1
87
113
117
118
35
97
57
116
151
26
199
120
169
15
104
134
171
134
33
194
19
166
191
33
105
51
79
167
40
48
93
44
21
113
108
53
84
6
132
93
162
85
191
25
46
82
76
176
96
27
165
182
50
40
79
169
85
167
194
5
87
113
81
198
133
1
166
9
92
133
1
154
136
122
55
118
17
14
111
90
141
175
156
191
1
70
112
196
29
196
166
122
168
26
175
201
63
122
135
93
123
118
193
30
31
102
154
85
120
97
137
162
199
12
178
9
197
38
166
64
136
86
29
40
8
194
165
153
101
202
167
5
17
0
183
71
192
2
37
79
25
121
179
151
75
15
90
155
165
35
76
20
51
138
135
114
118
142
154
132
197
87
103
139
70
136
45
36
183
154
84
50
30
137
143
43
20
45
127
66
156
152
110
24
138
59
145
165
62
60
133
125
182
134
196
128
70
93
26
38
13
185
20
72
25
157
15
172
2
73
130
142
138
31
15
94
16
25
192
135
179
178
128
44
185
147
83
26
77
73
88
113
158
191
120
108
112
12
174
2
28
14
159
85
80
196
148
2
188
133
133
130
44
167
19
71
51
54
112
185
167
96
103
20
171
164
120
33
7
12
19
14
186
138
136
76
122
55
122
60
169
26
47
142
190
55
142
2
90
134
10
194
165
119
2
48
19
7
12
34
25
5
130
135
177
56
40
116
136
146
39
185
77
176
55
126
61
203
28
37
188
44
94
88
164
37
10
100
103
182
82
31
35
39
186
125
116
156
101
133
93
127
12
137
180
201
141
122
12
146
25
104
179
31
6
195
202
6
34
198
47
56
138
5
34
69
61
107
167
175
143
179
2
85
165
97
156
16
201
178
61
122
130
110
26
87
153
78
165
196
175
202
142
203
130
31
89
70
202
77
134
41
10
7
146
158
17
126
129
18
128
2
108
149
117
122
78
115
175
60
8
194
149
11
165
47
193
38
61
192
161
87
176
139
94
87
161
144
113
116
57
117
113
138
65
86
157
201
53
61
124
114
141
101
177
61
150
61
167
56
20
181
15
11
72
121
85
166
86
162
9
19
111
25
71
162
73
179
170
6
68
134
201
146
40
79
167
156
102
43
124
33
26
194
138
74
64
36
79
45
190
156
79
40
176
40
149
1
153
13
20
164
129
99
61
80
155
21
10
3
125
134
80
11
124
101
139
121
72
112
56
170
99
156
172
60
85
144
59
144
58
56
112
186
66
183
2
0
7
184
148
124
0
167
18
192
74
39
175
148
156
34
55
183
126
25
118
8
185
164
186
153
102
96
26
183
150
31
166
162
82
127
138
166
64
143
90
10
61
114
155
127
122
10
122
79
171
171
154
141
162
67
39
57
160
199
127
74
116
135
193
60
5
163
34
50
122
121
182
195
26
93
83
94
4
24
135
191
43
93
197
6
42
21
113
16
137
49
134
18
9
198
46
53
167
61
190
186
201
19
54
1
1
73
135
134
114
99
146
26
111
194
53
18
66
53
110
200
92
67
154
201
155
55
76
161
45
76
111
18
175
104
41
152
80
137
1
134
156
25
1
69
110
2
31
83
160
50
134
178
118
136
161
76
156
181
70
55
15
156
48
61
138
120
2
195
114
52
3
162
92
99
175
149
164
186
25
101
178
100
186
24
76
36
100
144
166
136
91
55
186
71
167
2
32
60
113
133
17
107
50
141
85
196
93
48
149
124
147
49
108
144
48
97
134
79
122
147
108
10
24
154
28
4
167
46
34
116
148
64
160
70
156
120
117
0
199
9
42
132
61
62
56
53
41
83
10
187
122
115
134
157
154
166
176
91
25
76
70
124
170
142
114
27
6
2
56
154
162
130
166
80
136
38
153
152
11
174
192
14
85
150
140
25
33
134
32
88
138
66
11
17
137
190
191
9
132
178
42
46
48
21
20
52
145
58
141
160
90
75
185
198
65
185
2
61
85
176
113
176
154
101
87
74
106
22
40
176
120
10
13
96
47
168
136
197
144
20
133
121
114
9
156
29
7
93
2
169
1
137
31
108
105
176
95
186
166
89
46
156
97
121
185
184
194
76
125
21
133
162
7
22
141
17
4
17
78
151
92
14
146
90
134
22
143
106
24
35
190
167
197
82
66
81
25
159
162
24
56
44
136
32
185
99
154
179
176
24
199
111
100
189
120
19
140
164
33
80
138
44
20
34
9
60
74
179
4
131
142
145
150
131
69
113
0
22
186
109
170
53
46
145
182
12
66
29
198
84
86
138
82
17
176
84
40
76
145
98
172
116
162
145
174
145
50
97
12
7
110
200
113
24
62
72
4
198
202
164
31
136
105
62
93
65
7
169
142
181
167
140
127
107
5
79
70
58
64
70
68
78
184
60
144
148
74
12
43
201
181
107
185
65
125
60
46
116
75
70
0
163
109
1
175
96
96
31
77
86
134
180
38
188
151
149
188
132
52
132
79
187
154
179
192
136
96
17
193
1
38
2
71
52
111
127
118
128
84
156
156
134
185
167
111
167
83
195
38
83
48
131
0
201
53
134
116
142
176
128
81
94
184
133
12
0
90
197
56
99
95
189
145
49
183
83
59
62
122
104
37
90
157
180
180
10
43
162
43
73
116
121
24
41
94
121
60
177
31
164
57
179
198
78
148
194
132
22
16
85
61
2
86
36
76
152
11
118
55
132
61
190
32
83
176
140
98
154
64
119
69
62
161
119
116
130
166
1
145
142
77
179
113
43
159
122
14
161
87
196
137
161
201
165
101
178
68
138
107
107
155
25
167
167
71
193
73
97
74
23
74
132
66
80
41
103
144
146
172
164
70
53
104
127
17
17
76
135
55
121
124
167
90
44
39
10
133
61
167
76
2
21
114
102
17
151
200
190
26
180
143
128
94
161
120
169
96
98
110
60
198
188
152
187
93
17
91
136
122
138
134
21
25
11
17
193
182
30
17
65
14
47
143
172
134
92
138
154
188
4
72
58
110
167
117
184
118
167
12
17
82
143
73
30
107
110
100
47
196
196
72
102
90
8
110
180
62
98
159
194
61
100
110
182
127
142
71
64
1
194
172
99
24
9
182
203
24
4
68
17
87
65
155
172
34
193
186
167
140
203
137
136
97
38
76
31
167
42
186
186
17
111
13
110
38
16
147
53
186
91
32
24
28
82
197
62
172
49
156
175
118
95
30
26
44
74
197
42
175
41
142
62
79
98
26
195
10
110
141
90
118
52
148
143
31
9
201
116
145
96
64
133
35
75
48
73
138
190
29
195
97
180
93
190
113
1
26
187
152
108
53
46
189
145
184
127
79
97
39
175
91
177
175
58
138
35
4
92
93
160
17
171
147
153
29
179
132
201
20
177
40
17
195
167
170
103
174
162
58
78
202
134
178
116
185
113
140
187
59
69
179
22
113
168
136
141
185
103
139
166
54
161
89
142
138
69
17
39
12
55
165
35
65
38
64
29
24
145
24
31
62
48
63
96
31
24
169
201
55
17
203
154
154
10
98
80
184
194
154
185
28
32
120
187
131
57
186
148
165
133
113
17
191
55
72
12
192
129
107
40
90
52
25
156
101
93
171
190
134
141
43
181
29
179
110
95
85
114
20
38
154
1
60
148
10
101
147
62
72
133
76
145
32
57
111
166
138
183
42
32
108
155
169
24
165
142
116
132
107
30
139
131
142
93
127
162
140
131
46
154
143
102
46
73
180
167
186
40
150
45
130
134
34
79
176
57
70
44
31
17
54
193
116
108
118
44
28
122
112
40
159
110
24
55
64
108
64
66
12
80
201
179
37
202
64
2
83
44
96
61
94
169
62
184
10
200
43
159
21
142
192
166
172
202
40
68
179
27
162
194
138
89
69
148
101
25
113
73
135
152
52
135
73
183
75
198
116
121
138
183
100
147
134
40
138
141
64
198
56
82
203
138
61
28
0
137
55
72
24
149
91
23
156
102
66
90
165
72
52
93
33
189
96
23
114
189
153
138
72
134
116
50
39
138
21
170
70
160
181
34
190
72
178
64
176
101
38
128
52
76
92
48
152
118
161
2
83
2
1
71
24
42
121
203
106
108
61
122
185
130
102
73
194
32
6
146
17
43
39
29
180
195
23
130
10
174
20
147
64
133
147
25
195
76
104
114
9
110
110
196
173
194
143
43
127
132
42
94
39
201
112
101
143
96
36
133
160
99
25
37
48
45
106
154
53
113
111
116
134
25
101
76
201
197
109
70
186
193
40
154
76
122
14
147
99
139
35
79
201
2
90
79
141
131
201
186
16
133
144
79
146
17
85
1
167
24
75
120
127
24
154
113
133
190
108
144
195
31
117
116
154
167
24
122
21
195
52
134
10
72
186
120
117
123
75
88
63
10
154
116
64
119
24
179
73
40
73
101
191
143
84
35
93
157
6
149
162
167
43
155
192
0
132
184
26
132
62
59
16
52
152
77
72
116
119
147
17
34
61
69
42
181
6
167
70
42
9
43
161
142
68
62
181
122
28
114
112
173
97
24
155
80
187
66
55
125
90
40
113
35
165
63
156
152
187
164
41
116
33
172
30
134
54
196
178
175
102
166
140
128
122
25
64
111
187
195
113
108
26
141
73
139
8
97
160
20
7
177
62
156
143
114
192
19
135
70
92
2
193
76
36
144
137
145
64
38
120
62
55
155
61
192
193
145
72
66
175
93
24
19
184
93
35
191
119
25
87
69
101
78
201
168
119
34
134
101
60
10
164
26
164
24
15
140
131
56
60
96
154
97
8
185
30
114
97
186
62
46
97
175
122
75
134
26
57
34
135
66
70
187
164
76
25
109
168
64
179
116
168
156
46
32
69
23
16
7
166
118
122
101
97
54
61
35
109
4
20
53
56
164
72
65
142
24
156
46
85
138
167
10
110
187
42
36
187
58
142
117
110
70
133
10
42
99
163
122
144
73
179
124
187
31
122
99
123
187
28
110
112
92
43
79
9
12
2
138
62
179
74
116
57
65
115
156
48
159
154
122
162
56
98
34
170
17
133
61
62
162
176
101
31
166
87
138
143
6
157
78
177
49
72
101
7
82
164
9
158
38
120
59
69
65
138
97
101
87
19
66
66
56
49
72
25
90
183
53
35
1
12
122
42
108
134
68
164
116
52
78
2
116
20
103
66
24
179
117
125
170
190
118
19
32
144
9
15
109
97
56
59
29
203
103
75
142
25
46
16
135
187
131
193
192
95
193
105
176
184
116
9
167
152
126
16
140
79
75
74
131
162
83
201
4
61
67
179
79
111
31
9
3
116
29
184
56
191
142
162
134
194
113
159
46
29
110
190
39
161
99
124
122
79
127
93
85
147
95
5
73
202
196
143
46
97
35
113
49
1
40
123
133
193
49
12
59
116
161
133
143
151
79
63
199
141
96
77
72
10
114
48
62
46
116
182
190
142
3
121
40
111
152
10
174
65
114
125
25
175
142
191
122
76
34
85
113
118
10
199
64
34
5
61
120
168
85
147
10
62
8
167
85
17
41
104
10
94
40
40
34
116
147
108
148
110
195
40
166
190
72
200
75
120
91
39
77
127
9
54
38
147
37
62
160
138
183
186
127
153
186
70
120
39
152
97
133
157
80
40
91
194
119
185
175
108
16
1
83
97
125
198
93
178
29
187
90
175
28
123
112
31
14
82
122
159
142
165
150
12
123
49
186
138
25
15
194
200
62
202
22
141
100
169
90
166
176
7
44
183
140
116
190
12
196
179
101
100
21
87
174
176
133
62
133
72
117
62
112
196
97
103
1
101
158
21
138
167
11
161
138
139
13
93
186
104
51
118
120
111
57
152
101
58
133
1
169
0
131
54
44
22
42
196
108
84
32
26
86
99
11
82
133
64
97
113
111
184
145
38
131
201
6
147
95
96
25
26
83
10
48
38
156
36
73
99
142
162
137
96
186
36
48
57
122
186
123
100
177
145
180
169
136
131
9
53
64
112
190
40
127
99
156
116
26
132
26
133
192
1
41
160
151
37
33
30
108
1
33
28
187
9
67
186
137
10
138
66
72
133
65
33
69
142
168
144
177
145
168
117
75
86
143
187
16
83
9
195
187
78
102
62
103
192
74
48
134
138
60
54
109
182
15
41
40
173
116
2
43
79
166
70
68
25
193
51
52
133
104
64
33
92
197
1
79
185
141
164
25
139
64
38
82
154
93
12
114
78
31
7
64
78
38
9
93
165
177
201
122
55
1
174
162
27
200
188
72
138
93
10
25
7
78
87
111
196
38
114
29
132
94
78
12
85
93
29
21
90
55
24
70
3
72
53
198
134
198
147
117
65
134
56
45
46
197
66
110
39
68
131
143
67
184
86
16
120
64
38
36
138
127
145
164
141
113
34
139
154
132
199
61
0
141
40
125
110
12
25
185
138
114
180
57
188
172
198
114
85
12
172
166
24
122
23
76
52
75
89
162
174
84
49
122
81
62
82
29
187
191
96
34
85
1
174
198
108
175
201
188
76
10
8
73
62
12
59
64
8
65
100
172
15
57
27
130
9
151
111
131
65
95
177
149
129
74
34
62
143
201
80
57
40
55
150
144
5
184
101
144
2
196
130
8
19
168
9
101
12
18
162
156
191
55
197
172
62
101
7
51
69
142
62
148
54
19
126
68
40
187
203
64
176
184
142
147
18
116
142
191
87
191
123
141
167
49
83
172
62
143
156
178
97
80
169
171
55
130
25
83
180
113
5
172
38
84
187
38
187
31
38
27
151
171
115
42
165
201
61
188
184
87
79
93
27
46
32
4
64
2
43
31
139
110
57
62
194
34
97
199
186
191
194
56
48
25
191
164
165
166
153
168
172
16
10
10
94
10
149
97
101
201
79
59
73
152
29
183
3
135
124
1
108
142
6
17
56
183
201
1
97
122
38
162
1
171
179
97
73
0
72
165
183
137
99
189
122
185
141
64
40
57
104
86
55
66
103
1
84
175
67
121
64
133
116
20
114
196
125
25
113
7
104
26
77
70
62
175
120
38
91
179
17
179
138
8
193
3
40
178
127
132
175
39
166
195
201
52
78
110
16
166
190
164
62
25
141
54
27
24
133
182
29
40
179
106
193
80
194
144
85
194
35
1
156
90
43
59
54
187
87
122
170
136
140
188
9
53
27
72
140
191
19
53
17
7
173
146
94
152
26
78
167
162
190
54
195
64
88
196
173
109
198
43
127
167
2
198
136
203
13
106
38
153
137
26
113
1
200
200
186
143
45
91
56
141
73
110
18
141
190
29
35
145
53
152
30
102
118
141
23
64
100
39
7
26
55
18
170
154
55
144
142
109
123
43
65
66
64
162
80
180
117
186
144
92
87
162
179
137
162
4
141
49
70
87
117
76
63
92
55
141
12
96
161
38
64
116
154
102
186
128
122
35
111
72
201
194
182
93
136
145
40
179
21
175
38
111
172
144
78
185
138
198
43
12
14
180
61
140
116
202
151
155
51
179
169
61
31
92
134
165
55
168
20
36
56
7
1
82
156
190
128
16
112
6
176
189
140
144
26
159
73
10
46
40
78
31
110
150
32
186
147
43
87
22
93
197
54
127
25
136
73
160
84
13
40
168
7
10
162
50
74
167
25
196
32
156
31
139
189
132
25
198
101
66
118
190
156
110
145
115
180
1
64
55
193
184
155
132
100
51
133
176
142
156
10
28
79
169
111
160
24
186
113
197
34
55
201
175
55
40
95
21
179
32
133
86
152
148
53
122
173
154
160
92
3
189
198
21
85
129
79
140
17
177
17
1
40
121
132
196
201
1
140
135
138
185
180
110
155
138
106
66
198
104
30
29
85
34
188
130
86
101
123
130
60
122
1
78
147
46
34
132
194
49
4
132
112
85
160
55
58
9
95
40
134
83
156
198
4
139
26
54
166
139
79
108
96
77
186
180
190
114
145
134
159
3
189
172
36
49
51
80
86
193
78
203
132
202
131
70
38
34
76
24
184
50
64
66
101
64
198
33
180
40
175
25
7
92
92
181
111
10
135
21
167
198
194
78
122
90
115
179
124
117
106
157
31
121
76
116
64
82
202
45
62
4
25
198
172
10
10
42
38
10
116
202
155
189
86
6
187
84
193
111
113
189
65
29
76
22
194
66
194
112
169
51
158
156
185
103
20
40
186
77
101
152
194
190
185
97
94
30
111
101
190
77
48
1
146
102
4
108
154
123
188
68
190
9
179
30
7
96
42
155
145
28
46
1
60
172
29
10
140
1
201
138
188
97
48
183
88
130
111
122
187
177
127
64
90
78
0
4
202
23
93
6
133
146
41
127
130
106
77
138
114
79
112
12
78
169
19
120
179
29
133
73
89
107
132
105
25
0
182
138
158
90
1
167
148
12
93
135
190
160
118
108
197
40
57
8
187
138
73
52
120
10
76
99
167
10
79
127
194
142
64
55
170
86
0
57
108
35
143
163
17
191
31
52
1
5
74
107
73
26
127
117
103
43
44
17
35
65
141
182
139
21
34
110
50
137
73
17
120
185
97
188
83
70
146
64
120
159
25
10
176
189
17
179
37
41
144
67
158
137
46
40
37
194
90
107
72
51
7
61
27
133
148
162
47
173
149
10
97
161
28
50
161
171
21
43
151
130
75
126
77
49
64
63
132
90
135
184
79
169
53
49
185
17
78
99
113
140
17
42
144
78
156
25
137
76
156
6
100
151
14
31
160
134
106
9
2
169
178
144
12
148
161
40
12
59
186
29
34
19
123
188
109
86
24
38
115
39
107
192
74
66
183
92
141
134
170
197
198
26
151
117
42
4
155
73
113
1
180
93
45
117
199
61
157
21
143
116
154
133
132
53
133
73
193
66
111
62
40
198
180
43
135
201
198
180
102
156
121
196
76
114
163
40
55
197
156
116
46
35
165
167
157
184
125
99
31
185
8
101
62
141
157
111
192
123
30
0
11
65
74
105
166
186
131
93
132
141
64
31
69
11
164
186
79
38
90
201
168
20
158
43
55
116
162
96
175
110
34
44
10
145
115
133
128
24
38
190
70
47
190
66
2
127
25
154
153
202
85
28
194
79
17
46
198
13
101
76
18
0
25
176
179
79
164
66
152
48
180
158
96
186
132
91
93
31
42
116
10
112
162
133
28
166
178
19
61
17
185
170
34
169
10
131
113
78
53
17
192
38
96
131
128
97
110
42
183
146
42
142
24
85
172
88
130
180
38
1
113
151
121
10
32
44
152
101
111
194
38
106
200
161
151
127
201
3
147
113
85
17
101
203
66
126
188
142
26
10
82
109
116
111
167
29
95
78
180
42
69
187
44
76
120
49
196
0
102
154
8
118
27
165
128
9
167
151
190
64
122
198
47
10
16
82
169
160
75
177
114
41
29
16
37
144
62
156
198
152
21
44
38
194
32
145
198
187
110
24
142
49
170
137
31
99
61
196
153
166
134
40
53
193
19
53
102
43
43
26
30
180
190
123
97
41
143
172
70
110
200
98
13
39
64
171
133
185
24
117
192
17
140
169
26
6
142
203
142
18
169
15
106
9
87
9
28
28
174
164
102
14
143
115
11
123
62
34
91
60
130
77
135
0
142
110
74
5
36
87
199
114
90
124
5
158
41
163
154
154
44
3
31
101
143
104
78
144
32
112
93
64
147
145
132
124
179
151
30
160
137
150
55
145
128
3
25
184
169
28
182
140
3
108
37
145
78
114
127
12
185
113
188
25
82
2
37
108
107
77
103
51
77
97
89
101
120
183
166
55
161
54
175
74
84
34
117
82
14
111
54
33
0
120
127
152
172
106
124
38
144
96
195
116
167
6
93
113
73
71
0
53
90
122
153
110
93
134
132
18
72
113
136
114
71
154
56
163
114
196
80
132
175
13
168
185
78
68
17
145
132
55
114
80
66
194
162
40
103
13
26
167
198
85
110
185
61
164
197
133
127
93
26
58
89
95
42
113
49
120
101
196
10
201
48
175
30
18
87
9
79
56
134
138
154
75
177
144
174
80
13
35
121
133
182
127
118
6
116
140
29
80
175
168
92
31
144
100
141
75
120
113
56
165
36
174
87
13
42
133
199
188
171
105
61
93
67
139
196
55
67
44
50
78
97
94
48
137
142
3
65
141
83
200
139
52
103
142
134
40
33
25
42
199
143
78
112
7
9
60
26
112
159
175
151
116
163
169
10
68
134
79
22
87
105
92
56
42
159
164
126
132
133
63
142
91
2
18
10
66
19
187
104
76
141
100
203
162
179
64
161
93
198
185
48
140
130
197
120
166
8
125
139
111
55
185
86
79
160
41
183
114
34
4
200
137
192
183
49
72
72
141
43
185
194
2
123
69
78
119
202
186
94
40
39
132
149
179
7
17
101
133
171
202
145
116
142
189
51
97
184
49
117
88
145
74
40
94
97
142
17
108
199
77
55
152
148
3
78
177
102
76
2
4
148
190
46
149
183
195
177
175
180
104
162
166
42
29
99
3
85
181
147
80
110
190
97
141
32
108
149
29
193
119
67
70
22
144
42
93
160
198
158
57
93
99
29
49
166
46
75
60
149
138
96
42
58
82
1
156
43
106
17
25
9
19
165
73
113
77
185
25
50
187
105
58
192
151
63
17
198
119
2
131
64
185
101
113
175
185
102
112
141
101
118
48
155
134
72
127
167
187
65
116
179
145
132
20
128
163
74
198
127
167
61
66
120
129
192
186
152
119
17
78
112
84
76
62
69
111
201
44
97
56
26
137
176
141
118
151
38
189
166
109
108
13
184
42
16
93
110
56
56
33
122
46
101
132
42
79
69
72
38
106
185
25
162
40
175
131
45
40
70
151
123
40
8
11
196
77
117
143
76
126
76
128
155
146
185
64
1
144
194
75
150
145
201
132
24
142
39
144
32
132
59
187
122
10
200
40
123
185
17
123
198
80
192
40
125
182
157
141
167
85
24
156
162
56
102
31
29
144
184
201
134
26
58
169
162
29
161
133
38
60
176
186
176
124
103
133
149
55
198
180
166
40
133
73
19
90
59
116
142
173
0
133
156
31
109
110
185
64
64
121
195
26
79
20
55
52
112
143
9
164
8
96
164
148
127
78
81
123
110
127
47
61
93
156
73
98
106
93
2
154
142
160
2
40
178
182
170
139
141
0
48
193
2
156
24
3
83
167
141
93
180
78
46
36
25
49
57
120
34
193
46
1
17
1
183
158
123
79
126
156
55
122
171
0
194
181
188
31
139
179
89
40
78
92
44
25
69
3
143
154
1
155
20
38
5
24
10
39
97
120
0
51
144
66
75
20
106
176
154
17
12
112
24
156
137
29
135
36
28
4
59
108
164
95
48
74
138
30
72
102
64
197
138
113
110
79
79
140
31
153
56
52
114
95
71
27
185
50
76
139
95
143
141
15
15
138
46
110
166
6
82
173
30
110
203
139
142
17
23
75
160
156
24
86
106
52
181
24
10
93
131
16
156
62
97
101
49
62
148
125
148
50
179
4
89
168
153
26
186
176
43
15
40
101
113
27
24
195
144
145
31
148
144
5
14
106
40
29
140
165
118
6
129
25
31
150
134
33
17
10
2
95
137
165
67
92
4
31
85
156
26
198
156
6
89
201
59
79
130
40
199
26
129
4
120
164
43
96
131
130
170
19
21
87
29
59
110
166
149
104
12
118
64
116
44
31
41
87
159
56
38
99
0
43
62
133
40
156
133
60
170
167
96
61
142
177
196
154
189
73
101
182
28
133
65
187
101
180
76
113
199
179
159
202
175
134
97
180
31
95
190
48
10
140
10
79
116
62
162
25
33
73
182
54
144
140
19
73
152
36
185
170
80
56
73
183
155
144
25
35
48
152
133
38
54
92
193
0
166
201
184
194
83
69
60
170
116
91
194
0
180
67
160
151
156
85
166
68
126
189
148
133
164
132
147
190
71
201
114
168
26
192
16
148
9
41
142
41
188
118
125
73
62
62
78
172
160
12
173
42
117
40
158
140
117
24
141
23
149
64
91
112
185
141
93
110
178
149
29
156
201
25
142
167
67
66
64
101
79
183
111
43
189
27
133
171
77
152
198
143
171
198
126
42
128
24
25
100
30
39
93
56
195
135
113
185
144
192
148
134
73
24
29
167
1
75
59
141
66
34
12
94
96
97
98
40
112
118
139
180
179
58
1
190
116
104
1
15
164
20
101
64
143
12
42
123
95
154
177
25
123
172
61
134
97
189
112
61
185
148
132
40
16
186
101
98
114
84
144
146
141
159
140
7
156
184
24
189
184
24
43
127
110
10
129
175
174
145
64
61
165
203
178
25
168
61
198
201
61
35
156
141
79
27
2
182
2
78
34
169
170
20
39
164
120
79
136
127
154
180
64
49
193
202
134
31
63
131
46
193
86
85
93
201
155
168
164
155
83
48
154
142
126
166
49
42
177
118
38
52
73
30
154
39
134
127
66
180
190
59
133
10
159
10
26
19
10
82
9
13
152
85
132
28
101
194
108
120
202
85
83
52
154
158
199
186
11
13
186
161
46
111
36
175
24
43
122
38
0
9
57
87
28
122
69
6
53
86
87
12
118
170
81
184
145
55
26
43
162
85
58
165
175
90
127
103
9
46
148
98
114
185
122
65
64
98
17
51
116
17
23
166
57
106
177
125
7
145
10
105
25
117
142
3
169
156
89
79
97
122
76
133
17
22
70
179
201
118
165
194
191
29
107
183
67
87
57
35
179
174
89
52
70
151
110
59
46
142
68
26
108
193
135
96
185
152
1
69
55
6
136
65
99
58
10
118
25
17
193
156
124
67
113
190
79
44
141
57
55
170
55
162
25
151
82
61
154
167
113
142
11
16
185
79
38
170
152
182
116
122
101
77
113
96
62
25
47
85
116
48
110
10
89
154
65
35
46
25
0
163
123
175
97
142
42
151
19
154
131
147
183
129
120
176
12
134
186
166
34
26
19
138
143
116
70
4
108
110
153
193
116
56
177
81
141
134
144
123
158
101
156
96
80
201
9
194
126
140
117
155
26
122
18
185
116
72
126
63
190
6
86
196
93
34
55
140
104
177
24
90
107
134
79
64
157
144
122
201
85
170
10
25
200
114
86
75
186
114
175
142
54
5
25
25
21
20
38
176
2
45
125
110
101
74
183
167
182
62
189
142
18
48
180
31
68
108
1
55
12
9
158
4
186
135
21
127
134
124
144
200
175
106
127
62
108
190
15
109
31
170
20
163
189
118
93
107
123
1
151
192
152
188
170
24
123
71
145
69
17
55
182
162
7
197
127
101
1
22
99
110
196
112
53
108
70
120
107
168
2
0
201
51
130
55
17
73
154
40
20
161
170
73
79
31
132
10
109
198
116
164
56
68
45
134
7
110
175
50
150
125
103
166
74
161
110
101
50
136
111
100
200
190
64
162
75
101
182
172
86
34
190
194
30
120
124
24
101
115
196
199
38
55
172
117
144
33
39
186
112
79
168
1
90
194
90
19
179
13
122
24
201
15
65
60
192
97
135
12
74
49
88
44
178
192
93
122
93
184
67
110
128
163
180
184
116
123
41
36
8
56
174
7
67
189
62
116
185
10
5
61
138
134
38
108
30
117
29
175
173
15
85
53
137
40
54
95
3
88
3
89
110
104
62
52
46
129
116
97
171
92
120
0
98
13
18
91
62
7
43
148
55
166
133
6
20
183
125
1
135
85
95
31
5
113
21
160
164
101
69
132
116
193
63
31
78
8
37
133
154
52
15
73
10
15
39
147
168
133
82
32
179
165
142
149
164
82
104
143
104
19
135
124
192
116
101
154
146
203
48
114
75
163
198
185
153
38
41
36
97
46
170
192
118
56
101
42
89
17
17
155
54
186
154
65
1
169
61
119
11
154
97
17
101
115
159
26
135
58
111
192
76
142
110
152
110
29
192
82
46
41
59
43
152
137
201
22
79
64
143
131
154
149
101
194
140
37
4
114
74
138
70
112
10
133
20
113
53
166
2
34
2
21
42
139
30
31
133
92
0
84
60
156
74
77
161
165
120
184
174
166
198
200
186
77
7
144
195
141
110
61
118
140
28
96
148
198
79
110
160
159
76
179
113
12
118
26
65
186
7
44
19
39
162
88
102
140
83
38
52
82
110
150
18
88
6
61
42
124
193
134
198
78
108
26
108
48
9
190
76
160
43
192
97
113
56
180
138
198
57
194
74
146
153
192
87
151
13
14
142
17
121
142
185
49
78
186
1
2
10
3
34
167
145
73
118
55
134
153
175
138
186
166
26
18
122
126
138
112
76
154
108
91
9
117
68
0
145
192
12
192
117
175
80
20
118
104
114
130
11
17
197
48
106
52
17
75
48
147
90
41
3
186
62
24
0
76
122
148
48
159
161
136
194
152
108
191
117
85
125
117
198
160
85
43
132
54
80
96
105
145
6
166
172
138
140
44
43
195
24
185
4
156
83
32
105
151
42
108
24
71
104
150
24
169
126
86
182
22
36
147
26
171
104
138
38
75
175
145
193
61
154
147
176
194
72
186
114
142
174
143
100
3
97
194
64
31
43
48
17
0
76
114
122
122
2
72
68
102
62
145
32
85
113
96
167
155
14
35
147
40
12
122
86
103
54
99
77
22
21
137
115
164
72
130
116
124
126
108
186
40
113
163
79
76
78
150
161
5
148
179
25
38
155
106
79
76
96
46
202
72
87
144
133
52
113
53
166
194
39
50
194
179
72
156
46
16
122
37
168
58
134
159
61
133
41
181
169
194
198
85
12
113
93
137
138
82
147
1
185
7
191
190
108
49
48
195
79
187
73
9
24
135
32
201
117
55
8
114
185
190
186
43
54
93
163
87
184
182
41
14
138
17
12
135
102
143
137
47
92
166
154
59
84
43
7
162
0
154
50
136
96
130
95
166
14
70
202
161
182
7
194
118
34
183
22
58
12
93
30
201
186
57
158
141
144
64
6
1
6
46
2
100
146
163
74
122
2
60
195
171
27
36
193
165
69
89
47
156
25
25
178
48
113
145
169
25
200
202
51
142
191
185
152
52
39
120
61
113
160
29
15
29
116
60
38
90
81
11
176
193
180
22
152
141
187
96
13
169
65
141
51
184
152
46
70
56
201
156
22
96
86
45
141
199
179
156
142
31
61
107
13
140
66
85
68
91
93
102
131
135
17
34
63
68
14
17
116
171
64
152
146
77
85
68
1
101
20
138
90
143
31
38
38
26
94
186
202
193
95
113
133
28
156
148
61
66
66
95
168
142
46
53
138
65
197
50
36
169
52
193
93
28
192
151
107
134
38
102
55
123
138
147
194
55
138
95
147
201
86
63
176
55
20
72
110
156
115
167
79
71
106
32
11
156
33
179
80
138
123
65
194
99
19
151
4
10
203
169
40
10
111
172
61
153
138
64
70
145
114
122
183
180
190
88
35
12
26
37
132
51
62
197
143
61
43
138
168
99
71
83
12
108
26
145
142
203
28
119
57
26
43
79
102
175
51
188
54
18
153
94
161
134
177
162
39
29
9
99
171
20
194
94
164
140
78
26
54
198
15
76
110
91
187
169
33
70
82
143
43
37
185
141
96
61
117
147
101
64
101
167
179
1
193
120
184
112
14
185
124
160
72
34
75
175
133
114
3
200
40
4
62
171
86
9
12
79
120
126
62
104
134
39
200
17
203
171
49
52
194
57
80
17
20
58
102
191
121
139
201
102
195
192
170
95
191
85
187
25
72
65
24
12
181
2
115
113
11
38
80
167
101
60
72
135
118
74
142
95
64
190
156
185
149
199
64
186
84
58
44
16
176
194
143
178
79
40
151
138
68
38
161
198
156
162
4
190
175
201
120
5
1
186
135
43
111
179
167
166
187
96
186
111
90
41
152
75
156
137
175
162
70
32
25
193
198
167
126
156
56
55
43
169
49
72
76
32
198
96
117
10
117
29
60
25
99
145
28
186
79
145
141
145
131
78
114
75
3
118
162
179
73
122
62
116
80
167
191
110
203
71
185
155
89
29
134
37
194
28
111
167
93
79
140
118
113
149
181
108
104
39
122
146
1
30
201
62
23
106
166
191
102
167
6
30
39
61
105
179
14
201
163
8
45
145
89
176
33
167
190
66
166
192
62
41
134
71
16
56
190
155
11
176
66
51
62
163
116
112
66
0
113
180
68
151
183
95
17
169
130
196
187
17
102
167
91
0
72
98
197
175
79
72
98
17
179
85
81
56
177
133
7
23
58
35
153
118
23
117
193
85
9
55
133
132
95
176
156
1
15
201
39
0
120
110
10
73
114
161
38
179
154
77
66
69
175
13
67
187
112
201
32
46
97
196
175
189
55
84
134
81
194
41
187
36
84
3
36
83
70
10
100
136
149
80
144
151
68
92
185
78
49
60
188
189
132
50
73
110
182
199
63
172
149
116
26
123
20
65
2
175
189
104
171
154
10
61
78
72
95
80
196
154
88
6
144
168
35
120
22
141
114
29
64
133
71
38
50
203
177
198
79
137
97
58
44
144
118
130
162
17
10
185
24
54
24
166
62
74
15
166
85
62
73
127
9
40
135
106
168
116
174
25
111
17
59
31
12
141
96
166
56
176
93
167
64
39
141
6
62
200
159
154
90
2
147
172
10
189
175
7
166
134
146
92
31
0
150
164
141
145
9
93
27
29
90
23
160
10
35
93
138
9
64
117
20
104
95
56
121
50
165
179
19
62
38
3
136
110
38
152
192
159
101
127
31
107
26
149
202
14
44
53
152
40
111
106
58
196
88
145
127
175
194
173
87
138
101
161
167
162
99
31
62
149
92
145
167
29
79
179
152
130
101
55
192
94
162
110
132
2
17
4
114
162
84
89
116
165
169
76
10
12
110
113
176
38
182
79
122
40
111
136
194
141
1
15
73
64
42
201
149
133
24
175
159
153
203
10
44
145
18
128
116
35
107
50
65
101
110
157
106
69
80
176
2
154
164
29
113
85
194
88
161
105
75
98
186
202
182
186
75
122
145
109
184
186
147
97
97
154
38
157
16
144
167
198
3
56
193
185
183
117
198
29
64
31
65
59
32
180
133
107
195
39
134
107
197
118
42
134
137
17
194
87
65
39
155
185
92
201
35
139
49
49
142
24
117
93
85
201
187
137
90
72
122
72
79
194
141
139
17
143
26
73
185
138
112
80
167
85
41
1
81
195
183
61
54
166
141
35
78
38
70
93
62
166
66
135
26
47
141
179
95
134
194
160
117
4
148
189
79
138
10
64
45
102
198
90
26
29
48
166
116
63
91
156
79
189
191
51
76
111
118
175
203
44
165
142
109
202
96
113
92
136
28
38
115
157
122
38
26
116
115
172
148
109
203
34
55
23
55
73
189
59
24
197
55
10
186
199
2
186
99
118
175
8
175
7
138
116
9
46
156
151
34
190
43
169
27
133
178
22
32
143
154
121
55
154
72
122
100
73
85
61
142
65
22
2
197
125
164
141
55
155
22
118
158
99
50
112
193
196
185
1
75
65
169
143
26
194
92
11
97
131
201
73
1
103
2
110
71
1
122
188
64
63
38
26
61
173
197
147
50
142
73
173
197
122
136
201
23
4
55
114
72
32
93
118
86
135
2
112
82
161
194
99
64
112
157
99
76
167
26
126
175
77
17
16
134
61
122
105
22
110
11
124
143
74
101
114
199
44
61
12
69
55
32
116
78
189
157
148
185
64
168
1
150
195
128
63
3
54
117
93
125
104
7
117
98
194
134
20
167
122
159
96
114
132
12
190
36
75
7
29
113
26
103
116
79
166
116
194
21
42
183
125
157
133
43
73
79
34
16
186
39
62
29
41
17
42
193
176
90
117
38
125
186
124
37
201
115
62
175
186
186
195
31
42
98
152
13
156
122
184
166
63
34
12
81
143
142
42
153
14
107
197
26
152
129
62
64
180
29
70
40
176
186
178
64
129
24
24
168
61
137
38
52
37
201
170
49
120
46
46
56
25
24
179
171
57
149
114
40
79
2
19
134
181
144
123
48
162
110
26
110
27
160
127
40
86
81
17
58
48
66
48
102
142
66
13
61
169
151
192
26
35
108
67
122
131
6
97
20
162
149
95
0
79
11
79
196
189
144
132
79
154
44
179
50
132
111
162
134
1
160
165
172
59
117
25
169
193
10
177
85
42
69
111
202
142
24
40
48
201
90
13
167
89
132
140
73
177
2
186
88
173
113
45
64
55
37
116
16
25
127
142
136
81
126
21
118
16
165
90
2
80
178
154
120
129
9
66
24
183
108
127
85
90
166
112
151
127
108
65
35
117
53
155
134
57
163
179
98
1
122
198
139
122
113
18
14
198
135
89
154
123
47
143
136
25
194
10
1
110
77
184
55
77
118
173
122
192
43
142
85
120
25
154
104
194
30
151
46
72
185
111
62
17
64
51
80
87
4
26
122
194
94
79
102
201
64
64
124
61
134
17
38
64
43
156
18
180
101
76
97
118
148
62
27
97
96
31
198
25
16
196
24
55
151
145
133
186
143
186
41
29
114
119
54
134
133
151
57
110
114
9
167
176
59
80
111
87
24
2
166
126
49
14
2
111
146
138
202
40
50
92
1
46
105
27
41
32
38
188
186
180
126
116
118
21
176
87
0
102
173
156
176
50
111
145
55
65
60
43
152
102
193
110
139
73
25
137
201
36
53
164
79
105
156
187
165
197
10
127
183
203
193
1
179
166
53
24
160
96
154
66
97
131
35
25
12
93
137
191
112
64
41
4
181
190
151
185
172
163
171
186
85
82
103
9
184
10
189
135
72
39
90
167
110
189
164
201
99
50
81
44
87
114
21
127
175
149
38
42
130
176
12
137
66
138
75
92
21
156
194
42
200
118
29
47
177
82
60
16
92
22
63
14
38
121
151
34
113
58
85
137
24
189
168
203
91
125
101
80
141
42
26
191
31
88
140
55
151
60
176
54
177
95
78
87
112
93
198
122
141
10
20
181
197
22
131
202
198
194
191
34
40
191
147
160
160
86
196
166
98
79
93
196
166
26
165
149
17
32
112
31
29
39
137
77
188
120
114
96
132
182
140
30
108
117
162
92
135
170
146
9
189
101
28
43
195
108
183
97
40
113
70
79
162
46
79
26
145
185
135
24
49
26
146
131
113
146
94
86
46
154
88
122
42
35
151
82
153
14
141
131
11
38
61
122
164
120
6
194
195
134
198
76
66
52
52
27
38
179
185
105
73
130
195
1
166
29
6
85
134
72
92
24
73
82
26
116
12
162
87
116
141
160
99
79
117
194
132
82
190
110
109
157
185
182
135
26
34
69
70
154
69
55
163
68
114
155
180
40
97
128
167
35
191
2
86
162
136
90
100
111
177
101
59
154
113
5
117
58
31
3
117
122
103
87
142
181
108
29
55
83
90
28
186
4
9
186
160
156
95
201
140
153
24
31
40
141
1
101
87
191
40
25
151
149
181
97
40
100
46
134
72
55
133
73
93
114
37
198
29
179
89
62
128
61
166
69
192
48
146
130
167
119
138
26
19
138
4
73
123
198
138
7
103
90
21
149
166
6
123
29
195
21
72
195
46
187
164
110
188
20
160
3
26
93
149
173
5
6
12
164
83
117
120
77
172
185
90
194
156
152
39
23
17
76
72
21
72
39
38
8
140
156
46
15
194
62
14
168
64
133
190
38
39
120
175
188
135
127
186
21
90
95
201
53
199
107
82
51
127
27
38
156
179
103
77
100
40
70
32
166
127
79
78
120
119
8
180
12
73
166
151
90
132
45
187
198
37
65
75
186
186
40
28
142
31
194
61
106
148
149
186
45
201
193
0
80
12
93
13
109
144
101
102
175
156
180
202
198
96
90
148
5
122
156
62
141
0
42
12
102
25
138
144
126
38
201
97
48
156
6
76
118
49
38
138
39
108
51
194
133
12
190
103
134
95
98
101
163
54
7
49
76
124
110
76
110
64
96
170
118
93
1
20
86
150
122
62
176
49
113
25
34
102
101
2
114
199
170
92
36
165
87
34
183
183
156
33
171
198
59
66
55
9
86
147
116
144
198
96
134
96
185
76
117
162
198
86
141
191
120
187
129
120
166
87
76
139
165
149
201
137
160
25
171
169
104
70
74
25
61
10
10
123
197
156
108
144
195
46
13
110
77
31
47
133
186
172
156
176
72
133
36
99
187
138
155
9
168
94
184
185
82
142
38
164
72
151
103
33
78
26
156
98
192
122
41
117
107
180
4
63
34
146
169
202
79
111
51
185
133
64
75
176
38
140
183
108
192
135
101
7
198
40
85
182
74
144
166
170
79
164
53
1
192
179
113
37
148
14
162
187
113
198
36
1
87
1
84
77
117
1
122
73
199
126
58
45
0
143
67
137
21
195
25
79
191
97
73
110
74
34
29
66
116
20
134
120
79
133
33
63
80
58
142
198
147
116
43
97
93
15
190
34
52
116
74
2
175
80
108
29
71
20
193
142
167
160
122
158
113
170
42
82
107
96
188
194
196
100
164
82
16
13
185
10
96
3
112
129
43
197
26
72
48
31
16
180
70
128
19
1
166
125
148
174
104
25
173
132
23
179
160
39
52
145
19
80
167
192
122
128
140
27
60
129
133
36
169
49
76
133
164
6
110
56
199
187
170
7
102
22
38
108
78
101
93
32
48
185
39
130
31
99
167
186
145
183
25
127
127
62
169
55
171
122
192
118
105
145
129
122
10
175
176
177
202
112
99
81
182
94
46
167
177
169
151
80
202
142
180
193
48
193
152
201
50
176
88
3
108
66
103
62
101
147
31
22
161
170
79
97
30
46
130
64
55
44
110
198
24
55
5
92
156
64
180
183
136
53
180
145
151
34
202
90
129
105
186
108
70
96
57
187
123
151
104
118
11
128
161
113
81
188
108
118
95
55
134
28
191
17
134
75
66
2
125
171
17
26
44
0
44
90
95
175
80
21
166
50
72
192
9
151
178
167
66
145
128
1
157
32
56
115
2
196
140
156
55
39
194
82
113
41
56
21
25
122
174
117
35
11
116
43
174
93
22
65
147
104
52
53
49
133
97
133
111
87
94
169
2
36
196
198
26
79
10
156
168
56
184
108
24
118
119
81
93
73
189
34
66
65
29
46
129
113
151
65
123
188
19
121
6
55
152
80
65
38
169
24
104
171
164
139
98
194
85
135
180
85
44
39
86
199
80
186
162
187
26
134
69
32
114
1
110
109
145
155
145
79
186
156
167
63
68
191
140
50
71
47
166
156
175
103
108
115
169
81
167
103
190
187
194
43
110
90
132
36
144
32
117
27
121
44
5
178
183
66
24
7
42
122
34
119
110
189
176
178
142
193
174
79
24
91
39
1
76
55
110
164
26
181
193
90
1
141
71
72
73
142
193
160
17
160
60
113
45
19
64
110
38
76
95
185
189
138
154
166
194
89
145
60
186
142
183
38
133
145
0
142
187
134
17
17
74
193
127
52
30
133
27
11
139
75
36
151
192
145
47
30
77
12
40
104
54
19
133
143
61
64
2
112
183
57
144
76
144
140
141
161
189
14
55
120
88
101
101
0
38
147
61
195
69
32
69
53
140
133
117
94
84
198
37
20
20
24
10
22
180
129
43
29
114
51
61
150
80
76
85
135
52
114
121
148
12
60
190
142
146
138
175
119
79
69
47
135
119
19
186
22
142
11
46
138
72
26
162
164
149
64
196
113
92
166
112
68
108
125
144
65
46
96
156
184
9
31
81
38
141
31
0
40
69
31
9
87
113
17
158
43
145
7
176
155
136
44
176
64
1
26
43
28
120
152
142
44
137
34
129
145
132
167
11
125
166
116
26
26
29
202
20
108
37
66
186
187
203
138
133
24
38
140
20
137
145
140
166
138
73
189
76
193
166
176
12
72
198
44
76
94
98
134
87
186
107
68
96
156
31
150
147
200
96
76
15
165
154
134
99
2
122
113
116
135
112
139
9
124
38
62
55
186
55
95
61
77
66
76
11
166
108
57
92
25
180
4
55
71
41
49
105
42
43
67
102
201
198
203
117
40
7
165
54
163
90
89
140
190
77
179
2
109
78
116
188
117
135
21
36
135
169
134
79
26
142
29
52
1
147
70
31
185
73
87
37
140
85
29
155
130
169
116
86
146
127
30
11
166
24
193
100
49
36
167
1
23
36
170
120
134
145
173
189
186
43
116
197
134
200
110
195
72
32
132
95
185
136
17
200
20
96
1
131
99
57
144
52
96
101
156
69
151
147
139
62
155
167
150
115
154
64
10
154
32
15
198
151
149
131
129
2
45
74
194
131
166
94
62
162
11
192
25
180
128
157
46
61
151
66
74
167
172
80
142
154
38
31
177
188
174
148
176
32
194
20
113
90
183
110
176
65
52
50
138
176
53
116
5
135
133
185
162
155
117
106
138
20
56
4
56
175
142
180
47
31
141
167
148
123
203
182
181
9
14
78
165
156
76
73
164
179
43
62
5
34
188
