0.8232784
00:00:08.61
172
911
98
908
830
587
684
741
582
544
911
802
98
911
582
282
830
587
830
988
172
918
193
142
918
142
741
988
145
802
10
172
684
582
145
918
988
544
802
741
694
743
193
908
693
10
172
544
587
98
741
684
830
544
741
98
988
802
741
802
741
693
988
10
145
98
988
694
282
32
918
32
544
802
587
918
10
587
282
743
762
830
908
743
172
694
918
684
830
587
762
10
918
918
98
582
918
10
908
741
693
988
743
694
762
694
172
98
802
587
908
802
741
587
918
918
172
743
694
32
10
988
544
911
908
908
694
694
98
694
587
988
10
145
98
684
762
918
988
587
145
918
684
918
988
988
32
802
145
544
145
10
918
10
98
142
830
98
98
172
741
741
98
694
145
10
908
172
172
544
142
544
743
911
762
988
193
693
587
693
694
988
32
32
743
802
762
142
911
587
193
918
544
98
741
10
582
694
32
10
587
587
32
10
10
582
145
145
918
145
587
911
694
10
762
544
10
10
918
694
145
741
587
743
684
908
10
10
98
694
694
762
10
282
802
684
10
741
10
830
32
988
10
145
802
10
587
10
32
98
582
145
10
172
544
694
988
684
32
908
988
693
98
918
741
762
98
741
694
10
32
544
911
98
10
172
684
741
172
802
172
98
282
10
918
908
145
830
684
10
830
694
918
32
762
762
694
988
802
911
908
988
918
193
684
193
98
544
10
988
282
741
908
830
10
911
145
802
802
98
911
10
918
10
762
830
582
10
918
693
587
10
741
684
743
32
911
911
98
684
684
802
762
10
684
694
741
908
741
98
694
544
762
988
694
172
988
911
762
988
544
694
911
587
911
830
282
172
10
762
988
172
587
988
918
743
10
142
98
10
911
918
32
694
988
684
762
802
830
743
193
694
918
741
10
693
544
693
587
32
98
684
911
172
98
762
587
918
10
32
145
98
741
10
142
911
694
98
587
741
145
741
693
988
911
802
544
693
98
10
172
741
908
911
587
918
911
918
32
918
741
908
694
172
741
911
282
693
988
98
694
911
142
908
762
142
911
694
918
802
544
918
762
988
918
98
172
694
10
10
145
908
544
10
282
684
918
684
802
802
762
582
741
10
10
918
193
142
802
582
918
32
587
193
582
10
193
694
743
684
10
544
172
743
911
988
988
172
172
911
741
908
918
684
587
282
10
282
145
10
282
10
282
32
741
741
918
544
802
32
908
918
918
988
193
693
98
684
911
587
918
587
172
743
762
743
98
282
98
918
762
743
193
582
684
544
741
10
918
172
145
908
98
741
802
544
32
918
693
172
908
802
988
98
10
172
172
694
802
142
918
98
694
741
918
911
98
10
741
587
10
830
762
582
694
98
988
172
98
908
741
741
10
142
911
684
694
918
10
988
802
762
98
918
142
98
762
918
988
694
741
193
145
762
98
98
98
10
684
762
142
145
830
802
908
918
762
693
741
918
918
743
582
98
172
142
142
587
918
918
988
911
684
830
32
918
741
587
830
98
830
802
694
10
282
172
10
98
10
741
142
694
172
694
582
172
743
587
694
911
193
911
10
587
988
988
142
172
98
172
10
684
762
98
741
830
10
741
544
694
98
10
830
988
172
10
908
684
918
911
988
762
145
142
582
582
193
587
693
908
32
802
693
762
684
684
684
172
743
741
684
743
98
10
694
98
911
918
762
694
587
282
988
145
918
693
587
172
988
172
193
544
693
32
282
98
911
10
762
142
587
988
741
762
918
694
142
802
911
684
544
988
988
694
694
282
582
544
282
10
911
918
544
684
587
684
762
908
145
10
98
142
830
908
10
582
988
684
694
830
918
741
743
911
172
10
582
918
172
98
172
98
693
693
10
10
145
193
911
911
918
802
693
802
741
918
908
802
802
988
282
587
694
693
741
142
172
694
911
10
802
762
802
172
988
544
918
172
694
918
582
10
988
802
10
98
911
282
918
582
193
582
918
694
32
743
10
911
582
10
741
32
693
684
587
582
10
802
988
684
172
587
582
10
918
10
145
145
544
10
908
193
911
587
830
694
918
918
911
988
743
741
10
988
193
918
802
193
743
193
142
911
587
98
908
918
582
98
684
911
172
582
911
918
918
694
544
684
142
282
988
282
694
988
684
918
802
830
282
741
10
98
918
172
10
911
741
918
762
762
802
918
918
587
741
587
693
10
694
741
741
693
10
98
694
193
802
694
10
911
830
10
911
743
741
802
741
743
98
98
142
145
582
741
918
10
32
918
743
908
582
282
908
911
911
908
694
694
10
98