0.8232793
00:00:08.51
744
857
816
285
233
832
7
717
511
83
857
116
816
857
511
338
233
832
233
312
744
490
634
206
490
206
717
312
12
116
792
744
7
511
12
490
312
83
116
717
29
444
634
285
799
792
744
83
832
816
717
7
233
83
717
816
312
116
717
116
717
799
312
792
12
816
312
29
338
870
490
870
83
116
832
490
792
832
338
444
10
233
285
444
744
29
490
7
233
832
10
792
490
490
816
511
490
792
285
717
799
312
444
29
10
29
744
816
116
832
285
116
717
832
490
490
744
444
29
870
792
312
83
857
285
285
29
29
816
29
832
312
792
12
816
7
10
490
312
832
12
490
7
490
312
312
870
116
12
83
12
792
490
792
816
206
233
816
816
744
717
717
816
29
12
792
285
744
744
83
206
83
444
857
10
312
634
799
832
799
29
312
870
870
444
116
10
206
857
832
634
490
83
816
717
792
511
29
870
792
832
832
870
792
792
511
12
12
490
12
832
857
29
792
10
83
792
792
490
29
12
717
832
444
7
285
792
792
816
29
29
10
792
338
116
7
792
717
792
233
870
312
792
12
116
792
832
792
870
816
511
12
792
744
83
29
312
7
870
285
312
799
816
490
717
10
816
717
29
792
870
83
857
816
792
744
7
717
744
116
744
816
338
792
490
285
12
233
7
792
233
29
490
870
10
10
29
312
116
857
285
312
490
634
7
634
816
83
792
312
338
717
285
233
792
857
12
116
116
816
857
792
490
792
10
233
511
792
490
799
832
792
717
7
444
870
857
857
816
7
7
116
10
792
7
29
717
285
717
816
29
83
10
312
29
744
312
857
10
312
83
29
857
832
857
233
338
744
792
10
312
744
832
312
490
444
792
206
816
792
857
490
870
29
312
7
10
116
233
444
634
29
490
717
792
799
83
799
832
870
816
7
857
744
816
10
832
490
792
870
12
816
717
792
206
857
29
816
832
717
12
717
799
312
857
116
83
799
816
792
744
717
285
857
832
490
857
490
870
490
717
285
29
744
717
857
338
799
312
816
29
857
206
285
10
206
857
29
490
116
83
490
10
312
490
816
744
29
792
792
12
285
83
792
338
7
490
7
116
116
10
511
717
792
792
490
634
206
116
511
490
870
832
634
511
792
634
29
444
7
792
83
744
444
857
312
312
744
744
857
717
285
490
7
832
338
792
338
12
792
338
792
338
870
717
717
490
83
116
870
285
490
490
312
634
799
816
7
857
832
490
832
744
444
10
444
816
338
816
490
10
444
634
511
7
83
717
792
490
744
12
285
816
717
116
83
870
490
799
744
285
116
312
816
792
744
744
29
116
206
490
816
29
717
490
857
816
792
717
832
792
233
10
511
29
816
312
744
816
285
717
717
792
206
857
7
29
490
792
312
116
10
816
490
206
816
10
490
312
29
717
634
12
10
816
816
816
792
7
10
206
12
233
116
285
490
10
799
717
490
490
444
511
816
744
206
206
832
490
490
312
857
7
233
870
490
717
832
233
816
233
116
29
792
338
744
792
816
792
717
206
29
744
29
511
744
444
832
29
857
634
857
792
832
312
312
206
744
816
744
792
7
10
816
717
233
792
717
83
29
816
792
233
312
744
792
285
7
490
857
312
10
12
206
511
511
634
832
799
285
870
116
799
10
7
7
7
744
444
717
7
444
816
792
29
816
857
490
10
29
832
338
312
12
490
799
832
744
312
744
634
83
799
870
338
816
857
792
10
206
832
312
717
10
490
29
206
116
857
7
83
312
312
29
29
338
511
83
338
792
857
490
83
7
832
7
10
285
12
792
816
206
233
285
792
511
312
7
29
233
490
717
444
857
744
792
511
490
744
816
744
816
799
799
792
792
12
634
857
857
490
116
799
116
717
490
285
116
116
312
338
832
29
799
717
206
744
29
857
792
116
10
116
744
312
83
490
744
29
490
511
792
312
116
792
816
857
338
490
511
634
511
490
29
870
444
792
857
511
792
717
870
799
7
832
511
792
116
312
7
744
832
511
792
490
792
12
12
83
792
285
634
857
832
233
29
490
490
857
312
444
717
792
312
634
490
116
634
444
634
206
857
832
816
285
490
511
816
7
857
744
511
857
490
490
29
83
7
206
338
312
338
29
312
7
490
116
233
338
717
792
816
490
744
792
857
717
490
10
10
116
490
490
832
717
832
799
792
29
717
717
799
792
816
29
634
116
29
792
857
233
792
857
444
717
116
717
444
816
816
206
12
511
717
490
792
870
490
444
285
511
338
285
857
857
285
29
29
792
816