0.8215498
00:00:08.62
689
512
244
428
821
182
965
121
504
409
512
452
244
512
504
434
821
182
821
454
689
837
161
820
837
820
121
454
834
452
75
689
965
504
834
837
454
409
452
121
341
771
161
428
800
75
689
409
182
244
121
965
821
409
121
244
454
452
121
452
121
800
454
75
834
244
454
341
434
61
837
61
409
452
182
837
75
182
434
771
771
821
428
771
689
341
837
965
821
182
771
75
837
837
244
504
837
75
428
121
800
454
771
341
771
341
689
244
452
182
428
452
121
182
837
837
689
771
341
61
75
454
409
512
428
428
341
341
244
341
182
454
75
834
244
965
771
837
454
182
834
837
965
837
454
454
61
452
834
409
834
75
837
75
244
820
821
244
244
689
121
121
244
341
834
75
428
689
689
409
820
409
771
512
771
454
161
800
182
800
341
454
61
61
771
452
771
820
512
182
161
837
409
244
121
75
504
341
61
75
182
182
61
75
75
504
834
834
837
834
182
512
341
75
771
409
75
75
837
341
834
121
182
771
965
428
75
75
244
341
341
771
75
434
452
965
75
121
75
821
61
454
75
834
452
75
182
75
61
244
504
834
75
689
409
341
454
965
61
428
454
800
244
837
121
771
244
121
341
75
61
409
512
244
75
689
965
121
689
452
689
244
434
75
837
428
834
821
965
75
821
341
837
61
771
771
341
454
452
512
428
454
837
161
965
161
244
409
75
454
434
121
428
821
75
512
834
452
452
244
512
75
837
75
771
821
504
75
837
800
182
75
121
965
771
61
512
512
244
965
965
452
771
75
965
341
121
428
121
244
341
409
771
454
341
689
454
512
771
454
409
341
512
182
512
821
434
689
75
771
454
689
182
454
837
771
75
820
244
75
512
837
61
341
454
965
771
452
821
771
161
341
837
121
75
800
409
800
182
61
244
965
512
689
244
771
182
837
75
61
834
244
121
75
820
512
341
244
182
121
834
121
800
454
512
452
409
800
244
75
689
121
428
512
182
837
512
837
61
837
121
428
341
689
121
512
434
800
454
244
341
512
820
428
771
820
512
341
837
452
409
837
771
454
837
244
689
341
75
75
834
428
409
75
434
965
837
965
452
452
771
504
121
75
75
837
161
820
452
504
837
61
182
161
504
75
161
341
771
965
75
409
689
771
512
454
454
689
689
512
121
428
837
965
182
434
75
434
834
75
434
75
434
61
121
121
837
409
452
61
428
837
837
454
161
800
244
965
512
182
837
182
689
771
771
771
244
434
244
837
771
771
161
504
965
409
121
75
837
689
834
428
244
121
452
409
61
837
800
689
428
452
454
244
75
689
689
341
452
820
837
244
341
121
837
512
244
75
121
182
75
821
771
504
341
244
454
689
244
428
121
121
75
820
512
965
341
837
75
454
452
771
244
837
820
244
771
837
454
341
121
161
834
771
244
244
244
75
965
771
820
834
821
452
428
837
771
800
121
837
837
771
504
244
689
820
820
182
837
837
454
512
965
821
61
837
121
182
821
244
821
452
341
75
434
689
75
244
75
121
820
341
689
341
504
689
771
182
341
512
161
512
75
182
454
454
820
689
244
689
75
965
771
244
121
821
75
121
409
341
244
75
821
454
689
75
428
965
837
512
454
771
834
820
504
504
161
182
800
428
61
452
800
771
965
965
965
689
771
121
965
771
244
75
341
244
512
837
771
341
182
434
454
834
837
800
182
689
454
689
161
409
800
61
434
244
512
75
771
820
182
454
121
771
837
341
820
452
512
965
409
454
454
341
341
434
504
409
434
75
512
837
409
965
182
965
771
428
834
75
244
820
821
428
75
504
454
965
341
821
837
121
771
512
689
75
504
837
689
244
689
244
800
800
75
75
834
161
512
512
837
452
800
452
121
837
428
452
452
454
434
182
341
800
121
820
689
341
512
75
452
771
452
689
454
409
837
689
341
837
504
75
454
452
75
244
512
434
837
504
161
504
837
341
61
771
75
512
504
75
121
61
800
965
182
504
75
452
454
965
689
182
504
75
837
75
834
834
409
75
428
161
512
182
821
341
837
837
512
454
771
121
75
454
161
837
452
161
771
161
820
512
182
244
428
837
504
244
965
512
689
504
512
837
837
341
409
965
820
434
454
434
341
454
965
837
452
821
434
121
75
244
837
689
75
512
121
837
771
771
452
837
837
182
121
182
800
75
341
121
121
800
75
244
341
161
452
341
75
512
821
75
512
771
121
452
121
771
244
244
820
834
504
121
837
75
61
837
771
428
504
434
428
512
512
428
341
341
75
244