0.8232845
00:00:09.02
241
735
438
641
774
259
769
158
889
966
735
198
438
735
889
528
774
259
774
968
241
804
517
293
804
293
158
968
915
198
357
241
769
889
915
804
968
966
198
158
282
47
517
641
24
357
241
966
259
438
158
769
774
966
158
438
968
198
158
198
158
24
968
357
915
438
968
282
528
826
804
826
966
198
259
804
357
259
528
47
636
774
641
47
241
282
804
769
774
259
636
357
804
804
438
889
804
357
641
158
24
968
47
282
636
282
241
438
198
259
641
198
158
259
804
804
241
47
282
826
357
968
966
735
641
641
282
282
438
282
259
968
357
915
438
769
636
804
968
259
915
804
769
804
968
968
826
198
915
966
915
357
804
357
438
293
774
438
438
241
158
158
438
282
915
357
641
241
241
966
293
966
47
735
636
968
517
24
259
24
282
968
826
826
47
198
636
293
735
259
517
804
966
438
158
357
889
282
826
357
259
259
826
357
357
889
915
915
804
915
259
735
282
357
636
966
357
357
804
282
915
158
259
47
769
641
357
357
438
282
282
636
357
528
198
769
357
158
357
774
826
968
357
915
198
357
259
357
826
438
889
915
357
241
966
282
968
769
826
641
968
24
438
804
158
636
438
158
282
357
826
966
735
438
357
241
769
158
241
198
241
438
528
357
804
641
915
774
769
357
774
282
804
826
636
636
282
968
198
735
641
968
804
517
769
517
438
966
357
968
528
158
641
774
357
735
915
198
198
438
735
357
804
357
636
774
889
357
804
24
259
357
158
769
47
826
735
735
438
769
769
198
636
357
769
282
158
641
158
438
282
966
636
968
282
241
968
735
636
968
966
282
735
259
735
774
528
241
357
636
968
241
259
968
804
47
357
293
438
357
735
804
826
282
968
769
636
198
774
47
517
282
804
158
357
24
966
24
259
826
438
769
735
241
438
636
259
804
357
826
915
438
158
357
293
735
282
438
259
158
915
158
24
968
735
198
966
24
438
357
241
158
641
735
259
804
735
804
826
804
158
641
282
241
158
735
528
24
968
438
282
735
293
641
636
293
735
282
804
198
966
804
636
968
804
438
241
282
357
357
915
641
966
357
528
769
804
769
198
198
636
889
158
357
357
804
517
293
198
889
804
826
259
517
889
357
517
282
47
769
357
966
241
47
735
968
968
241
241
735
158
641
804
769
259
528
357
528
915
357
528
357
528
826
158
158
804
966
198
826
641
804
804
968
517
24
438
769
735
259
804
259
241
47
636
47
438
528
438
804
636
47
517
889
769
966
158
357
804
241
915
641
438
158
198
966
826
804
24
241
641
198
968
438
357
241
241
282
198
293
804
438
282
158
804
735
438
357
158
259
357
774
636
889
282
438
968
241
438
641
158
158
357
293
735
769
282
804
357
968
198
636
438
804
293
438
636
804
968
282
158
517
915
636
438
438
438
357
769
636
293
915
774
198
641
804
636
24
158
804
804
47
889
438
241
293
293
259
804
804
968
735
769
774
826
804
158
259
774
438
774
198
282
357
528
241
357
438
357
158
293
282
241
282
889
241
47
259
282
735
517
735
357
259
968
968
293
241
438
241
357
769
636
438
158
774
357
158
966
282
438
357
774
968
241
357
641
769
804
735
968
636
915
293
889
889
517
259
24
641
826
198
24
636
769
769
769
241
47
158
769
47
438
357
282
438
735
804
636
282
259
528
968
915
804
24
259
241
968
241
517
966
24
826
528
438
735
357
636
293
259
968
158
636
804
282
293
198
735
769
966
968
968
282
282
528
889
966
528
357
735
804
966
769
259
769
636
641
915
357
438
293
774
641
357
889
968
769
282
774
804
158
47
735
241
357
889
804
241
438
241
438
24
24
357
357
915
517
735
735
804
198
24
198
158
804
641
198
198
968
528
259
282
24
158
293
241
282
735
357
198
636
198
241
968
966
804
241
282
804
889
357
968
198
357
438
735
528
804
889
517
889
804
282
826
47
357
735
889
357
158
826
24
769
259
889
357
198
968
769
241
259
889
357
804
357
915
915
966
357
641
517
735
259
774
282
804
804
735
968
47
158
357
968
517
804
198
517
47
517
293
735
259
438
641
804
889
438
769
735
241
889
735
804
804
282
966
769
293
528
968
528
282
968
769
804
198
774
528
158
357
438
804
241
357
735
158
804
636
636
198
804
804
259
158
259
24
357
282
158
158
24
357
438
282
517
198
282
357
735
774
357
735
47
158
198
158
47
438
438
293
915
889
158
804
357
826
804
47
641
889
528
641
735
735
641
282
282
357
438