0.8232831
00:00:08.57
604
309
550
494
305
920
549
888
3
481
309
176
550
309
3
497
305
920
305
212
604
368
568
200
368
200
888
212
161
176
880
604
549
3
161
368
212
481
176
888
548
174
568
494
148
880
604
481
920
550
888
549
305
481
888
550
212
176
888
176
888
148
212
880
161
550
212
548
497
183
368
183
481
176
920
368
880
920
497
174
544
305
494
174
604
548
368
549
305
920
544
880
368
368
550
3
368
880
494
888
148
212
174
548
544
548
604
550
176
920
494
176
888
920
368
368
604
174
548
183
880
212
481
309
494
494
548
548
550
548
920
212
880
161
550
549
544
368
212
920
161
368
549
368
212
212
183
176
161
481
161
880
368
880
550
200
305
550
550
604
888
888
550
548
161
880
494
604
604
481
200
481
174
309
544
212
568
148
920
148
548
212
183
183
174
176
544
200
309
920
568
368
481
550
888
880
3
548
183
880
920
920
183
880
880
3
161
161
368
161
920
309
548
880
544
481
880
880
368
548
161
888
920
174
549
494
880
880
550
548
548
544
880
497
176
549
880
888
880
305
183
212
880
161
176
880
920
880
183
550
3
161
880
604
481
548
212
549
183
494
212
148
550
368
888
544
550
888
548
880
183
481
309
550
880
604
549
888
604
176
604
550
497
880
368
494
161
305
549
880
305
548
368
183
544
544
548
212
176
309
494
212
368
568
549
568
550
481
880
212
497
888
494
305
880
309
161
176
176
550
309
880
368
880
544
305
3
880
368
148
920
880
888
549
174
183
309
309
550
549
549
176
544
880
549
548
888
494
888
550
548
481
544
212
548
604
212
309
544
212
481
548
309
920
309
305
497
604
880
544
212
604
920
212
368
174
880
200
550
880
309
368
183
548
212
549
544
176
305
174
568
548
368
888
880
148
481
148
920
183
550
549
309
604
550
544
920
368
880
183
161
550
888
880
200
309
548
550
920
888
161
888
148
212
309
176
481
148
550
880
604
888
494
309
920
368
309
368
183
368
888
494
548
604
888
309
497
148
212
550
548
309
200
494
544
200
309
548
368
176
481
368
544
212
368
550
604
548
880
880
161
494
481
880
497
549
368
549
176
176
544
3
888
880
880
368
568
200
176
3
368
183
920
568
3
880
568
548
174
549
880
481
604
174
309
212
212
604
604
309
888
494
368
549
920
497
880
497
161
880
497
880
497
183
888
888
368
481
176
183
494
368
368
212
568
148
550
549
309
920
368
920
604
174
544
174
550
497
550
368
544
174
568
3
549
481
888
880
368
604
161
494
550
888
176
481
183
368
148
604
494
176
212
550
880
604
604
548
176
200
368
550
548
888
368
309
550
880
888
920
880
305
544
3
548
550
212
604
550
494
888
888
880
200
309
549
548
368
880
212
176
544
550
368
200
550
544
368
212
548
888
568
161
544
550
550
550
880
549
544
200
161
305
176
494
368
544
148
888
368
368
174
3
550
604
200
200
920
368
368
212
309
549
305
183
368
888
920
305
550
305
176
548
880
497
604
880
550
880
888
200
548
604
548
3
604
174
920
548
309
568
309
880
920
212
212
200
604
550
604
880
549
544
550
888
305
880
888
481
548
550
880
305
212
604
880
494
549
368
309
212
544
161
200
3
3
568
920
148
494
183
176
148
544
549
549
549
604
174
888
549
174
550
880
548
550
309
368
544
548
920
497
212
161
368
148
920
604
212
604
568
481
148
183
497
550
309
880
544
200
920
212
888
544
368
548
200
176
309
549
481
212
212
548
548
497
3
481
497
880
309
368
481
549
920
549
544
494
161
880
550
200
305
494
880
3
212
549
548
305
368
888
174
309
604
880
3
368
604
550
604
550
148
148
880
880
161
568
309
309
368
176
148
176
888
368
494
176
176
212
497
920
548
148
888
200
604
548
309
880
176
544
176
604
212
481
368
604
548
368
3
880
212
176
880
550
309
497
368
3
568
3
368
548
183
174
880
309
3
880
888
183
148
549
920
3
880
176
212
549
604
920
3
880
368
880
161
161
481
880
494
568
309
920
305
548
368
368
309
212
174
888
880
212
568
368
176
568
174
568
200
309
920
550
494
368
3
550
549
309
604
3
309
368
368
548
481
549
200
497
212
497
548
212
549
368
176
305
497
888
880
550
368
604
880
309
888
368
544
544
176
368
368
920
888
920
148
880
548
888
888
148
880
550
548
568
176
548
880
309
305
880
309
174
888
176
888
174
550
550
200
161
3
888
368
880
183
368
174
494
3
497
494
309
309
494
548
548
880
550