0.41598916
00:00:00.12
14
18
5
2
14
4
3
2
7
12
5
12
14
3
7
17
9
12
13
7
5
14
9
10
3
18
11
4
12
0
17
5
17
12
5
7
14
11
9
12
11
6
2
11
8
14
12
7
1
12
14
3
7
16
14
10
12
3
14
8
2
3
3
8
2
4
3
12
14
6
14
5
14
18
13
5
17
9
4
14
8
12
3
5
17
2
0
12
10
16
13
15
7
2
14
3
7
8
8
7
2
11
15
3
3
4
10
8
2
5
4
8
15
3
1
12
7
7
10
16
3
2
6
6
13
5
1
7
4
11
8
3
7
5
3
18
7
5
5
16
0
15
7
0
13
13
3
13
11
16
14
0
2
7
5
3
3
0
16
2
0
16
4
1
8
8
12
5
4
7
13
15
10
14
15
14
11
11
2
2
12
12
13
7
3
1
5
12
5
14
11
2
8
12
9
7
2
18
12
12
5
0
2
7
4
2
18
12
3
12
3
9
7
3
6
12
0
12
14
15
15
18
15
0
16
11
15
14
3
3
18
12
7
9
2
8
17
4
4
2
10
10
4
14
10
11
14
7
11
3
6
18
13
1
18
7
3
8
17
5
2
7
7
7
6
4
15
6
14
3
18
2
5
8
3
7
14
11
1
7
7
12
13
9
16
14
2
7
2
14
14
12
3
11
5
7
18
4
7
6
2
6
4
12
11
12
9
7
2
3
4
8
17
16
0
8
10
11
11
7
6
2
18
13
8
13
18
13
15
5
4
5
7
5
4
13
12
14
17
11
6
4
13
11
7
12
11
14
6
12
3
14
15
14
9
8
8
1
14
2
2
3
14
9
4
10
7
14
5
3
3
14
12
11
7
18
12
16
7
12
11
3
11
3
14
7
3
14
7
16
7
13
11
6
8
4
18
18
15
14
6
6
14
10
9
12
10
12
16
0
3
11
12
14
10
4
18
14
14
3
3
10
14
7
5
7
5
3
8
1
2
18
8
14
12
16
5
4
3
3
15
6
1
14
17
0
2
1
14
2
11
17
11
4
5
3
12
5
2
5
4
3
0
6
18
12
4
17
12
6
16
12
13
10
11
7
2
7
7
3
14
8
3
11
4
18
0
14
1
4
12
1
15
7
7
1
5
3
17
11
7
2
7
16
13
16
13
3
16
12
5
12
4
4
9
14
10
16
3
18
1
5
13
15
9
7
12
12
0
6
14
6
5
12
4
14
12
12
3
5
13
7
12
7
12
6
5
14
13
6
8
12
7
3
15
7
16
3
11
3
10
7
1
2
2
7
5
14
16
17
7
4
14
18
3
7
12
5
10
3
11
12
17
16
14
3
2
1
7
4
13
5
12
18
18
9
18
3
14
12
3
0
15
12
16
6
4
11
13
16
8
12
11
12
18
18
12
5
11
18
0
15
8
2
8
8
12
13
12
1
1
12
18
4
2
14
12
18
14
14
9
10
15
16
15
12
17
13
15
17
7
13
12
12
2
10
7
13
9
5
7
14
13
11
9
14
11
3
1
8
3
5
13
12
5
5
14
14
8
14
17
13
18
11
7
11
4
1
14
7
2
17
12
14
7
6
11
7
11
14
14
6
11
4
4
14
5
9
6
14
7
8
13
1
9
7
7
7
12
10
7
11
15
7
8
13
1
6
7
4
3
6
17
6
14
18
18
14
2
5
14
6
10
12
14
13
3
17
12
14
3
5
14
4
3
2
3
11
6
18
14
10
10
3
14
13
5
2
3
10
4
9
12
13
8
10
2
18
13
10
1
11
17
14
11
5
1
2
5
11
1
8
5
11
5
18
6
3
10
3
11
13
4
14
12
12
13
15
4
3
14
3
14
11
6
2
3
14
3
2
12
14
14
5
5
13
2
15
2
8
8
15
0
10
0
6
11
12
11
1
3
12
5
5
6
5
12
11
14
14
13
3
13
2
3
5
3
10
10
2
11
18
17
4
12
10
14
13
18
14
11
15
11
4
7
2
11
17
4
12
13
12
14
12
7
0
15
14
7
7
3
14
7
5
3
3
16
16
8
6
8
7
18
7
14
1
2
6
6
8
13
4
12
12
7
13
15
18
18
4
3
4
3
7
3
18
16
7
7
9
3
2
18
14
4
3
5
16
14
14
16
18
0
12
16
4
10
14
11
6
4
6
17
11
6
18
14
18
10
12
5
13
11
6
18
5
8
5
3
1
2
12
6
14
16
13
7
6
12
11
8
7
12
7
14
1
16
11
3
18
16
0
18
7
12
5
0
6
18
12