0.1634547
00:02:00.73
2341
4344
951
1936
4344
2158
4527
4914
1630
1936
2499
4587
2180
2149
4533
555
1566
4785
1119
1506
2921
3363
4783
1834
649
3093
2888
2963
4527
649
2897
4344
3322
2771
2295
4587
4344
153
2897
2180
4513
2987
4344
3224
4686
1506
2987
3947
1545
2921
3236
2388
3314
2987
4513
2180
1285
153
3579
4151
606
3363
3839
3940
2987
1551
2963
2987
2263
2341
4527
928
4124
4544
4914
4301
2016
431
4542
1942
2897
3236
4417
4542
3224
3322
3664
1691
3582
3236
1551
4862
3039
3947
1737
1119
121
2771
2014
223
151
1834
1551
4301
1917
3947
3839
3857
2180
2176
121
4683
3415
4412
2327
4862
1992
2987
4343
1319
4770
2897
1936
2327
2149
1119
2484
4434
2897
2987
1506
649
1316
4513
4683
3236
2016
2176
3224
3940
1119
951
3839
4124
1506
3224
4513
885
744
4513
2341
3642
606
2897
2193
769
4533
3582
1781
1648
1917
4770
3579
606
1834
636
153
2921
2987
4527
718
625
2499
431
3164
928
1738
4862
2774
2583
2180
2193
769
555
4151
2327
2921
1938
3642
1545
1364
636
4070
3314
121
4151
769
2263
1551
606
3839
3832
4785
3940
3642
2499
223
2897
4527
1364
1506
4070
2484
1518
564
3224
4907
151
2327
153
606
13
4492
2083
1186
2774
4587
1316
3224
4344
1781
3290
1738
1917
555
1155
1364
4542
3130
1285
4533
3947
3707
4614
2620
3645
2341
4914
2987
1316
2263
4108
1936
3322
928
1566
2176
2987
3579
2180
3832
2180
3314
4686
3034
1834
1364
4513
2499
4783
2014
1992
3074
1316
3645
636
818
3947
4108
4343
3545
3290
4343
3857
1738
2921
3322
3370
2888
606
415
2193
564
3902
977
2583
1518
2149
2484
1938
606
2180
2963
1566
4542
4988
3415
3839
3322
4294
606
924
3081
1316
1571
3224
555
4070
374
2774
4434
1119
3039
3902
2987
3579
3164
3236
4434
1319
2897
3839
3308
3370
1938
1364
2583
153
121
2327
4151
4513
1551
3579
1116
2180
1611
2484
769
2176
4124
3081
4914
1737
4614
153
1316
1545
4151
2610
4343
2180
1992
4343
3224
2987
3857
818
2341
4587
2499
4544
1738
3363
4108
2626
2176
2180
2888
3363
1936
2180
1781
2757
2014
4343
4301
4542
4151
4614
2897
555
2921
4544
3839
1518
2341
3664
3363
415
4294
2176
1186
2026
1630
934
2771
3363
649
3940
3363
885
1936
1566
3224
121
1551
4151
2149
2295
951
3322
3707
818
4527
3224
3322
2180
2610
3910
636
1648
649
2963
415
3406
151
4151
4783
4544
2176
4108
3363
4091
885
1611
649
2897
153
2897
4587
1992
1506
3947
4614
2176
1938
3164
4770
769
4783
3314
4412
4587
564
951
2635
4500
2176
4513
1319
1186
1119
153
153
2327
4527
153
1738
1041
431
2295
4527
924
3582
3130
2180
2484
977
3579
4544
4513
2327
3579
4513
3370
1455
606
1316
1938
555
2757
928
1316
2295
2026
1785
1936
1648
3039
3322
4294
2180
4542
4542
3322
431
2963
4412
606
951
1660
3415
2341
1155
4770
4108
555
3224
121
4412
2016
4527
2897
4785
121
2180
2987
3902
977
3322
2757
4108
3579
1834
1506
1319
4587
3415
3642
2083
2341
2295
2341
3645
3093
2014
3081
2771
3582
2176
718
2897
818
3164
3093
3074
4434
4486
1834
1938
769
3236
649
4862
4091
3579
1738
3009
374
2016
951
3009
2610
4151
3164
1834
1506
2236
1611
1611
928
1691
3081
415
4108
3322
4344
3081
2327
3236
2771
4587
4070
3664
2180
431
4614
2180
3642
3039
2388
769
1785
4544
1518
1316
4151
2026
2888
3857
4513
2341
4301
3164
1834
2499
4151
4206
951
3093
649
3164
1506
4500
2180
3940
3947
3093
2193
3164
4964
1936
2499
4862
3164
2180
1938
2176
3415
4542
2897
2193
2176
4533
4151
4513
3947
3832
2484
4151
3707
1738
928
3130
2327
3832
1737
4151
2236
3902
1566
2897
3832
2016
2963
1316
4544
121
4527
3940
1660
1116
3645
3415
1518
2987
971
4513
1316
3370
4301
1738
951
4683
497
4544
1316
1506
2176
2026
928
3164
121
2341
3009
3290
4533
2963
1571
934
2987
2193
606
2295
4544
4091
3039
718
3415
3406
4343
1691
2016
951
928
1648
2236
1738
564
4500
1611
636
1551
885
2327
3308
3308
2626
1364
3664
4527
564
4412
3224
3290
4513
3579
4614
2180
3224
2327
3902
3034
3910
606
153
606
2263
4533
2180
3839
2484
3034
3579
153
1316
4151
1319
4914
4091
4492
1319
3236
4434
2963
769
2341
3940
3322
2158
2921
1119
4151
4988
1186
3947
497
2327
928
2180
3545
2341
121
769
718
2180
4091
3039
3832
2484
3887
636
3034
3582
3363
2620
3034
4513
769
4492
2774
3322
1936
3074
4320
3642
606
3940
4301
3947
415
4914
934
885
3322
2016
2897
1506
3857
1738
977
2083
3322
3620
2176
4862
1319
151
3164
4587
1938
1111
3322
3322
2499
4091
2484
2610
3839
223
4686
2149
885
2626
51
1364
951
606
153
4108
3579
431
3406
4070
4614
934
3093
508
3009
1119
2921
4587
2016
3406
4124
4513
1737
3224
2158
4091
4683
374
2016
4542
769
121
2897
1936
4513
4686
2193
4964
3839
1566
1648
3707
564
3832
1781
3940
2610
153
4151
3164
1630
2883
2921
1738
555
4783
4301
4108
3642
3164
4151
2193
3164
4783
431
769
4614
2180
4500
606
2149
4344
4542
4686
2176
2583
2888
3553
885
2774
2014
4770
3290
1316
2987
51
769
4542
1942
4783
3832
1936
153
2193
1119
4513
4533
4988
4108
2083
3553
431
2987
4108
3579
4513
1116
3363
2026
818
374
1155
3940
1551
151
2180
4513
1942
3224
3322
4533
431
3164
2327
1518
4533
3415
2897
3857
215
606
1551
1917
951
4988
625
497
3415
636
2388
625
3290
2176
415
885
374
3664
2921
1506
951
3363
1781
3081
4492
2897
2484
4862
606
1041
2499
1364
3224
2583
3387
1834
2016
1737
415
4434
153
1545
4513
4964
3642
3887
934
4091
1566
3545
928
3322
1630
3947
1781
606
2897
4988
1319
4151
3039
2176
4091
4492
928
769
1155
2014
1571
1545
4344
4500
1186
951
934
415
374
2610
3081
3642
805
2176
2180
51
3582
3579
1648
4783
3857
3093
3322
4527
4614
3236
3363
431
3387
2180
2484
1630
3322
4151
3707
1551
885
2180
121
3645
4417
3579
4151
2263
818
2888
625
415
2626
121
2610
1834
1611
3363
3645
3910
2987
606
2484
2083
3707
3290
2610
2888
1041
1545
2016
2016
2987
1041
1630
121
4343
415
651
2774
3645
4492
3642
4783
4542
13
4417
3642
1119
4542
3322
4988
1571
3550
4587
2016
4151
3034
928
3363
1936
3322
1319
3947
2180
3910
4108
769
1551
1111
3887
2897
1155
3034
1737
805
4542
4862
1518
3164
4587
3645
4988
928
2180
4686
3039
1364
223
4542
1155
1518
649
805
1738
4108
3545
3940
3645
3039
2193
4301
1316
4091
977
151
1738
4108
3081
4587
2771
2771
1781
769
2987
3707
2484
4862
3839
4151
4417
3582
3947
951
3308
1285
564
4492
4770
805
4783
2987
934
1316
4151
3550
2888
4124
3642
1364
885
3370
1936
3224
3839
4964
3415
1942
3582
4686
3415
769
3707
2327
4108
2635
4108
4686
4294
3236
769
2987
2014
2180
151
2484
625
4542
2921
4343
1917
2388
4783
1551
2388
4964
1566
951
4527
1781
3034
3290
4417
1936
4513
3290
151
4294
924
2499
2897
4964
4344
3902
4417
3902
153
3832
3387
3902
4294
3074
3579
3645
805
4486
934
606
2341
4686
153
1648
4344
3664
3645
2774
1738
3910
4683
3130
3707
1936
2016
4513
3902
1316
4542
564
4417
1545
4344
2193
1738
951
606
2263
1186
2963
636
1506
3034
3224
4914
1781
3039
3579
4862
1691
3164
3642
4500
4091
2176
4434
1319
1936
3034
3545
3940
4434
3224
885
2583
1545
3370
977
415
1834
3039
2327
2921
1506
4907
4492
4513
2897
977
3236
1319
1319
3224
3642
3579
951
2583
2897
4683
2263
606
2897
2016
431
3363
3039
3642
2295
1116
3039
3322
2180
1611
1566
3164
951
3322
3902
3322
4783
4492
3387
2014
2499
1834
1691
649
4542
1834
3224
4417
4783
3947
1155
3645
4070
3290
4542
2014
3582
151
1119
2897
3545
1316
4343
3642
1936
3642
4513
2963
744
3039
3707
555
1155
4343
4862
636
3363
3224
3832
1518
4070
1630
2888
4091
3664
4614
2757
2180
4770
636
3839
636
3940
4434
4206
4988
2180
1936
1316
1319
3322
3642
1186
4344
13
4417
2610
3910
1119
151
151
625
1938
1942
4544
3545
3415
555
606
2484
4783
1186
3224
2026
4091
1738
3642
2484
3236
818
153
4492
4587
3370
1566
3707
153
3039
2180
1691
4683
1455
649
1455
4763
2888
4344
4492
4862
3940
3322
151
151
153
3582
4770
3370
3579
4683
3940
4492
4542
3224
3582
415
3832
2193
4070
3074
4686
1942
3620
4434
1834
4206
1041
2897
1917
3164
3940
121
3642
4343
3707
2176
606
4417
4294
1938
153
1834
4527
649
2484
1316
4683
2987
1155
718
2236
769
2620
4988
4513
4294
555
1119
971
4988
4151
1319
153
4544
2026
1648
3363
374
3579
2026
606
2263
3839
1738
4988
805
1518
651
3545
4686
3468
555
3322
4486
1119
4500
3406
649
4486
431
1938
2583
3839
4542
2897
885
3039
4151
4587
1506
3130
2016
153
1936
415
4206
4614
4527
1660
153
4294
4544
3322
508
3902
1316
4587
4785
2176
977
769
3857
3322
3039
1936
3406
151
1551
2014
1518
3645
885
3707
3947
3947
718
3642
2883
2987
1738
1781
1316
2327
2014
4151
2987
1936
4988
3645
4513
718
4500
4513
3550
4988
3839
3164
1186
3642
4686
3034
805
4294
3940
4070
4151
651
3947
1936
4683
1781
1285
431
1551
2016
1691
1506
4151
497
4301
555
2327
2149
2193
2757
2897
744
4151
3857
1119
3902
744
1738
4964
625
1518
2897
2963
3707
1834
4513
2897
4344
2484
3468
977
3074
4108
3553
1738
4513
649
818
1119
2484
4294
2176
3074
2026
4614
2921
151
4343
4683
2193
2883
2635
4533
2026
1936
3034
4527
4544
2176
2987
1518
2388
2180
2626
3406
2963
121
3910
4417
4301
4527
4434
3642
3415
153
1834
1936
2341
3290
1691
2610
1364
4294
3839
2771
1316
3940
3415
1781
4151
971
3308
2771
1518
13
3314
3579
718
3363
3910
4513
928
2921
1834
1041
2014
606
1319
3579
2016
1834
3642
4091
4320
3664
2014
4091
564
1364
3322
2341
4412
3468
3387
1936
1041
769
3415
3940
1630
1111
2484
2158
4412
3387
1781
4686
4343
606
928
1545
3620
3947
3839
3236
4783
415
1545
1506
934
1119
2180
2987
1834
3642
1917
2987
4513
3857
4542
4108
3236
3370
2016
649
3857
3322
2921
3645
2083
2484
636
769
4151
4683
1936
977
51
4070
2176
151
3553
3224
4770
4513
4070
1938
951
3839
3910
2016
2484
3664
606
1737
1936
3947
4513
4686
2176
4412
13
1691
3322
4964
3832
153
1917
4587
4527
1119
3322
564
3832
3645
3290
2921
2295
924
1648
769
121
977
2014
1111
606
4770
1737
3415
1936
1518
2016
4108
4683
3164
4862
649
1506
4417
564
3642
4785
497
3224
4763
4542
4527
415
1611
4500
1691
431
4783
3224
4614
4070
1506
977
2388
1545
718
3236
3236
4862
2484
769
3322
4686
1571
4683
153
4964
4513
4862
1551
4542
121
1041
1691
3645
1116
2484
1936
1611
4988
2014
3642
4544
4513
4683
2583
4108
2236
1041
769
3224
153
1942
3387
4294
121
1611
3468
2341
3642
153
2295
2610
4294
1155
4587
3164
2263
2014
625
2327
3579
121
769
3164
3579
2341
2484
3839
4108
2176
4206
1566
2987
3164
2083
2963
3645
4434
4513
3322
1660
1648
3224
4343
606
4294
651
4151
4683
2263
3387
4151
3839
153
4907
1917
1942
555
1119
4500
3645
1119
1551
1781
4542
1316
3550
4344
4344
2083
2897
223
3579
2014
951
2158
2295
1781
1506
4783
1316
2897
4294
3039
3224
2774
4513
1041
4513
3387
951
3039
1119
4294
1571
2176
977
2158
2016
2499
1319
4343
1936
1738
2180
971
4108
1506
4070
1691
1834
928
606
3887
4513
2987
1551
1737
2499
1518
4988
4108
2016
3832
3081
508
1506
2987
2014
2626
4686
1566
3130
3940
2921
151
1691
555
2180
4513
2341
3857
1319
3857
3363
431
4614
1738
769
1938
4862
1319
4124
3370
1942
2158
1455
4513
1545
3579
153
769
885
4108
2263
2987
4544
2987
4124
1691
606
3642
769
977
1834
1551
4486
2176
4091
2263
3236
606
374
4783
2236
2180
1738
3887
2180
1518
4294
4070
3947
4614
4151
4988
4091
1936
3642
1155
1738
4343
1738
1611
374
1936
2026
4070
497
1119
649
2176
2771
4988
3642
625
3415
2014
3642
3642
1319
3642
51
2987
4294
4527
223
4683
1738
415
3224
1111
1551
951
2016
2921
3363
4206
3387
4542
2016
497
2180
2771
4500
2016
223
4417
769
3642
3645
1551
3664
4124
51
2987
3236
1785
4907
3224
1319
4542
151
3832
3887
1942
3039
4544
4500
769
3074
3236
3832
3074
1611
3081
4108
4151
1041
4151
3236
3415
1506
3887
2083
4070
1648
4513
2180
1738
1545
4492
2388
121
153
3579
4542
4294
2176
2180
2388
1319
885
1691
2963
1834
3857
2963
769
769
4587
3322
3322
928
4542
4988
3370
153
1316
3857
1737
4434
3236
4434
4320
2327
3039
3902
3642
606
3645
2963
4486
1319
1738
2016
223
4343
1518
2176
769
4091
2176
1041
2987
3887
3707
2026
3832
1785
2327
3582
649
977
2610
4206
3857
4783
1566
2263
951
3839
1319
1119
1691
1111
4683
151
2987
4343
2921
3164
1545
1660
2921
2016
3940
3645
3034
121
3039
2499
1551
4294
1155
3839
4151
3236
2193
564
3645
2963
2327
3707
885
3224
3387
2327
2499
2921
1648
4108
2180
934
3236
2620
769
1611
3832
1648
1506
3039
3707
4513
497
2610
2484
2176
1785
3579
3857
223
2327
415
2180
3034
2327
3620
13
3322
4301
4417
1319
2014
4301
971
2180
2921
4988
1316
3039
1738
3224
3887
3582
415
718
625
497
3857
3164
4513
555
606
951
4587
885
3832
4683
3164
3582
1834
3579
153
2327
1041
885
606
2987
2963
4513
2016
3620
223
4108
4343
4964
2499
606
4783
1518
2771
3642
769
4492
3224
1566
4486
2014
951
3387
1186
4587
1319
3947
4070
1691
3164
2987
3224
3322
3645
2149
151
4587
3363
3322
3370
1518
3642
4785
3940
2016
4513
3940
2888
1738
718
2327
2484
2176
2016
3910
2341
4513
4785
1186
3645
3832
4091
1611
1738
1319
4785
4344
3164
606
2176
1119
1936
4683
151
3857
3645
977
215
2180
885
4513
4542
555
4294
555
4587
3664
4988
153
3839
2026
3707
2897
3074
2341
928
4683
2295
3620
4964
4785
2921
2180
4513
508
3224
1186
4417
977
1938
3579
2499
3081
2026
4770
1571
769
4770
3322
4783
3839
3645
805
2883
2774
153
1834
2921
951
3839
2180
4301
1506
3290
1611
3579
1936
2883
1936
4683
951
1319
4070
951
3370
2987
1938
1785
4513
4770
3415
625
951
2484
1938
153
151
4683
2014
3074
1834
2295
374
2014
153
3322
3415
2888
1781
1518
4343
2987
4862
3940
3839
971
2193
153
977
3642
2176
2774
3290
3579
3579
934
2083
3839
3322
3224
4542
2897
1506
153
1506
4988
3164
977
1319
4785
606
3620
606
555
223
4412
1691
4492
606
1611
3034
1364
3579
3224
2921
4294
153
2987
1611
2295
4587
2327
1834
223
3039
1611
2921
4513
1738
2921
2327
1319
2626
3902
4108
1938
4492
2987
2987
415
3947
4070
4343
1737
4492
4544
4344
4513
4544
3322
555
3545
1936
3947
1942
885
1834
769
4343
153
1506
1116
4683
3093
2180
2263
2193
1936
3664
4513
2635
4108
2883
4206
1041
4964
2987
769
4988
971
4108
4964
1936
2963
1364
1917
3039
3887
3164
1319
4513
1319
3363
4785
3947
4783
2499
4770
3415
1936
2897
2149
1834
1834
4862
4542
508
4151
885
1186
3832
769
1737
2236
151
744
3579
2026
1316
4417
4294
1506
1506
4108
4206
3322
2888
3468
3224
223
606
3902
2341
2016
3322
3081
3164
606
606
4344
4344
1119
1506
2263
2016
2484
818
1319
4091
4914
4513
1285
3545
3290
3839
1917
555
4492
415
928
2026
2327
2327
564
1936
2388
4151
3832
3940
3322
4587
3902
153
1551
121
2083
4070
4988
2176
3164
4544
805
885
3224
1119
1611
121
2327
1186
4343
1571
4513
1660
215
1186
215
3322
1738
1738
1571
2771
2016
2176
3579
2327
4108
1545
555
4500
1551
4763
649
2987
3645
3363
153
3468
4862
1506
769
1316
1834
1551
4544
1936
415
121
3322
1455
4151
2610
1566
4542
3164
4124
3550
4434
1691
3224
3322
1942
2327
2883
2897
4151
3887
3130
1738
1834
1738
4417
2176
4542
2083
4344
4124
1119
3370
1936
2176
4527
818
2897
153
2176
3910
1319
1917
1119
1738
2888
885
4513
1630
1691
431
2016
3164
153
3314
3582
3224
636
151
153
3074
3582
2888
2026
1506
4513
374
3902
4320
769
3034
606
1785
769
1942
4343
2987
1319
805
1319
3039
3940
2327
3642
1611
2180
3224
4070
3857
2987
2327
1551
649
1551
3579
3363
636
3832
2158
2921
3940
3290
3940
4434
4320
4914
3370
3947
4070
3039
564
3582
4587
2987
934
4914
3582
2499
3164
2499
2921
2987
4686
1834
4527
151
4686
1611
4542
1611
2963
3579
1917
636
4513
1936
2263
4544
3236
951
1834
3370
1611
2149
4070
3415
1041
4343
1155
3645
2610
1648
4070
1551
3387
769
606
3164
4686
3164
4151
374
3074
1611
3236
951
2341
4587
4686
4763
3322
4343
2016
3322
2016
1938
4862
2987
2263
4492
2987
1917
1155
4320
3406
3664
3645
1041
4301
2180
3940
2987
1571
2149
1936
2016
649
3290
3839
4151
1834
151
2327
3645
3582
374
2987
2180
4343
4492
4492
1551
3164
4417
928
1119
1551
3314
1938
3582
2987
1319
4151
3947
1834
51
3039
3940
2158
4527
3887
555
3034
2176
4151
1186
4492
4513
769
2014
1111
934
885
3039
2026
4301
153
2987
1155
3164
924
2963
4544
3839
3832
4343
977
1648
4614
415
3910
4434
3839
2987
2180
1319
951
51
4486
2897
4151
431
1319
4988
4683
2176
3579
3415
4492
951
2963
1611
928
3314
151
4091
3034
4862
977
2921
606
4542
3582
4206
153
885
4417
4294
4343
625
951
3582
4513
3545
1316
3857
3074
1917
1834
153
3415
3579
1506
3415
4988
2757
649
1119
51
769
4544
2263
3290
1186
3947
1738
4151
2263
2026
2180
431
3620
3839
4301
2176
3322
151
4434
1285
4492
4108
928
1455
3322
3039
606
1834
3322
3415
718
4988
4513
4513
3839
3415
2149
1691
3887
2014
2987
2327
4108
3322
2963
2180
4533
885
2263
51
3308
1155
3039
2176
4417
1506
1738
3314
1316
606
3645
3910
2014
4343
2158
3839
2193
4513
3839
4108
3582
1917
1119
606
3290
951
951
924
1186
1316
1551
3415
3415
3236
606
223
4513
1738
3415
2341
928
3009
3164
3290
2014
3642
3579
4108
4412
4513
1316
1785
1116
497
4587
2987
4486
2499
4301
4686
3363
4206
3039
1691
3130
951
2583
3832
1938
1691
625
2987
625
1738
2987
555
3363
4151
4683
2158
769
4527
718
3642
4108
1506
2193
3832
2263
4513
2921
2771
4500
4513
1834
1155
1942
2158
4988
3857
3857
4513
3322
1691
4206
3224
3034
1319
3550
1364
3545
2897
3314
4527
3579
3224
3947
415
1648
3224
4301
3224
4513
4527
4301
3545
977
1116
1316
4683
977
928
2176
153
977
625
606
1545
2263
1648
3039
153
2327
2987
2484
2176
1551
4344
1155
1571
3645
4294
1660
606
1936
2341
3550
2987
1119
2180
3642
3902
1119
3164
4914
3582
606
4683
3164
1364
1785
1611
3322
1506
4533
1738
153
4434
4108
3164
636
2610
1611
4417
649
2016
3415
1738
2610
3224
1834
3645
1660
1455
4587
2263
2987
4294
4500
4686
2176
2295
3579
951
3940
1119
2236
4151
51
4964
3642
971
3034
2263
3236
4513
649
928
1364
4683
3707
2180
2610
2757
1285
2193
4513
4533
1936
3322
4091
1938
374
2499
3664
2026
1455
4151
3363
4070
4434
2193
4914
3707
4091
497
4091
3074
3322
606
934
3314
4301
3164
4914
1319
2180
2897
649
3034
4091
3642
4862
3947
4294
1506
4862
2149
4486
977
4151
4614
1364
2921
4108
153
3314
4301
2180
2193
606
4151
4783
1041
4344
3664
3857
4527
4513
4151
3707
606
606
2897
1319
4686
374
51
805
2236
4513
2987
2016
1630
13
2026
2987
3839
4151
4783
4542
4988
4527
4301
2016
4683
649
1041
3940
2236
4108
2341
3322
977
153
3887
3164
431
2484
1942
4783
3164
4686
4294
1364
2987
4513
2897
3236
2499
3322
636
2180
1936
4513
2610
3164
3224
2987
121
497
1611
3039
2897
374
2014
769
2897
3406
1155
4344
3857
3579
3308
3290
3224
13
769
885
1936
4587
4988
2026
1938
4544
153
885
4614
3093
4320
4206
3857
4533
1316
374
3553
2883
151
1938
1834
4542
1316
3290
415
2987
1691
3387
606
1319
2149
1364
1364
2987
1942
4412
1571
215
1506
4070
1316
4587
4320
223
4344
508
1834
2484
223
4513
1506
1942
121
1936
951
3322
1785
4091
4091
1936
2883
3322
3322
4301
2149
2921
153
2987
3707
4091
2341
151
1518
431
1319
3164
636
769
3093
3224
4544
2987
3645
3887
769
1319
3642
2149
4770
3664
4108
2499
3579
4770
4614
1518
4587
934
1364
1316
1936
3642
4542
3034
2583
1917
3370
606
1155
1691
1942
3370
4492
3039
2236
153
4151
3839
2963
3707
2987
1319
3406
2499
4587
3074
2180
4151
3839
1691
431
3130
2921
4542
2897
2499
2014
4091
1364
4108
4513
1834
4683
4091
1551
2341
1364
497
508
4151
564
564
4587
3236
4587
1119
3322
606
3642
1942
1936
1834
3832
3947
1041
3224
951
3074
4988
4091
2149
4587
2327
3642
2176
2083
3582
1785
2987
2897
4492
1285
3902
4587
3236
2180
3545
3947
769
4542
885
2921
3642
625
2888
934
1992
4587
649
1834
3224
3039
1364
4412
2341
1571
934
431
3550
564
2897
3579
1455
1630
3902
2016
1691
1938
2083
1834
4301
2484
3322
2014
4070
3164
1111
4988
2263
3579
1571
2295
2295
4785
4763
606
3224
2180
4108
2180
1551
977
1834
3224
1611
1319
1364
431
606
2484
2083
4964
4862
3645
2921
1316
3545
4108
2014
2897
951
4513
1834
3940
2341
153
1938
1938
1738
818
2014
3940
2897
3947
1834
1155
4783
2341
223
4513
4091
4783
2016
3579
2180
2897
606
153
4108
625
4301
1942
1116
4542
1738
3322
3832
2026
1691
1116
3579
977
4513
3415
3645
3839
3887
2026
4151
4434
649
1455
1611
4151
2774
1781
1785
51
2771
415
2987
1992
3642
2987
625
4527
2897
3553
4344
769
4151
1186
3642
3642
2016
3642
885
3224
4587
3322
2484
3940
2327
4988
4108
3940
1316
1738
885
2341
2327
1630
1506
1551
2987
1319
1917
3130
4907
51
3664
1781
4070
2327
606
1551
1936
3130
606
4862
4513
3550
3415
4542
885
1506
215
4542
4571
2963
3039
3857
555
2158
4686
4091
4783
3947
3839
4417
1155
2180
2083
3910
4587
2180
4533
2897
4614
1834
2341
971
1551
4151
951
3130
4417
1936
4343
3224
2771
2897
3009
4571
3224
1648
2987
2327
4542
3832
153
555
121
2295
928
121
1316
4686
3164
2774
153
3322
4587
1566
4344
2626
744
1119
3579
3415
2014
153
215
1738
2987
3081
4783
3579
2963
3579
4294
2149
4091
4542
2484
2963
3940
4533
3370
2499
51
1316
1737
649
625
508
1111
3642
3039
2176
3039
3081
2987
508
3642
3415
2180
1691
1316
1119
3164
3236
2263
4344
415
3164
121
3642
555
4683
1319
4783
1518
4070
3857
1938
2236
3009
3940
1364
4294
2987
4542
1506
4542
4513
4513
4108
3130
4343
2180
1938
51
2987
2176
1506
3322
153
1364
4294
3645
2620
153
2610
2193
928
4513
3224
3947
885
2484
2263
497
3236
4294
3314
1506
2897
3839
1566
4763
606
431
4492
3887
2484
3236
4587
3415
2026
4513
4785
2987
2180
2897
1611
769
564
3550
1316
4320
3832
3081
3947
649
1834
649
4513
4500
2963
415
4783
1116
2499
928
1571
934
3074
2016
3645
2083
885
2897
4513
3074
1545
1571
3081
1917
153
1319
374
4320
13
3415
2484
4151
4091
3902
3832
3645
4513
649
4527
4683
1316
1506
2014
2499
4587
2180
2180
2341
3857
769
4151
4587
4614
4500
2583
1648
2341
4294
1545
4513
3947
1611
606
2897
4544
769
977
1630
3579
769
2771
4527
1506
769
4091
2327
4513
3707
1316
4513
2236
2180
4513
4344
3074
4513
4417
928
1119
4513
625
3707
3642
3857
2327
1691
3093
2341
4587
4492
3322
3642
1285
2016
4492
555
3645
4763
4770
4070
2897
1917
3839
153
2263
1316
4151
1155
769
4988
4686
3236
374
374
3887
818
1571
4513
928
4343
3947
4544
1691
1781
4862
1738
4344
4964
4070
1319
2327
153
977
606
2341
4294
3664
1660
2180
2484
3093
1319
928
1611
606
3130
885
1319
3093
4907
2176
3415
4544
3322
3887
2484
1611
885
3074
4783
2963
2388
2193
4542
3363
2016
3415
2083
2897
415
1660
4492
3582
3081
649
1611
3642
1936
2626
4500
4571
508
625
1781
3550
4783
1455
2083
3468
4914
3642
1041
636
2341
3415
3415
153
2484
2180
4108
2987
3579
3322
1551
4513
4344
1936
3406
606
4513
3582
3074
1319
2888
951
1455
3940
2963
1571
1938
4544
3415
2180
4344
3236
971
4343
4587
3308
4301
4907
2484
4417
4343
3322
3642
4513
928
4533
3887
1285
3550
951
3642
153
4914
4770
3642
1737
4151
2193
1938
4091
1738
2499
4500
2341
4783
2295
1938
4151
4513
3322
374
4486
3887
3645
2176
3224
3415
3039
4513
1566
3642
3224
2083
2388
1691
1834
718
2897
2620
3236
153
3081
4988
4486
151
718
1936
3707
4070
1316
3130
2771
1155
951
2987
2635
2388
3039
153
4542
1119
3130
4070
3579
1834
2014
951
564
3550
2987
4343
151
1936
1316
2176
564
1834
3707
223
3039
1691
2016
4964
3224
1942
3164
3009
951
3363
2771
718
2180
3314
4988
153
1186
3415
3642
3415
3579
2921
4587
2987
1917
3290
3832
4914
1041
374
3940
3081
121
1186
1545
3322
2921
4151
2180
4301
1936
718
1917
2771
1781
4513
2176
3857
4513
3164
4500
769
3857
2888
2987
1364
151
2341
769
4343
1936
3664
1316
3164
4492
4614
153
1319
3645
2963
4124
4070
3579
3314
1119
3947
4513
4542
1111
3415
1319
606
951
769
1691
1936
1551
4206
4571
2341
4683
4513
4320
3130
4763
1566
3164
4988
415
1111
2180
2083
1738
2327
4964
4301
3642
4683
3290
3081
4320
431
3224
1938
1611
2327
3290
3545
1506
1116
3645
555
1041
1571
4683
4124
951
2149
1319
1834
3074
1455
2180
4151
4344
374
3308
2620
1691
1834
3224
2149
4417
4513
3910
2626
951
215
3620
951
3645
1319
1938
928
4500
4587
3074
2499
374
4988
606
1316
1545
121
4108
4527
1571
1691
1936
951
3322
4683
1691
4151
1691
1936
2026
555
1737
4151
4343
1116
4513
769
3642
1551
3164
4513
2610
934
1319
1116
4587
4343
555
2180
431
3164
3832
2014
4683
4513
1917
4862
4862
1111
2610
1319
3039
4417
971
1119
3839
215
3415
2987
3081
151
3545
4294
818
3553
1611
2388
3642
4151
4770
2921
3363
1518
2176
2180
3620
3579
2016
415
3642
4686
2295
3164
4343
1551
564
431
4513
3224
3363
1917
2263
153
2327
928
4533
4434
3290
2883
636
924
3947
431
1738
3314
885
606
4527
4151
3164
3645
2014
2026
2193
1917
606
4527
3308
3236
1738
3550
1155
3387
3947
3415
3290
1566
3579
3164
977
1738
2987
3839
2295
415
2014
2327
2149
3645
4091
3164
4988
3579
431
1936
2149
431
3039
2014
4763
2295
2295
1155
3034
1155
625
415
649
4294
4151
3224
2987
3645
4500
2016
1551
2149
1041
3832
3224
1936
3130
1571
3642
2774
4988
1119
1660
3582
4988
3940
153
4417
2180
2341
4513
223
3130
769
4124
121
3363
1285
1648
3664
3707
3415
4108
3947
1116
2888
1936
1738
2014
2341
3707
1648
2180
51
1316
2341
4091
2295
2176
3224
3236
3322
3940
215
1630
4492
1691
3322
4108
431
4770
3039
2180
223
2987
3130
951
636
3645
508
4108
3902
4513
3236
1506
4151
3642
2757
3164
3039
2499
1364
625
1518
1186
3645
3387
1551
1319
1364
2484
4513
2014
1285
1186
4492
649
1611
4343
3902
4124
4124
2963
3290
3322
4542
4513
4686
2897
2499
3039
4587
4862
51
2897
4988
2083
2499
4770
3164
3415
555
4513
3887
2026
1738
415
3039
3642
2327
2987
2921
4862
555
4571
3039
223
1186
1186
1119
1834
2897
1518
2963
769
415
2327
1691
951
3832
4151
1917
3839
769
4091
153
153
1551
3579
1737
3902
1186
4907
3468
1611
2016
2158
2149
4542
1571
3550