0.1654021
00:02:01.34
192
1801
3487
3251
3619
4919
3737
4856
1828
192
3487
2404
1425
656
2963
1159
2336
3908
3908
1128
1598
2217
4414
1128
3720
1801
503
499
2948
920
1800
4856
3487
2798
1533
4073
1310
3251
387
3846
4479
4588
2164
411
2418
1352
2995
4703
860
3908
2496
1352
4479
656
2963
3575
3402
115
2615
1629
271
4857
2673
1725
4479
4479
1421
635
1219
3908
1468
4072
800
1468
2217
451
3251
1210
387
1490
3654
387
4547
307
14
1950
2963
1468
4072
4932
192
1310
3251
3325
2336
3251
2673
934
1425
4135
1828
635
4871
1219
1094
3737
1646
1174
2164
2404
1035
3575
635
4082
2927
635
1210
3325
3500
4479
2963
1754
3251
1844
4869
4073
2480
674
2164
3720
1358
2948
192
717
2729
3602
2141
1205
3908
3402
635
1800
3325
3737
2673
2164
2963
4072
2132
2927
2615
3982
2217
3720
271
499
1468
2217
2194
3625
4479
1490
335
3944
3918
14
1174
4856
1468
1969
822
4938
192
3918
2091
920
271
1629
3908
3724
2927
3655
4252
3944
4036
1310
1419
1468
3805
499
1035
1133
934
2729
3908
4072
1150
2496
920
1844
271
3602
4963
635
4479
3487
499
3487
2156
4072
4479
3737
934
2557
1675
4479
2927
3625
3655
4588
1035
4727
3720
674
2418
2217
1468
1219
3908
3939
271
387
503
750
2480
674
1598
934
3215
1174
4072
2480
1468
800
4971
4580
2217
3654
2132
1950
1219
4547
2198
1421
2404
192
4073
4511
271
1533
4479
1150
451
800
4938
1310
4915
1150
1800
2217
1675
1969
4036
3918
1035
3251
1358
3655
1150
192
2963
1150
4479
4073
3487
3251
1489
4072
3720
1512
1725
2480
1490
1205
4588
3908
1035
3805
3619
2164
2615
4727
3846
2963
1646
3602
2336
1421
1035
4135
335
326
271
674
3325
1094
4919
3215
4727
1219
2927
3325
1358
307
3908
1675
192
192
4479
3724
3325
1174
3982
1725
3908
3487
717
3805
3724
2948
1801
2729
3487
2418
2729
2198
4919
1035
3402
1094
4298
271
687
2217
2194
934
3908
3908
2970
4703
4991
1969
1174
800
635
4082
2970
2336
271
4298
192
4379
1800
3908
3325
2480
674
2217
1150
760
920
3908
4588
1675
1468
1358
635
192
451
452
1754
1598
4915
3251
1159
3737
2963
1725
1419
2164
3908
1205
2418
3487
2404
1159
2132
2141
3908
2927
934
2217
3982
674
2948
3908
14
335
3737
4252
860
499
4856
1468
1490
3955
2217
1094
800
2970
2102
2132
3908
3720
3805
7
3939
411
4479
934
920
2615
3990
1133
3619
4932
4379
1468
4072
3251
2217
3251
2970
1174
822
2963
1174
1468
920
2480
656
4856
1533
1174
3805
1828
1128
4919
1205
1725
1801
1128
3990
3918
1828
3805
3402
2141
4991
3955
3251
4479
3251
1486
2091
2164
4072
2673
1969
2970
3625
920
2798
3908
2132
1174
920
4379
1210
674
1598
4919
687
2418
1486
1489
4857
3908
1094
1421
4072
4135
2418
4718
1950
4727
3737
4479
4147
192
3625
3724
1533
3805
2217
2995
3908
3575
3654
2102
585
2673
2615
411
2404
2496
2132
2418
1174
411
1675
1646
2963
1094
4869
1358
1468
3990
1800
452
1800
2164
7
4479
2480
2948
4252
192
1489
4252
115
920
387
4932
192
3737
4147
4073
3251
1631
800
4147
3619
800
1468
920
3737
3908
1128
3908
3625
674
1219
4856
2091
14
2948
1174
2673
2336
2141
2141
2164
1210
3955
2615
1468
2336
4703
656
3720
3908
3737
3908
2963
4871
2164
1800
1358
1468
2091
2615
920
1631
1219
656
3982
192
4511
1174
2091
3625
3908
1468
192
2673
3325
1725
1150
1352
920
2217
4479
1128
3251
452
4932
1205
271
2141
2673
4938
452
4856
1468
635
635
2418
2927
4857
4727
387
2418
192
717
2198
3939
1468
2963
1646
760
2164
307
1631
1205
1468
326
4963
115
1629
3575
2673
4727
4963
3805
2404
4718
3654
387
2132
4588
3251
4703
920
1159
3918
1174
4298
499
2217
1094
4147
3908
674
3720
4479
1419
4703
3737
1205
4147
4727
4252
1468
687
1629
1801
2673
2141
760
2164
1174
2480
192
1725
635
4135
1035
3908
4147
3402
3982
2970
4971
2333
1675
387
800
3737
3990
4869
599
1468
4036
3918
4073
3655
3805
2480
2164
3575
635
451
4857
800
452
2496
2970
2091
4479
2217
1844
2102
2970
335
2102
2217
920
3625
2141
4072
3655
3575
2404
1150
4869
2141
3908
860
3215
3908
2198
2963
1174
3908
387
3619
920
4915
1425
1486
717
3908
1801
192
4511
4869
1419
4414
3402
4871
635
920
4547
3654
2927
3215
3575
3982
1828
920
2948
4580
1358
822
4727
3575
3487
2336
307
2496
1094
2970
1449
1468
2927
1219
674
2198
1449
1489
4971
674
3908
1468
1035
1035
674
2217
4252
3805
271
1533
1490
800
1205
2970
1310
3619
4580
656
2156
3737
1425
1800
656
3724
1205
4718
2798
192
2217
2615
4414
387
3846
1449
920
3737
3215
1174
2198
1094
1094
3619
3251
1358
2970
2496
1468
2963
1352
2217
2132
1219
2948
635
2404
2164
1174
307
2198
2927
3918
3325
3655
2132
2102
1468
3846
3251
2217
635
1310
2480
2729
4718
1646
585
3251
4147
4073
1800
800
2995
3908
585
1449
1486
2132
635
860
7
1310
2198
2164
2336
1675
1210
2336
4072
4547
2217
1533
1629
2141
1801
1828
1174
411
4252
1844
920
2948
1449
2156
4857
2948
750
4479
920
1133
4147
2091
1159
717
1675
1631
1133
1035
1629
4252
1421
4072
1358
1801
4073
4252
1725
1675
3575
4991
1800
452
411
4547
2729
1128
3788
800
115
800
635
4147
4841
2194
4915
2333
387
503
2673
1425
387
4991
2963
1725
3251
4703
1828
4915
3625
4588
1631
2963
3918
1950
326
1725
1468
1094
3619
3788
4938
2418
7
2164
3625
3918
2557
4718
1035
4252
3737
800
1800
1725
3925
3908
717
4073
4414
4414
4547
1094
3654
2615
635
4938
4856
1486
4479
3908
1801
3487
1205
2333
4072
1310
335
920
115
920
1094
1489
1468
4479
1489
451
1533
335
2927
2963
326
2963
1801
4580
3724
1358
2132
1828
1629
4135
920
1352
1094
1205
4871
335
1094
2164
1468
4932
2480
307
1725
2927
717
4135
115
4073
2615
4547
3215
4479
3990
1646
2673
3908
1489
192
4718
2333
3955
3655
387
1489
4915
920
4511
4547
115
4588
4653
635
3720
2217
3908
3402
271
1801
1150
2156
1598
1421
2970
3918
1094
4841
4869
1419
1150
1800
1489
2091
2496
3654
2141
1205
2217
451
860
2132
1828
326
3955
2217
2557
934
635
3575
503
1490
2217
2404
4991
2217
1421
4991
4135
920
387
115
2418
1449
1468
1489
3402
3720
1174
387
4938
3215
1646
3990
3500
14
2970
2198
4135
1210
2217
3990
192
3487
3487
4915
656
4379
674
3846
860
1486
4991
3655
1205
4588
451
1969
1468
687
2333
4653
4479
3918
2091
717
4147
2164
2404
2198
387
4511
3939
3251
1468
4580
335
3925
2091
4856
4991
1725
1449
1844
1421
1646
2418
2927
387
4588
1210
1800
2418
2194
2496
1800
2673
2333
1425
3805
1035
635
2970
1489
271
3939
4082
4252
3619
2156
635
3251
3215
3325
2963
2948
2132
3982
674
3575
2496
1725
1205
920
2164
3402
1425
3575
4072
271
1174
800
4479
1631
4073
2164
2927
3325
4073
4938
1533
1352
4252
3655
674
3805
2102
192
115
717
2217
411
2333
2729
920
2480
3575
7
2132
2132
452
3602
2970
192
920
1725
3251
2673
387
2141
1631
4479
1828
1800
2333
4379
4588
4919
4991
4718
3500
1187
4580
192
1489
1449
4147
2132
2963
2418
4252
3654
3908
800
1631
3575
4298
307
1533
1174
3908
1035
2963
920
4588
2336
1828
3575
1358
1310
4298
1419
4073
3955
271
4414
2963
2198
2995
1035
1969
4414
4915
4414
2496
1631
1421
411
3251
3487
2496
2673
1675
387
2480
4252
656
2927
1646
1490
4932
1800
1352
1800
4082
1159
1449
387
4915
3251
1801
1358
687
326
503
1421
2091
4869
326
192
4856
3918
1035
387
115
192
1801
800
4414
934
1486
3737
1646
4547
4073
4856
3654
2102
4869
2164
307
3602
1844
1205
2217
750
3654
387
1646
1133
3251
2141
387
2091
2615
635
2336
4856
1449
3487
4479
4135
1174
2496
2217
3487
2132
920
3602
4252
3654
2480
3918
2615
2217
4036
3908
4135
115
3619
3215
822
2217
271
4915
1133
3325
2164
4479
1421
2673
4511
3908
1844
2132
635
4073
3846
1174
1801
3487
4856
2091
2948
1800
3955
3325
2729
3737
1629
3908
3846
3625
2615
2091
4323
1800
585
2729
387
2102
4856
1969
3908
1421
4932
920
4082
1150
2480
3251
192
3846
1950
2091
387
585
934
1425
3251
1150
1219
2091
2336
3575
2970
411
2102
920
3908
2333
451
1425
1421
3654
1094
2102
3805
1094
1800
115
271
3918
4580
1150
387
2963
585
1150
2418
4915
1358
585
1631
4511
2132
1675
674
920
1490
920
800
4072
1210
800
1174
1725
1310
4919
2141
4932
1800
2948
760
3908
4727
1629
2164
800
2496
2970
271
4511
2404
4073
4479
3402
1844
115
3575
3737
4252
3654
3251
1800
3990
4718
674
3908
2496
451
499
2336
4915
2091
800
3944
503
4856
1828
307
3737
1631
2615
1421
1310
1150
335
2496
4971
1150
387
2404
2480
860
1205
3720
920
4479
717
2164
1468
2091
2480
3737
4915
1205
1210
2217
1489
4915
920
800
3918
1150
4588
2404
3720
1468
3251
3908
1801
2927
2615
2132
3251
3487
2404
1174
2141
1094
1486
271
2948
4932
2091
635
4252
4547
3805
3982
860
4938
1844
2198
2418
3625
3982
1725
2132
3602
1150
4915
4991
4971
635
3908
1800
635
1150
1490
2141
115
3619
2164
2729
3908
4479
2102
717
760
3955
1512
2963
4580
2496
4547
2336
2729
4856
271
1828
1352
2091
387
3619
635
271
2615
2948
2963
4379
1844
1950
1035
4869
3500
2336
1174
452
3602
1449
1035
4703
4479
1512
4856
4072
1725
1219
4479
1421
800
1828
4479
2141
2963
1468
717
674
800
1205
2963
3737
1468
1844
800
687
1150
452
2102
4718
271
3215
1800
1646
326
3215
4073
2948
4511
115
1150
2729
3654
1486
192
4479
2404
3487
2948
4727
4072
2164
2217
2141
1598
387
3487
3215
1675
2970
1725
1844
1133
4414
1631
2673
1150
2673
452
2198
3655
2217
3575
3602
4856
1352
4072
452
1159
4036
271
2091
1205
1150
1486
3575
1468
3918
1205
1219
2404
4252
2217
452
4915
3655
1035
2673
800
1468
271
3990
3724
1187
934
4511
1646
2615
2102
4082
1421
2496
1128
2927
1035
1844
3918
1725
920
3737
2729
1094
4938
1631
1468
3655
2164
4703
1631
1969
4915
2927
503
4938
2336
599
1969
4479
3625
1646
387
1035
1725
2102
656
4841
2948
2927
1489
3654
3846
1801
1150
717
4072
192
4479
2927
717
2615
3575
2141
1468
1828
1468
4857
1468
687
4147
920
335
271
934
1150
1486
2217
4588
4072
4072
674
1205
3654
4072
2480
3487
656
1219
1489
2418
3251
1128
1094
4479
2418
2927
4414
4857
3487
1358
1035
3625
1150
1725
3990
1489
2970
2333
3939
192
3908
335
1449
1094
4841
4135
1801
2480
2333
2480
4479
2673
4147
1468
499
4323
4703
1159
1468
1094
3944
4938
387
4082
3724
4252
4479
3724
4727
307
4147
3908
3251
4072
2948
3788
1035
2404
335
335
4073
4856
2615
635
800
1512
3402
1828
934
1468
2164
3925
860
585
499
3325
271
934
271
656
1486
1844
2091
1210
3625
1205
2102
1449
1094
4588
2102
14
4718
2418
3805
1828
920
1174
1150
1828
3325
3487
2091
192
4919
4919
2164
1800
192
934
1150
2673
192
1352
3251
2496
674
4147
2673
920
4072
2673
3720
3805
4479
1187
4547
4414
1210
2141
3788
4479
1425
3325
2091
3325
2091
4252
4871
3788
2970
326
2164
1468
2496
2217
1844
3720
1150
3846
3500
3625
3215
2418
499
3737
1486
4379
3625
3737
3487
452
1035
1205
451
674
4056
2496
4479
800
4915
4580
387
2217
4869
1358
3908
3619
1310
2217
1449
800
2927
4915
3737
4479
1159
920
1310
635
3251
3908
2141
3487
1598
2970
1449
674
585
2091
674
4915
1629
635
1490
4298
4073
1801
4252
2164
2141
4379
4588
2164
2102
1675
2336
920
1844
2102
635
1828
4036
387
750
635
1725
1969
656
4653
4073
115
2164
4971
717
2963
387
271
2729
4323
934
4727
2480
2927
3908
2729
3724
4252
2217
2673
2102
2164
4252
4414
1219
4971
307
4991
3908
4856
674
307
717
2418
1358
4547
4991
4915
4869
3575
271
4298
2217
585
1128
4072
599
2496
192
1352
3805
4938
3487
335
14
934
3251
1310
1449
2615
717
4056
1533
4588
3602
2132
2615
934
1449
3720
1219
1468
1310
4588
1133
1969
2333
4727
3251
192
4082
1631
2557
4073
674
3737
2418
2333
2091
2927
1598
2948
4072
4856
4915
687
920
3325
635
2333
4147
3918
1646
3925
3737
3724
2333
1801
3908
3575
934
3788
4703
1159
2404
4718
271
4147
2091
4841
4323
1352
1800
3805
920
3918
1425
1150
860
2927
1725
1150
4414
1352
1486
2480
1159
2496
4072
3737
4653
3402
4932
2132
1352
1421
1159
656
4147
2496
2615
4915
4588
3402
2141
4963
4580
3625
717
1421
1310
2673
822
1128
3487
2091
674
3251
4479
635
3805
4414
4727
4547
4072
2336
1159
920
115
335
920
1629
3944
3908
2496
1844
1449
2404
2132
3846
800
1468
4919
2141
635
326
3955
1828
2217
2164
4072
2927
4379
4588
3805
3325
2102
585
2673
2673
3737
1800
1310
3251
4479
1035
2217
3619
3737
1629
3402
1358
2927
2336
1352
4252
2198
3805
3908
1449
656
2164
687
4938
920
2729
760
3325
4479
3625
192
3737
3737
4135
1800
4298
1646
2970
4056
4135
1210
1468
2927
1646
2336
4727
2132
2164
4379
4135
3737
635
4871
1174
635
2132
2132
635
1468
800
1210
4072
14
4479
1468
656
860
1468
1421
3575
2673
800
499
1035
1187
4479
4479
1159
1205
2496
3908
3625
1205
1468
2970
1035
3737
1174
4511
4479
1486
2615
2557
687
635
2141
3908
2927
2927
1828
4072
4727
2673
4857
1631
3325
2927
3625
3846
3908
2102
3625
3918
920
271
1468
4932
451
452
934
4580
3251
2141
3215
1219
1533
1128
1489
1969
1310
4727
4479
1598
452
1425
2729
3251
3805
860
2091
800
4718
920
4252
2102
860
4072
800
4298
635
2132
3908
2970
2091
3251
2141
3990
1725
4919
934
1094
4252
1801
3655
1094
1205
1828
1094
1310
1675
4547
1800
4727
1358
3402
1035
2615
2673
1159
387
1800
1490
920
2102
115
4588
4588
2164
4479
4869
2418
3625
674
4871
4703
2336
1128
822
1631
4252
499
920
14
1468
4963
1133
3939
2729
1800
2418
2798
920
4856
4072
2673
1035
860
4036
2217
2132
2333
192
4135
4588
3251
1468
3918
4072
1800
3908
4932
3990
1035
3251
4856
2418
687
271
1468
4072
271
1969
2418
2404
1133
1035
1449
2141
3654
2217
2480
1631
4915
4869
800
4479
3325
3908
4932
1631
1646
920
1358
2336
3908
2198
1035
2132
4147
2336
4869
4580
411
1844
4588
1631
1421
3215
2217
2496
2418
3575
4072
2673
4298
2102
2333
387
4147
1725
1629
4073
4580
335
1844
3487
2673
115
4871
3737
4857
503
4869
2927
1310
452
4252
4915
192
2132
4073
1969
2673
1468
7
4703
1174
3908
1310
2673
1675
1468
3982
4082
1421
3990
1969
3918
2164
4414
4135
1468
2970
2480
4511
4298
1310
4932
4963
920
3939
3918
2336
1187
2141
1425
503
2217
3251
3402
3939
4082
1800
4323
656
4856
1828
2217
4915
1490
2480
1800
2164
4547
387
2673
4938
1675
3251
4479
3251
1725
387
1174
1468
1035
1133
4073
411
4252
4915
2132
1421
4072
4479
1468
1468
934
2217
4932
4479
4856
4479
717
1449
2164
2615
452
1358
411
452
1950
3908
3805
3805
3251
3251
1800
3720
1800
2164
499
307
3908
2480
4252
451
4414
1801
3575
3908
3737
1094
4580
4479
14
1969
2970
14
1468
1844
4871
674
4718
2927
1449
4727
674
1174
3655
4135
3625
1828
3990
599
3487
1725
4869
1421
2217
674
3918
2557
1159
2418
4547
2798
4072
2418
4919
1468
4414
2615
934
3908
2333
1310
4479
1133
3805
2132
4479
3908
2970
1205
3918
1675
4580
3575
2615
4919
115
2615
3846
411
2557
3720
2927
1174
1419
1533
3487
920
635
4547
1421
800
2963
2132
1754
3619
920
2615
3918
4991
307
2404
271
3737
4869
3215
1598
674
2970
2156
4963
4511
2927
503
3908
4718
4580
3788
1159
2948
3487
3918
1128
1950
2198
1675
3944
3955
800
3655
2217
2336
1725
2102
387
115
3378
115
1159
2927
656
3955
1205
4072
411
3251
3215
2615
635
2729
1725
2164
1035
387
3737
1205
192
4252
3575
4857
3908
1800
3990
2164
2927
4938
4252
599
4856
2404
920
3654
635
1489
3939
2404
4252
2418
4588
635
599
3908
4932
4869
1174
411
14
1512
2927
2729
2132
2132
1150
3575
1035
2091
2141
3982
2132
2333
4869
674
2091
1159
1094
1174
1449
3402
1725
2141
1828
4252
3602
4135
192
599
4869
1358
3720
4919
2102
2418
1828
1310
3402
452
1150
920
2102
2496
2336
920
1035
4856
1174
3737
2217
2198
3655
499
920
4871
1675
2673
307
2141
2927
3944
2164
2615
2615
2102
635
2927
2102
1352
1629
2557
3908
4971
4414
4479
1489
800
3487
3325
503
1150
2091
4298
1449
4135
4082
1219
4857
3955
1174
4932
1035
2141
2673
2729
585
1468
4147
2164
2404
4479
3655
2970
1512
2091
4252
4915
2132
4580
3215
3737
3908
2336
14
2102
920
4588
4479
192
411
599
1468
1219
4580
452
934
1486
2132
2496
1631
3325
2132
4718
2673
1035
2132
4856
1174
7
4147
3402
920
4379
1133
3325
1468
1828
635
3619
1725
2418
1489
1800
2217
4653
1421
3325
800
1358
2091
2798
860
451
3215
1159
1533
2336
4135
934
3944
411
4073
1421
452
674
3619
4915
2798
499
4072
4073
920
307
3805
1035
2480
1187
4919
3805
3908
3500
3737
3737
2404
1205
1800
1352
3908
2404
3325
4869
4869
2673
4991
1205
4072
3908
2418
1219
717
2336
4479
822
3737
1310
4588
4252
1512
3251
2963
307
635
451
1950
635
1133
2132
4135
1174
1128
656
2948
3990
2091
3402
3654
3654
920
1094
1150
2970
192
1128
2673
1725
2132
585
1174
3402
2194
2970
1468
411
3908
4379
1425
3737
326
4915
2970
2418
1646
2927
2333
934
4252
4971
4919
860
4073
3654
4073
1468
3918
920
411
2480
1725
4072
7
800
4252
192
3487
4479
2091
800
750
2336
3619
2480
4919
3846
1205
307
4718
1512
499
1675
1468
4147
1133
1631
3918
2404
2102
3654
3955
2102
687
4323
2141
4379
1489
1800
452
4073
387
4856
3325
1174
4718
1174
271
3982
1159
3654
4082
2336
656
2102
4379
1512
1801
3325
3918
4479
1174
1800
1035
4971
4991
4479
1174
1844
2418
192
1128
411
2102
3654
674
4511
4147
271
2164
860
3487
1094
635
1421
2141
635
2198
3625
1646
1133
3908
4479
1449
2091
2141
4938
1598
2141
2217
4938
4932
1828
14
326
3402
2948
3654
3918
1486
2480
860
1352
3720
2496
2418
1486
4036
3805
1449
1598
3251
1133
3500
451
4588
4963
1150
3215
920
2164
1725
3908
2404
3737
4135
3575
1533
635
3402
4511
4056
3251
2963
2963
271
1094
192
2091
2404
1352
4841
4298
4932
1205
4856
920
411
1468
1486
4511
2480
3737
387
3737
934
1646
4252
271
1419
920
3805
1800
3908
1468
2404
4580
2336
4915
1210
14
2557
3487
1205
4841
271
3737
192
635
1631
860
192
4703
1310
4511
4379
4703
860
920
4479
2217
2404
192
3575
2164
1629
800
2132
1828
3625
3378
2729
1631
1035
1150
2164
2217
1159
2615
3805
2496
411
2673
1468
3805
1598
687
115
1512
1725
4479
2217
920
2102
3908
2336
1800
2141
2927
585
4915
3737
4588
2673
3737
3625
3724
4915
920
2217
2164
2164
3724
3654
2496
1800
934
192
3325
3625
4072
3325
4919
674
934
2496
1035
656
3619
2102
2615
3990
4991
1219
3215
4718
1646
2927
1800
2333
2102
3846
1725
2557
2132
326
499
1133
4252
4479
115
2927
14
2418
4915
4991
3990
800
1210
1828
3500
2217
3720
2673
2480
1486
1801
3625
2404
2673
1629
2217
1174
1725
3215
1468
2333
1533
1449
3619
1646
3625
3724
1725
1159
1358
1419
1310
1631
4869
4072
1425
4147
4856
4938
2336
1489
4703
271
3805
2333
1489
4869
656
1828
4991
3487
3908
307
1094
3575
4915
3939
635
1159
2673
1468
3737
1631
585
4479
192
4932
2217
4082
2615
7
1094
3720
2217
1219
2970
3908
115
1421
2615
4932
4718
2963
3575
2217
760
1800
4252
1489
3215
307
2091
499
2480
3788
4547
585
2132
3575
2418
656
1094
1512
3325
3720
3325
1419
3625
2673
1174
1358
920
1675
1035
4379
1631
1800
3251
3955
934
4073
452
3737
3908
3737
4082
4915
4915
2091
3939
4718
1468
3908
1035
3737
2963
4718
2102
2217
4588
1150
4298
920
1094
4588
3805
2102
1150
3990
2729
1425
1150
1844
1646
1174
2948
2091
3720
2102
3908
3737
3251
411
4718
674
860
1174
1205
3251
4971
1205
307
1800
3908
3908
4856
2927
2336
4072
4588
3737
1358
1468
192
4147
2132
1035
2970
1352
1725
3251
451
920
4915
2217
14
3908
411
1801
1969
1490
1419
387
822
1489
4323
1174
4856
3325
3575
2970
3908
4869
1425
1421
3378
1490
2336
3325
3944
452
1468
14
1425
2141
1425
1468
2404
2333
2198
2141
1094
4479
4915
2963
1159
4588
1352
1512
1629
1800
4915
2198
585
4147
14
1675
3908
3737
2615
2673
2927
674
2217
115
1358
1421
1468
860
2198
4856
1310
656
1725
2156
503
3575
1468
635
1205
14
4588
2404
2132
2217
3990
2970
115
2102
4252
4072
2164
920
599
1174
307
2729
3251
3402
7
1358
1675
4932
920
1631
687
1421
4915
2995
4479
2673
1828
411
2963
2798
2729
3737
4856
326
1174
1969
2164
2164
1486
4036
1128
1094
2615
451
1631
3908
3619
1486
635
2404
920
3805
1800
3602
3575
2729
2217
192
920
585
3325
3655
1310
920
4869
4072
4915
4919
503
1205
503
4414
4323
3737
4703
1419
2164
4932
3908
387
4856
4938
411
1159
452
387
411
3788
1725
1468
3251
3720
1174
1646
1631
1310
192
1468
4073
3908
3575
4479
271
4072
2132
387
920
4479
920
2141
326
2615
2091
4856
3908
4073
3724
800
2496
1150
2673
3619
4511
4938
3654
674
1205
2927
4072
1094
3625
860
4252
4547
4932
1533
4915
3737
1159
2418
3251
1801
920
4056
7
2673
387
1490
2217
1512
2132
2336
3737
2927
4991
3737
2963
2217
2496
14
3737
387
1094
1828
4653
1800
1449
3846
4653
1094
192
4856
1489
4919
3378
3724
1486
1310
335
1174
4547
14
1725
271
2948
2496
115
3402
3908
4856
4252
4479
1035
1950
3918
1174
2164
1950
2091
2217
1421
934
4511
4727
2418
2156
2217
1150
115
4479
1828
387
3619
1425
4856
1800
674
1631
326
1489
1352
3625
3788
4718
3918
4703
14
411
1489
1512
656
2132
1490
2333
3737
1310
326
2615
2333
674
1150
4938
1310
2336
2336
1800
3908
2418
1468
1468
503
4588
2091
3846
4036
2418
3908
192
2333
1725
656
3655
3251
1486
4971
1159
2496
3720
920
3251
4479
3918
2156
2091
1675
1449
3251
4147
2217
1035
1150
1800
4588
1419
585
4479
1646
1468
3602
2217
1419
2404
4938
1468
1205
920
1631
1352
2164
3487
387
1425
1159
4479
2615
1844
1150
4703
4932
2333
2496
3908
2141
1449
335
4073
1725
4135
3737
3846
674
2091
1219
1725
503
2141
3251
192
2164
800
271
2729
1468
3575
1205
800
3720
4915
2557
2480
2217
2480
1725
2927
2217
1174
3619
4036
2970
4991
1128
4919
1358
3737
4252
3918
326
860
635
1358
499
1631
3724
1449
1159
4919
3325
2404
2970
3990
4588
4072
2673
3487
2164
2141
585
4414
934
387
1468
1310
1094
1210
4298
14
599
1150
2927
387
2557
1419
1468
2496
2091
2729
3487
3655
2729
920
4919
3737
1801
4072
115
1631
1631
674
1035
2418
1533
3215
656
4915
1725
4323
2418
934
4727
4072
1449
3654
3575
1801
1646
4580
2164
920
2217
4588
2164
499
14
3720
3846
920
1800
934
452
2336
3325
822
3724
4869
2673
1725
3737
4841
1468
3724
2970
1490
1629
4147
1512
3805
1468
1358
1421
1210
4414
1094
585
3654
4073
4718
3908
4963
1725
115
4072
4588
1629
4991
1174
2102
4919
411
656
1219
2198
4915
1828
4135
1725
3619
4856
2496
335
4703
3788
2927
1629
3251
1128
387
3325
3720
503
920
192
1844
1489
3925
2141
1800
452
1468
1486
800
271
4379
411
1219
1489
1449
3654
760
4479
192
1512
3575
3724
4856
2404
1128
2927
4479
4727
2948
1629
1094
656
1844
4135
1094
4479
3918
4991
1646
674
192
1219
2970
4588
2418
1035
4072
2496
3939
3955
3325
1174
2418
451
3251
4938
2217
192
1631
1035
4135
1800
1159
4056
599
1352
1358
4479
192
2404
1133
1310
3251
499
4073
1310
3918
1631
800
3487
1174
2164
920
3215
1969
3325
499
2132
2927
3215
860
1512
1035
4869
3402
3925
3990
1352
3602
1801
3982
4856
3737
271
4919
4869
635
4147
2102
2970
1210
635
1421
3982
3575
387
115
3918
3325
4580
3908
2336
1646
4991
3575
2102
503
3487
1468
717
2217
1800
2141
3402
4653
1969
1512
3737
3251
411
3251
3908
635
4703
2480
1133
599
1646
4479
1210
4932
1352
3654
750
3487
2927
1159
1468
1646
1725
1725
2927
1828
920
3918
2927
452
4580
3575
2496
2194
920
4727
3251
4856
1159
1801
3575
271
3737
3955
1174
3805
2970
2496
750
822
674
4147
1468
452
1725
1310
1352
2132
1844
2333
1133
4479
3602
1205
1631
1187
4379
2798
3908
2132
687
3602
4547
2496
4991
3908
2927
2496
1844
4072
4919
2091
2729
3724
1489
2217
2480
2132
1210
307
4479
192
4135
1828
934
1210
387
860
1725
2141
3215
4072
2480
2217
4856
3654
760
1449
599
2217
3737
1358
2164
3625
4727
2217
2404
1844
192
271
4147
4856
2970
1828
1801
1358
1352
4991
2557
1449
326
2164
1094
4511
2557
192
3982
2673
4479
2673
2404
934
4915
920
920
4727
3944
2927
2404
3402
4856
1725
3625
3655
4252
1150
3625
934
2673
1512
635
4703
2198
920
411
920
2615
674
1219
2927
3724
3944
1646
3487
3251
3955
4856
1419
1828
4703
635
1490
920
1646
1468
4036
3378
2217
760
822
3487
1800
4588
4915
1468
2927
3737
4932
3602
4991
1094
192
1828
4915
326
3982
4479
635
1631
1800
387
934
4072
1801
1421
335
2673
1598
920
3724
4479
411
4915
1801
4869
2418
1150
3325
4036
1629
3251
4135
4414
2132
4871
2102
1205
4479
4580
4479
2217
3251
4971
2418
3908
1512
4073
2198
3908
2673
920
1174
3944
1486
4580
3602
1133
3500
3908
271
2164
2496
3805
3908
1310
3846
3325
411
4971
750
3251
2217
4479
3990
1449
4588
4479
1801
192
800
1358
1352
4252
115
1828
4857
4919
1205
4479
3402
1128
4915
3619
115
3654
2927
1489
2615
1486
3737
1150
3575
326
1468
2198
3805
1159
1425
3251
717
2217
2336
2102
1174
3402
1174
4991
3215
1800
1159
2102
934
387
411
3737
1489
2963
1159
934
2091
599
2217
4932
1174
2198
656
4036
2217
335
2995
499
2673
192
920
1828
1159
2102
1210
4072
1468
3655
4718
3846
3654
192
271
1419
3402
4919
1489
2673
4135
1468
1358
2673
3990
4588
2102
4252
2927
2615
3654
7
4915
1468
3655
4857
452
717
674
1310
4479
1094
4547
3908
452
2927
2132
1358
4147
750
2217
934
4991
2141
1646
4082
4963
1725
1512
4073
3805
3625
3805
3575
3908
4073
2963
2333
1205
2729
2102
192
4252
1828
2217
4479
2091
635
1828
1219
3737
920
920
674
2480
4479
920
656
2970
1468
1489
3908
192
271
920
4727
3654
1486
1449
3575
585
1490
920
3625
2480
1352
1489
674
4082
3619
503
800
1205
1490
717
585
387
1174
3619
411
3724
452
2927
1035
307
2336
3500
4856
2673
503
4856
2217
2336
1800
4379
2927
920
3737
3487
3918
4252
4919
1094
2333
2418
2418
3602
800
3908
4414
1094
2217
934
4856
3625
307
3908
4919
1844
1631
4479
3602
3805
2141
2480
4073
2673
2217
2217
3215
452
687
1725
3575
1205
1631
635
4963
4479
4718
2164
2132
3654
800
1174
4727
2217
1421
1533
3908
4135
3378
1150
1844
451
1675
3325
1187
1128
3990
2336
1844
4072
1094
2217
411
674
717
4991
1094
499
1094
192
4718
2217
2963
3487
635
4072
2404
822
4323
1150
2673
4036
1828
2927
1675
4511
1035
452