0.16327102
00:02:05.25
1952
3647
1101
938
3723
4798
496
3374
63
273
4285
1617
4351
2965
4932
574
4576
4365
3374
2160
4957
4351
493
4481
4586
821
4940
2826
1250
3854
4932
1582
3854
2884
4981
4940
3647
241
1248
1249
953
3735
4718
4525
219
2737
3367
1101
4233
4234
4411
4586
3735
821
273
1617
1797
3943
821
2708
4351
2039
4525
4234
374
4931
2251
160
589
1180
1548
2965
4525
3675
4285
2778
2758
4586
1191
3037
4940
334
4957
4233
1088
4718
2961
4365
1516
4481
4798
3222
3363
4519
953
241
883
4233
938
438
3008
4234
1845
1180
4540
3363
1807
3367
2970
1952
4957
4519
2039
2039
885
3222
3363
1250
1248
4127
4519
1248
2319
3163
2251
4519
201
1248
3043
4932
32
4586
4940
438
2039
4234
2884
2296
4026
3374
3222
953
2758
1746
274
4931
1131
953
1131
1101
1180
953
3647
3008
2492
4015
1191
274
3943
1558
1558
2826
1276
1548
3914
4940
1548
4488
3461
821
2492
2262
4540
3008
2251
2659
1191
2780
4525
3735
2039
4798
4026
493
4940
4932
273
4381
798
2961
589
1845
4026
2755
2776
3908
160
3222
953
3723
2905
4714
4026
4932
4127
1248
2884
3599
1558
4981
2961
1101
254
2039
2776
1558
1972
274
273
1078
3735
1078
798
1100
1558
3599
3854
1477
4351
219
2327
726
2765
4576
4798
63
1548
4488
63
4940
4026
1952
3374
4714
798
4940
496
4026
1582
2482
4713
961
4351
626
2251
4847
4940
2708
32
4488
1100
4798
1845
4026
4519
274
1548
4931
676
241
2755
2327
4940
3684
1100
1617
4807
1757
1728
1477
883
2264
201
1078
496
2755
4519
4932
1100
676
1558
821
1078
1746
4540
219
4127
1100
4525
4981
201
4798
4525
4519
1728
4586
4233
4576
2296
1972
3313
4932
1249
3599
4957
4519
4177
1757
254
3723
3675
821
1276
2160
4488
2778
160
3461
1180
1368
2319
4931
1265
2755
1728
4411
2884
274
2296
3854
4540
2826
726
32
1276
821
1249
2755
3363
493
254
1548
1017
1131
1088
4105
4798
3138
1964
4940
4931
938
1276
2765
1693
1180
2264
4015
3222
4519
3908
4931
3854
241
334
1477
3367
4603
274
961
1078
1180
4798
1276
4105
2884
3222
4488
1746
2262
1191
3675
4127
4931
1797
4105
2765
883
798
493
1807
4583
2965
3647
4714
1368
2778
2659
1100
1845
3043
3008
1548
4411
3599
4713
1845
4940
2961
4877
676
4525
2264
3374
574
2970
1100
4105
676
2905
273
1099
4127
1101
375
953
1249
1078
4583
201
3163
3647
4488
4940
3367
201
1952
4488
2296
274
1101
201
1248
3723
4957
201
4105
2755
1180
2961
4603
4127
2482
493
1807
4285
2758
201
726
1078
3647
1180
2039
4981
2262
1952
4525
4488
1088
4714
241
4488
493
3043
4981
1964
4351
2965
1807
821
1249
1276
821
2970
32
726
821
4798
3374
1728
3461
3374
1180
821
1100
4481
1131
2296
2319
2492
2708
4525
938
1152
3735
4932
201
4411
676
241
3735
2737
2373
4798
1250
2039
334
1088
4525
2778
589
2758
4015
1249
1248
3008
1845
1558
4233
1972
4285
2251
589
1180
1807
1248
4610
798
2264
2319
2765
1191
1641
4233
821
3163
3675
1180
3367
1152
4932
1617
1248
1617
4411
3363
1611
3599
2755
4576
3599
1845
1265
2765
438
1972
4877
4234
4234
4540
4488
953
160
32
3037
375
1180
4365
4519
1746
1845
1617
938
2737
1516
3854
2812
4540
4177
160
4519
2755
4931
2778
2755
938
2708
1088
2965
4798
574
4488
3647
1757
4488
3735
4931
626
1617
274
219
274
2755
3008
676
2776
883
1617
1088
3222
4365
2970
1728
4718
1582
2961
1477
4381
821
1088
63
3723
4713
2737
1516
3999
1248
4525
1100
2970
1088
1248
1972
2884
1845
676
1582
4365
676
3735
1250
1952
1248
493
2708
4931
3138
334
160
1131
273
4488
574
4718
1100
1617
4940
4940
2776
2039
219
4519
4925
1078
254
3138
2765
4583
4234
3599
2262
32
3222
3363
1807
3367
2160
4481
874
1807
4981
1757
2778
821
2961
160
4105
1548
1100
4525
3363
1617
241
1078
2708
4576
1078
554
4957
201
3043
1249
1078
1152
3735
961
1757
63
2961
4932
4026
4586
676
1558
63
4519
4488
3138
4932
4981
953
3222
574
1845
1641
4233
4234
821
726
3735
2361
1757
626
1265
4411
4932
2755
2264
4603
1845
4798
1100
4525
574
2492
4713
4940
4540
1017
1248
4940
4381
1100
438
219
1617
4940
4234
4127
2778
1693
63
1131
32
3461
374
4540
4488
4105
1249
1617
4713
676
1017
1100
1035
3735
2296
4488
2765
821
2708
4177
2264
2884
3735
1611
3647
1078
2361
2812
4026
1088
2296
4610
4798
1100
4519
3008
1477
241
32
438
3723
63
4798
3599
4932
821
4981
4798
1249
1548
4877
2251
1611
2812
554
2765
274
3599
4540
1265
274
676
1131
241
1582
2826
1558
3163
1548
3043
4351
1265
2961
1641
4540
1641
1641
1250
3723
4519
1972
4026
4576
3008
4713
4481
4713
3008
1248
1101
4488
1582
4540
961
3854
4177
3461
2251
1972
4940
1972
4381
254
2780
3313
4234
3363
1548
375
1477
493
821
1249
2264
3461
821
493
2758
1641
2826
4713
4234
2776
1558
3854
1641
2965
241
4234
4540
219
676
3908
1516
1477
2776
493
3222
1617
3735
274
2262
3735
3647
3163
4940
1368
2737
4713
1477
1100
3222
273
273
1693
4519
2755
274
2970
241
4847
4610
3461
3675
1138
821
4718
1078
1250
4351
4932
4525
4540
4610
2737
2755
2778
1180
1249
1248
574
4015
1845
1100
3675
2708
821
4610
3222
4932
1180
938
4015
496
1845
1250
4940
4940
4285
3037
4576
1548
4540
4519
1180
2708
2039
2251
4940
2737
1088
2039
554
4718
1368
4798
1249
3363
1641
2755
219
1548
4234
1276
1617
1249
798
3735
2737
1249
2327
2780
2737
2708
4285
2758
2826
201
2765
4285
4351
4351
3461
3908
2737
1746
4540
254
3854
3222
2361
2296
1180
4957
2765
375
2755
2755
2296
2737
1099
2776
3723
4718
4718
493
1249
3599
554
1477
938
3647
2327
4932
2160
953
3367
274
4285
2778
3229
1191
2826
1617
3854
4177
4351
4798
726
4488
4026
3363
4015
4940
1757
1516
2884
4940
493
589
4411
4234
4026
3374
3008
3735
1972
1191
2659
2758
1191
59
4015
63
1035
1728
589
4931
4488
1078
2780
2778
1368
4940
1693
1952
3647
4285
4488
3675
4177
1582
4525
4931
2970
1728
1088
1797
2758
241
4365
1100
4586
2778
2778
2262
2961
1972
493
2970
1641
2965
1138
3854
63
953
4525
3363
4411
2492
4718
3675
4233
1611
2780
1142
4610
1845
2708
3735
1180
3599
4488
2482
1558
4586
2361
32
1250
821
2961
726
953
4488
1548
2482
1728
1611
1693
334
1582
4026
1548
1845
874
3723
1641
2758
4714
1249
4940
1088
4234
3599
2965
2373
4381
1972
2755
4233
3367
374
1101
2708
3163
32
4586
2812
726
3037
4713
1972
798
4234
798
1728
3037
4525
3374
574
953
1582
4603
1972
4026
798
1477
3374
2778
4932
2970
2492
4981
4177
4718
3037
3854
4525
2778
4285
4015
2826
4847
2737
1952
1617
2319
2737
493
273
3037
2296
1142
4285
2765
1558
219
2492
1250
2765
1845
1728
3374
1099
254
4525
726
32
3723
2755
1845
2251
1972
3229
4519
4940
1757
219
4525
4234
273
4519
4233
1972
375
254
2492
273
4540
375
4525
1845
219
1582
2492
821
2482
2884
1101
2776
4713
574
1250
1728
2755
4105
1078
2373
2755
2319
2970
1249
4540
1558
241
3723
4365
1250
4234
1582
3374
2482
4932
3363
4603
1265
2264
953
4481
4234
4015
4519
1180
4177
2492
241
1101
1807
4365
3599
4127
3675
1142
3599
4285
4957
2755
554
201
2755
2659
1191
1248
4105
1250
2296
1101
4488
4411
798
2776
2776
3914
1276
1964
4326
254
3374
3999
4127
1248
4540
2737
4940
1138
2970
4525
32
4481
4540
4798
4940
4015
885
1248
1807
1249
2965
3374
1249
676
1516
4576
821
4940
2492
2765
2778
1952
3735
1100
1249
1611
4798
1248
274
4015
4981
3313
160
1249
2296
554
4940
2755
4932
1757
1180
874
1728
1641
1617
2965
496
589
2965
1017
2737
3374
676
4105
1807
2780
241
4940
1548
4026
4127
1582
2039
1250
3363
2965
1548
3599
1248
2264
1641
1100
3908
3374
4540
1249
3374
2826
4925
883
2659
3675
1477
1845
4525
1972
1078
273
4610
2765
3943
554
3684
1728
2905
241
2361
32
1746
3599
63
2755
4326
2778
4713
2708
1952
821
1078
1249
3675
1845
4718
1101
1845
1078
4519
4177
274
4525
3735
2482
254
1746
1952
4540
3363
1617
3008
4525
1248
3138
4603
3735
2884
2039
2708
4932
1845
3723
2708
63
1248
160
1582
2755
1477
1191
1249
32
3735
2160
4488
2970
4940
1641
1248
2755
4519
798
1972
2737
4586
273
726
1248
1100
3908
726
3222
4233
2373
1972
2373
2708
2778
4411
885
4576
3037
2755
2765
1757
726
2765
438
1142
574
1611
1276
676
2765
4798
493
1611
2961
493
554
3684
1746
4411
4603
3723
1558
2737
1142
334
4365
4519
1078
493
2758
3908
2758
1558
874
2327
4026
334
798
4718
4026
938
1250
3647
3854
3735
2327
4365
3735
1191
4488
2039
1728
1276
4488
1728
2884
626
1477
3735
254
2765
2884
4713
4488
574
821
1807
2776
1180
2765
3735
4488
4519
4234
3367
1248
2965
241
2755
1101
3363
1964
2492
32
4411
3914
4940
1477
2264
1558
2961
4877
4525
953
3363
375
1797
676
273
4525
953
2264
4931
4940
1972
4234
1516
1972
2708
4285
4285
4127
4981
3461
3363
241
1265
2492
2884
4233
493
1972
4519
798
4233
3684
4285
1558
4365
2755
798
1180
3363
1516
241
438
1558
4583
3854
2296
726
496
2755
3222
4931
2482
2737
3008
676
2755
2160
574
1248
821
1100
4519
4525
821
2708
1191
1265
2755
4015
2251
3908
953
493
493
1017
1249
1641
4718
1964
4365
4488
1558
2965
4981
726
1582
254
3854
4488
1845
874
1100
4931
3163
3037
3999
1250
4610
1249
3684
4932
254
2758
4932
3999
2826
953
4925
1248
2826
273
4610
4127
626
1035
273
3363
241
1558
1728
4798
2776
4488
3363
334
4932
4540
2758
554
961
4488
3943
2361
4381
574
3163
1191
1017
3008
1728
4586
201
32
4365
1582
2755
626
4015
273
1131
874
32
4713
4488
1477
4610
1558
273
3999
4525
4525
4525
1368
4798
2778
4610
676
4718
1845
4381
4583
2039
4610
447
4026
493
1180
2755
4488
3163
2296
4713
4481
3854
375
3684
3461
3374
1972
1972
4798
32
1548
1265
4233
3008
4234
1191
726
961
3943
1248
4105
4583
3043
4525
1250
1248
374
3043
2264
4957
4481
4540
219
4105
726
726
2737
2965
1582
1276
1088
726
3008
2826
4981
1693
2758
2264
2264
447
4925
1100
2482
1641
4540
3684
4381
1558
4576
4285
1248
2708
4105
1250
2373
4525
1807
1548
4798
1516
4540
574
3222
3363
2965
4940
4877
4127
4798
554
2262
1582
2765
2327
1100
3008
2251
4525
1035
1558
953
4105
3367
2262
241
4586
4540
3943
2708
2373
3735
2319
3008
4234
3037
2373
4519
2296
4365
3037
274
3138
4540
1249
3735
2776
1548
201
821
4105
3914
2884
4519
1276
4586
1641
4525
2039
2737
1180
821
496
4127
1250
4718
2780
2780
3854
1807
4540
2965
4932
1641
32
3229
2708
3222
2965
4932
1248
4932
1641
2492
874
4525
1138
1250
821
2262
2826
574
201
3374
3599
4925
3008
241
1797
589
961
1249
4586
1099
4713
1582
241
2755
3008
4519
4525
1368
1088
1265
1548
4576
2755
2492
2884
4488
4940
2812
3735
32
1972
1807
953
4234
821
953
201
493
4525
3367
1249
2039
1250
1180
1964
2765
2039
885
4932
4488
953
4940
4026
2776
574
874
3647
4233
2965
2296
821
1250
1641
883
1617
1972
1101
4285
4525
1972
2812
201
1276
2970
1250
4488
1516
1477
953
1276
554
4015
4015
201
1142
4525
1516
4540
4525
2884
4714
2778
1548
241
2884
2319
1248
4940
3914
1728
4234
2765
4234
3684
2659
4713
3008
1100
2965
1807
493
4234
1558
4488
59
1972
2758
4540
885
2737
2758
4525
3599
438
2780
953
1248
1548
676
496
438
953
3374
4105
2755
2361
1100
1746
626
219
2737
4177
2737
1017
3735
2755
4015
3037
4234
3599
1807
1972
4981
3735
2776
4105
219
4105
219
2961
4540
3684
676
4519
3723
1611
1100
4481
4714
1641
1617
1952
63
3675
1078
4713
2373
4931
885
4105
589
1152
3914
4026
1100
2482
201
2884
1180
953
3363
1250
2778
574
574
32
1728
1807
4026
1191
2884
3943
1746
1191
726
241
1088
953
2755
3229
1078
1180
2659
241
885
1972
2905
1548
2778
2039
1964
496
1972
4481
1180
219
3999
2765
493
4957
1641
2780
1728
2884
953
3363
1368
4015
4519
1728
2755
726
1845
4940
1101
2758
1250
3675
3222
3735
2492
3363
1265
4847
1276
1100
4576
4931
2765
4877
2778
676
2737
254
59
4365
1746
4285
676
4285
1477
885
2708
1180
953
4105
3163
4525
4026
374
1078
2758
59
1249
2373
274
1611
953
1582
219
798
798
496
3367
3599
2251
2361
1035
4233
1728
219
1952
3374
2373
1276
3138
4026
4488
885
1368
4932
726
4957
1728
3374
4519
1100
4411
1516
3222
3138
3363
2373
4586
2492
2970
4015
3043
241
2780
4488
3675
4026
726
1952
63
726
2970
2826
554
2765
1100
574
676
2659
4583
4713
3222
1078
3363
3908
2778
2765
2492
2492
961
2812
1617
1180
4015
2373
3229
4127
2755
4365
1516
3363
4714
4940
3374
254
32
2884
1582
2755
2737
1845
726
1516
2708
3999
4127
1964
821
2965
3037
2755
2264
2160
2758
2160
4285
2039
821
4381
4411
32
4586
2776
1276
2492
3163
2765
4285
1558
2262
2970
2482
4105
2755
4234
1142
938
4285
4015
2361
1131
2826
2251
2765
2755
4932
885
4714
4798
1582
1952
821
885
4931
274
1746
4940
32
1582
4234
3735
1728
1248
2778
885
1100
3363
4285
4519
4931
3363
2970
1078
1250
821
821
1617
4576
2482
1276
1582
4932
2482
1728
1845
4940
1477
3854
2778
4105
4957
4798
3599
274
3374
160
874
4586
4519
2755
1017
4940
1582
4105
3037
1052
2780
1845
1078
2970
2039
1191
4285
1477
2776
4586
3675
32
4285
2970
4481
726
3723
2492
1477
1807
4798
4026
1191
1142
874
4957
2965
4519
4525
2492
4525
726
676
554
4940
1548
2327
4381
2492
1641
3647
493
4931
2884
4234
2361
1078
273
2961
798
4026
2373
3374
1641
1972
2296
874
4525
375
4807
3313
3222
2492
3367
798
2264
274
3908
1611
3735
1250
4940
1845
821
4234
4981
2884
334
4931
2160
2264
4940
4365
1728
1250
3684
2758
3008
241
1477
2251
4488
2776
3367
2765
4411
4932
3854
1100
3163
4877
3363
3374
2826
201
2492
3735
2965
883
1250
4519
493
4411
1248
1952
201
726
4957
4525
4411
1099
2970
1952
1582
1248
3138
2961
4411
4981
1142
4931
2884
2755
1250
2482
3647
821
1368
4105
4931
1558
1100
821
4234
3222
2812
254
1516
2251
3043
4234
2039
1477
4127
2776
3908
821
4233
1250
4233
676
4940
4285
4931
3735
1248
589
1558
2264
2970
3461
2319
1368
1180
3854
1845
1807
1617
3647
4015
2264
4234
32
554
938
726
4932
3163
4411
1952
2755
1017
3943
274
3675
273
2755
2492
885
2765
1368
1078
4932
3599
4285
1516
4981
3163
2776
1582
4411
4525
4233
4351
1548
3723
961
4610
1477
2780
493
4610
4365
4285
2296
874
4877
2755
798
2319
2755
1757
1728
1276
3163
4411
1845
1728
2319
4285
4351
1180
2755
201
4798
3854
3735
4981
1477
1964
3043
3363
1101
554
2492
1131
1180
3854
1548
201
885
4488
1516
2361
219
3908
1152
953
2965
4932
4285
4285
2039
2296
1368
2264
2758
4576
2826
2039
1845
2737
4576
4481
493
3675
1101
1191
4981
885
726
1797
953
4525
4940
4488
2758
2755
3647
3675
4488
1138
1078
2251
3043
1191
2492
374
201
1617
3999
4026
1972
3461
3647
2373
4105
2765
1516
574
2755
1548
4940
201
3367
4798
3367
1641
3008
1180
2755
2826
4519
4481
4931
3374
4233
1617
589
3675
4381
1641
953
3943
1972
254
574
2319
3999
4586
938
254
3999
2373
4234
821
1641
938
2961
1845
1088
574
1180
626
1249
4234
1265
2970
1191
2755
4411
1617
821
2251
2765
3735
3723
2765
4525
1516
254
241
4925
3675
2039
2737
1516
2251
2251
1250
1845
4365
375
2826
1138
32
1249
1757
4877
1138
3229
1641
4540
1180
3138
4610
3735
1249
1276
1617
874
4326
4525
3461
1807
1617
2373
1248
4519
254
1728
1100
63
1100
3684
201
496
821
4026
4931
2264
63
4285
1078
3222
4525
1248
1641
2755
2755
1972
953
273
3684
574
1516
4234
1641
1757
274
4365
874
726
4285
4940
4285
4940
2758
4798
4586
953
1100
2884
3599
1180
798
3675
1617
1131
274
4381
3999
4026
1548
4583
1797
4351
798
3735
3374
1088
1249
4925
2251
726
4957
241
4411
2039
1101
3908
2970
1180
821
2264
574
4381
676
273
3735
2262
4714
4233
4525
4931
798
160
4481
4932
2758
4234
273
883
2482
4234
1797
4931
3914
2758
241
374
2780
3163
241
2965
885
1845
1152
2264
2373
2776
574
241
241
4285
4285
1100
1052
938
4525
2492
2765
726
1617
3908
274
4525
4519
1101
3374
438
2778
4233
4610
219
1617
676
4026
1248
3735
821
4877
1845
254
2755
1617
3723
1611
2251
3943
3599
3684
574
1078
4381
2737
3374
1250
554
1100
1180
4932
4365
4877
554
1952
1248
4285
1138
2970
3675
1797
1249
2708
2264
4957
4127
1142
2826
4586
1558
4519
4234
4105
2765
2961
1052
726
574
1250
3735
726
201
201
2812
554
4981
953
3999
493
1191
4411
1477
2884
3008
1746
4940
2765
4326
4798
1191
1017
1582
493
3037
4365
821
3647
1180
2327
1101
1368
1276
1368
574
2160
1248
375
2296
3374
4381
374
2812
3374
4525
1548
3854
554
1248
4931
821
1972
1845
1617
1250
554
4932
3675
4940
3914
4540
2251
3735
3374
1611
4798
574
2755
1250
1972
574
3854
1052
4519
4234
1757
2737
32
2755
3735
4576
4847
3363
374
1368
4234
2970
4798
3008
1078
953
2327
2884
1035
4381
4411
2296
1180
32
3735
1276
821
1180
2319
3908
874
4798
574
1131
3908
885
726
4540
3313
821
4519
4105
1248
1516
4519
334
3854
1088
1728
2319
1100
4519
4105
883
726
4940
1078
2755
1972
4525
274
2758
1807
1249
4381
2765
3999
2264
241
2884
1972
2765
1558
3037
4481
554
374
2708
1728
2765
4488
4957
273
3037
1265
1548
241
2965
2755
4932
1180
32
3723
1558
821
2970
798
3723
4525
821
3599
4932
493
2755
1191
4411
2765
1641
63
2482
1088
4127
3363
726
201
2373
3854
1131
1152
59
1617
3908
798
961
4957
1516
4105
4525
1035
2296
2965
1249
3735
3675
4583
4940
2373
1582
4610
874
1017
2327
2708
4519
1728
1641
1249
626
4714
4583
4026
3043
2776
4026
4015
3647
4940
3363
1191
1952
219
274
1191
2482
4932
4351
2482
2758
3723
3313
798
2361
160
4127
4411
885
1952
1017
63
798
1952
874
2492
1191
676
3675
4932
2965
273
4610
938
4981
4931
63
1558
2039
2737
2039
4381
375
4351
2884
1078
821
3222
1276
1558
2262
1728
32
1964
4603
59
4233
1757
1368
574
676
2327
4525
4540
2755
2296
1250
574
1728
1972
2778
334
2826
3854
4285
1191
821
254
3363
1617
2708
4177
3599
4540
32
1693
1746
2812
1693
1548
3043
2659
3675
1845
4233
4233
1611
4105
4932
1248
334
1611
2327
1746
676
1797
32
1142
3363
2905
2765
676
4285
589
1582
4519
3367
4351
1845
375
2361
1845
1728
3599
2826
4940
1100
4026
2758
3675
2965
2758
1757
4026
1088
821
4234
1249
1101
4015
2965
241
2778
3363
1101
1152
726
1972
2778
2373
4234
821
2755
3684
4932
3222
1035
4540
3374
4481
4233
4718
554
1017
4234
4234
219
3313
1972
885
676
3367
3599
4026
2737
4798
1728
4525
4957
1131
4015
3735
798
273
2755
1180
273
2812
2826
2755
1845
821
2737
2884
4932
2708
2708
2251
3684
3367
3908
1641
4576
3999
1191
4940
4365
2755
4127
4481
3647
1276
821
2262
2884
2755
2758
2737
4540
2884
3647
1265
4586
3138
1477
4847
1807
4127
1845
1845
4351
3908
4381
2251
1035
438
2708
4610
885
726
2780
676
1558
821
1952
4540
2251
201
2812
4234
4798
1265
2327
4519
821
1952
798
2160
1249
4381
3229
4932
2884
2708
4105
676
1180
241
2965
4877
4525
4519
2812
574
2264
274
4365
554
3599
273
3735
3735
241
4365
3647
496
4525
4525
821
4576
953
1100
4365
4610
3943
201
1693
3138
1180
1807
1250
1952
274
1152
2776
3599
4877
3735
1265
4940
4519
3599
676
3647
3043
4586
3854
1248
821
3908
1582
4351
4127
2965
219
4540
1548
1548
1617
798
4940
3943
4525
1558
63
3647
4177
4957
4932
3222
1964
219
2758
274
2039
3854
4411
1972
4931
953
4610
2296
3723
574
493
3675
1180
4365
953
2884
219
4234
1180
1952
2970
1249
32
1972
4326
4847
1972
676
4488
589
4931
1693
2812
2961
2361
1952
3908
2905
1249
4177
3723
2778
4105
821
3138
1845
4488
4798
3313
1101
496
4026
2758
4411
1100
2755
726
4525
3723
3008
2755
2758
1180
1617
4411
2755
953
3363
1088
1249
4940
2780
3037
273
676
3461
2264
4798
4576
2262
4411
4931
1180
3461
1548
4807
1807
885
676
1101
3647
2755
374
2826
4105
1276
4381
1101
1845
2361
554
1558
274
1845
4365
2778
2296
2778
2296
4481
4234
63
1617
2884
1477
4713
4525
1180
3908
1249
4940
1516
4105
1142
3222
201
938
1807
726
4931
2482
1952
3229
1477
2264
2737
2765
63
3163
2755
4525
1972
4525
4488
2482
2755
2884
1582
821
1641
3914
273
885
1101
1191
3735
3229
4488
4411
953
4488
3008
3854
1180
4714
2708
1477
4932
3999
1952
3723
4576
4519
4525
4940
160
4931
3647
1757
3222
2755
4525
2970
798
2755
4925
2327
1180
3675
1845
3735
1746
3229
4586
2708
1582
2778
1101
4519
4798
4351
3599
1972
1249
1101
1952
4981
219
32
1641
1248
726
1078
4576
1477
4957
4525
1249
2755
32
3008
1017
4365
554
219
3914
2884
4285
3943
2755
4488
885
2970
3723
2765
4798
1248
3943
1952
821
2755
1180
4525
3138
1972
2884
1248
2765
2482
885
1477
2758
59
273
2039
574
2708
4586
1972
2812
4519
4957
59
3735
798
1100
4351
3599
254
3043
798
4940
3647
1250
3599
2961
1728
1248
4525
1368
885
821
2373
2765
2264
1249
1728
4519
726
1807
4351
375
2776
4586
1845
3163
4931
160
1265
1248
798
4411
4981
1972
1368
3675
676
1101
4932
3599
2039
1250
4519
874
2970
4015
1100
4981
2482
201
2737
1250
1191
4931
3735
4714
2296
2296
3735
1746
3163
3599
4234
798
2296
2264
3735
4351
4525
2251
4718
4105
4798
2319
4931
2755
4940
273
1101
3363
3599
4713
1276
1180
4525
219
32
885
32
4807
3222
4931
2755
4940
676
4525
4481
3723
4488
63
883
2812
798
626
2905
241
4957
4105
1250
4234
3008
2780
1757
334
2327
1516
2961
1138
2765
3735
1617
1516
447
1249
798
241
4015
32
1845
574
3675
1477
2778
1099
3037
2755
1180
4326
3363
676
676
1191
1191
32
1265
1845
4714
3229
4798
2251
32
2961
1845
4488
4798
2755
63
938
1582
4234
493
447
1100
4015
3908
2758
1100
273
4026
589
4798
1100
1548
1972
2758
4798
1558
4365
1368
4940
1807
4798
2778
219
3723
4525
1100
3363
4026
2482
2765
4481
1088
3037
1248
1611
4381
4981
1807
2826
3461
201
676
1558
3599
3854
3163
4234
1180
3163
1972
3163
676
3675
4931
1845
3367
1276
4713
3222
4940
1807
254
3999
3367
2758
874
2737
1617
2758
3043
676
4411
1250
2373
2296
1845
1617
2765
4940
1249
4877
1641
3461
59
1693
219
4234
1152
3675
4932
885
4488
4610
3374
3008
3363
1641
4525
1191
3374
59
1078
4981
1249
2708
4026
2319
254
885
4285
1078
3735
1249
1797
3908
1641
2039
1276
2755
254
2778
2296
201
4015
4365
4488
589
1845
4351
493
4525
885
4940
201
4481
938
1477
2708
821
1845
4285
2755
4177
4931
2264
1558
4713
2776
4940
1249
4177
496
1807
1078
3599
2492
3943
241
3313
2765
1180
2296
2264
4940
4234
3723
2262
1078
1617
1797
3367
3999
589
1191
2755
2251
3675
3374
2758
3908
4940
4932
1248
1516
201
1100
1180
2776
1180
219
4365
4798
3367
493
1964
1248
4525
2755
3684
4015
4519
4940
2884
589
1558
874
438
798
3675
2765
219
2961
4488
883
4940
821
4981
3374
3008
4714
4540
1078
4105
2970
4981
2251
2826
4519
2755
2160
1368
1101
3461
1088
4932
4713
1249
1548
1558
2826
4932
1368
4940
4718
1582
1972
2361
554
2482
574
4026
4940
1368
3363
2708
874
1249
4525
273
2755
4798
3908
1250
2755
726
1099
1265
1249
589
3908
4981
2492
574
798
4714
3675
2737
201
2780
1952
3599
2776
1728
4233
1548
3163
3222
2755
1582
1972
2319
1548
2160
2737
2251
2482
798
4940
1101
1191
3647
1180
4583
2737
2492
3943
4798
3222
4931
63
4026
2884
4932
219
2160
1516
4877
2755
1757
2482
4234
2737
1265
1845
1101
1582
3854
821
1249
1477
3163
1131
2884
1845
3943
1078
4877
1641
1558
2737
2826
4326
2826
3599
4234
4931
2826
201
2884
4105
493
2755
2264
1152
3735
2482
4234
1558
1972
2327
1952
1558
4234
961
2758
4481
4234
2755
273
4718
1797
1972
1548
274
4540
885
3043
4940
274
4381
4586
3723
493
3363
273
1952
241
4940
1052
4525
2296
1641
4610
1100
1180
2961
1078
4525
3999
496
4981
821
4576
1641
3138
1807
2755
726
254
1807
2482
1088
4365
874
1100
4525
493
1746
1477
676
1548
1548
574
4940
496
3854
4285
4932
1100
2965
1617
3043
4105
4931
3163
3008
1558
241
1807
3914
4488
2708
726
2755
4713
4610
3684
3367
4525
3599
2296
938
32
953
1617
4026
1641
2758
4525
2778
1152
4931
1548
2361
4365
1548
241
953
885
2492
1952
219
1558
2812
1548
3647
4177
201
4940
2812
1052
1100
726
1641
2780
821
1617
2780
2708
4957
4932
3599
374
4026
160
274
1728
438
1101
3138
3367
4798
4481
3684
4932
953
63
3374
2884
4957
2659
2826
1728
4525
3675
1611
1582
589
201
2755
4932
1558
2755
3043
1100
821
273
4957
2778
201
798
821
821
3043
4411
2659
2708
201
4940
2755
2965
2755
4932
1180
2884
2884
3367
4525
4798
3363
4540
3647
1972
2758
676
4285
2482
32
32
726
1276
2776
4940
726
4525
1548
1746
726
4481
1728
3908
1807
1617
2708
2755
2039
2778
1152
2296
3461
1250
4177
1558
3599
4877
4940
1249
4026
4519
3037
1250
2778
273
32
938
32
821
1807
953
4365
4877
1191
1807
2961
3222
1248
3684
3222
1250
1191
1265
554
676
1807
2373
2492
1972
2765
4540
4365
2492
4525
2296
4519
4932
2296
1807
1807
4285
3735
1191
1845
2160
1368
4713
3675
4525
1152
2758
4127
201
1972
676
2296
3943
1250
1972
201
4798
3675
1248
4411
1250
1516
4847
4026
3723
4576
2776
1617
726
3374
2319
3363
3367
4015
4940
4877
885
1250
2373
1728
4411
1017
4610
2776
2961
3374
4351
3138
4365
2884
3163
2758
3854
2755
4713
4798
1191
3374
4351
4940
4931
3222
1693
4488
883
2961
1516
676
953
2755
4026
3229
4957
3675
1180
3735
1617
3908
1035
1845
4026
1477
3854
2755
496
2039
2970
1250
4365
1728
2251
821
3599
241
3723
2659
2755
4807
3943
676
4957
4540
2160
1617
2970
885
1558
2826
3363
160
2482
1035
2965
1972
4583
2758
4583
1248
2778
676
4576
2737
2039
1180
2737
1088
4026
4957
3222
1964
1582
1180
3723
201
1845
2755
885
885
4540
2965
4233
2765
3735
1617
3229
2765
1582
1952
3374
726
1180
726
1807
1611
4177
219
4234
798
3008
3008
3908
821
3043
2708
1138
1100
4365
4957
160
2778
2778
1972
493
4381
2708
3043
2039
4798
4718
1746
4365
2251
2812
4540
4127
4586
1249
3222
1952
4519
4540
2755
438
4603
4540
726
2039
3675
4234
554
4714
2970
726
4488
493
4940
1368
1180
1693
1180
1641
2758
3675
2327
4234
4713
2970
2482
885
2778
3363
3461
1558
3222
4798
4877
4127
2482
1641
1952
2765
3313
4525
1250
1276
1099
4525
4931
2373
726
3599
4127
4015
2492
2319
3735
4481
4583
3363
1138
2327
885
1368
32
3363
1582
4525
4540
821
1249
3599
574
1845
4488
4285
32
2812
4877
3374
1101
1250
63
63
1757
2708
798
3647
2884