78
15
228
376
146
179
265
84
244
186
387
382
347
150
295
110
353
127
133
102
347
51
105
311
25
105
70
53
231
283
249
307
370
279
7
388
76
153
313
210
0
112
319
114
336
318
49
137
376
105
228
245
141
92
350
173
376
276
361
96
229
255
392
380
376
184
95
1
328
245
216
29
99
6
132
142
78
147
325
178
309
360
353
286
148
42
353
275
288
29
340
155
21
165
286
279
373
380
140
95
317
199
96
333
370
95
40
105
278
187
372
131
370
133
103
112
47
71
127
388
366
48
90
221
13
244
171
398
16
356
31
42
159
292
300
2
182
178
11
286
105
383
79
215
273
106
171
300
310
384
127
226
79
229
321
76
162
350
169
72
111
137
172
319
354
376
250
62
16
186
199
108
201
49
228
42
380
251
338
398
231
14
90
70
287
374
177
297
84
281
117
112
396
19
302
183
25
39
110
1
228
219
346
255
142
261
255
148
62
375
227
227
240
384
311
330
6
89
233
46
201
84
109
132
270
242
10
163
328
289
295
241
214
232
157
47
152
339
225
131
165
260
299
392
147
243
311
84
318
348
290
389
127
214
78
133
206
255
327
338
155
329
307
355
272
262
220
97
61
169
93
285
217
203
310
1
58
312
73
201
70
24
287
186
19
139
270
76
234
47
327
39
162
14
225
33
272
398
2
325
336
127
102
158
242
334
298
395
273
113
110
57
358
254
356
392
319
113
216
385
228
2
5
297
161
158
67
46
380
72
50
42
249
356
145
390
377
108
217
85
275
232
158
168
269
267
202
180
138
346
83
53
120
218
387
188
313
276
192
356
84
103
71
272
198
134
196
148
228
247
390
351
157
81
364
284
281
10
167
39
5
105
113
275
252
49
243
394
345
217
277
57
335
160
219
278
306
205
286
31
164
398
378
157
95
31
323
84
240
176
186
142
269
370
318
335
361
14
146
363
332
243
361
127
295
148
363
142
137
115
246
105
283
199
354
208
45
268
5
108
33
236
199
228
354
113
239
357
136
213
376
5
261
383
121
26
54
7
302
34
8
282
352
50
335
105
314
33
4
255
86
135
242
391
46
376
208
296
138
133
99
134
366
230
261
233
101
255
142
84
58
69
396
93
99
46
162
250
293
137
57
241
303
70
105
276
269
395
338
258
285
269
0
273
196
164
312
100
261
207
232
232
175
254
10
301
255
22
120
159
228
24
77
347
335
107
95
237
19
355
397
180
83
45
176
24
101
341
104
192
279
378
71
163
269
385
272
317
102
124
111
335
397
10
68
337
307
19
351
386
307
358
300
45
27
199
95
353
365
168
201
163
89
93
199
280
114
64
317
38
376
302
226
380
199
313
177
103
96
177
115
89
263
294
68
218
23
385
155
204
24
53
148
302
71
9
38
217
228
63
227
100
158
270
102
104
249
192
374
337
72
2
327
111
222
270
169
326
88
211
383
40
167
184
171
345
277
248
146
258
253
169
356
351
363
287
246
31
388
146
115
267
369
381
77
191
10
300
92
263
177
333
395
16
376
392
2
228
30
204
393
353
325
212
294
307
82
200
176
133
187
112
111
169
321
168
345
163
167
387
116
14
14
105
122
50
94
255
345
56
278
351
244
188
158
142
297
263
8
131
258
109
7
385
73
89
124
141
335
160
166
188
259
138
88
308
191
3
2
223
361
205
375
218
384
76
231
394
223
29
201
374
234
16
378
285
387
57
309
364
192
191
293
313
290
42
148
50
2
231
7
327
335
13
370
241
70
290
257
356
177
90
200
118
194
272
7
376
169
162
93
378
259
391
58
298
119
4
223
123
201
307
112
48
339
28
295
175
55
93
236
181
76
64
375
119
30
389
289
52
337
273
144
29
264
338
398
335
170
42
194
192
377
209
301
105
112
374
313
44
174
95
273
126
230
290
160
384
31
93
251
267
269
16
365
170
157
297
86
242
180
345
187
44
17
360
168
0
163
265
205
369
18
339
377
73
252
350
246
196
269
148
117
251
197
19
261
227
332
334
7
53
86
244
62
96
267
259
37
109
139
114
110
315
35
367
171
47
48
124
176
341
35
317
378
23
285
103
7
26
397
373
269
178
192
68
171
73
249
174
340
145
302
140
139
249
338
257
341
55
302
160
365
248
387
235
22
398
52
125
93
237
347
184
48
258
295
175
105
278
342
317
374
17
86
11
384
84
387
204
47
147
360
296
189
177
146
217
310
19
147
229
2
108
176
243
7
90
279
223
41
4
93
310
160
138
230
190
141
236
292
294
306
382
150
382
347
157
215
314
87
180
290
2
250
290
273
10
208
362
298
1
337
324
239
261
22
361
337
8
112
377
290
143
347
129
73
200
255
363
360
152
100
383
320
182
317
195
192
185
76
209
93
380
338
120
328
187
31
316
7
350
335
51
389
130
165
311
325
192
357
203
156
91
397
337
234
115
107
132
354
17
9
214
83
337
109
354
106
207
216
197
133
338
16
272
387
302
287
272
112
278
174
272
397
109
76
98
51
272
129
360
148
179
105
332
266
361
148
127
103
291
320
271
335
132
164
261
9
255
169
205
327
313
82
346
62
399
139
285
378
368
138
241
25
93
191
36
123
311
321
76
346
122
217
364
199
324
284
338
7
157
61
13
160
254
8
157
137
218
184
341
95
382
229
8
222
10
83
106
385
122
79
354
115
19
42
65
111
286
148
170
163
351
212
141
229
344
163
131
53
222
170
320
46
300
354
76
371
337
224
214
384
152
105
267
389
372
380
21
121
164
95
276
177
83
12
175
105
343
378
204
325
257
392
242
369
124
289
335
84
175
66
85
275
83
31
145
127
388
249
76
338
351
279
273
157
342
105
199
147
234
286
396
273
105
275
146
126
232
225
233
308
30
210
182
16
72
212
69
38
363
234
174
11
175
352
148
36
34
300
82
327
2
354
294
342
118
70
208
108
78
176
378
101
271
85
354
298
394
175
318
186
311
31
58
255
254
188
44
138
142
235
229
286
242
332
19
275
317
314
282
112
97
174
301
302
40
235
141
258
85
49
356
204
332
323
92
130
388
147
276
109
264
15
189
107
287
187
53
126
356
39
171
258
92
40
16
123
239
351
42
51
265
382
153
213
376
85
48
67
48
300
204
103
122
25
25
9
62
370
4
188
222
109
36
332
64
225
196
158
288
243
4
43
245
163
19
196
232
385
387
328
356
188
281
13
15
300
42
83
318
293
256
327
148
8
284
42
338
127
333
209
101
363
380
286
395
120
255
62
278
54
41
28
311
367
254
199
276
275
191
44
339
175
131
7
90
84
244
176
254
301
186
351
152
73
223
79
33
368
88
334
269
350
315
249
178
169
264
391
278
262
138
220
84
304
89
360
96
195
218
366
250
281
64
30
369
236
324
261
205
356
3
201
254
370
126
314
351
322
374
55
286
208
269
109
250
341
218
191
385
136
274
243
191
137
223
331
223
228
366
356
204
69
163
168
199
327
53
378
277
13
46
352
214
363
107
272
391
205
182
367
61
39
46
71
32
287
131
78
218
115
35
204
181
299
45
312
174
15
45
126
368
318
196
107
170
196
272
103
359
363
102
91
24
297
131
289
189
55
109
19
48
239
60
137
201
105
385
346
254
195
281
107
217
315
180
256
90
351
288
110
56
33
82
61
361
286
257
208
46
146
69
337
40
120
247
23
299
163
280
36
124
94
165
328
177
40
71
150
362
234
371
375
347
48
300
252
287
220
392
55
385
370
324
175
275
329
31
398
380
326
255
287
157
303
107
352
7
162
59
149
257
99
86
346
227
38
313
40
22
184
346
1
88
21
2
391
326
366
384
51
17
133
317
300
299
172
323
61
323
285
93
44
289
227
389
45
374
89
279
120
15
385
291
289
273
44
3
147
297
45
164
380
114
54
97
320
39
358
228
198
4
74
141
267
96
156
289
385
363
380
6
321
307
262
161
73
277
72
97
110
195
252
70
377
133
24
84
228
38
13
275
102
5
214
381
281
86
287
10
349
333
124
95
186
360
287
371
239
186
2
229
323
56
317
259
278
158
358
45
379
152
94
392
212
325
162
258
190
378
286
239
269
384
228
206
347
350
78
147
147
231
382
389
326
335
273
313
137
11
135
320
389
289
395
256
154
378
40
47
387
316
378
138
70
380
269
19
334
229
184
356
150
360
399
12
246
76
22
200
225
239
162
108
123
58
302
191
219
355
136
174
273
87
35
273
234
106
227
91
378
131
72
286
130
10
389
117
358
145
383
0
204
277
278
162
103
390
246
146
3
284
277
219
299
14
399
147
294
385
61
355
158
192
297
71
96
109
272
114
290
20
75
195
67
347
183
109
208
338
328
142
196
202
52
273
98
281
102
120
87
307
372
257
236
83
285
199
330
102
265
302
89
335
286
270
26
257
363
302
148
377
368
214
275
281
362
43
376
58
239
0
60
115
193
252
142
70
261
154
103
33
297
124
223
177
73
358
99
258
265
199
362
50
177
285
0
278
385
276
118
207
395
376
396
240
76
108
385
370
155
379
352
185
22
58
329
129
390
148
254
40
391
188
291
106
169
157
373
361
245
76
5
46
299
310
384
120
73
295
87
202
335
8
382
168
399
180
138
96
156
258
388
334
186
395
231
112
272
148
229
337
385
233
317
103
195
278
269
16
137
223
189
137
112
165
92
198
147
192
147
272
228
9
103
234
214
322
285
385
21
100
53
0
10
214
14
351
227
158
172
342
149
398
201
74
73
301
206
318
373
174
398
176
115
260
289
242
36
68
379
64
241
239
48
387
368
184
19
40
157
108
378
99
373
53
183
106
80
77
310
295
92
188
160
184
168
53
364
391
399
300
280
113
76
296
166
239
361
92
395
255
49
298
277
380
310
398
226
113
361
201
276
5
115
129
355
382
265
255
374
22
43
28
7
73
121
7
55
102
349
311
69
35
371
89
81
398
334
209
105
285
59
82
243
314
19
329
342
394
172
37
211
102
0
188
291
131
361
395
62
327
395
293
106
322
163
16
16
170
192
72
297
10
387
15
109
71
224
120
163
206
85
171
145
391
28
115
209
25
235
282
254
83
69
222
252
102
47
391
150
158
351
281
163
282
229
276
332
226
266
335
64
273
377
301
108
158
394
396
338
323
109
99
72
99
236
229
342
76
285
376
28
49
328
341
80
134
127
47
146
53
328
40
68
7
178
245
130
295
180
301
44
399
161
250
361
233
163
74
39
128
327
156
196
285
194
177
87
3
273
366
148
272
122
2
270
310
90
196
182
340
361
332
334
311
269
85
22
129
229
278
170
337
261
351
210
228
211
75
278
39
57
387
285
243
383
316
103
3
389
249
83
295
385
365
174
387
4
331
138
191
399
345
247
340
70
221
121
137
203
158
243
214
120
326
206
100
154
295
235
227
113
397
249
286
179
277
61
331
329
199
174
229
199
382
77
42
380
257
244
131
310
334
273
199
186
211
223
10
139
145
338
250
201
325
119
326
380
9
170
17
258
100
117
255
58
199
370
149
126
48
290
175
94
358
38
112
118
155
335
109
16
59
299
392
168
299
271
138
354
227
236
44
88
263
234
295
361
195
232
345
23
276
255
70
293
217
316
40
137
69
227
223
373
307
37
277
83
219
138
148
53
152
163
169
87
362
90
356
376
268
178
339
232
320
252
363
320
132
79
327
234
379
199
335
122
340
303
52
339
350
157
355
197
10
100
90
270
147
219
334
327
155
118
253
276
53
335
302
212
148
71
116
247
164
258
310
33
207
99
144
177
9
227
389
99
67
172
362
360
261
109
276
112
256
206
243
396
347
217
162
3
69
51
358
33
319
244
103
273
135
290
370
368
376
73
68
12
249
382
163
380
193
302
2
173
272
161
48
86
393
114
223
112
313
385
238
206
269
157
258
234
173
45
58
368
262
200
300
283
46
399
281
50
329
28
281
349
55
170
264
105
357
79
286
273
2
255
387
310
322
76
341
44
175
231
99
396
94
276
339
22
157
237
210
127
22
389
350
179
108
117
71
292
167
347
388
63
323
0
379
314
272
65
346
169
298
299
313
354
288
11
380
242
373
201
189
36
127
24
223
302
332
101
68
112
327
206
365
124
278
125
1
337
325
215
227
191
133
143
35
311
103
345
218
286
227
62
392
39
31
49
295
371
39
229
389
82
311
170
10
130
301
174
124
263
51
141
351
273
97
273
138
0
196
44
126
318
50
237
88
334
334
232
335
188
44
395
22
51
104
281
142
362
40
53
360
173
229
319
220
102
266
205
90
115
195
164
84
66
201
202
185
129
160
363
146
16
394
112
356
21
151
7
283
133
179
317
162
259
325
217
228
384
315
51
233
376
399
202
327
21
339
263
199
376
374
120
372
48
335
19
2
318
181
186
92
2
279
299
5
135
201
301
314
55
301
279
96
332
24
251
290
255
266
393
213
218
349
373
188
115
170
336
250
111
8
314
61
251
352
363
333
145
173
299
57
67
245
393
233
163
286
103
398
45
154
285
293
46
49
160
217
74
392
321
34
152
185
257
396
48
398
191
123
32
21
109
45
387
92
21
35
4
395
173
16
347
81
223
385
199
297
300
90
223
142
261
132
87
245
361
397
259
342
172
305
22
382
44
103
160
250
300
352
229
186
58
178
94
84
391
282
121
157
306
112
138
37
243
309
219
380
27
147
277
63
396
19
52
258
103
214
336
279
185
92
296
70
4
327
191
395
240
114
73
350
111
331
368
95
169
45
95
107
391
8
277
290
204
374
95
89
46
29
64
87
383
338
290
227
114
324
123
186
114
33
58
28
363
46
358
10
30
301
389
147
40
110
275
381
390
16
278
1
211
15
331
218
390
87
157
327
236
158
3
267
318
196
382
14
171
234
183
169
86
320
380
144
85
303
386
111
291
145
370
226
149
131
227
378
252
337
310
318
254
109
115
290
53
284
72
80
297
184
8
269
115
335
31
289
327
98
133
196
314
52
303
147
271
354
92
253
285
106
138
366
280
281
377
273
47
290
55
253
338
360
254
73
368
63
71
346
318
99
205
17
314
67
221
2
59
195
357
332
317
143
395
165
194
391
385
89
280
31
140
335
321
232
31
305
253
102
275
384
73
374
226
133
185
209
163
113
373
38
152
120
189
393
125
131
180
202
11
8
227
188
246
254
47
145
298
380
314
231
391
233
288
36
73
319
31
361
15
253
195
376
106
88
39
126
84
305
391
33
152
259
299
2
384
173
228
328
280
76
373
50
55
179
188
78
298
241
105
125
302
328
399
221
140
273
174
31
168
291
9
109
72
147
334
353
166
45
384
396
344
5
59
95
255
382
199
188
398
205
235
280
399
377
276
247
158
200
188
73
310
392
354
60
237
297
340
392
93
27
191
8
318
4
345
225
45
297
16
29
110
290
131
71
177
384
159
16
15
228
161
107
292
376
225
232
1
280
40
183
370
209
359
157
392
33
367
86
165
177
379
12
107
334
45
276
117
33
7
194
250
219
216
34
9
105
158
39
182
4
229
291
307
281
151
92
35
393
39
92
28
212
317
53
61
266
375
379
384
28
391
193
118
35
189
127
7
119
256
396
44
346
391
28
195
137
147
318
99
206
69
72
37
94
378
228
155
200
223
145
366
157
399
79
16
384
358
39
125
366
5
112
259
313
145
137
8
347
109
319
367
237
384
246
294
279
211
355
25
70
120
317
324
9
322
283
278
11
290
143
312
371
368
163
351
378
250
258
331
337
299
274
306
29
252
55
21
87
188
93
129
227
42
86
60
290
392
19
248
209
10
389
58
22
46
18
137
234
9
201
0
15
253
334
145
295
394
243
96
177
315
182
68
45
52
92
318
145
305
276
209
61
253
242
25
32
361
189
151
196
365
385
123
143
11
124
199
279
374
355
277
217
32
354
318
279
47
305
346
298
384
337
37
313
301
198
186
44
227
257
370
27
337
305
159
388
3
143
0
396
266
196
388
359
89
317
167
336
384
296
177
317
97
16
73
361
45
297
386
53
339
332
89
226
328
266
9
380
261
381
76
100
2
378
350
186
101
393
287
330
66
383
84
237
310
192
302
326
64
157
98
112
376
109
266
71
158
121
305
385
215
383
258
67
279
396
299
354
192
384
263
282
235
382
178
104
299
208
255
102
31
237
347
32
89
155
207
144
339
240
269
356
294
319
161
58
37
221
196
245
248
40
273
321
189
73
287
247
45
234
129
380
56
46
142
272
204
31
36
384
344
125
393
155
282
231
224
395
105
109
150
174
263
205
13
146
112
31
76
393
42
382
160
393
374
103
80
313
397
249
51
273
385
396
227
251
363
157
269
83
88
329
14
387
78
161
296
385
338
234
338
0
233
361
366
6
367
302
260
199
235
217
235
110
84
354
392
346
320
120
113
247
39
311
363
145
290
169
227
235
206
291
348
191
95
359
206
84
177
92
9
315
107
363
97
31
73
42
301
331
342
391
361
107
308
36
399
246
290
320
305
186
76
339
232
399
384
31
82
276
131
334
73
102
314
96
230
273
27
347
120
312
92
361
317
19
171
108
31
151
231
276
109
345
143
132
337
112
257
73
142
115
354
311
292
358
320
245
132
186
229
84
368
272
348
44
116
161
214
146
242
282
107
397
256
317
89
132
258
154
302
249
261
147
217
192
10
138
59
139
363
192
226
145
241
194
85
109
275
131
125
302
395
373
362
79
158
354
49
377
242
389
328
396
80
375
203
231
110
115
147
245
67
25
384
186
162
242
310
380
301
223
311
398
169
0
387
333
370
271
76
311
325
49
223
178
22
297
11
290
293
189
384
282
237
335
170
310
136
393
351
0
389
83
215
223
257
50
44
41
112
180
286
260
201
342
99
275
377
247
285
272
363
187
64
9
184
32
121
61
183
70
357
299
297
328
89
225
279
269
316
2
40
97
348
352
361
11
368
374
188
197
377
53
97
395
167
188
317
7
233
299
281
41
285
129
158
257
281
59
22
276
132
192
337
203
306
4
325
302
14
253
2
383
242
307
315
58
326
171
265
64
310
115
372
293
118
329
220
258
381
89
392
287
220
178
230
261
86
121
269
51
161
89
311
199
256
258
172
314
342
140
28
258
7
201
261
387
106
155
138
257
231
282
255
188
59
6
233
293
175
249
99
189
285
312
224
369
168
363
108
137
138
154
73
196
44
94
310
213
394
176
397
315
396
223
140
396
113
33
200
132
235
83
96
315
259
217
2
395
395
246
17
228
67
331
382
366
227
398
137
301
303
48
242
269
73
238
133
165
273
101
274
169
61
230
378
317
185
311
105
21
265
214
370
81
360
158
33
285
278
352
308
291
5
384
301
133
343
311
287
393
91
313
294
2
392
80
313
158
65
84
395
399
46
243
347
328
321
265
37
96
297
67
158
363
123
223
105
7
48
271
147
375
71
334
19
172
56
94
224
56
214
119
391
286
285
155
223
250
116
301
356
310
290
273
382
222
384
31
285
191
154
399
201
383
147
36
396
361
40
138
228
83
273
212
37
285
385
363
120
201
399
271
215
328
319
368
391
109
338
195
300
63
295
123
65
169
69
187
7
399
189
0
9
310
362
337
118
246
382
181
89
349
43
142
336
242
301
157
35
137
92
93
189
154
52
366
227
85
237
160
117
247
40
301
231
24
322
385
378
161
145
99
9
95
85
198
366
157
377
96
68
270
231
258
17
250
129
66
211
334
36
369
366
76
16
300
53
10
251
114
278
17
5
306
361
238
127
272
245
45
392
103
52
288
31
115
368
10
275
204
216
0
249
43
250
238
279
48
315
304
301
309
126
322
188
249
17
374
259
78
45
233
7
25
189
380
164
199
18
327
384
132
346
74
189
136
8
201
158
124
204
222
107
107
68
0
74
178
82
313
258
109
214
259
0
222
38
83
17
157
199
163
365
317
151
381
345
160
280
201
144
206
102
6
300
276
53
272
233
229
381
110
287
4
232
387
306
3
393
79
385
153
391
270
73
228
266
42
188
173
294
249
152
363
252
397
386
227
234
252
94
2
328
346
141
101
174
112
27
313
241
382
128
71
14
36
380
287
114
146
12
302
328
90
226
61
240
240
164
17
308
250
211
188
260
235
243
92
118
249
112
42
75
109
373
107
19
377
296
364
242
224
275
316
338
86
172
263
22
378
395
396
115
83
102
366
315
375
100
273
385
114
120
298
234
48
261
195
35
279
178
200
126
357
346
166
370
264
102
138
23
255
380
342
102
319
255
272
65
145
364
118
84
112
342
209
385
158
380
264
131
250
45
141
250
387
166
177
289
25
368
33
361
99
99
181
50
222
188
333
78
296
308
93
158
190
393
286
76
93
362
240
101
13
51
43
290
367
218
327
33
247
236
215
277
83
237
219
263
28
332
76
203
354
309
24
280
373
104
159
120
234
366
354
228
14
73
10
344
51
374
302
385
285
72
353
209
301
273
214
382
27
190
101
332
283
49
48
163
302
166
335
241
372
355
380
108
90
74
74
157
350
92
229
127
195
84
10
200
261
247
236
105
223
297
195
276
351
140
352
157
69
46
398
395
367
277
197
64
88
283
175
336
382
384
50
76
397
127
234
83
210
216
86
395
170
137
344
223
71
200
398
84
222
194
63
382
339
361
91
398
95
253
385
7
256
254
126
378
298
342
110
328
287
369
398
78
16
201
311
132
383
126
65
76
370
366
231
243
388
266
195
188
121
232
196
88
174
319
348
397
366
258
264
192
99
89
95
369
233
145
177
272
175
192
234
231
233
259
370
320
337
308
297
254
248
362
217
365
212
163
217
49
53
276
158
109
207
18
85
295
115
149
115
307
327
43
271
227
201
298
262
243
176
142
71
175
39
296
204
321
177
199
335
145
336
316
143
221
145
158
14
338
221
340
258
254
357
278
121
79
145
217
59
278
257
95
122
120
226
350
41
278
228
335
72
272
223
345
53
28
286
369
399
8
10
375
73
42
204
133
232
99
287
16
377
372
159
89
14
113
188
69
332
347
30
68
188
266
124
312
120
231
287
177
338
192
63
21
319
229
55
43
144
20
346
381
105
286
311
250
30
201
264
171
136
393
288
81
23
289
100
184
176
356
33
185
216
242
87
136
331
35
19
250
322
168
0
250
59
323
253
331
339
189
312
4
206
68
376
380
42
358
148
123
85
274
2
381
298
347
192
9
285
231
199
247
148
310
318
353
69
45
245
162
44
290
7
229
173
125
366
86
171
218
243
173
335
313
197
258
166
316
318
169
258
259
320
36
281
281
174
384
162
86
318
196
172
301
93
56
389
94
288
166
163
393
364
263
274
395
169
344
382
244
102
95
377
339
278
219
279
111
144
311
200
276
310
16
278
170
59
257
338
188
231
228
371
252
39
228
361
318
269
190
286
10
148
174
39
109
362
3
361
204
278
374
335
393
318
324
301
89
278
118
186
189
58
237
243
282
196
106
15
241
189
127
302
354
99
275
374
158
105
86
155
313
43
355
355
149
132
308
45
53
145
242
184
277
84
287
85
54
170
160
15
204
108
388
127
141
234
99
150
223
45
299
158
96
340
124
366
256
9
227
108
126
142
72
366
46
207
360
227
299
300
160
145
321
9
33
129
347
73
370
7
199
246
285
374
172
154
197
24
231
240
395
58
243
382
28
22
16
39
210
165
99
275
137
353
344
65
51
166
246
93
81
191
29
158
362
155
50
390
202
126
232
102
254
318
195
292
348
243
18
191
278
9
127
295
346
20
91
231
393
278
71
392
314
227
44
63
186
359
108
314
376
363
26
351
192
148
298
95
220
311
175
177
71
232
110
309
221
159
321
236
315
158
63
102
262
11
397
283
376
303
298
328
351
69
364
346
83
143
250
201
200
54
0
25
66
174
108
381
53
71
276
46
290
45
35
30
331
69
290
351
42
50
30
157
257
94
252
40
57
185
16
382
378
250
118
146
49
189
89
95
178
194
377
234
99
267
94
318
212
18
163
351
43
20
237
373
233
188
46
281
175
395
85
150
115
231
256
287
237
2
209
169
155
76
35
151
33
30
384
267
297
390
344
12
290
253
29
202
285
365
363
20
117
157
204
3
105
272
195
247
120
16
204
72
280
163
31
308
55
15
191
125
73
58
16
169
54
160
144
383
374
81
210
158
336
234
157
258
298
42
285
178
64
127
129
363
4
297
260
37
277
76
99
382
176
31
103
53
258
173
115
185
126
378
174
355
156
349
344
85
272
28
93
312
102
134
31
375
290
368
209
19
130
204
215
324
204
298
273
31
347
285
349
143
143
76
227
84
335
274
203
386
372
234
5
393
77
10
16
398
210
3
316
348
218
348
351
124
362
157
195
191
390
128
321
376
231
35
112
2
6
351
58
384
120
138
302
46
73
196
247
300
30
100
341
366
199
47
106
17
218
167
187
58
287
71
382
239
71
217
118
231
4
20
70
354
186
325
110
199
152
49
44
60
226
336
138
221
363
265
191
273
45
14
195
51
192
61
242
378
235
11
26
321
328
391
375
272
155
146
169
155
171
14
155
53
199
210
147
170
335
300
325
356
48
217
235
338
234
22
308
106
22
376
354
155
388
111
107
45
327
95
104
270
145
110
302
253
84
308
54
311
59
365
26
277
162
50
105
190
181
101
377
122
296
154
327
41
374
152
73
299
116
126
385
111
262
280
123
336
316
330
388
16
230
152
223
102
234
149
196
192
215
46
328
347
399
8
19
363
148
294
184
168
33
145
7
307
234
286
291
25
310
45
13
90
223
331
238
266
384
286
61
186
311
101
358
157
0
19
361
56
175
387
334
120
134
85
322
171
84
389
277
377
351
28
231
374
38
278
107
18
26
327
219
31
216
366
272
272
231
4
278
239
201
6
217
375
114
387
170
147
294
155
283
391
67
188
349
157
281
10
204
177
276
217
363
285
25
173
331
227
147
175
8
182
109
329
174
354
255
173
363
95
299
196
5
335
95
355
169
169
297
387
155
76
374
252
313
19
10
74
138
29
168
108
146
93
107
236
248
126
358
198
396
122
384
20
155
236
168
278
62
84
356
221
254
255
18
313
359
255
276
365
42
362
134
201
344
80
255
66
281
396
235
168
13
363
47
383
23
274
91
19
209
311
317
214
331
245
309
375
352
283
276
276
49
351
361
138
255
384
97
395
102
360
42
172
204
51
321
8
362
257
293
112
174
78
360
387
337
258
205
103
44
158
72
56
123
40
40
126
349
196
296
50
229
205
148
221
290
338
344
277
179
281
16
260
157
290
389
273
199
300
137
168
353
148
57
222
301
137
280
258
303
278
322
55
226
229
243
223
107
86
1
262
286
200
382
31
369
36
60
258
374
147
204
294
331
116
69
234
317
118
117
102
8
26
230
357
99
322
84
143
319
163
313
165
8
351
214
231
54
69
382
337
242
31
35
294
391
199
348
81
110
163
108
38
124
383
373
344
173
8
44
297
308
105
136
137
303
207
121
357
276
48
378
348
279
253
94
256
199
382
224
125
148
217
45
185
278
51
249
276
48
60
349
361
322
126
130
285
253
217
126
339
153
197
245
12
157
285
374
109
278
338
271
30
386
234
263
334
327
196
231
95
159
23
268
103
222
367
131
191
163
376
168
236
252
276
374
145
300
241
36
398
160
261
320
206
237
19
188
33
9
259
267
290
202
370
277
388
13
116
174
155
361
147
141
112
143
138
296
240
6
396
223
374
31
133
272
206
231
243
347
307
354
95
175
127
2
210
399
342
287
157
188
73
347
126
191
376
46
96
363
228
233
212
124
239
223
79
17
259
123
360
97
25
273
255
103
334
55
112
153
63
148
48
273
261
157
386
281
249
264
106
114
51
45
173
333
204
372
175
133
72
256
237
334
233
337
216
147
320
379
288
321
262
298
101
312
306
114
122
302
20
392
82
255
41
74
148
46
223
280
103
142
97
395
76
90
374
277
160
278
61
130
66
392
321
308
185
159
384
316
14
392
68
129
255
275
346
122
298
55
31
353
391
376
267
218
138
399
192
285
216
33
157
361
38
344
287
12
84
287
19
148
296
27
48
74
277
378
191
379
92
72
42
303
100
40
203
130
169
98
185
236
378
110
51
304
356
252
320
227
235
361
116
130
389
137
155
224
11
100
226
169
280
355
209
204
257
335
54
367
395
175
250
306
272
206
355
290
299
313
163
55
42
388
311
371
190
48
16
110
135
308
297
5
236
30
391
3
380
51
269
42
268
229
267
319
8
124
268
374
226
354
210
148
127
115
81
39
2
205
298
387
266
91
60
182
39
375
83
35
283
243
189
207
246
310
96
370
350
19
219
227
267
347
175
42
269
4
208
25
123
223
232
285
208
307
364
184
274
278
242
99
181
270
94
161
76
213
37
378
3
46
28
121
273
302
147
370
85
296
243
286
353
115
311
244
191
249
351
69
127
258
192
313
370
86
246
32
318
238
354
359
42
5
128
121
15
376
96
397
75
340
126
288
0
123
394
292
394
87
280
29
242
275
301
166
385
200
133
351
216
253
102
127
293
302
172
249
98
252
142
327
273
69
135
115
58
365
314
392
381
59
64
149
295
10
86
218
76
271
235
58
19
338
48
89
29
177
0
310
42
165
4
387
247
20
291
255
321
53
273
253
310
217
368
343
334
4
361
243
250
229
363
217
383
93
281
141
80
14
61
69
340
47
120
254
382
227
141
0
357
103
385
186
359
67
142
156
96
346
10
45
370
354
367
82
258
144
395
137
7
68
294
159
343
269
45
105
142
49
310
126
48
258
142
191
13
125
184
143
179
237
196
234
192
318
127
313
210
231
380
189
387
67
31
2
328
161
277
302
373
51
253
102
224
120
394
7
145
154
200
292
106
79
304
374
254
50
384
258
255
39
253
255
283
275
148
398
370
213
335
342
188
281
163
52
145
9
73
311
239
301
248
15
274
391
55
380
234
177
342
99
126
99
269
119
257
308
317
287
351
8
89
37
334
43
276
103
260
327
279
25
163
0
211
287
42
388
187
314
4
378
179
101
143
318
261
276
352
140
109
71
327
76
46
43
287
209
8
13
16
384
78
337
370
340
97
378
171
307
36
10
113
29
114
334
369
109
195
250
307
105
37
255
353
373
207
354
310
285
356
121
275
182
133
97
55
287
15
388
363
177
176
253
177
389
13
395
243
223
261
124
353
373
196
149
84
33
168
392
184
193
58
155
352
44
44
99
367
250
158
252
150
32
281
261
168
239
11
42
382
249
328
205
304
112
331
7
276
24
76
223
103
207
311
17
320
143
42
210
148
39
395
130
160
295
2
81
335
310
169
311
243
396
112
158
391
189
77
275
148
284
219
395
179
297
185
294
33
243
25
373
351
336
342
302
263
387
301
191
361
39
276
95
267
271
48
389
124
388
229
222
100
26
38
83
313
255
77
231
227
212
169
8
310
286
158
394
385
301
384
42
105
329
351
314
240
6
376
263
354
199
247
187
351
227
269
245
176
210
123
226
70
22
139
300
147
334
370
396
392
239
25
216
32
304
12
68
276
109
269
274
141
117
289
148
335
203
354
160
189
234
172
350
235
249
345
249
217
19
307
296
61
277
169
259
43
18
2
206
158
272
6
393
327
259
119
128
131
396
19
385
328
61
185
179
304
73
144
98
320
42
6
227
383
191
278
340
76
264
75
261
264
61
377
58
111
50
270
269
361
16
354
243
6
327
23
379
153
286
368
41
318
94
118
217
192
333
99
310
355
290
189
201
276
46
358
28
185
51
313
54
228
229
38
154
31
94
143
103
38
142
226
299
285
257
317
373
217
54
385
353
290
309
191
252
287
130
150
351
145
278
23
94
154
91
194
2
264
378
188
259
201
274
58
370
226
351
75
223
76
7
268
207
64
55
314
385
175
391
142
243
393
241
242
188
210
361
373
275
97
356
241
103
257
159
315
234
114
320
337
27
196
309
46
163
277
131
387
282
367
380
335
120
310
73
362
311
138
217
186
186
375
169
76
230
250
336
309
46
58
330
55
299
370
376
310
0
311
70
26
50
49
346
25
96
58
55
106
177
351
349
177
397
133
279
301
158
127
378
81
45
219
247
61
49
185
377
175
378
338
260
105
86
235
92
363
71
43
253
298
395
385
85
318
388
18
297
131
343
77
309
54
204
182
243
187
138
267
105
95
346
116
384
177
132
110
113
132
249
21
319
290
142
94
7
103
204
229
151
130
70
148
46
255
299
94
392
235
177
206
115
16
378
349
234
42
160
198
308
338
280
195
10
265
258
145
247
231
45
160
180
287
325
108
255
138
269
49
69
120
232
378
107
170
374
105
332
217
127
8
306
331
155
59
10
31
220
194
194
242
47
297
277
74
374
74
324
19
232
126
107
321
133
191
201
314
279
6
210
321
138
287
8
319
276
1
285
339
232
346
335
151
93
333
269
146
204
54
373
390
156
96
142
71
391
209
123
313
328
199
286
229
249
19
294
273
359
250
302
311
376
179
71
174
376
351
258
50
311
314
202
178
10
137
44
287
42
223
99
31
84
104
309
71
373
251
224
90
265
42
363
76
292
10
366
7
354
325
231
84
384
284
274
44
358
347
308
163
167
188
237
160
164
311
176
229
259
278
300
386
217
46
249
248
93
379
74
46
102
360
267
38
380
174
334
148
163
208
338
266
216
61
69
297
1
84
145
195
61
131
2
85
7
42
365
190
60
210
269
362
15
85
160
41
301
269
196
71
394
156
4
25
246
188
271
18
122
373
332
223
201
24
46
92
380
187
366
295
388
254
216
349
8
71
296
204
274
255
362
63
366
208
7
57
198
366
154
156
319
302
217
280
145
7
173
189
290
351
142
29
261
92
249
89
28
108
289
184
213
378
8
88
206
313
337
307
399
16
377
19
72
0
134
287
8
393
86
382
189
269
366
145
263
191
276
274
61
199
271
92
55
201
274
145
47
105
39
388
374
157
76
218
112
76
229
58
282
307
157
158
385
317
288
342
227
242
146
230
385
303
95
204
320
347
332
177
108
201
86
40
240
272
285
286
217
53
337
69
295
337
397
16
118
42
366
126
230
53
6
124
115
6
387
186
374
212
79
235
94
269
52
325
203
322
205
343
93
249
16
242
84
100
28
285
334
13
370
123
12
31
161
6
83
67
196
284
65
318
229
341
360
227
16
96
101
332
390
15
338
235
247
339
244
109
364
24
146
147
353
338
115
19
83
230
163
302
33
73
105
205
284
326
185
257
372
180
73
55
171
352
249
63
307
212
124
216
74
322
143
368
314
337
338
201
190
343
219
166
178
0
6
199
83
339
242
102
354
58
290
6
127
370
319
157
150
262
248
280
251
338
34
94
334
223
293
383
216
94
301
228
115
338
204
321
192
374
328
123
290
299
339
214
33
257
195
308
148
93
127
131
142
259
45
53
28
397
224
375
208
395
351
353
193
260
226
240
214
170
354
95
209
318
65
259
255
194
28
204
64
353
52
25
233
257
58
186
398
323
302
173
88
125
7
299
34
391
176
377
203
142
349
56
49
265
264
90
115
73
189
130
376
48
265
338
93
6
314
398
354
162
145
123
190
19
330
51
314
108
132
157
84
354
81
81
262
118
259
176
161
338
16
208
46
17
257
302
169
179
7
66
227
133
394
338
293
329
351
28
209
273
311
242
369
337
63
255
188
325
299
36
297
250
267
195
84
354
370
95
117
366
343
61
28
363
69
73
272
203
366
61
312
83
285
114
58
119
358
7
377
329
285
234
91
20
185
92
396
38
159
255
9
153
310
258
177
394
40
313
317
135
105
265
113
287
137
362
154
363
159
287
196
276
393
167
397
200
163
391
390
253
310
374
219
191
136
354
269
262
327
275
68
318
155
383
325
169
257
351
224
64
281
363
0
83
277
231
174
97
143
108
264
78
127
303
250
123
318
277
77
119
363
34
250
231
290
328
374
393
337
115
279
25
48
340
145
163
219
283
354
73
141
346
93
209
45
395
374
186
153
130
285
385
388
40
366
287
120
187
87
33
118
378
77
209
89
158
12
24
335
353
168
196
69
49
301
228
165
210
13
380
351
26
15
115
107
81
182
46
184
22
300
195
114
45
254
145
1
196
192
155
32
183
76
275
65
133
120
334
188
27
287
384
248
311
377
186
200
351
380
102
310
41
73
392
66
124
171
201
307
182
127
259
97
148
69
303
303
198
375
279
73
42
243
392
351
168
52
217
273
112
61
223
188
30
277
360
171
160
338
123
75
297
312
75
252
161
146
359
371
219
161
199
375
50
377
189
297
42
355
11
310
378
123
126
21
277
283
170
342
347
298
158
137
195
201
46
41
28
384
179
235
315
297
39
304
27
106
35
234
19
121
192
353
231
282
53
183
254
185
358
241
390
83
34
256
254
227
340
302
120
232
134
363
181
322
183
363
67
93
251
56
382
101
66
129
111
175
59
263
325
258
385
137
25
148
94
38
27
214
327
4
25
172
199
12
26
74
169
122
307
153
398
325
286
350
264
273
88
177
201
158
218
209
188
240
256
21
312
289
111
177
233
136
350
299
353
5
398
48
48
228
149
128
344
180
296
368
192
268
177
386
68
39
9
55
112
105
244
233
398
292
158
288
214
10
72
160
55
63
356
381
236
89
182
319
128
351
14
276
102
361
1
195
228
210
345
247
353
242
88
160
382
25
299
332
104
271
275
55
240
336
49
85
148
25
152
363
222
226
31
47
285
295
148
382
56
237
376
246
23
150
208
295
292
282
7
260
302
382
213
58
110
192
217
103
161
196
51
268
135
189
319
65
73
185
328
44
318
299
76
182
300
84
275
107
204
94
38
259
99
21
142
64
209
231
140
136
2
311
355
177
214
72
363
72
313
230
273
177
306
253
130
378
196
189
395
127
253
340
318
345
39
361
106
25
137
299
31
391
387
320
299
291
253
223
92
310
335
191
18
332
201
150
200
49
383
149
327
343
301
186
0
184
243
255
281
31
204
217
240
49
105
242
382
346
157
126
261
270
275
302
110
151
370
180
102
196
290
235
142
156
327
392
361
148
374
186
253
351
294
268
123
199
352
209
229
146
399
272
388
375
186
10
158
156
50
346
175
76
51
0
291
20
73
398
140
199
219
295
193
48
257
304
103
398
162
252
337
354
50
253
285
48
269
381
165
367
229
307
228
91
364
361
238
257
97
202
227
285
127
43
231
185
266
0
176
7
262
249
73
35
373
217
169
258
164
110
359
76
327
92
310
228
205
36
45
241
158
120
284
95
198
44
73
303
188
46
220
145
385
106
87
181
169
213
392
118
296
76
197
4
315
195
220
376
105
352
9
366
249
55
285
215
145
173
101
73
352
241
300
302
300
157
121
147
208
177
297
314
191
145
342
382
31
310
17
6
340
72
205
155
71
126
358
161
78
150
307
121
188
139
207
84
179
301
45
2
130
398
88
103
314
396
42
334
201
332
302
55
239
45
261
235
256
124
201
61
142
135
296
334
380
286
107
92
243
314
374
145
44
328
75
310
170
227
38
290
259
262
337
161
134
70
169
365
44
337
106
84
0
158
16
239
288
269
106
233
295
259
142
384
308
360
188
104
148
266
376
31
249
133
399
161
188
242
330
60
48
157
255
113
208
63
377
252
42
135
192
80
366
138
162
44
242
34
388
346
106
310
124
358
395
187
332
57
139
162
297
263
8
341
204
147
382
63
261
193
130
103
378
129
279
388
2
45
1
297
51
85
357
191
59
36
255
177
158
228
57
107
84
276
353
118
42
204
389
146
349
42
66
177
26
327
336
100
157
391
346
156
108
160
123
242
358
354
354
307
229
311
243
177
181
234
339
333
196
191
374
297
344
216
226
105
10
209
253
296
313
169
103
342
396
149
87
58
378
168
335
46
387
148
193
84
332
374
55
109
314
122
277
354
25
154
35
22
64
38
61
318
195
340
68
69
33
196
104
168
170
365
130
269
286
168
49
42
233
263
109
98
300
68
287
366
76
69
364
43
307
376
228
110
311
35
158
356
37
380
316
333
18
133
397
349
195
250
273
209
235
290
276
276
225
301
186
212
33
56
144
86
325
45
281
291
180
44
247
121
191
202
147
335
163
125
201
221
141
69
162
85
9
376
191
158
30
126
357
399
107
125
65
96
154
269
318
277
361
99
302
330
5
384
85
17
363
213
230
102
261
272
78
353
290
380
278
54
315
154
112
31
336
123
153
115
398
398
211
219
311
180
188
54
4
210
217
199
227
391
366
64
371
45
35
206
160
50
125
336
44
19
70
172
120
83
168
201
88
81
39
80
364
381
335
0
129
293
63
8
193
361
311
202
154
263
83
17
377
257
250
39
390
59
48
31
339
99
10
169
229
391
45
227
362
294
363
42
50
1
172
148
104
276
34
162
186
366
366
87
72
396
217
176
300
192
178
396
277
101
218
71
278
33
113
200
227
4
93
318
394
59
374
185
87
52
335
200
52
198
158
390
157
348
377
272
98
344
253
294
113
99
96
258
191
287
379
293
12
63
145
303
253
304
349
137
76
50
391
183
145
124
55
265
177
328
14
95
74
37
116
234
244
365
358
309
384
122
80
351
130
388
320
269
263
36
55
268
150
374
383
370
36
37
28
276
386
218
177
334
307
16
219
142
279
112
202
307
310
16
276
234
9
3
272
102
255
32
205
286
303
337
223
264
253
216
378
137
286
250
283
14
348
27
325
204
124
258
128
199
0
194
351
387
255
101
145
123
399
198
95
31
299
370
22
22
346
56
12
126
102
346
228
160
49
99
364
321
204
16
321
74
120
246
231
0
330
159
322
370
31
344
77
124
250
147
169
25
44
28
175
334
214
188
336
115
0
28
101
102
334
163
231
188
300
305
381
252
123
338
172
274
177
325
182
299
238
356
127
357
196
97
65
150
389
222
382
130
273
91
269
46
145
318
2
23
143
40
352
96
47
211
395
31
265
42
211
374
14
102
299
98
317
334
92
71
364
38
157
260
25
233
359
125
359
45
278
57
305
169
361
353
7
163
269
376
73
71
40
236
305
278
396
373
160
138
360
257
393
205
353
84
226
228
218
61
48
279
242
287
216
318
354
191
335
227
363
175
103
58
310
123
297
12
327
127
370
184
333
299
386
44
346
191
55
396
0
186
233
62
301
198
115
397
249
68
351
56
393
366
196
131
246
294
136
102
397
223
63
163
281
112
200
382
360
377
217
46
193
70
229
247
71
337
354
216
109
70
27
297
104
361
380
176
20
360
142
33
360
332
225
331
36
122
58
130
11
376
246
9
340
53
223
63
13
391
157
8
14
271
299
74
276
14
36
118
100
293
8
254
50
49
14
167
119
124
197
223
286
259
388
37
19
337
103
280
52
142
103
394
226
392
273
314
280
382
249
294
206
208
302
327
171
0
327
25
219
188
49
204
252
276
53
175
332
380
377
351
344
373
327
384
323
56
394
113
317
159
130
132
195
360
37
152
184
256
37
10
122
26
159
189
254
170
217
16
112
375
394
300
111
229
9
117
102
7
321
103
199
264
351
398
54
393
217
22
170
224
229
278
113
78
73
103
378
13
134
274
24
22
296
387
157
7
99
171
353
391
280
131
118
176
163
261
148
382
307
300
34
238
295
186
145
360
137
45
243
48
27
169
366
142
273
140
124
137
280
294
131
99
42
398
103
139
2
315
199
160
29
258
373
363
231
339
162
330
45
315
286
255
236
147
187
303
3
84
172
398
184
175
366
105
298
196
155
219
93
102
229
174
222
85
123
296
192
179
272
228
105
265
80
247
318
376
105
210
15
112
393
141
387
228
72
261
16
158
255
387
292
70
399
163
210
103
257
94
266
307
378
308
61
186
110
226
2
192
125
70
0
383
320
264
384
199
313
326
297
313
381
354
53
52
346
102
270
161
179
55
272
174
214
145
141
231
309
111
259
18
78
244
337
224
88
63
53
207
112
385
44
327
311
398
370
332
175
228
152
343
235
393
363
399
47
363
43
313
109
324
333
63
125
398
103
369
15
311
359
31
120
225
238
99
365
301
175
128
137
196
169
184
221
348
151
311
74
18
141
10
223
111
223
5
243
313
212
314
204
380
313
48
135
374
216
108
367
254
219
127
225
353
173
148
170
333
227
194
138
23
93
40
300
71
103
206
307
382
43
354
180
246
273
352
253
310
140
189
45
51
31
306
261
328
5
245
337
112
337
344
44
33
138
202
89
178
59
127
49
315
35
361
253
334
223
8
89
38
397
269
310
246
48
361
307
233
265
85
276
222
377
221
320
221
196
184
313
318
7
311
11
306
354
262
259
226
64
178
96
247
383
302
81
184
1
161
95
152
313
87
210
179
200
173
267
66
125
379
274
272
188
359
314
379
237
261
45
398
189
114
318
157
366
297
322
366
148
58
58
169
301
249
338
317
25
270
44
347
237
201
313
42
374
87
249
112
290
74
370
95
310
374
254
272
279
128
380
249
310
286
270
131
261
275
107
338
190
371
196
114
376
42
125
96
14
361
54
250
392
194
393
344
198
289
313
313
89
300
142
157
227
333
34
120
268
160
19
328
172
121
75
49
44
