0.37227103
00:01:38.99
3243
4931
2060
1788
4423
2049
3395
1388
4121
2302
237
4281
4528
4400
2798
514
2453
33
3693
4120
4400
2558
3441
4931
3803
4924
1019
2470
4962
3395
3857
326
2705
4442
33
2453
1588
1683
4995
357
4121
2401
357
1788
4400
2049
194
2453
2611
33
4494
2658
3395
2470
625
3243
4308
1683
326
2470
2611
4419
3803
3308
3308
4461
2440
237
2611
2286
514
1388
1814
625
2440
725
2035
4650
2060
4931
3803
4597
2611
4411
2422
457
2401
4400
936
471
4995
4924
2409
2089
865
326
3103
4121
2611
237
1814
4931
2453
3243
625
3103
1191
4120
3363
4528
1788
2358
4962
2089
3308
237
865
3342
357
2611
471
1177
237
4571
3217
1683
4400
4120
4411
4528
4931
3363
326
2678
4847
3724
2453
2049
3452
2035
2705
326
2022
2754
2060
4400
2611
1814
2049
4411
4528
4281
4931
2440
865
3660
4121
2409
4960
3452
3217
4145
3803
4597
625
3308
326
3452
4423
4371
4419
357
3724
4281
1191
4571
4400
2302
4962
4931
2440
1656
237
2658
4650
3897
3103
1588
2093
3660
1788
194
2678
2060
1814
4931
194
1191
1788
4600
2022
237
4330
4308
514
2678
1019
1191
4121
4571
3803
625
3441
4308
2611
4962
801
4597
4650
3693
3705
2358
1388
4400
2453
33
725
3217
2401
2453
1814
4597
3803
1019
4308
2035
4281
2798
4419
1992
32
4120
2358
4650
2401
3243
2611
4442
3243
2060
4765
3103
4411
2754
4571
4330
725
3342
2049
4960
2453
357
1814
4442
4281
2611
3395
2611
725
3243
194
2611
4960
4442
4121
2611
4442
4960
457
1019
237
3693
1019
2035
4924
4962
3803
2470
1191
4419
2658
2754
4924
1814
676
4412
3243
3441
2754
2678
1788
3076
1177
2611
1656
1656
4281
2060
357
3803
3803
2678
3076
357
1992
2358
4600
1992
237
4349
1788
1191
2409
1656
1191
4650
4145
4597
1656
3803
2422
2611
4419
326
457
1683
4597
4308
3395
33
2658
1656
2022
1814
3217
4400
2705
4528
237
2705
2611
4411
2409
4442
2022
237
3803
2358
4924
4281
2286
2035
1191
3243
2401
4308
3803
4931
2678
4571
3217
357
4120
2558
4924
725
2678
865
1834
3243
4423
32
2358
2302
2705
4419
514
357
4419
625
2440
2022
4924
3660
2049
1656
1588
4308
4765
357
471
4847
4597
1388
4571
3047
2409
4461
783
4121
514
4847
4995
4461
2049
4962
4992
936
3363
4121
4962
4962
865
783
2611
1177
4650
4120
3803
2022
514
2022
2798
4931
4419
2022
4120
2358
3047
676
3395
4400
3395
3724
4962
3076
2453
1388
2440
1834
4116
4308
4992
1388
1191
514
4121
4528
4494
4992
4442
2089
725
3243
2558
4931
783
4962
2409
3803
865
2453
4650
3391
4411
2060
4419
4600
4650
4308
4931
1834
4571
3342
4419
4419
625
4597
4650
1388
2611
4412
725
4924
1388
4121
3897
1656
4931
3363
2049
3660
625
357
4931
1814
4962
2035
1834
2286
237
625
357
3705
3897
2440
3452
3693
725
3217
4121
2022
4145
4411
4349
1814
2705
4371
4120
4924
3363
4494
801
3391
1588
326
4528
2035
3803
2440
1191
2453
3506
1588
471
4419
2453
4442
4924
4281
514
4121
4924
2409
2754
4600
194
2049
4412
2798
3897
1814
1388
4281
4120
32
3363
801
2658
1656
4400
194
4931
2422
1588
326
4650
4145
1814
2022
2754
4650
33
936
4924
2558
4121
3308
3076
4120
3803
3047
2401
4400
4411
2035
1992
237
865
4330
3803
4992
4121
3724
1788
4847
3803
4962
457
4419
3506
3363
1814
457
4597
2558
4423
2401
3441
32
3308
3308
4650
2611
4962
2705
4597
3803
2060
3897
3363
3803
3803
2409
2302
2049
2022
1656
4400
4992
4650
1683
4571
4400
4308
1941
725
3308
1788
1788
1388
3897
3308
2409
4992
1788
4442
2611
2022
4597
2611
4419
1177
3363
2401
4960
471
457
4461
3660
4995
1656
1788
2453
4308
1588
2558
4528
4281
3660
1788
725
4847
3308
1763
4120
4995
1177
1788
4308
3395
32
3803
4400
1388
1788
4826
1191
4960
2093
2558
357
4281
357
1992
2678
1834
3395
2060
4281
33
2022
3243
3724
194
865
3724
1177
2358
2678
4765
2049
4116
2401
1388
3660
194
3342
194
2470
4412
3395
3217
1388
4826
4992
4371
3308
1191
936
3047
2440
4494
4120
4494
4992
2658
4281
2470
471
4600
32
357
3076
2035
4121
3363
4419
1191
357
725
1941
4120
1588
357
3857
3705
4308
4494
3724
1834
625
2035
3660
3103
4145
2035
4308
4281
4330
2302
4400
1941
2658
4650
4461
2060
2286
3693
3660
3103
2611
326
4924
2022
2060
4308
4962
4600
2302
471
2302
4597
4650
4371
1992
4120
676
3660
3441
1191
2302
2022
3803
2453
2022
625
865
1656
2401
4400
4494
4650
2611
457
4400
4992
676
357
4597
4411
2302
1019
1683
2049
4308
4571
2060
4995
3391
2035
4571
4423
4650
4419
1191
2422
2286
3660
2060
625
1992
865
4962
33
4924
3897
2401
4120
4121
936
2022
3308
2302
3103
237
4960
4412
2358
2453
3897
3243
32
4412
4411
3363
4650
865
357
2093
1814
1656
1788
4120
2754
4826
2089
457
2022
33
4419
725
1992
3391
4281
3076
676
2754
4494
237
237
3897
1191
1177
3363
4400
4442
357
2049
2754
2798
3803
865
1788
4349
3103
1814
4281
4308
4847
1788
4650
4847
33
2453
3308
3660
1834
2611
2060
4962
514
3103
33
3897
4116
4826
3441
4650
4600
2453
3705
801
2705
4121
1588
3076
237
4400
4826
4308
4411
3047
3395
4120
4308
3803
4145
1177
457
4400
4494
3217
4826
1814
783
2798
2022
4116
2611
4308
4960
4442
3217
1788
4442
3395
1941
4847
2035
3803
4650
2440
3452
4442
2678
2440
1834
1683
4600
357
936
4419
2302
3395
2409
3803
4281
3660
4330
3897
4995
2678
3076
3803
865
4308
4400
3047
2678
4121
4600
783
357
4281
4116
2658
2453
625
4924
4121
357
1191
2022
471
4281
3395
4650
4597
4308
4371
4400
4962
4962
3076
725
2453
357
4826
2470
4924
32
1992
4411
2658
2453
3308
2035
4423
4650
1388
4120
1788
4960
2060
457
4121
3857
3047
3391
4121
3342
2678
865
2093
471
4650
2705
2049
4120
326
4528
237
4116
3047
326
2286
3076
4308
4494
4931
4349
4924
2705
1019
4571
4571
4962
1177
3395
4650
4992
4330
4281
4120
2453
3803
3243
4400
2049
1191
4308
2035
2302
2470
2453
33
3395
1191
1388
4461
4528
1814
237
3660
1788
4931
4121
3243
1814
4121
4411
471
1588
4349
625
4419
2302
783
357
4494
4962
4281
357
237
4461
3803
2705
4494
4931
2409
4419
4419
4308
357
1019
471
4145
4847
4419
1941
514
2022
3724
2302
2093
4121
2611
3217
4924
2422
3047
237
2022
194
3803
237
4371
4650
3803
2754
3705
1941
3391
2798
2558
4308
2422
2358
4847
4924
3363
3395
4308
2022
326
4423
625
2401
237
1992
4992
2302
3395
4400
4281
4461
4962
4600
471
2060
457
4121
4650
3243
783
32
783
3076
1019
3395
4931
2798
357
2611
3217
4826
4145
2060
471
4349
3342
3724
4419
4597
4931
625
4371
3857
32
4419
4992
4120
326
3047
471
4400
2798
3803
2302
1788
4419
3391
2358
3660
725
4494
4400
4765
4145
4571
4995
4962
3076
357
2358
4411
4419
237
4411
4308
4597
4960
865
3103
1388
2286
4308
4494
4400
4281
4400
194
4528
237
3660
4281
237
1588
1588
2611
865
471
3342
4494
326
1388
4442
2035
2658
3395
2022
4847
3391
2611
2022
4992
4962
1941
625
4924
1019
3363
2093
514
2060
3660
194
4826
357
2611
4371
2678
1019
3452
2049
3693
4120
3897
4847
3452
4461
4121
4650
2022
1788
3217
2358
1788
4116
3103
3803
1763
2678
4571
3395
4765
3660
3803
4281
4281
3803
2358
936
4992
2611
3395
3363
783
1019
801
3076
2286
1388
4992
4571
3803
3660
3243
3705
2658
4308
4765
4962
4826
2302
2401
4281
2401
4494
4411
2022
3395
2798
3243
4308
357
326
357
2440
2678
4650
1388
4419
3076
2409
3308
1788
865
4650
4308
4145
326
4308
4597
1814
4442
4600
4931
3395
2060
2358
1588
4281
2035
1814
2049
2022
2049
2093
4826
4419
457
4847
3660
3243
3506
4931
676
2453
2678
3395
1992
2453
3441
3705
4411
326
783
2302
1656
4600
4411
4571
3363
4847
4412
3391
783
2358
3857
1992
1191
3243
1588
4400
2060
3047
237
357
2678
3076
4442
2035
2049
2611
2798
4597
1814
4461
4962
3897
194
4597
4423
3217
4308
1019
4121
3803
326
326
2035
2049
326
2453
2440
471
4281
4650
4308
3308
4411
3047
3803
2401
2611
4962
2678
4442
326
3803
3705
33
4924
2022
3724
4847
2453
1788
725
2453
2286
4826
194
4419
4121
4924
1656
4992
2678
4412
4281
3803
2302
1834
2440
32
1814
4924
801
4412
4494
4826
725
4995
1788
4419
3076
4650
783
3705
2453
4494
514
4411
4371
2754
1683
2658
2754
4281
1788
4960
471
4995
514
2658
1788
3803
625
2089
1788
2754
1763
2049
2558
2453
865
4461
4597
3897
4308
4121
2089
3308
2440
2453
2302
2754
1588
936
2358
801
4650
2049
4145
2440
1388
4442
2453
3047
2302
1388
3724
2022
4308
4423
865
514
1683
4400
3506
1788
725
2440
4411
4571
3391
1992
2409
3243
2358
1814
3441
4121
1814
725
801
3897
4121
4121
4419
4962
1788
3308
4931
2302
3308
2060
4120
4847
4528
3506
2658
3076
2558
2035
3363
4960
4992
4120
4528
4308
4120
4116
471
1814
4931
471
4960
1992
1788
4494
1814
2440
2754
237
4597
4442
2089
2754
4650
2558
4847
783
1019
3103
4349
3441
3076
4121
4121
1763
32
326
4442
2798
2798
3342
1019
2453
1388
2022
4419
4650
1814
4962
2358
4400
4962
1834
457
1191
4400
4461
3076
326
1814
2409
4121
4419
4308
3076
1656
2401
4597
936
2453
4600
3660
2302
3724
2409
3660
1814
2302
2060
2022
237
4931
3076
4281
3803
2422
3076
357
4924
4419
33
2022
2422
4121
2754
2453
725
2611
514
4597
3391
3076
2440
4419
4494
1941
1019
4281
4597
1763
4120
357
3803
1683
2558
326
783
4847
2754
2049
3724
4419
1941
4330
237
4411
2302
2358
4281
357
32
4121
2798
625
3363
4411
1588
4847
3103
936
2611
2035
2798
2658
4412
4960
1763
2409
3724
3395
514
1834
3803
4121
2358
3342
1588
32
4120
4400
4411
4924
4571
3395
3395
4281
237
4400
625
4571
4995
936
2678
3363
936
194
237
4330
4423
4281
4442
3441
1191
237
4597
2705
357
2302
4826
4121
514
2060
865
3342
4400
4120
514
3897
4461
4962
2611
1388
2401
4400
4281
2093
4121
625
4528
457
326
2035
4765
4765
4571
3803
936
1177
4571
3506
3217
3363
4571
4600
237
4116
3660
2093
1814
4765
3342
3363
4962
2453
514
32
4308
3803
4650
4121
4400
2658
2035
4992
4419
625
3660
2409
2302
4765
237
3724
4960
1683
32
4650
1177
1788
2658
357
4847
4924
1992
4461
357
3363
194
4995
2022
1177
2658
3441
1763
4308
4349
357
2302
4924
4650
3342
4597
2678
3660
2470
4281
3803
2658
4600
3391
4765
4400
4528
3857
3803
4400
3076
4411
514
326
3243
2705
2401
1177
3363
4419
725
2302
4931
3897
1177
4442
3363
4145
4419
4419
1834
2453
4411
4960
4600
801
2453
326
3363
4120
3363
2705
4931
1388
676
2286
194
2401
1992
1814
2440
357
1814
4847
4120
3103
457
471
357
4423
1191
801
4411
1588
4442
2093
2302
4960
2658
3363
357
3308
1788
4411
2060
4116
2453
4120
357
2705
801
4962
2440
1191
2705
4400
4281
514
801
4419
457
3506
2658
4461
4847
3076
326
1788
3395
1788
471
4600
4600
2089
4992
326
2286
2470
2093
801
3803
2611
3693
4600
4371
1191
2060
1191
3363
4411
4962
1814
1588
4411
4423
2093
4931
2022
2401
4400
326
32
1814
1191
2754
4442
2453
4461
1788
457
3103
4121
2089
4494
2705
2611
1763
3441
1588
3076
2060
2035
4308
2754
1388
471
3308
2022
2705
4400
4960
725
2470
1814
4650
4400
2409
514
326
3363
3506
357
1788
4120
237
4650
4400
3395
457
3506
4924
1992
3363
3217
4120
4121
1814
2302
2049
4308
4765
457
2453
2705
3308
4419
3308
1191
4121
4924
4411
4400
357
2705
4120
2022
4924
4571
4826
326
4371
1019
4308
3857
2705
326
3395
2049
3452
4650
326
4494
4528
4308
1814
33
4924
2286
4924
783
2798
471
4962
4650
4494
2678
4924
4924
4847
2302
2453
2658
3391
725
3047
4120
3391
4120
4826
2286
4442
4419
3693
1788
514
2678
2409
2049
4419
3705
4411
2611
1992
4571
3897
2022
357
4419
801
1388
4494
4120
3363
1683
4371
3803
3308
4765
865
625
2705
2409
2678
4494
4962
2658
4597
2440
3047
4571
4116
3076
3660
1814
4650
1814
4281
2453
3897
1388
2093
326
4528
1588
4931
471
2302
2401
471
4400
4411
2611
4597
865
2358
194
3660
4400
4494
2022
3363
33
4145
4962
3076
237
4765
4120
2035
2611
1814
4960
4120
2705
1814
1656
3076
2611
3363
2611
2302
3363
625
4121
4120
3363
1019
2286
4120
2302
1388
2022
4121
4400
2558
4412
865
4597
2678
326
3103
4281
4924
865
2440
4411
3308
2022
4650
4349
357
4650
1788
1834
2286
3803
2302
3660
725
3705
2302
2401
4121
3857
4461
3705
514
936
3452
4349
3243
3803
4308
4960
2401
4281
2453
1788
4924
4924
2089
4461
4924
4120
1834
4281
357
676
3452
2022
3803
2022
4962
2611
3660
2022
1788
3506
3506
1788
4600
4528
3076
2754
2022
4924
3441
4330
2022
4461
4412
2302
3452
1788
725
725
2658
2093
4308
725
3076
1814
237
3506
2440
4442
4120
1656
1656
2453
2302
4931
3660
2658
3243
4826
3308
3395
4528
2302
471
3452
326
514
3395
2302
4400
4308
32
2286
3441
4442
4461
1992
4847
3724
3660
1588
4924
801
4442
2302
32
3391
4600
326
4924
1588
4597
3391
3047
33
4650
1388
4931
4411
3243
2049
514
3660
33
4826
2754
2440
3506
2558
4400
1814
3693
2611
783
3660
2049
4308
1788
4924
3076
3076
4120
3660
2705
2049
4412
4419
4442
357
2453
625
4924
1788
3693
936
4494
3395
3243
4120
2302
357
2358
357
3897
1191
3452
1814
4962
4419
2358
3857
4121
2678
2798
2401
2035
1388
3391
4992
4400
4650
4847
2049
357
1019
357
514
1814
4765
725
1788
4419
3076
3857
3395
1941
625
2049
801
1788
2611
2558
471
625
2705
4571
3217
237
725
4995
1191
2049
2401
4121
4308
2611
2754
1388
326
1814
2422
1177
4597
4960
1177
1814
2453
33
3693
2286
3076
1191
4924
2409
4528
3076
3103
2049
1788
4120
2611
3076
4145
471
2754
32
4121
4308
4120
3243
4121
1177
936
2440
3076
514
237
2093
4281
4571
2022
3395
357
1814
3103
2453
4461
237
1191
2658
237
2658
326
783
2022
4419
3897
4995
326
4281
2022
4419
4650
4121
4281
357
3803
4992
357
3363
4419
3342
4650
357
2022
4308
4120
2409
4960
3897
4528
4400
865
2453
4308
4442
725
357
3506
2678
1683
33
1019
2440
4597
4600
4349
4571
2409
3897
3395
801
2022
2422
1941
237
4650
1177
1019
4400
4400
2422
237
2302
1834
3243
2440
4931
1177
4765
2089
1588
2022
3857
2453
4120
3857
471
4461
357
4962
2440
3660
32
1814
3724
4962
237
3724
1388
3803
4116
4826
2286
3705
936
4826
457
2440
4442
4400
2453
32
3803
4116
4494
4597
3103
4597
1941
4992
1019
1388
4924
4962
4960
3217
3705
1388
2060
2060
3803
4371
1019
2022
4121
4847
2089
1788
4924
1788
471
357
4120
2358
4371
4571
4330
237
2678
1814
4571
2453
357
1683
4765
4442
1388
3897
32
1191
4765
2035
2022
3660
4371
4349
4494
2409
1941
2358
2611
4120
4924
3363
237
4281
4600
4461
4931
1388
2658
3660
936
4371
3395
4412
4597
3217
4650
4931
676
3693
1388
3103
4931
2022
4121
3391
3897
2049
357
4765
4995
2611
3506
625
4528
4826
2302
3217
4494
4847
357
3047
3452
2302
4411
3395
4650
2453
4924
4308
2658
2358
3506
2089
2558
4120
3395
4494
3803
514
4120
1019
1788
2358
4419
4597
3342
357
1814
4330
1834
4494
2022
2453
3441
625
4349
2049
783
3857
1588
2401
3660
4120
1788
2453
237
1191
1019
2470
936
2798
1992
2658
1019
1388
1019
4992
2401
1019
2678
4494
4847
3897
4924
625
2678
2060
4411
4992
4847
4411
2440
4765
4924
1177
3076
1656
4962
1788
2440
3076
801
4924
3724
1683
1814
3857
625
4765
4412
4120
4847
4597
4847
4349
357
326
457
1683
357
4931
3363
1992
3395
865
1191
3395
4371
4419
2302
4121
4597
326
783
2049
3452
2658
865
3103
2611
326
3857
4419
4412
326
1814
4120
3803
1656
3803
2558
2060
3076
4412
2754
3897
4308
33
1588
2611
3441
1019
4960
4419
2440
3047
4924
4442
33
1388
3803
2089
4847
4121
2060
4962
4847
2798
2611
2035
2089
3103
1683
4962
3076
3506
4494
4826
3076
1992
3076
3243
3243
4419
4281
2678
4121
2286
4121
4349
4308
2422
2678
4600
625
326
2409
3395
4461
357
4847
4349
326
3076
4281
1763
4494
3693
3660
4962
1788
326
625
4650
4931
2440
2754
4847
2440
4400
4597
471
194
2440
2440
4423
1388
1683
4419
4400
471
357
4924
1814
2611
237
4281
676
3857
326
3803
1941
1834
625
3243
4826
3391
2453
783
2286
3897
865
2611
2558
4116
471
4120
3243
3395
4847
3076
2658
2093
2558
1992
2049
4371
725
2678
3452
4924
4121
1788
2678
326
1191
4442
1019
3857
2453
194
32
3342
783
1019
3395
2022
3217
3660
3660
3243
2358
2611
3103
2049
1388
2022
357
4121
4120
33
783
4419
4826
1191
4962
2302
2611
3076
4650
3724
1588
1814
357
2409
3391
1177
2611
4121
2453
3660
2558
4826
4992
2022
3076
4960
4419
4281
2558
4442
1588
2678
3857
725
2658
2611
4528
1814
471
4400
4597
471
2049
2401
471
3506
326
237
4528
2440
2049
2035
4992
3363
4121
1588
2754
3243
4419
2060
4116
33
801
4995
4419
4400
194
194
4931
865
2440
2611
4528
4461
1992
357
4411
4571
457
4349
357
4650
1834
326
1814
357
2705
865
1992
2658
3724
4308
2409
801
4308
4847
4120
4120
2440
4411
471
4411
4121
1814
2658
237
357
3363
1656
4442
4995
2089
4847
33
1992
4419
2440
237
4494
4650
4120
1814
1588
4847
471
4121
2049
2409
3076
357
4528
1788
457
326
3308
2401
1683
1019
4400
4120
4962
237
3395
4960
4423
865
2093
3363
4960
3693
194
4931
4597
1788
4847
471
4494
471
3103
471
865
3076
237
4400
4650
357
457
4120
1019
4650
4281
4931
4411
3395
3243
4494
3076
4650
2558
3076
2678
4419
4120
2409
2678
3660
1788
865
4597
4120
357
4571
2611
2060
725
4145
4400
3308
3308
2035
2470
4411
237
4412
4121
3308
4116
1941
3803
2049
514
865
3660
725
2302
4650
357
4120
2022
865
936
2302
2401
3660
2453
4461
3076
4442
1683
4281
3803
2060
4281
4419
3803
2470
4145
3705
1788
625
1788
2302
625
4924
3693
1588
237
2302
4412
4121
3857
2611
4650
2093
3693
4960
4597
4650
2409
3103
2022
4931
2302
3441
4330
3103
4308
2401
4962
357
2440
32
2401
2678
4308
2422
326
237
4650
1656
4423
801
2035
3076
32
4995
4528
2754
4597
4650
194
237
2022
2022
4400
514
801
1388
2558
4826
1683
4411
3076
3047
2470
357
2035
3803
2453
2754
1388
2453
2611
4308
2409
865
3391
1814
725
2035
3076
783
4411
3660
4308
1992
2440
4411
514
2401
4960
1191
4371
2658
725
4650
4442
2678
1683
3076
2302
4120
1588
4442
4121
4121
3441
3391
2093
2060
3506
4116
3047
2453
2658
3452
4308
1019
1683
3452
2678
3452
3363
2035
4992
4419
936
2060
3363
1788
4308
2611
3363
2453
237
3395
2611
4597
2422
625
357
2022
4931
4600
237
2453
4120
4650
1814
3660
4924
725
3506
1019
471
4962
3076
357
2401
4597
1763
3897
4765
4423
2658
4330
4281
2358
3076
3724
357
1177
3076
2453
4412
3441
4650
4571
4931
4442
1656
1788
2798
2035
783
4330
865
2705
3803
4400
1683
4960
3243
2060
2022
3243
4419
2658
4992
2358
1941
2035
4121
4330
2060
4308
326
4400
2440
4400
3897
3693
1019
2089
2022
676
3243
3395
1788
1814
457
2093
625
2022
4349
2611
2302
1788
237
783
1191
2611
1019
2358
3047
4419
3363
4308
2358
2093
1788
1588
3363
326
3803
1191
4116
4330
4924
1788
3660
3363
4765
3363
4308
4120
2022
4960
625
3391
4494
2358
2286
3076
4847
725
4960
3391
326
725
4924
1588
2611
4120
2611
4461
2470
2022
1656
3076
4400
4847
2440
4281
3217
3047
1788
4847
783
1814
4281
2089
2658
2678
2611
4120
4597
237
3660
4121
2022
936
1388
1019
2558
4995
326
2453
3857
2049
936
2060
4992
783
3857
4121
4419
3103
1177
1656
4924
4600
2049
1834
3395
4597
237
4528
2611
3103
4281
4600
3391
2049
625
725
1788
3103
3217
4121
3308
625
2035
3076
1191
2678
4571
4412
2440
4528
4308
2658
2302
2022
2754
457
4442
865
2678
3660
2049
1656
2754
2409
3705
1656
4120
3857
4960
4120
725
3395
4992
514
3395
4145
1388
4924
2678
4121
2705
4992
676
2286
2401
4419
2302
3506
4411
1763
3217
326
4371
2060
2558
3724
1588
1388
3441
326
3308
4349
4962
676
4847
1588
4992
4461
4120
2060
4992
2035
3395
2422
2754
3243
783
2302
4931
1191
1788
1834
326
326
3103
4419
4650
4442
4121
1656
237
2453
4442
4330
1588
2022
3441
783
2658
4924
4349
865
2611
1788
4528
625
2035
1019
2302
2302
2049
3897
4281
3857
2302
4528
237
3047
3103
2440
4412
4931
4330
457
2611
4400
326
4931
2611
2453
4847
1191
4931
326
3803
2705
326
1788
4494
3076
3103
2678
725
625
4847
2658
2089
326
2060
3395
32
3660
3217
4419
3660
3705
4528
2401
3308
3857
1388
4924
4571
4308
3452
4650
4765
4995
4116
4349
3441
2022
3363
1019
326
1177
3452
2754
4650
2035
4924
4962
3660
194
2089
4600
32
326
3660
4931
3724
4423
4308
4121
2558
32
3724
357
4120
2401
936
725
4650
3441
625
1814
3243
4600
3217
4419
2358
4847
2022
676
1814
514
1191
4349
4442
4419
4494
514
4494
4528
514
4995
4412
1588
4419
2409
625
514
514
2060
4419
3047
357
4847
1019
2453
865
4528
676
3693
4371
2453
625
514
1788
4494
4528
1388
4308
3103
32
3363
4308
2401
4121
2705
2611
4847
4411
4442
1588
2440
3693
2798
2611
2401
1388
3660
4847
326
514
725
3103
2049
1177
2658
4423
865
4597
2705
4600
3243
4650
4924
3243
2754
4826
1388
4116
3803
3441
4116
1814
625
2302
1683
3363
4992
2401
3452
4528
4924
1814
4992
1191
33
725
4411
1788
514
33
1814
2060
2453
3660
4600
4442
4308
4412
4597
3363
4650
471
3693
2358
4597
2678
4419
1656
3452
32
357
865
2611
4962
3897
2705
3897
1588
32
4600
865
725
2611
3803
2409
1388
4494
2658
3217
471
4461
3308
2611
1177
3363
3363
2440
4349
4121
4494
4423
3103
326
457
1992
801
1763
1992
2060
326
4528
3395
4281
3342
4120
4120
1763
4931
3724
33
357
3803
2422
3076
4494
4442
4924
2453
3076
326
457
4419
4992
3724
1788
936
4765
471
4120
471
3506
4423
2754
3076
4281
2093
457
4597
2035
4120
4826
2453
2798
4411
3705
3705
4650
3103
326
4120
3660
194
2611
3705
3441
4600
1941
1992
4281
3342
4442
2093
4600
4121
4308
2440
2658
3803
1788
2678
326
1763
4924
865
2453
4442
4121
1763
4423
4308
4442
4349
2286
514
4308
471
326
4995
865
2611
471
2611
3047
2358
4992
2286
676
1656
3897
4461
2453
1388
4528
3076
4400
2089
4962
1191
1588
326
2453
4571
1814
1992
2658
4847
3724
1814
1388
3660
4765
2611
2453
237
4597
1019
2678
2453
2453
3391
357
4411
4528
4116
3506
2022
1788
4308
3076
2302
4847
1656
2678
4116
237
4597
1588
4765
2358
4847
1656
625
865
2022
2060
3452
2035
2611
3243
2678
237
3803
1788
2754
3308
3705
2678
2358
3660
33
1388
1683
2401
783
4121
3803
2358
3441
4528
457
237
4960
3391
3705
457
4528
237
514
2302
2093
2022
2754
3897
2022
1788
4528
3047
3803
32
3897
2440
936
2060
3660
3395
2440
514
3363
4962
4650
2060
4571
2678
1388
2060
2422
457
4281
1814
1019
2422
357
2678
237
2453
3243
3076
2035
4461
801
3391
2049
194
4494
1019
1177
1177
3724
2453
2022
1814
1814
2286
4120
4145
3363
3103
725
1588
4571
4411
1814
4765
4650
2611
725
2409
2401
936
3660
471
4411
1992
2302
1788
1814
1788
4116
4330
2440
3660
2611
4412
3803
801
725
4281
625
4461
2060
326
2358
4120
4442
3243
3363
4960
4411
3857
3452
4650
3308
326
4308
33
4400
4120
4992
457
3243
1992
3897
3342
2453
3308
4597
783
3047
4962
4461
3363
4461
936
357
4992
2558
2658
2453
4528
3103
2754
2798
3506
2401
4597
4494
514
865
2286
4419
32
2022
3395
2286
33
4281
1763
4461
4419
4145
3803
2611
4400
4371
3103
3803
4423
4924
357
3441
2093
237
3076
4411
4826
2093
2060
4120
4423
2470
237
2035
3342
865
4571
1941
4461
3363
4924
2470
2409
4419
1814
4826
783
3243
4494
1788
1814
2440
801
4411
3660
3897
1388
3803
801
3803
4461
4120
625
471
1683
2440
3363
3506
4461
4650
3897
4308
4330
4650
801
936
2611
3363
4960
237
2049
4308
3857
3395
1177
2358
3103
4992
3660
2049
3363
1388
2049
2093
3076
4116
471
2611
237
4597
625
3243
4442
2470
2754
3391
32
4650
2558
2049
2409
3724
1992
1683
4308
3391
2302
3660
4411
514
4308
1177
2678
471
2022
4992
1788
471
2409
3076
4281
2022
4281
4116
4419
4419
3308
4308
2453
2049
4931
33
4765
2401
4650
357
4442
2401
357
4400
32
1191
1992
4411
4423
4442
4962
4962
33
2422
2440
3363
1191
2678
4650
625
3506
783
514
1177
3803
4597
783
237
4962
457
1019
2611
4308
625
3857
4281
1763
3243
4308
2754
237
4960
2558
2422
865
4423
3076
4419
4931
2409
1177
2453
4442
3047
1992
3803
3705
725
1788
357
4600
2453
4411
1683
4765
4962
4308
676
4995
2558
4145
1763
625
2089
4116
2470
3363
33
4960
2035
2440
2035
4765
2422
2611
2558
357
237
2022
4650
2022
2022
4528
4442
4442
2060
32
4650
1588
2611
2422
4419
2658
471
625
2401
3363
2754
3897
4650
1388
3363
3803
2022
2453
194
3660
4423
514
4924
4121
2049
2035
4442
2705
4528
1834
4120
2302
2409
4120
3693
2754
4419
4121
2658
4371
4600
4281
4411
457
4411
2611
4931
4600
4650
2453
4121
3076
4600
1788
4528
1763
2678
4442
936
1834
457
2754
1388
4597
3506
2035
1834
1388
1588
4931
1177
3076
4121
3803
2440
2440
1788
4461
4120
237
4308
4308
2453
3103
801
237
4571
457
2754
4411
725
1941
1388
3103
357
2358
1763
514
2060
4924
865
4308
4419
2049
2022
1656
4330
2658
33
2453
4400
3217
2302
3660
1683
4330
4442
4419
4411
1788
4116
865
865
4442
2022
4281
1814
237
4962
4419
865
2286
3217
4419
4962
1941
4308
3395
2022
2302
3441
2358
3103
3705
4419
2678
4281
4121
2678
3103
2422
3342
4571
4411
471
2060
783
2401
783
1834
801
4931
4650
3363
2611
457
3857
865
32
3076
2049
4121
4960
4116
1588
4847
3103
1788
4847
2611
2409
3363
4423
625
2060
4371
4371
865
4308
4960
3391
2754
3217
4962
4924
194
4281
2286
3395
3897
2754
3724
1683
3441
2302
4571
725
1834
725
4411
4924
237
4442
1992
2558
3076
2470
4349
4995
4120
237
4962
3897
3506
4650
32
194
2022
33
3243
3103
3076
1788
1656
3897
3076
1388
2658
2754
3363
725
4528
1388
4995
33
2754
1588
4765
4400
1019
2453
4120
676
2049
357
1388
3217
2060
2409
4847
4400
514
2035
1019
471
1388
4400
2678
3857
2035
1588
3342
4116
4121
1656
4826
3441
865
2286
4847
4995
1588
4494
3660
4765
1019
3441
936
3897
2440
4419
4924
4528
4847
2358
4992
1191
3395
1019
2409
4962
3363
4281
514
2022
326
865
2611
1191
2798
3076
4650
676
4120
2286
625
3724
2558
4145
3857
2022
3803
2798
3803
2611
514
2302
2440
4411
1814
4121
2678
1177
3103
1788
4400
3660
1191
865
2302
3047
326
4992
2035
2060
4847
2409
1788
4600
3076
3076
1683
4931
1941
3660
2035
4992
4960
32
3897
2060
4116
3660
4494
865
3506
3342
2453
2409
2558
4400
1788
2422
1191
1191
4571
4120
1814
2440
2302
865
3803
2453
1588
4962
2060
3363
2060
4145
2358
1656
3803
4992
4847
357
2409
3441
1656
4411
457
1683
2022
3076
4349
2302
3308
2453
3395
237
4600
1388
676
2558
3803
4650
1814
4120
865