0.37546998
00:01:34.66
2996
3587
4992
3716
3114
3173
1013
4743
4956
496
818
3513
501
2671
2085
3152
2796
1813
4169
1743
2671
2923
2833
3587
43
2746
4573
811
2030
1013
2011
3286
4178
2619
1813
2796
1567
642
2279
303
4956
4084
303
3716
2671
3173
3932
2796
2339
1813
935
2821
1013
811
1747
2996
915
642
3286
811
2339
389
43
4118
4118
3679
828
818
2339
2856
3152
4743
2582
1747
828
2702
992
530
4992
3587
43
200
2339
4819
2456
2670
4084
2671
2578
1696
2279
2746
4758
3613
4292
3286
1712
4956
2339
818
2582
3587
2796
2996
1747
1712
2633
1743
2522
501
3716
715
2030
3613
4118
818
4292
3654
303
2339
1696
1069
818
3741
4019
642
2671
1743
4819
501
3587
2522
3286
1123
2670
2231
2796
3173
3266
992
4178
3286
3048
4193
4992
2671
2339
2582
3173
4819
501
3513
3587
828
4292
3886
4956
4758
764
3266
4019
4961
43
200
1747
4118
3286
3266
3114
4752
389
303
2231
3513
2633
3741
2671
496
2030
3587
828
3893
2432
2821
530
1550
1712
1567
1812
3886
3716
3932
1123
4992
2582
3587
3932
2633
3716
3877
3048
2432
45
915
3152
1123
4573
2633
4956
3741
43
1747
2833
915
2339
2030
608
200
530
4169
1876
715
4743
2671
2796
1813
2702
4019
4084
2796
2582
200
43
4573
915
992
3513
2085
389
3222
1689
1743
715
530
4084
2996
2339
2619
2996
4992
418
1712
4819
4193
3741
45
2702
3654
3173
764
2796
303
2582
2619
3513
2339
1013
2339
2702
2996
3932
2339
764
2619
4956
2339
2619
764
2670
4573
818
4169
4573
992
2746
2030
43
811
2633
389
2821
4193
2746
2582
249
4601
2996
2833
4193
1123
3716
3199
1069
2339
3893
3893
3513
4992
303
43
43
1123
3199
303
3222
715
3877
3222
818
135
3716
2633
4758
3893
2633
530
4961
200
3893
43
2456
2339
389
3286
2670
642
200
915
1013
1813
2821
3893
3048
2582
4019
2671
4178
501
818
4178
2339
4819
4758
2619
3048
818
43
715
2746
3513
2856
992
2633
2996
4084
915
43
3587
1123
3741
4019
303
1743
2923
2746
2702
1123
4292
4891
2996
3114
1689
715
496
4178
389
3152
303
389
1747
828
3048
2746
3886
3173
3893
1567
915
418
303
1696
2670
200
4743
3741
3088
4758
3679
2107
4956
3152
2670
2279
3679
3173
2030
349
2578
2522
4956
2030
2030
4292
2107
2339
1069
530
1743
43
3048
3152
3048
2085
3587
389
3048
1743
715
3088
249
1013
2671
1013
2231
2030
3199
2796
4743
828
4891
764
915
349
4743
2633
3152
4956
501
935
349
2619
3613
2702
2996
2923
3587
2107
2030
4758
43
4292
2796
530
424
4819
4992
389
3877
530
915
3587
4891
3741
3654
389
389
1747
200
530
4743
2339
4601
2702
2746
4743
4956
1550
3893
3587
2522
3173
3886
1747
303
3587
2582
2030
992
4891
2856
818
1747
303
1876
1550
828
3266
4169
2702
4019
4956
3048
4961
4819
135
2582
4178
4752
1743
2746
2522
935
608
424
1567
3286
501
992
43
828
2633
2796
3965
1567
1696
389
2796
2619
2746
3513
3152
4956
2746
4758
4193
3877
3932
3173
4601
2085
1550
2582
4743
3513
1743
1689
2522
608
2821
3893
2671
3932
3587
2456
1567
3286
530
4961
2582
3048
4193
530
1813
2578
2746
2923
4956
4118
3199
1743
43
3088
4084
2671
4819
992
3222
818
4292
45
43
349
4956
2231
3716
2670
43
2030
2670
389
3965
2522
2582
2670
200
2923
3114
4084
2833
1689
4118
4118
530
2339
2030
4178
200
43
4992
1550
2522
43
43
4758
496
3173
3048
3893
2671
349
530
642
3741
2671
915
4981
2702
4118
3716
3716
4743
1550
4118
4758
349
3716
2619
2339
3048
200
2339
389
1069
2522
4084
764
1696
2670
3679
3886
2279
3893
3716
2796
915
1567
2923
501
3513
3886
3716
2702
2670
4118
4908
1743
2279
1069
3716
915
1013
1689
43
2671
4743
3716
1075
2633
764
1812
2923
303
3513
303
3222
1123
4891
1013
4992
3513
1813
3048
2996
2231
3932
4292
2231
1069
715
1123
418
3173
764
4084
4743
3886
3932
3654
3932
811
4601
1013
4019
4743
1075
349
4752
4118
2633
2578
3088
828
935
1743
935
349
2821
3513
811
1696
3877
1689
303
3199
992
4956
2522
389
2633
303
2702
4981
1743
1567
303
2011
1876
915
935
2231
4891
1747
992
3886
1712
4961
992
915
3513
45
496
2671
4981
2821
530
3679
4992
2856
4169
3886
1712
2339
3286
2746
3048
4992
915
2030
3877
496
1696
496
200
530
4752
3222
1743
249
3886
2833
2633
496
3048
43
2796
3048
1747
4292
3893
4084
2671
935
530
2339
2670
2671
349
249
303
200
4819
496
4573
642
3173
915
3741
4992
2279
424
992
3741
3114
530
389
2633
2456
2856
3886
4992
1747
3222
4292
2030
1813
2746
1550
4084
1743
4956
2578
3048
4118
496
1712
818
764
4601
715
2796
1550
2996
1689
4601
4819
2522
530
4292
303
1812
2582
3893
3716
1743
4193
1075
3613
2670
3048
1813
389
2702
3222
424
3513
3199
249
4193
935
818
2432
1550
2633
1069
2522
2671
2619
303
3173
4193
2085
43
4292
3716
135
1712
2582
3513
915
2670
3716
530
2670
1813
2796
4118
3886
4891
2339
4992
2030
3152
1712
1813
1550
764
1075
2833
530
3877
2796
1876
608
4178
4956
1567
3199
2432
2671
1075
915
4819
3088
1013
1743
915
43
4961
1069
2670
2671
935
4019
1075
2582
2107
2085
3048
764
2339
915
764
2619
4019
3716
2619
1013
4981
2670
992
43
530
828
3266
2619
1123
828
4891
642
3877
303
2578
389
496
1013
4758
43
3513
3886
45
1550
2279
1123
3199
43
4292
915
2671
3088
1123
4956
3877
2107
303
3513
764
2821
2796
1747
2746
4956
303
2633
3048
1696
3513
1013
530
200
915
4752
2671
2030
2030
3199
2702
2796
303
1075
811
2746
1689
3222
4819
2821
2796
4118
992
3114
530
4743
1743
3716
764
4992
2670
4956
2011
3088
424
4956
3654
1123
4292
1812
1696
530
4178
3173
1743
3286
501
818
764
3088
3286
2856
3199
915
935
3587
135
2746
4178
4573
3741
3741
2030
1069
1013
530
349
45
3513
1743
2796
43
2996
2671
3173
2633
915
992
496
811
2796
1813
1013
2633
4743
3679
501
2582
818
3886
3716
3587
4956
2996
2582
4956
4819
1696
1567
135
1747
389
496
2107
303
935
2030
3513
303
818
3679
43
4178
935
3587
4758
389
389
915
303
4573
1696
4961
2670
389
4981
3152
3048
2231
496
1812
4956
2339
4019
2746
2456
3088
2432
3048
3932
43
818
4752
530
43
4193
1876
4981
424
2085
2923
915
2456
715
2670
2746
2522
1013
915
3048
3286
3114
1747
4084
818
3222
349
496
1013
2671
3513
3679
2030
3877
1696
4992
2670
4956
530
2996
2107
1689
2107
3199
4573
1013
3587
2085
303
2339
4019
1075
4961
4992
1696
135
3654
2231
389
200
3587
1747
4752
2011
1689
389
349
1743
3286
3088
1696
2671
2085
43
496
3716
389
424
715
3886
2702
935
2671
418
4961
3741
2279
2030
3199
303
715
4819
389
818
4819
915
200
764
4292
1712
4743
2856
915
935
2671
3513
2671
3932
501
2432
3886
3513
818
1567
1567
2339
4292
1696
3654
935
3286
4743
2619
992
2821
1013
3048
2670
424
2339
3048
349
2030
4981
1747
2746
4573
2522
1812
3152
4992
3886
3932
1075
303
2339
4752
1123
4573
3266
3173
4169
1743
1550
2670
3266
3679
4956
530
3048
3716
4019
715
3716
764
1712
43
4908
1123
3741
1013
418
3886
43
3513
3513
43
715
2578
349
2339
1013
2522
2107
4573
608
3199
2856
4743
349
3741
43
3886
2996
1876
2821
915
418
2030
1075
496
4084
3513
4084
935
4819
3048
1013
2085
2996
915
303
3286
303
828
1123
530
4743
389
3199
4758
4118
3716
4292
530
915
4961
3286
915
200
2582
2619
3877
3587
1013
4992
715
1567
3513
992
2582
3173
3048
3173
1812
1075
389
2670
2670
3886
2996
3965
3587
249
2796
1123
1013
3222
2796
2833
1876
4819
3286
2107
496
3893
3877
4819
3741
2522
2670
4601
424
2107
715
2011
3222
2633
2996
1567
2671
4992
3088
2432
303
1123
3199
2619
992
3173
2339
2085
200
2582
3679
2030
1550
3932
200
3114
4019
915
4573
4956
43
3286
3286
992
3173
3286
2796
828
1696
3513
530
915
4118
4819
3088
43
4084
2339
2030
1123
2619
3286
43
1876
1813
2746
3048
2231
2670
2796
3716
2702
2796
2856
1075
3932
389
4956
2746
3893
349
1123
4601
3513
43
496
4891
828
1689
2582
2746
608
4601
935
1075
2702
2279
3716
389
3199
530
2107
1876
2796
935
3152
4819
4752
4193
642
2821
4193
3513
3716
764
1696
2279
3152
2821
3716
43
1747
3613
3716
4193
4908
3173
2923
2796
4292
3679
200
1550
915
4956
3613
4118
828
2796
496
4193
1567
2578
715
608
530
3173
4961
828
4743
2619
2796
3088
496
4743
2231
3048
915
3114
4292
3152
642
2671
3965
3716
2702
828
4819
3741
424
3222
4758
2996
715
2582
2833
4956
2582
2702
608
1550
4956
4956
389
2030
3716
4118
3587
496
4118
4992
1743
2670
501
3965
2821
3199
2923
992
2522
764
349
1743
501
915
1743
764
1696
2582
3587
1696
764
3222
3716
935
2582
828
4193
2432
200
2619
3613
4193
530
2923
2670
2107
4573
1712
135
2833
3199
4956
4956
4908
1689
3286
2619
2085
2085
3654
4573
2796
4743
3048
389
530
2582
2030
715
2671
2030
4891
2670
2633
2671
3679
3199
3286
2582
4758
4956
389
915
3199
3893
4084
200
2578
2796
3877
3886
496
2231
4758
3886
2582
496
4992
3048
2432
3587
3199
3513
43
2456
3199
303
2746
389
1813
3048
2456
4956
4193
2796
2702
2339
3152
200
424
3199
828
389
935
4981
4573
3513
200
4908
1743
303
43
642
2923
3286
2107
2670
4193
3173
2231
389
4981
45
2432
4819
496
715
3513
303
1689
4956
2085
1747
2522
4819
1567
2670
1712
2578
2339
992
2085
2821
4601
764
4908
4758
2231
1013
3152
4891
43
4956
715
3654
1567
1689
1743
2671
4819
2746
3741
1013
1013
3513
818
2671
1747
3741
2279
2578
1123
2522
2578
3932
818
45
3114
3513
2619
2833
2633
818
200
4178
303
496
1075
4956
3152
4992
4292
3654
2671
1743
3152
1550
3679
2030
2339
4743
4084
2671
3513
1812
4956
1747
501
2670
3286
992
418
418
3741
43
2578
1069
3741
3965
4019
2522
3741
3877
818
764
3886
1812
2582
418
3654
2522
2030
2796
3152
1689
915
43
530
4956
2671
2821
992
349
389
1747
3886
4758
496
418
818
2231
764
642
1689
530
1069
3716
2821
303
2670
2746
3222
3679
303
2522
3932
2279
3048
1069
2821
2833
4908
915
135
303
496
2746
530
3654
200
1123
3886
811
3513
43
2821
3877
424
418
2671
501
2011
43
2671
3199
4819
3152
3286
2996
4178
4084
1069
2522
389
2702
496
3587
1550
1069
2619
2522
4961
389
389
4891
2796
4819
764
3877
608
2796
3286
2522
1743
2522
4178
3587
4743
249
2856
3932
4084
3222
2582
828
303
2582
2670
1743
1712
2670
1696
303
3114
2633
608
4819
1567
2619
1812
496
764
2821
2522
303
4118
3716
4819
4992
764
2796
1743
303
4178
608
2030
828
2633
4178
2671
3513
3152
608
389
2670
3965
2821
3679
2670
3199
3286
3716
1013
3716
1696
3877
3877
3613
349
3286
2856
811
1812
608
43
2339
4169
3877
4752
2633
4992
2633
2522
4819
2030
2582
1567
4819
3114
1812
3587
3048
4084
2671
3286
1689
2582
2633
4193
2619
2796
3679
3716
2670
1712
4956
3613
935
4178
2339
4908
2833
1567
3199
4992
992
915
4193
4743
1696
4118
3048
4178
2671
764
2702
811
2582
530
2671
4758
3152
3286
2522
3965
303
3716
1743
818
530
2671
1013
2670
3965
2746
3222
2522
4019
1743
4956
2582
496
3173
915
418
2670
2796
4178
4118
389
4118
2633
4956
2746
4819
2671
303
4178
1743
3048
2746
3741
1075
3286
4752
4573
915
2011
4178
3286
1013
3173
3266
530
3286
935
501
915
2582
1813
2746
2856
2746
2107
2085
1696
2030
530
935
1123
2746
2746
2670
496
2796
2821
424
2702
3088
1743
424
1743
1075
2856
2619
389
4169
3716
3152
1123
4758
3173
389
1876
4819
2339
3222
3741
1550
3048
303
389
608
4743
935
1743
2522
642
4752
43
4118
418
4292
1747
4178
4758
1123
935
2030
2821
200
828
3088
3741
764
3199
3886
2582
530
2582
3513
2796
1550
4743
1812
3286
501
1567
3587
1696
496
4084
1696
2671
4819
2339
200
4292
715
3932
3886
2671
935
3048
2522
1813
4961
2030
3199
2432
418
1743
992
2339
2582
764
1743
4178
2582
3893
3199
2339
2522
2339
496
2522
1747
4956
1743
2522
4573
2856
1743
496
4743
3048
4956
2671
2923
4601
4292
200
1123
3286
1712
3513
2746
4292
828
4819
4118
3048
530
135
303
530
3716
4891
2856
43
496
3886
2702
1876
496
4084
4956
2011
3679
1876
3152
2578
3266
135
2996
43
915
764
4084
3513
2796
3716
2746
2746
3613
3679
2746
1743
4891
3513
303
249
3266
3048
43
3048
2030
2339
3886
3048
3716
3965
3965
3716
3877
501
3199
4193
3048
2746
2833
45
3048
3679
4601
496
3266
3716
2702
2702
2821
1812
915
2702
3199
2582
818
3965
828
2619
1743
3893
3893
2796
496
3587
3886
2821
2996
1075
4118
1013
501
496
1696
3266
3286
3152
1013
496
2671
915
1689
2856
2833
2619
3679
3222
2670
2231
3886
1567
2746
608
2619
496
1689
424
3877
3286
2746
1567
200
424
3088
1813
530
4743
3587
4819
2996
3173
3152
3886
1813
1075
4193
828
3965
2923
2671
2582
4169
2339
2107
3886
3173
915
3716
2746
3199
3199
1743
3886
4178
3173
4601
389
2619
303
2796
1747
2746
3716
4169
2578
935
1013
2996
1743
496
303
715
303
1550
2633
3266
2582
2030
389
715
2011
4956
1123
2085
4084
992
4743
424
349
2671
530
2670
3173
303
4573
303
3152
2582
418
2702
3716
389
3199
2011
1013
4981
1747
3173
608
3716
2339
2923
1696
1747
4178
3741
4019
818
2702
2279
2633
3173
4084
4956
915
2339
4193
4743
3286
2582
2456
1069
200
764
1069
2582
2796
1813
4169
2856
3199
2633
2746
4758
501
3199
1712
3173
3716
1743
2339
3199
4961
1696
4193
1689
4956
915
1743
2996
4956
1069
2578
828
3199
3152
818
1812
3513
3741
3048
1013
303
2582
1712
2796
3679
818
2633
2821
818
2821
3286
2107
3048
389
1550
2279
3286
3513
3048
389
530
4956
3513
303
43
349
303
2522
389
3654
530
303
3048
915
1743
4758
764
1550
501
2671
4292
2796
915
2619
2702
303
3965
1123
642
1813
4573
828
200
3877
135
3741
4758
1550
1013
608
3048
2456
4981
2432
530
1069
4573
2671
2671
2456
818
496
4891
2996
828
3587
1069
418
3613
1567
3048
2011
2796
1743
2011
1696
3679
303
2030
828
3886
1689
2582
2231
2030
818
2231
4743
43
764
1075
2856
1876
2578
1075
2670
828
2619
2671
2796
1689
43
764
935
200
1712
200
4981
349
4573
4743
2746
2030
764
4019
1876
4743
4992
4992
43
4752
4573
3048
4956
2670
3613
3716
2746
3716
1696
303
1743
715
4752
3741
45
818
1123
2582
3741
2796
303
642
418
2619
4743
1550
1689
2633
418
992
3048
3886
4752
135
935
4758
4981
715
2339
1743
2746
2522
818
3513
3877
3679
3587
4743
2821
3886
2578
4752
1013
4601
200
4019
530
3587
249
4169
4743
1712
3587
3048
4956
424
1550
3173
303
418
2279
2339
3965
1747
501
1075
496
4019
935
2670
303
3088
3266
496
4819
1013
530
2796
2746
915
2821
715
3965
3613
2923
1743
1013
935
43
3152
1743
4573
3716
715
389
200
3654
303
2582
45
4891
935
3048
2796
2833
1747
135
3173
2107
2011
1567
4084
3886
1743
3716
2796
818
2633
4573
811
2578
2085
3222
2821
4573
4743
4573
349
4084
4573
1123
935
2670
1550
2746
1747
1123
4992
4819
349
2670
4819
828
418
2746
1069
3199
3893
2030
3716
828
3199
608
2746
2231
642
2582
2011
1747
418
4601
1743
2670
200
2670
135
303
3286
2670
642
303
3587
2522
3222
1013
4292
2633
1013
4752
389
496
4956
200
3286
2107
3173
3266
2821
4292
1712
2339
3286
2011
389
4601
3286
2582
1743
43
3893
43
2923
4992
3199
4601
4193
1550
915
1813
1567
2339
2833
4573
764
389
828
3088
2746
2619
1813
4743
43
3613
2670
4956
4992
2030
2670
2085
2339
992
3613
1712
642
2030
3199
3965
935
1075
3199
3222
3199
2996
2996
389
3513
1123
4956
2856
4956
135
915
2456
1123
3877
1747
3286
4758
1013
3679
303
2670
135
3286
3199
3513
4908
935
4169
3886
2030
3716
3286
1747
530
3587
828
4193
2670
828
2671
200
1696
3932
828
828
3114
4743
642
389
2671
1696
303
2746
2582
2339
818
3513
249
2011
3286
43
4981
4891
1747
2996
1075
424
2796
2107
2856
1550
4292
2339
2923
764
1696
1743
2996
1013
2670
3199
2821
1812
2923
3222
3173
4752
2702
1123
3266
2746
4956
3716
1123
3286
2633
2619
4573
2011
2796
3932
1689
3654
2107
4573
1013
3048
4019
3886
3886
2996
715
2339
1712
3173
4743
3048
303
4956
1743
1813
2107
389
1075
2633
2030
496
2339
3199
530
2231
1567
2582
303
4758
424
1069
2339
4956
2796
3886
2923
1075
349
3048
3199
764
389
3513
2923
2619
1567
1123
2011
2702
2821
2339
501
2582
1696
2671
200
1696
3173
4084
1696
3965
3286
2432
501
828
3173
992
349
2522
4956
1567
4193
2996
389
4992
764
1813
608
2279
389
2671
3932
3932
3587
4292
828
2339
501
3679
3222
303
4819
3741
2670
135
303
530
4891
3286
2582
303
4178
4292
3222
2821
2231
915
4758
608
915
2670
1743
1743
828
4819
1696
4819
4956
2582
2821
818
303
2522
3893
2619
2279
3613
2670
1813
3222
389
828
818
935
530
1743
2582
1567
2670
1696
4956
3173
4758
3199
303
501
3716
2670
3286
4118
4084
642
4573
2671
1743
2030
818
1013
764
3114
4292
1812
2522
764
4169
3932
3587
200
3716
2670
1696
935
1696
1712
1696
4292
3199
818
2671
530
303
2670
1743
4573
530
3513
3587
4819
1013
2996
935
3199
530
2923
3199
1123
389
1743
4758
1123
3886
3716
4292
200
1743
303
3741
2339
4992
2702
4961
2671
4118
4118
992
811
4819
818
4601
4956
4118
764
4981
43
3173
3152
4292
3886
2702
496
530
303
1743
3048
4292
2578
496
4084
3886
2796
3679
3199
2619
642
3513
43
4992
3513
389
43
811
4961
1876
3716
1747
3716
496
1747
2746
4169
1567
818
496
4601
4956
2011
2339
530
1812
4169
764
200
530
4758
1712
3048
3587
496
2833
45
1712
915
4084
2030
303
828
1689
4084
1123
915
2456
3286
2432
530
3893
3114
608
992
3199
1689
2279
501
4193
200
530
3932
2432
3048
3048
2671
3152
608
4743
2923
1075
642
4819
3199
3088
811
303
992
43
2796
4193
4743
2796
2339
915
4758
4292
424
2582
2702
992
3199
2107
4819
3886
915
3222
828
4819
3152
4084
764
2633
4752
2821
2702
530
2619
1123
642
3199
496
1743
1567
2619
4956
4956
2833
424
1812
4992
3965
764
3088
2796
2821
3266
915
4573
642
3266
1123
3266
2522
992
349
389
2578
4992
2522
3716
915
2339
2522
2796
2432
1013
2339
200
2456
1747
303
3048
3587
3877
818
2796
1743
530
2582
3886
2746
2702
3965
4573
1696
2030
3199
303
4084
200
4908
1550
418
3114
2821
45
3513
715
3199
2231
303
1069
3199
2796
4601
2833
530
3741
3587
2619
3893
3716
2085
992
2107
45
4292
4178
43
2671
642
764
2996
4992
3048
2996
389
2821
349
715
4981
992
4956
45
4992
915
3286
2671
828
2671
1550
4169
4573
3613
3048
249
2996
1013
3716
2582
2670
1812
1747
3048
135
2339
496
3716
818
2107
2633
2339
4573
715
3088
389
2522
915
715
1812
3716
1567
2522
3286
43
2633
764
45
2746
3716
3886
2522
418
2522
915
1743
3048
764
1747
424
935
715
2856
3199
2670
2702
764
424
3286
2702
2746
1567
2339
1743
2339
3679
811
3048
3893
3199
2671
2670
828
3513
4019
3088
3716
2670
2107
2582
3513
3613
2821
1123
2339
1743
200
818
3886
4956
3048
2578
4743
4573
2923
2279
3286
2796
2011
3173
2578
4992
349
2107
2011
4956
389
1712
1069
3893
2746
3877
3173
4891
1013
200
818
501
2339
1712
3513
3877
424
3173
1747
2702
3716
1712
4019
4956
4118
1747
992
3199
2633
1123
3741
4601
828
501
915
2821
496
3048
4193
2670
2619
4292
1123
3886
3173
3893
4193
4758
1876
3893
1743
2011
764
1743
2702
1013
349
3152
1013
4961
4743
2746
1123
4956
4178
349
249
2856
4084
389
496
3965
4819
4908
4019
3286
4752
4992
2923
2231
1567
4743
2833
3286
4118
135
2030
249
2670
1567
349
3679
1743
4992
349
992
1013
2456
4193
2996
2107
496
3587
2633
3716
4891
3286
3286
1712
389
530
2619
4956
3893
2432
2796
2619
45
1567
3048
2833
2107
2821
2746
135
4292
2339
3716
501
1747
992
4573
496
496
3173
1550
3513
2011
496
501
818
3088
1712
828
4601
3587
45
2670
2339
2671
3286
3587
2339
2796
2670
2633
3587
3286
43
4178
3286
3716
935
3199
1712
1123
2702
1747
2670
2821
3613
3286
4992
1013
1689
3886
4019
389
3886
1876
501
4084
4118
2011
4743
2746
3741
915
3266
530
418
2279
764
135
2833
3048
2522
4573
3286
1069
3266
4193
530
992
2746
2030
3886
3932
3613
3877
1689
3286
3886
3587
2231
3114
915
4956
2923
1689
2231
303
1743
4084
2578
2702
530
2833
1747
2582
2996
3877
4019
389
715
2670
3048
249
2582
3152
2633
135
2619
389
935
3152
935
501
3152
2279
4601
1567
389
4758
1747
3152
3152
4992
389
3088
303
2670
4573
2796
4292
501
249
4169
4752
2796
1747
3152
3716
935
501
4743
915
1712
1689
2522
915
4084
4956
4178
2339
2670
4819
2619
1567
828
4169
2085
2339
4084
4743
3886
2670
3286
3152
2702
1712
3173
1069
2821
3114
4292
200
4178
3877
2996
530
2746
2996
4193
1075
4743
764
43
2833
764
2582
1747
496
642
2522
349
4084
3266
501
2746
2582
349
2633
1813
2702
4819
3716
3152
1813
2582
4992
2796
3886
3877
2619
915
4601
200
2522
530
1696
4169
715
200
1123
389
3893
3266
1689
303
4292
2339
2030
1550
4178
1550
1567
1689
3877
4292
2702
2339
43
4758
4743
935
2821
4019
1696
3679
4118
2339
1069
2522
2522
828
135
4956
935
3114
1712
3286
2670
3222
608
4908
3222
4992
3286
501
1013
3513
3654
1743
1743
4908
3587
2231
1813
303
43
2456
3199
935
2619
2746
2796
3199
3286
2670
389
349
2231
3716
2578
418
1696
1743
1696
3965
3114
4193
3199
3513
1812
2670
200
992
1743
1075
2796
2085
4819
1876
1876
530
1712
3286
1743
3886
3932
2339
1876
2833
3877
4981
3222
3513
3654
2619
1812
3877
4956
915
828
2821
43
3716
1123
3286
4908
2746
4292
2796
2619
4956
4908
3114
915
2619
135
2856
3152
915
1696
3286
2279
4292
2339
1696
2339
3088
715
349
2856
249
3893
1550
3679
2796
4743
501
3199
2671
3613
2030
2633
1567
3286
2796
3741
2582
3222
2821
2670
2231
2582
4743
3886
418
2339
2796
818
200
4573
1123
2796
2796
424
303
4819
501
764
3965
3048
3716
915
3199
496
2670
3893
1123
764
818
200
1567
418
715
2670
3893
1747
4292
3048
4992
3266
992
2339
2996
1123
818
43
3716
4193
4118
1876
1123
715
3886
1813
4743
642
4084
2107
4956
43
715
2833
501
2670
818
764
424
1876
2670
501
818
3152
496
1812
3048
4193
1550
3048
3716
501
3088
43
1689
1550
828
2578
4992
3886
1013
828
3152
2522
2030
530
4992
3741
1123
4743
4992
2456
2670
3513
2582
4573
2456
303
1123
818
2796
2996
3199
992
3679
608
424
3173
3932
935
4573
1069
1069
2231
2796
3048
2582
2582
2856
1743
4961
2522
1712
2702
1567
3741
4819
2582
418
530
2339
2702
4758
4084
2578
3886
1696
4819
3222
496
3716
2582
3716
764
45
828
3886
2339
4601
43
608
2702
3513
1747
3679
4992
3286
715
1743
2619
2996
2522
764
4819
2011
3266
530
4118
3286
915
1813
2671
1743
349
2670
2996
3222
1550
3654
2796
4118
200
2107
3088
2030
3679
2522
3679
2578
303
349
2923
2821
2796
501
1712
4193
2085
3965
4084
200
935
3152
4292
2856
389
1689
3048
1013
2856
1813
3513
4908
3679
389
4961
43
2339
2671
4752
1712
43
3114
2746
303
2833
1812
818
3199
4819
1075
1812
4992
1743
3114
811
2432
992
3654
4292
3741
4981
3679
2522
2746
811
4758
389
2582
1075
2107
2996
935
3716
2582
828
608
4819
3886
1550
4743
43
608
43
3679
1743
1747
1696
642
828
2522
3965
3679
530
1550
915
45
530
608
2578
2339
2522
764
2432
3173
915
2011
1013
1069
715
1712
349
3886
3173
2522
4743
3173
1812
3199
764
1696
2339
818
200
1747
2996
2619
811
4193
424
1689
530
2923
3173
4758
2231
3222
642
915
424
496
3886
4819
3152
915
1069
1123
1696
3048
349
3716
1696
4758
3199
3513
3048
3513
764
389
389
4118
915
2796
3173
3587
1813
418
4084
530
303
2619
4084
303
2671
1689
2633
3222
4819
3114
2619
2030
2030
1813
2456
828
2522
2633
1123
530
1747
3965
2107
3152
1069
43
200
2107
818
2030
2670
4573
2339
915
1747
2011
3513
4908
2996
915
4193
818
764
2923
2456
4292
3114
3199
389
3587
4758
1069
2796
2619
3088
3222
43
1876
2702
3716
303
3877
2796
4819
642
418
2030
915
249
2279
2923
4961
4908
1747
3613
764
811
2522
1813
764
992
828
992
418
2456
2339
2923
303
2432
3048
530
3048
3048
501
2619
2619
4992
1689
530
1567
2339
2456
389
2821
1696
1747
4084
2522
4193
1550
530
4743
2522
43
3048
2796
3932
3886
3114
3152
2746
4956
3173
992
2619
4178
501
4891
1743
496
4758
1743
4169
4193
389
4956
2821
4752
3877
3513
4819
2670
4819
2339
3587
3877
530
2796
4956
3199
3877
3716
501
4908
1123
2619
2578
4891
2670
4193
4743
200
3965
992
4891
4743
1567
3587
1069
3199
4956
43
828
828
3716
3679
1743
2432
915
915
2796
1712
608
818
3741
2670
4193
4819
2702
4981
4743
1712
303
715
4908
3152
4992
2746
4292
915
389
3173
3048
3893
45
2821
1813
2796
2671
4019
496
3886
642
45
2619
389
4819
3716
764
4292
4292
2619
3048
3513
2582
818
2030
389
4292
2856
4019
389
2030
4981
915
1013
3048
496
2833
715
1712
1876
389
1123
3513
4956
1123
1712
2456
3654
3741
4819
1696
4992
2107
4084
2107
4891
608
3587
530
2522
2339
2670
2011
4292
1689
3199
3173
4956
764
764
1567
2670
1712
3716
2670
2339
4758
2522
3114
1747
4992
4752
4752
4292
915
764
424
4193
4019
2030
2746
3932
3513
2856
1013
1550
4193
2231
642
2833
496
3741
2702
4891
2702
4819
2746
818
2619
3222
2923
3199
811
135
2279
1743
818
2030
1550
3965
530
1689
3932
3048
1813
2996
1712
3199
3716
3893
1550
3199
4743
2821
4193
2522
2702
501
4743
2279
1813
4193
1567
418
2671
4573
2796
1743
249
3173
303
4743
4019
4992
4758
2670
2671
3152
992
4573
1696
4743
2671
1123
2011
992
1567
3654
764
4956
3893
1075
2833
4292
2856
2670
2279
1567
935
3886
418
4573
2833
2578
1550
828
389
2746
501
2670
715
349
2633
1013
4573
4758
2030
2522
3513
3152
3048
3286
4292
2339
2633
2085
3199
530
249
1743
2856
1747
2231
2923
4961
2011
3048
43
2085
43
2339
3152
496
828
4819
2582
4956
1123
1069
1712
3716
2671
3886
2633
4292
496
3088
3286
349
992
4992
2670
4758
3716
3877
3199
3199
642
3587
4981
3886
992
349
764
1689
1550
4992
764
3886
935
4292
3965
3654
2796
4758
2923
2671
3716
2456
2633
2633
3741
1743
2582
828
496
4292
43
2796
1567
2030
4992
2522
4992
4961
715
3893
43
349
2670
303
4758
2833
3893
4819
2670
642
3048
3199
135
496
4118
2796
1013
818
3877
4743
249
2923
43
530
2582
1743
4292