0.3753969
00:01:36.53
1694
1610
808
1924
852
4884
3617
3521
1586
3071
675
4145
3847
1581
2693
2766
2012
2817
814
4677
1581
2618
813
1610
2292
763
2553
1019
4307
3617
1018
105
95
349
2817
2012
1659
2940
3979
4422
1586
4653
4422
1924
1581
4884
635
2012
439
2817
4456
2856
3617
1019
1974
1694
3597
2940
105
1019
439
615
2292
2495
2495
67
4265
675
439
3635
2766
3521
3678
1974
4265
1905
2261
4449
808
1610
2292
1559
439
2202
3287
3553
4653
1581
2729
3798
3979
763
388
1469
551
105
219
1586
439
675
3678
1610
2012
1694
1974
219
1909
4677
1096
3847
1924
2334
4307
1469
2495
675
551
992
4422
439
3798
4242
675
4431
1877
2940
1581
4677
2202
3847
1610
1096
105
4817
3553
762
2012
4884
766
2261
95
105
1173
4426
808
1581
439
3678
4884
2202
3847
4145
1610
4265
551
720
1586
388
2370
766
1877
1129
2292
1559
1974
2495
105
766
852
3387
615
4422
762
4145
1909
4431
1581
3071
4307
1610
4265
1876
4392
2856
4449
4643
219
1659
1342
720
1924
635
4817
808
3678
1610
635
1909
1924
4183
1173
4392
2658
3597
2766
4817
2553
1909
1586
4431
2292
1974
813
3597
439
4307
1040
1559
4449
814
4472
2334
3521
1581
2012
2817
1905
1877
4653
2012
3678
1559
2292
2553
3597
2261
4145
2693
615
1985
2213
4677
2334
4449
4653
1694
439
349
1694
808
820
219
2202
4426
4431
2658
1905
992
4884
2370
2012
4422
3678
349
4145
439
3617
439
1905
1694
635
439
2370
349
1586
439
349
2370
3553
2553
675
814
2553
2261
763
4307
2292
1019
1909
615
2856
4426
763
3678
2579
1216
1694
813
4426
4817
1924
2307
4242
439
1876
1876
4145
808
4422
2292
2292
4817
2307
4422
1985
2334
4183
1985
675
388
1924
1909
388
1876
1909
4449
1129
1559
1876
2292
3287
439
615
105
3553
2940
1559
3597
3617
2817
2856
1876
1173
3678
1877
1581
95
3847
675
95
439
2202
388
349
1173
675
2292
2334
763
4145
3635
2261
1909
1694
4653
3597
2292
1610
4817
4431
1877
4422
4677
2618
763
1905
4817
551
804
1694
852
2213
2334
3071
95
615
2766
4422
615
1974
4265
1173
763
720
4884
1876
1659
3597
820
4422
3798
3553
1559
3521
4431
3833
388
67
4651
1586
2766
3553
3979
67
4884
4307
409
2729
1096
1586
4307
4307
551
4651
439
4242
4449
4677
2292
1173
2766
1173
2693
1610
615
1173
4677
2334
3833
2579
3617
1581
3617
762
4307
2307
2012
3521
4265
804
2370
3597
409
3521
1909
2766
1586
3847
4456
409
349
1469
1905
1694
2618
1610
4651
4307
388
2292
551
2012
4449
4922
2202
808
615
4183
4449
3597
1610
804
4431
992
615
615
1974
1559
4449
3521
439
1216
1905
763
3521
1586
4643
1876
1610
1096
4884
720
1974
4422
1610
3678
4307
2261
804
3635
675
1974
4422
4472
4643
4265
766
814
1905
1877
1586
1173
1129
2202
388
3678
95
3387
4677
763
1096
4456
1040
4922
1659
105
3847
2261
2292
4265
1909
2012
16
1659
3798
615
2012
349
763
4145
2766
1586
763
388
4426
4183
635
4884
1216
2693
4643
3678
3521
4145
4677
2213
1096
1040
2856
1876
1581
635
1610
3287
1659
105
4449
1129
3678
1173
4426
4449
2817
2729
763
2618
1586
2495
2307
4677
2292
3833
4653
1581
2202
2261
1985
675
551
2658
2292
409
1586
762
1924
3553
2292
4307
3553
615
16
1096
3678
3553
1559
2618
852
4653
813
2213
2495
2495
4449
439
4307
95
1559
2292
808
4643
1096
2292
2292
388
3071
4884
1173
1876
1581
409
4449
2940
4431
1581
3597
1169
1905
2495
1924
1924
3521
4643
2495
388
409
1924
349
439
1173
1559
439
615
4242
1096
4653
2370
3798
3553
67
720
3979
1876
1924
2012
3597
1659
2618
3847
4145
720
1924
1905
3553
2495
2531
4677
3979
4242
1924
3597
3617
2213
2292
1581
3521
1924
2359
1909
2370
1342
2618
4422
4145
4422
1985
4817
804
3617
808
4145
2817
1173
1694
762
635
551
762
4242
2334
4817
820
4884
2370
4653
3521
720
635
992
635
1019
1216
3617
1877
3521
2359
409
3387
2495
1909
2729
3833
4265
4456
4677
4456
409
2856
4145
1019
3798
4183
2213
4422
2307
2261
1586
1096
615
1909
4422
1905
1169
4677
1659
4422
1018
4472
3597
4456
762
804
1974
2261
720
219
1129
2261
3597
4145
2658
3071
1581
1169
2856
4449
67
808
3635
814
720
219
439
105
763
1173
808
3597
4307
4183
3071
3798
3071
1559
4449
3387
1985
4677
2579
720
813
1909
3071
1173
2292
2012
1173
1974
551
1876
4653
1581
4456
4449
439
3553
1581
409
2579
4422
1559
2202
3071
2553
2940
4884
3597
4431
808
3979
4922
2261
4431
852
4449
615
1909
3287
3635
720
808
1974
1985
551
4307
2817
763
4643
4653
4677
1586
2729
1173
2495
3071
219
675
2370
1216
2334
2012
4643
1694
2213
1216
2202
1096
4449
551
4422
1342
3678
1876
1924
4677
4426
2359
1469
3553
1173
2817
615
1905
1985
4922
4145
2307
2579
4426
4456
675
4392
4643
1909
4242
1096
1581
349
4422
4884
4426
2693
2292
551
1924
388
219
3678
4145
3597
3553
1924
4449
3553
2817
2012
2495
720
804
439
808
4307
2766
219
2817
4643
2370
2359
813
4449
4183
2012
4472
1040
95
1586
1659
2307
4392
1581
2359
3597
2202
3833
3617
4677
3597
2292
1129
4242
3553
1581
4456
1877
2359
3678
4651
2693
1173
2370
439
3597
2370
349
1877
1924
349
3617
1169
3553
2261
2292
4449
4265
766
349
4817
4265
804
2940
4183
4422
2729
615
3071
3617
388
2292
4145
720
2658
4643
3979
4817
2307
2292
551
3597
1581
3833
4817
1586
4183
4651
4422
4145
2370
2856
2012
1974
763
1586
4422
1909
1173
3798
4145
3617
4449
1559
3597
3387
1581
4307
4307
2307
1905
2012
4422
2359
1019
763
2213
1985
2202
2856
2012
2495
2261
852
4449
3521
4677
1924
2370
808
3553
1586
1018
3833
4922
1586
992
4817
551
1342
3798
4449
95
4884
4677
105
3847
675
2370
3833
105
3635
2307
3597
4456
1610
388
763
95
2553
4431
4431
4307
4242
3617
4449
409
2658
4145
4677
2012
2292
1694
1581
4884
1909
3597
2261
3071
1019
2012
2817
3617
1909
3521
67
3847
3678
675
720
1924
1610
1586
1694
3678
1586
2202
3798
1659
388
1974
615
3071
4651
4422
4456
4307
4145
4422
675
67
2292
95
4456
1610
388
615
615
3597
4422
2553
3798
1129
3553
615
1169
2766
1173
762
3071
1342
1586
439
1877
763
3287
3833
4392
1173
635
2292
675
3387
4449
2292
4426
4472
1169
4922
2693
2618
3597
3287
2334
3553
763
1096
3617
3597
1173
105
852
1974
4653
675
1985
409
3071
3617
1581
4145
67
4307
4183
3798
808
3553
1586
4449
1694
4651
2213
4651
2307
2553
3617
1610
2693
4422
439
1877
2359
1129
808
3798
388
992
762
615
1559
1610
1974
3387
1018
2213
615
409
4677
105
3833
3798
1581
2693
2292
3071
1924
615
4922
2334
720
1905
4456
1581
820
1129
4431
3979
4307
2307
4422
2334
2202
615
675
2202
3597
1559
2370
551
219
3521
3635
3597
4456
1581
4145
1581
635
3847
4392
720
4145
675
1659
1659
439
551
3798
992
4456
105
3521
349
2261
2856
3617
1173
3553
4922
439
1173
409
4307
1169
1974
763
2553
1096
1342
2766
808
720
635
2359
4422
439
3387
4817
2553
766
4884
814
4677
4643
3553
766
67
1586
4449
1173
1924
1877
2334
1924
2370
219
2292
2531
4817
4431
3617
820
720
2292
4145
4145
2292
2334
2729
409
439
3617
1096
4651
2553
1040
2307
3635
3521
409
4431
2292
720
1694
4472
2856
3597
820
4307
2359
3071
4653
4145
4653
4456
2202
1173
3617
2693
1694
3597
4422
105
4422
4265
4817
4449
3521
615
2307
388
2495
1924
551
4449
3597
1129
105
3597
1559
3678
349
4183
1610
3617
808
2334
1659
4145
2261
3678
4884
1173
4884
1342
2359
615
3553
3553
720
1694
16
1610
2579
2012
4817
3617
1985
2012
813
4472
2202
105
4651
3071
1876
4183
2202
4431
1096
3553
1216
4922
4651
2334
1018
1985
1909
1694
1659
1581
808
3833
4392
4422
4817
2307
349
2261
4884
439
2693
1559
3678
67
4307
4643
635
1559
852
1877
3597
2553
1586
2292
105
105
2261
4884
105
2012
4265
3798
4145
4449
3597
2495
2202
3833
2292
4653
439
4307
4817
349
105
2292
4472
2817
763
1173
762
3553
2012
1924
1905
2012
3635
2359
635
615
1586
763
1876
409
4817
1216
4145
2292
3071
804
4265
2213
3678
763
1040
1216
4456
2359
1905
3979
1924
615
2307
4449
4651
4472
2012
4456
2766
2202
3387
4426
2940
2856
4426
4145
1924
2370
3798
3979
2766
2856
1924
2292
1974
1469
1924
4426
2531
4884
2618
2012
551
67
1559
4643
3597
1586
1469
2495
4265
2012
3071
4426
1659
2729
2334
1040
4449
4884
1129
4265
3521
349
2012
3833
3071
3521
762
1173
3597
852
551
2766
2940
1581
16
1924
1905
4265
2202
4431
4922
1985
388
1694
2334
3678
813
1586
3678
1905
1040
4643
1586
1586
615
4307
1924
2495
1610
3071
2495
808
4677
3553
3847
16
2856
2307
2618
2261
1096
2370
409
4677
3847
3597
4677
2370
3798
3678
1610
3798
2370
1985
1924
4456
3678
4265
4426
4392
1559
349
1469
4426
4449
2618
3553
4651
2553
219
388
813
2307
1586
1586
2531
2213
105
349
2693
2693
992
2553
2012
3521
1173
615
4449
3678
4307
2334
1581
4307
804
3553
1909
1581
67
2307
105
3678
388
1586
615
3597
2307
1876
4653
1559
2729
2012
4183
720
3071
762
388
720
3678
3071
808
1173
4392
1610
2307
4145
2292
3287
2307
4422
763
615
2817
1173
3287
1586
4426
2012
1905
439
2766
1559
4922
2307
4265
615
4456
1169
2553
4145
1559
2531
4677
4422
2292
2940
2618
105
4651
3553
4426
4884
762
615
1169
2658
4392
2202
3071
2334
4145
4422
2213
1586
2693
1974
1096
2202
1659
3553
219
2729
439
2261
2693
2856
1216
2370
2531
388
762
3617
2766
804
2292
1586
2334
992
1659
2213
4677
1581
2202
763
4431
3617
3617
4145
675
1581
1974
4431
3979
2729
4817
1096
2729
635
675
2658
852
4145
349
813
1909
675
1559
95
4422
3071
2359
1586
2766
808
551
992
1581
4677
2766
4643
67
4307
439
3521
4653
1581
4145
1342
1586
1974
3847
3553
105
2261
820
820
4431
2292
2729
4242
4431
16
1877
1096
4431
4183
675
2370
720
1342
3678
820
992
1096
4307
2012
2766
2213
3597
2292
4449
1586
1581
2856
2261
409
615
1974
720
388
3071
820
675
762
2370
2940
2213
4449
4242
1924
2856
4422
3553
763
1985
67
4422
1096
635
3979
1173
4242
2856
813
2531
3597
388
4422
3071
763
4449
992
1559
4817
720
1019
4145
2292
2856
4183
4922
820
1581
3847
1018
2292
1581
2307
2202
2766
105
1694
95
4653
4242
1096
615
1905
3071
1610
4643
4242
349
1096
1129
615
615
804
2012
2202
2370
4183
1040
2012
105
1096
4677
1096
95
1610
3521
2579
3635
635
4653
1985
3678
4265
4422
3678
3553
4677
219
3553
3798
4422
852
1909
1040
2202
1659
349
1342
3071
2370
2856
1096
4422
2495
1924
2202
808
2370
2012
4677
4422
95
1040
4307
4265
1909
95
1581
4145
2766
1040
615
3553
16
2856
67
3553
2307
105
1924
3617
1924
3798
4183
4183
1469
409
105
3635
1019
1342
1040
2292
439
814
4183
3387
1909
808
1909
1096
2202
4307
3678
1659
2202
852
1342
1610
1173
4653
1581
105
2213
3678
1909
4426
349
2012
67
1924
3553
219
1586
1469
4456
95
439
2531
813
1659
2307
808
2261
3597
4426
3521
3798
2495
1173
95
1581
2370
1905
1019
3678
4449
1581
388
2766
105
1096
16
4422
1924
4677
675
4449
1581
3617
3553
16
763
1985
1096
1877
4677
1586
3678
3071
4884
3597
820
3553
2012
95
2495
615
2495
1909
1586
763
2202
1581
4422
95
4677
1173
763
4431
2359
105
3387
2553
3597
1018
95
105
3617
4884
766
4449
105
4456
3847
3597
3678
2817
763
3635
763
4651
2693
3798
4307
4449
4456
4817
763
763
3553
3071
2012
2856
4922
1905
3833
4677
4922
4677
2359
3635
349
615
814
1924
2766
4817
388
4884
615
4472
2202
439
1985
4431
4643
1173
4422
615
1040
3521
4456
4677
1096
2940
3387
2292
2495
820
551
1974
95
388
4817
4456
4307
2856
1559
4265
3833
4431
2370
2307
720
3678
4449
3678
4145
2012
4643
3521
1342
105
3847
1659
1610
3798
3071
4653
3798
1581
2202
439
1559
551
2334
635
720
1581
4456
1173
1096
2817
1129
4307
2307
4392
820
4677
2261
439
3678
2370
4677
95
3678
1876
2307
439
1096
439
3071
1096
1974
1586
4677
1096
2553
3635
4677
3071
3521
1173
1586
1581
2618
1216
551
1559
4817
105
219
4145
763
551
4265
2202
2495
1173
4449
388
4422
4449
1924
804
3635
2292
3071
720
1905
4472
3071
4653
1586
1018
67
4472
2766
2729
766
388
1694
2292
3597
2370
4653
4145
2012
1924
763
763
1469
67
763
4677
804
4145
4422
2579
766
1173
2292
1173
4307
439
720
1173
1924
16
16
1924
4183
3847
2307
4426
1173
763
813
2658
1173
67
1216
3071
766
1924
1905
1905
2856
1342
3597
1905
2307
3678
675
16
4265
349
4677
1876
1876
2012
3071
1610
720
2856
1694
2359
2495
3617
3847
3071
3798
766
105
2766
3617
3071
1581
3597
2213
3635
813
349
67
1985
3553
762
720
1659
763
1040
349
3071
2213
4922
4183
105
763
1659
1559
4922
3833
2817
4449
3521
1610
2202
1694
4884
2766
720
2817
2359
4426
4265
16
2618
1581
3678
814
439
4651
720
4884
3597
1924
763
2307
2307
4677
720
95
4884
1216
615
349
4422
2012
1974
763
1924
814
2729
4456
3617
1694
4677
3071
4422
2334
4422
4643
1909
766
3678
4307
615
2334
1018
1586
4817
2693
4653
2261
3521
4922
409
1581
4449
3553
4884
4422
2553
4422
2766
3678
820
1905
1924
615
2307
1018
3617
1169
1974
4884
1040
1924
439
2618
3798
1974
95
4431
1877
675
1905
3979
1909
4884
4653
1586
3597
439
4426
3521
105
3678
3287
4242
1559
2370
4242
3678
2012
2817
814
3635
2307
1909
763
388
3847
2307
219
4884
1924
4677
439
2307
1129
3798
4426
2213
1586
3597
4677
1694
1586
4242
2729
4265
2307
2766
675
1342
4145
4431
1173
3617
4422
3678
219
2012
67
675
1909
2856
675
2856
105
4651
1173
615
4643
3979
105
4145
1173
615
4449
1586
4145
4422
2292
409
4422
1096
615
992
4449
4422
1173
3597
4677
388
2370
4643
3847
1581
551
2012
3597
349
1905
4422
16
4817
2940
2817
2553
4265
1559
4183
388
4431
388
4643
3617
1040
1173
3287
1169
4392
4449
4242
2553
1581
1581
3287
675
3071
804
1694
4265
1610
4242
820
1469
1659
1173
1018
2012
4677
1018
3798
67
4422
4307
4265
720
2213
3678
762
4307
675
762
3521
2292
2370
2359
3635
4472
2729
2359
3553
4265
349
1581
2012
2213
2292
2370
4456
1559
219
1559
1169
409
2553
3521
763
4307
2370
1877
4472
3521
808
808
2292
3387
2553
1173
1586
3553
1469
1924
763
1924
3798
4422
4677
2334
3387
4431
2658
675
4817
3678
4431
2012
4422
2940
820
349
3521
4643
2213
1909
820
2261
1173
720
3387
388
4456
388
1169
2334
439
4677
763
1096
675
4145
4183
67
1610
3521
2856
720
2729
3387
3617
1216
1559
1877
4449
1610
2579
814
3521
219
1610
1173
1586
4922
4643
4884
4422
820
3979
439
16
1974
3847
2359
3071
1877
4456
3553
4422
3833
766
3071
2202
3617
4449
2012
763
3597
2856
2334
16
1469
2618
4677
3617
4456
2292
2766
4677
2553
1924
2334
615
1559
992
4422
3678
2658
804
4456
1173
2012
813
1974
388
4884
4651
1018
1659
4653
720
4677
1924
2012
675
1909
2553
1019
2729
2693
1985
2856
2553
3521
2553
409
4653
2553
4817
4456
3553
4643
763
1974
4817
808
2202
409
3553
2202
4265
820
763
4242
2307
1876
4307
1924
4265
2307
1040
763
762
2940
3678
1018
1974
820
1216
4677
3553
1559
3553
388
4422
105
3553
2940
4422
1610
1096
1985
3617
551
1909
3617
3387
615
3071
1586
1559
105
4651
4884
766
2856
551
219
439
105
1018
615
1216
105
3678
4677
2292
1876
2292
2618
808
2307
1216
4426
4643
3597
2817
1659
439
813
2553
2370
615
4265
3833
763
349
2817
3521
2292
1469
3553
1586
808
4307
3553
2693
439
2261
1469
219
2940
4307
2307
16
4456
2359
2307
1985
2307
1694
1694
615
4145
4817
1586
3635
1586
388
3597
3287
4817
4183
1974
105
388
3617
67
4422
3553
388
105
2307
4145
2531
4456
814
720
4307
1924
105
1974
4449
1610
4265
4426
3553
4265
1581
1559
3798
635
4265
4265
852
3521
2940
615
1581
3798
4422
763
3678
439
675
4145
2579
1018
105
2292
1169
804
1974
1694
2359
4922
2012
4651
3635
4643
551
439
2618
2370
3798
4677
1694
3617
3553
2307
2856
1342
2618
1985
4884
3387
1905
4817
766
763
1586
1924
4817
105
1909
349
2553
1018
2012
635
2213
992
4651
2553
3617
1173
1877
720
720
1694
2334
439
219
4884
3521
1173
4422
1586
4677
2817
4651
615
2359
1909
4307
3071
439
2307
4449
762
1659
3678
4422
388
4922
4242
439
1586
2012
720
2618
2359
409
1173
2307
2370
615
4145
2618
349
1659
4817
1018
1905
2856
439
3847
3678
3798
1581
1559
3798
4884
4653
3798
16
105
4392
3847
4265
4884
2261
409
1096
1586
1659
4426
1694
615
808
2370
2817
1040
3979
615
1581
635
635
1610
551
4265
439
3847
67
1985
4422
2202
4431
3553
388
4422
4449
804
105
3678
4422
95
551
1985
2856
762
3597
388
1040
3597
3553
4677
4677
4265
2202
3798
2202
1586
3678
2856
675
4422
1096
1876
349
3979
1469
3553
2817
1985
615
4265
675
4456
4449
4677
3678
1659
3553
3798
1586
4884
388
2307
4422
3847
1924
3553
105
2495
4653
2940
2553
1581
4677
4307
675
3617
2370
852
551
1342
1096
2370
814
635
1610
1559
1924
3553
3798
4456
3798
219
3798
551
2307
675
1581
4449
4422
3553
4677
2553
4449
4145
1610
2202
3617
1694
4456
2307
4449
2618
2307
4817
615
4677
388
4817
720
1924
551
1559
4677
4422
4431
439
808
1905
1129
1581
2495
2495
2261
1019
2202
675
1216
1586
2495
2370
1169
2292
4884
2766
551
720
1905
3071
4449
4422
4677
1173
551
2729
3071
4653
720
2012
67
2307
349
2940
4145
2292
808
4145
615
2292
1019
1129
4472
1924
1974
1924
3071
1974
763
814
1659
675
3071
1216
1586
1018
439
4449
1342
814
2370
1559
4449
388
219
1173
1610
3071
813
2658
219
3597
4653
4307
4422
4265
2213
4653
4817
3597
3287
105
4392
4449
1876
852
1040
2261
2307
2213
3979
3847
4426
1559
4449
635
4392
1173
1173
1581
2766
1040
3521
2618
2359
2940
2202
2307
3833
1019
4422
2261
2292
2012
4426
3521
2012
439
3597
388
551
4922
3678
1905
2261
2307
4651
2202
720
3597
1985
4265
2202
2766
4653
2370
1909
3387
2856
1905
4449
349
4817
2940
2307
3071
4677
1659
349
1586
1586
813
4922
1342
808
16
2370
3833
2012
2856
766
3597
2553
2940
766
4817
766
1096
2261
409
615
2729
808
1096
1924
3597
439
1096
2012
4392
3617
439
1559
3287
1974
4422
1173
1610
4183
675
2012
4677
4449
3678
720
763
1905
16
2553
3798
4307
2307
4422
4653
1559
2531
4643
820
852
2856
2658
4145
2334
2307
762
4422
4242
2307
2012
1216
813
4449
4431
1610
349
1876
1924
2693
2261
4651
2658
551
95
2292
1581
2940
2370
1694
808
1173
1694
615
2856
409
2334
1169
2261
1586
2658
808
3597
105
1581
4265
1581
4643
814
2553
1469
1173
2579
1694
3617
1924
3678
3553
1342
1974
1173
388
439
3071
1924
675
4651
1909
439
2553
2334
3833
615
1096
3597
2334
1342
1924
1659
1096
105
2292
1909
2370
2658
763
1924
720
1096
820
1096
3597
4677
1173
2370
1974
4922
4456
2334
3635
2307
3553
1905
2370
4922
105
1905
763
1659
439
4677
439
67
1019
1173
1876
2307
1581
3553
4265
4145
1877
3833
1924
3553
4651
3678
4145
1469
2856
4817
439
4677
1559
675
720
1586
1173
2729
3521
2553
2618
3979
105
2012
1018
4884
2729
808
409
4651
1018
1586
615
219
4242
1876
763
4183
4884
804
3617
1559
675
3847
439
219
4145
4183
4922
4884
1974
1905
1924
219
1877
1586
2495
1974
2261
2307
1909
4817
4431
1216
4265
3847
3597
2856
3071
1173
4426
3553
349
551
4817
720
4884
1876
4426
388
4472
1876
4677
1018
2370
4677
1905
3617
409
2766
3617
1129
3521
763
4817
1586
95
409
2579
3635
4653
615
3071
16
2202
2531
1877
105
3387
808
2618
762
1659
3521
813
105
2495
388
4307
2579
3553
1659
409
67
4677
808
409
2261
3617
3287
4426
1694
4651
3071
1610
1909
1924
804
105
105
219
615
4449
349
1586
1876
4392
2012
349
2658
1659
1173
813
4651
2856
763
388
551
439
1924
3847
1974
2261
2553
3071
3071
4884
4643
4145
1018
3071
3847
675
3833
219
4265
1216
1610
2658
3553
439
1581
105
1610
439
2012
3553
1909
1610
105
2292
95
105
1924
4456
2307
219
4817
1905
1974
3553
2856
1469
105
808
3617
2213
720
1877
615
720
4472
3847
4653
2495
1018
3521
763
4431
3597
766
4449
820
3979
2370
388
813
1173
1096
2553
105
4242
766
4426
4449
2261
763
4307
720
635
1469
4183
2213
105
720
1610
762
852
3597
1586
2618
2213
762
4422
4677
4653
2729
1905
4449
813
1974
3678
1694
4183
1877
615
2334
3553
1173
2579
3678
2766
1909
388
349
615
4456
2766
4456
3847
2766
3979
1216
1659
615
388
1974
2766
2766
808
615
3833
4422
3553
2553
2012
551
3847
2579
814
3387
2012
1974
2766
1924
4456
3847
3521
3597
219
2213
1096
3597
4653
1586
95
439
3553
2202
349
1659
4265
814
2693
439
4653
3521
720
3553
105
2766
1905
219
4884
4242
2856
852
551
1559
95
4183
1694
4449
763
1694
4426
2359
3521
2370
2292
813
2370
3678
1974
3071
2940
1096
409
4653
766
3847
763
3678
409
1909
2817
1905
2202
1924
2766
2817
3678
808
2012
720
4183
349
3597
1216
1559
1096
4449
3798
814
2334
1559
4817
615
1876
766
2213
4422
551
439
4307
4643
95
4643
1659
2213
4183
551
1905
439
2292
388
3521
4456
2856
1877
3798
67
2495
439
4242
1096
1096
4265
388
1586
4456
852
219
105
3553
1985
1040
2531
1985
808
105
3847
3617
4145
992
4677
4677
2531
1610
762
2817
4422
2292
3287
2307
4456
349
763
2012
2307
105
3553
615
409
762
1924
2729
820
3798
4677
3798
16
852
4426
2307
4145
1342
3553
1559
2261
4677
2359
2012
2693
2202
4472
4472
4449
219
105
4677
720
635
439
4472
813
4183
1169
1985
4145
992
349
1342
4183
1586
3597
4265
2856
2292
1924
4817
105
2531
763
551
2012
349
1586
2531
852
3597
349
388
3635
2766
3597
3798
105
3979
551
439
3798
439
3833
2334
409
3635
2579
1876
4643
67
2012
3521
3847
2307
1581
1469
4307
1909
1659
105
2012
4431
3678
1985
2856
3553
762
3678
3521
720
820
439
2012
675
1559
2553
4817
2012
2012
4922
4422
2202
3847
2370
16
1173
1924
3597
2307
3071
3553
1876
4817
2370
675
1559
1659
820
2334
3553
1876
1974
551
1173
808
766
2261
439
1694
4817
675
2292
1924
4426
2495
4472
4817
2334
720
2817
3521
2940
4653
4651
1586
2292
2334
813
3847
3553
675
2370
4922
4472
3553
3847
675
2766
3071
1342
1173
4426
4643
1173
1924
3847
3833
2292
2213
4643
4265
2729
808
720
3617
4265
2766
1096
4307
4449
808
4431
4817
3521
808
3287
3553
4145
3678
2553
3287
4422
4817
675
2012
1694
2307
2261
67
1040
4922
4884
635
4456
2553
4242
4242
762
2012
1173
3678
3678
3635
4677
1129
1096
219
1905
1659
4431
2202
3678
820
4449
439
1905
388
4653
2729
720
3798
2202
1985
3071
1924
3678
1924
2370
2658
4265
720
439
1216
2292
1040
1905
4145
1974
67
808
105
2334
4677
349
1694
1096
2370
2202
1018
766
4449
2495
105
3597
2817
1581
4677
409
3553
1694
1985
4643
992
2012
2495
1559
4651
3833
4307
67
1096
67
2729
4422
409
2618
2856
2012
3847
219
4426
2693
16
4653
1559
4456
2766
551
3635
615
2213
1173
3617
3635
2817
4145
2531
67
615
1129
2292
439
1581
3387
219
2292
852
763
4422
813
1342
675
2307
2202
2359
1342
808
4677
852
1019
4392
2261
992
551
4431
1169
67
1096
763
1019
388
615
3678
2359
4651
1694
4456
1924
3678
4265
1040
2202
720
4643
3521
2292
1040
2292
67
4677
1974
3798
2940
4265
1096
16
67
4449
4643
3597
2658
4449
1040
2729
439
1096
2370
4392
4884
3597
1018
3617
4242
2334
219
409
720
4884
1096
3521
4884
1342
2307
2370
3798
439
675
1559
1974
1694
349
1019
4426
4922
2213
4449
2618
4884
388
762
1985
2940
3597
4922
3071
720
2202
2766
3597
4242
4817
3798
1173
409
1924
3798
388
2307
4145
1173
4145
2370
615
615
2495
3597
2012
4884
1610
2817
820
4653
4449
4422
349
4653
4422
1581
2213
1909
1985
2202
852
349
4307
4307
2817
3287
4265
1096
1909
4817
4449
1974
16
4651
2766
4242
2292
1559
4651
675
4307
3553
2553
439
3597
1974
1018
4145
2531
1694
3597
4426
675
2370
2618
3287
551
852
2307
615
1610
388
4242
2012
349
3833
1985
2292
4472
1905
1924
4422
4183
2012
2202
2940
820
4307
3597
2579
3979
2618
1129
2531
1974
1469
2370
1019
1096
2817
2370
2261
4265
2261
820
3287
439
2618
4422
4392
1173
4449
1173
1173
3847
349
349
808
2213
4449
1659
439
3287
615
2856
3798
1974
4653
1096
4426
4643
4449
3521
1096
2292
1173
2012
635
720
852
2766
763
1586
4884
2261
349
95
3847
804
4677
3071
388
4677
814
4426
615
1586
2856
3387
4183
4145
2202
3553
2202
439
1610
4183
4449
2012
1586
2307
4183
1924
3847
2531
4817
349
2729
804
3553
4426
3521
1559
16
2261
804
3521
1659
1610
4242
2307
1586
2292
4265
4265
1924
67
4677
4392
3597
3597
2012
219
1040
675
4431
3553
4426
2202
1905
1169
3521
219
4422
2334
2531
2766
808
763
551
3597
615
4884
1173
1876
2658
2856
2817
2012
1581
1877
3071
720
2940
2658
349
615
2202
1924
2370
551
551
349
1173
4145
3678
675
4307
615
551
3635
1877
615
4307
1169
3597
3617
1173
3071
813
2334
219
4472
615
4817
4145
1586
4817
219
3287
992
4431
2202
3798
808
4651
4653
4651
804
1040
1610
4449
1096
439
3553
1018
551
2213
2307
4884
1586
2370
2370
1659
3553
219
1924
3553
439
388
1096
852
1974
808
3387
3387
551
3597
2370
4922
4426
1877
4307
763
635
4145
3635
3617
4643
4426
762
2940
813
3071
4431
1905
804
1905
2202
763
675
349
1985
2618
2307
1019
388
3979
4677
675
4307
4643
16
4449
2213
635
1173
2817
1694
219
2307
1924
1876
4643
2307
3521
2856
4426
1096
1905
3847
3521
3979
2817
4426
1659
820
1581
2553
2012
4677
2579
4884
4422
3521
1877
808
388
3553
1581
2766
2261
2553
3798
3521
1581
4817
1018
2261
1659
992
2370
1586
1876
2359
813
551
3635
3553
3979
1659
4456
720
820
2553
813
2729
4643
4265
615
763
3847
3553
2334
409
1909
3617
2553
388
4307
1096
4145
2766
1173
105
551
439
1909
2693
2307
4449
2579
4677
3635
1974
762
2618
1129
1018
1173
2292
2693
2292
439
2766
3071
4265
2202
3678
1586
4817
4242
219
1924
1581
720
1909
551
3071
3833
105
409
2261
808
3553
388
1924
4183
2307
2307
2940
1610
1169
720
2261
409
2370
2213
4643
808
2370
720
4456
551
16
992
2012
388
2618
1581
1924
3287
1909
1909
4431
4677
3678
4265
3071
551
2292
2012
1659
4307
808
1096
808
1129
2334
1876
2292
409
3553
4422
388
813
1876
2202
3553
2940
1173
2307
388
3071
2495
2012
3617
675
4183
3521
2579
2618
2292
4449
3678
4677
551