0
0
0
4
4
4
6
6
1
1
1
3
3
3
6
6
0
0
0
3
3
3
6
6
164
148
855
3
237
57
997
758
164
254
299
261
237
148
102
848
884
646
57
93
20
592
102
273
32
982
164
254
197
20
564
982
32
438
34
148
254
45
3
57
546
55
102
122
57
45
198
3
93
102
982
148
646
632
564
55
682
57
438
698
164
109
3
55
237
254
592
102
197
671
438
564
20
501
57
868
55
55
790
57
884
299
57
261
655
655
55
868
592
564
122
102
884
93
671
682
237
3
884
438
148
501
102
164
884
392
698
261
982
109
261
109
57
884
671
875
20
758
698
55
671
868
122
527
646
758
261
457
356
20
868
592
327
527
438
327
327
671
655
698
790
655
57
57
164
148
55
55
148
148
592
671
102
20
109
93
982
3
102
261
164
671
982
564
164
3
457
438
57
109
592
438
327
254
102
564
546
164
438
457
564
982
32
527
197
20
251
32
93
527
122
55
438
32
884
251
527
197
198
457
671
273
197
102
392
884
884
982
237
564
868
790
20
671
57
698
216
632
884
527
884
501
997
20
884
392
438
982
148
868
636
884
237
790
57
655
698
237
197
57
299
164
55
3
3
457
20
564
527
997
164
251
564
655
254
884
636
501
20
273
501
261
982
20
109
55
884
164
216
3
197
564
32
273
57
55
122
982
261
564
148
982
20
57
568
564
646
148
327
671
102
55
868
501
884
216
261
501
501
299
197
527
164
261
438
122
164
671
790
93
671
501
299
102
501
438
527
982
592
527
55
102
322
273
237
237
93
327
646
758
327
254
982
356
299
568
592
93
868
412
501
102
261
527
982
273
3
148
671
197
102
982
457
57
564
3
356
646
698
868
20
546
457
982
32
530
564
982
261
758
32
868
982
501
884
57
32
261
164
501
982
93
261
237
55
261
564
884
261
164
164
20
392
93
197
982
438
102
671
501
55
671
55
501
197
671
868
3
3
527
197
3
412
592
197
148
790
164
884
527
102
148
164
93
564
884
868
109
546
3
261
20
254
3
102
254
868
197
438
758
3
646
997
55
527
102
55
327
790
982
197
93
636
868
564
261
299
457
197
646
102
758
438
34
671
997
3
564
55
3
698
3
32
102
3
530
392
438
20
438
884
438
148
564
93
102
392
501
438
254
3
57
55
148
884
564
438
790
884
923
148
501
32
564
102
20
164
884
57
57
197
592
3
671
790
868
261
102
261
32
884
592
653
982
57
148
868
527
102
884
45
438
102
868
923
564
392
102
273
501
148
982
197
57
299
299
546
546
564
758
655
93
884
254
438
55
109
527
646
884
299
197
671
237
564
884
237
982
568
57
3
884
982
102
57
671
197
868
982
758
20
102
392
884
93
55
868
698
457
55
197
457
592
148
102
55
868
102
57
261
109
997
868
55
57
868
164
438
254
261
93
412
527
164
564
564
3
438
3
93
884
102
923
20
261
982
982
261
164
197
982
148
632
254
546
356
636
148
164
273
923
57
564
216
982
55
646
273
671
564
164
438
93
653
93
655
55
790
884
20
164
55
55
148
564
261
982
646
698
57
884
671
671
197
3
20
977
55
438
868
254
237
682
655
197
261
884
3
527
646
855
997
102
564
261
546
57
997
698
646
671
102
646
148
164
102
148
32
109
527
868
102
982
3
254
299
299
564
546
273
698
197
197
327
671
923
102
564
197
758
564
997
109
261
148
501
55
438
671
884
671
848
197
164
261
868
102
102
102
20
164
254
977
93
671
20
875
564
758
457
3
564
55
148
197
392
438
982
438
671
758
55
254
977
164
457
564
671
148
655
57
982
3
102
392
197
20
261
564
20
790
261
57
527
102
438
55
977
148
55
57
671
868
164
884
848
438
646
923
646
254
251
868
164
977
997
438
527
102
299
977
438
57
273
3
32
32
57
671
868
698
884
237
527
527
197
884
848
20
592
57
884
530
109
93
884
93
3
848
671
527
93
299
568
564
855
55
868
3
884
322
55
592
55
636
982
299
198
868
254
20
197
982
261
982
875
884
655
564
982
3
527
982
982
884
3
868
671
197
55
592
501
438
671
671
164
848
102
102
671
93
197
299
977
982
636
57
148
3
93
884
982
57
457
564
671
148
93
93
982
299
93
93
923
32
93
122
197
254
671
646
875
564
392
671
884
564
671
148
884
868
197
671
671
982
102
102
164
501
982
261
164
698
261
646
790
564
299
3
564
997
671
102
57
546
671
392
848
34
148
299
3
592
273
148
698
501
977
102
164
299
438
982
868
501
884
299
55
982
884
392
501
148
868
392
57
982
997
884
592
506
1
855
713
232
5
601
369
506
432
716
107
232
1
485
967
529
52
5
381
505
150
485
647
272
865
506
432
300
505
209
865
272
46
37
1
432
37
713
5
546
76
485
923
5
37
198
713
381
485
865
1
52
632
209
76
682
5
46
470
506
154
713
76
232
432
150
485
300
769
46
209
505
314
5
75
76
76
416
5
876
716
5
107
84
84
76
75
150
209
923
485
498
381
769
682
232
713
529
46
1
314
485
506
498
933
470
107
865
154
107
154
5
113
769
186
505
369
470
76
769
886
923
183
52
369
107
591
186
505
745
150
647
183
46
647
647
769
84
470
416
84
5
5
506
1
76
76
1
1
150
769
485
505
154
381
865
713
485
107
506
769
865
209
506
713
591
46
5
154
150
46
647
432
485
209
546
506
46
591
209
865
272
183
300
505
186
272
381
183
923
76
46
272
113
186
183
300
198
591
769
647
300
485
933
529
529
865
232
209
75
416
505
769
5
470
216
632
876
183
876
314
601
505
498
933
46
865
1
886
853
520
232
416
5
84
470
232
300
5
716
506
76
713
713
591
505
209
183
601
506
186
209
84
432
498
853
314
505
647
314
107
865
505
154
76
876
506
216
713
300
209
272
647
5
76
923
865
107
209
1
865
505
5
853
209
52
1
647
769
485
76
886
314
529
216
107
314
314
716
300
183
506
107
46
923
506
769
416
381
769
314
716
485
314
46
183
865
150
183
76
485
860
647
232
232
381
647
52
369
647
432
865
186
716
853
150
381
75
412
314
485
107
183
865
647
713
1
769
300
485
865
591
5
209
713
186
52
470
75
505
546
591
865
272
463
209
865
107
369
272
886
865
314
876
5
272
107
506
314
865
381
107
232
76
107
209
498
107
506
506
505
933
381
300
865
46
485
769
314
76
769
76
314
300
769
940
713
713
183
300
713
412
150
300
1
416
506
418
183
485
1
506
381
209
498
868
154
546
713
107
505
432
713
485
432
802
300
46
369
713
52
601
76
183
485
76
647
416
865
300
381
853
868
209
107
716
591
300
52
485
369
46
463
769
601
713
209
76
713
470
713
272
485
713
37
933
46
505
46
876
46
1
209
381
485
933
314
46
432
713
5
76
1
498
209
46
416
498
923
1
314
272
209
485
505
506
876
5
5
300
150
713
769
416
632
107
485
107
272
520
150
366
865
5
1
802
183
485
529
842
46
485
868
923
209
933
485
647
314
1
865
300
5
716
716
546
546
209
369
84
381
520
432
46
76
154
183
52
876
716
300
769
232
209
529
232
865
853
5
713
498
865
485
5
769
300
868
865
369
505
485
933
529
381
76
75
470
591
76
300
591
150
1
485
76
745
485
5
107
154
601
75
76
5
75
506
46
432
107
381
412
183
506
209
209
713
46
713
381
520
485
923
505
107
865
865
107
506
300
865
1
632
432
546
186
853
1
506
647
923
5
209
216
865
76
52
647
769
209
506
46
381
366
381
84
76
416
876
505
506
76
76
1
209
107
865
52
470
5
498
769
769
300
713
505
412
76
46
868
432
232
682
84
300
107
876
713
183
52
855
601
485
209
107
546
5
601
470
52
769
485
52
1
506
485
1
272
154
183
868
485
865
713
432
716
716
209
546
647
470
300
300
647
769
923
485
209
300
369
209
601
154
107
1
314
76
46
769
529
769
967
300
506
107
745
485
485
485
505
506
432
797
381
769
505
186
209
369
591
713
209
76
1
300
933
46
865
46
769
369
76
432
797
506
591
209
769
1
84
5
865
713
485
933
300
505
107
209
505
416
107
5
183
485
46
76
797
1
76
5
769
802
506
113
967
46
52
923
52
432
186
75
506
412
601
46
183
485
716
797
46
5
647
713
272
272
5
769
868
470
876
232
183
183
300
498
967
505
150
5
485
842
154
381
498
381
713
967
769
183
381
716
853
209
855
76
75
713
876
860
76
150
76
853
865
716
198
868
432
505
300
865
107
865
186
876
84
209
865
713
183
865
865
498
713
886
769
300
76
150
314
46
769
769
506
967
485
485
769
381
300
716
797
865
853
5
1
713
381
529
865
5
591
209
769
1
381
381
865
716
381
381
923
272
381
923
300
432
769
52
186
209
933
769
520
209
769
1
498
940
300
769
769
865
485
485
506
314
865
107
506
470
107
52
416
209
716
713
209
601
769
485
5
546
769
933
967
463
1
716
713
150
647
1
470
314
797
485
506
716
46
865
868
314
876
716
76
865
876
933
314
1
868
933
5
865
601
418
150
164
482
855
713
325
604
697
758
164
254
866
627
325
482
818
896
16
52
604
381
505
592
818
201
376
982
164
254
300
505
386
982
376
167
968
482
254
530
713
604
718
55
818
122
604
530
46
713
381
818
982
482
52
53
386
55
56
604
167
975
164
169
713
55
325
254
592
818
300
213
167
386
505
314
604
868
55
55
790
604
16
866
604
627
655
655
55
868
592
386
122
818
16
381
213
56
325
713
16
167
482
314
818
164
16
392
975
627
982
169
627
169
604
16
213
115
505
758
975
55
213
868
122
189
52
758
627
457
115
505
868
592
201
189
167
201
201
213
655
975
790
655
604
604
164
482
55
55
482
482
592
213
818
505
169
381
982
713
818
627
164
213
982
386
164
713
457
167
604
169
592
167
201
254
818
386
718
164
167
457
386
982
376
189
300
505
115
376
381
189
122
55
167
376
16
115
189
300
46
457
213
201
300
818
392
16
16
982
325
386
868
790
505
213
604
975
216
53
16
189
16
314
697
505
16
392
167
982
482
868
864
16
325
790
604
655
975
325
300
604
866
164
55
713
713
457
505
386
189
697
164
115
386
655
254
16
864
314
505
201
314
627
982
505
169
55
16
164
216
713
300
386
376
201
604
55
122
982
627
386
482
982
505
604
853
386
52
482
201
213
818
55
868
314
16
216
627
314
314
866
300
189
164
627
167
122
164
213
790
381
213
314
866
818
314
167
189
982
592
189
55
818
278
201
325
325
381
201
52
758
201
254
982
115
866
853
592
381
868
339
314
818
627
189
982
201
713
482
213
300
818
982
457
604
386
713
115
52
975
868
505
718
457
982
376
842
386
982
627
758
376
868
982
314
16
604
376
627
164
314
982
381
627
325
55
627
386
16
627
164
164
505
392
381
300
982
167
818
213
314
55
213
55
314
300
213
868
713
713
189
300
713
339
592
300
482
790
164
16
189
818
482
164
381
386
16
868
169
718
713
627
505
254
713
818
254
868
300
167
758
713
52
697
55
189
818
55
201
790
982
300
381
864
868
386
627
866
457
300
52
818
758
167
968
213
697
713
386
55
713
975
713
376
818
713
842
392
167
505
167
16
167
482
386
381
818
392
314
167
254
713
604
55
482
16
386
167
790
16
122
482
314
376
386
818
505
164
16
604
604
300
592
713
213
790
868
627
818
627
376
16
592
653
982
604
482
868
189
818
16
530
167
818
868
122
386
392
818
201
314
482
982
300
604
866
866
718
718
386
758
655
381
16
254
167
55
169
189
52
16
866
300
213
325
386
16
325
982
853
604
713
16
982
818
604
213
300
868
982
758
505
818
392
16
381
55
868
975
457
55
300
457
592
482
818
55
868
818
604
627
169
697
868
55
604
868
164
167
254
627
381
339
189
164
386
386
713
167
713
381
16
818
122
505
627
982
982
627
164
300
982
482
53
254
718
115
864
482
164
201
122
604
386
216
982
55
52
201
213
386
164
167
381
653
381
655
55
790
16
505
164
55
55
482
386
627
982
52
975
604
16
213
213
300
713
505
977
55
167
868
254
325
56
655
300
627
16
713
189
52
855
697
818
386
627
718
604
697
975
52
213
818
52
482
164
818
482
376
169
189
868
818
982
713
254
866
866
386
718
201
975
300
300
201
213
122
818
386
300
758
386
697
169
627
482
314
55
167
213
16
213
896
300
164
627
868
818
818
818
505
164
254
977
381
213
505
115
386
758
457
713
386
55
482
300
392
167
982
167
213
758
55
254
977
164
457
386
213
482
655
604
982
713
818
392
300
505
627
386
505
790
627
604
189
818
167
55
977
482
55
604
213
868
164
16
896
167
52
122
52
254
115
868
164
977
697
167
189
818
866
977
167
604
201
713
376
376
604
213
868
975
16
325
189
189
300
16
896
505
592
604
16
842
169
381
16
381
713
896
213
189
381
866
853
386
855
55
868
713
16
278
55
592
55
864
982
866
46
868
254
505
300
982
627
982
115
16
655
386
982
713
189
982
982
16
713
868
213
300
55
592
314
167
213
213
164
896
818
818
213
381
300
866
977
982
864
604
482
713
381
16
982
604
457
386
213
482
381
381
982
866
381
381
122
376
381
122
300
254
213
52
115
386
392
213
16
386
213
482
16
868
300
213
213
982
818
818
164
314
982
627
164
975
627
52
790
386
866
713
386
697
213
818
604
718
213
392
896
968
482
866
713
592
201
482
975
314
977
818
164
866
167
982
868
314
16
866
55
982
16
392
314
482
868
392
604
982
697
16
592
1
1
1
3
3
3
7
7
