1000 9704 0
196 587 634 857 10 147 608 790 854 856 962 
49 388 517 558 726 942 972 129 233 300 338 513 553 636 817 843 899 946 
165 434 934 995 128 186 221 296 603 762 
94 221 296 303 378 432 457 523 555 624 753 773 836 970 997 113 211 263 285 309 361 384 417 436 469 556 625 655 656 711 739 779 787 809 853 893 949 959 991 
46 76 251 920 211 414 556 671 800 971 
48 361 652 921 77 169 220 303 306 408 816 874 
76 226 355 374 484 608 757 959 17 30 94 136 201 232 406 601 606 621 639 716 
353 453 689 698 746 994 46 186 211 238 460 663 723 815 831 
177 399 470 683 744 787 827 828 877 173 212 331 371 500 533 547 681 724 844 860 993 
145 369 496 623 732 819 1 80 228 498 554 580 813 875 970 
73 220 276 385 465 734 21 149 171 263 367 520 592 622 1000 
108 169 225 392 591 790 813 79 147 308 329 344 353 435 452 460 603 680 706 
17 92 146 197 277 337 339 347 377 425 461 471 504 557 588 601 602 628 795 919 30 77 88 164 199 208 293 305 307 313 319 379 388 389 394 395 483 488 510 529 534 600 608 663 680 775 817 837 972 994 
326 332 433 766 85 124 602 654 661 842 
50 129 223 409 495 862 33 155 291 340 464 551 735 793 884 887 967 
241 851 878 944 39 141 195 411 495 537 815 
13 85 268 311 367 498 654 704 858 987 7 316 342 487 533 571 582 763 769 780 840 960 966 967 991 
94 298 313 685 970 62 188 204 269 365 428 722 737 939 
60 190 215 261 645 666 826 51 152 212 434 491 564 567 581 604 775 802 
38 186 603 930 88 431 740 746 800 859 962 1000 
77 135 149 224 236 537 569 574 600 603 676 692 703 726 776 829 857 868 11 33 58 95 129 171 221 295 303 347 368 369 411 452 466 499 621 637 673 680 757 761 816 827 879 928 994 
110 530 600 658 703 726 747 868 930 99 145 147 351 371 384 534 659 725 737 777 820 840 894 947 
31 141 156 633 642 70 175 240 361 565 668 689 976 
159 335 718 845 69 122 143 277 389 665 858 
199 353 551 989 71 216 236 240 298 726 
392 937 990 993 33 489 501 549 551 680 827 
120 254 488 780 370 417 579 705 800 941 
53 401 476 691 113 187 425 710 788 976 
50 76 175 374 538 712 780 862 170 280 290 387 428 551 635 662 697 761 834 879 894 966 
132 182 220 364 385 405 465 560 659 730 734 761 13 7 35 60 125 137 154 174 240 326 452 535 617 676 708 774 784 934 
23 444 603 880 930 154 195 344 351 631 635 938 989 991 
34 649 738 907 293 546 549 571 625 792 
42 88 115 145 210 283 315 390 640 648 674 752 819 842 15 26 21 66 225 353 367 422 451 490 571 578 616 638 643 721 852 875 900 922 930 940 955 
32 93 157 554 178 307 659 824 825 910 942 954 
37 164 499 925 30 144 313 490 502 513 696 
41 63 75 140 240 277 602 636 719 76 111 135 167 330 336 345 485 565 625 647 862 886 931 
35 371 725 816 864 135 378 573 851 884 
20 447 483 522 930 988 394 452 623 768 814 968 982 
93 318 361 823 1000 16 46 107 324 504 602 874 962 
79 136 367 514 654 690 795 86 98 211 384 523 634 635 645 681 786 995 
36 99 245 690 987 59 289 344 530 611 821 838 860 
33 310 319 637 91 159 170 779 806 942 
204 265 466 853 923 971 112 114 183 188 226 308 314 395 621 995 
117 194 378 697 943 215 356 456 662 785 954 
92 198 347 498 148 460 535 605 855 875 
5 76 124 129 226 409 481 521 538 764 892 893 39 8 138 154 171 211 285 350 426 462 500 564 569 585 600 676 707 790 971 
145 247 308 439 637 794 219 464 531 661 729 735 757 857 994 
6 288 534 778 904 72 128 351 399 498 624 912 933 962 
2 333 380 501 857 972 132 139 167 228 308 731 749 847 915 
15 29 400 481 764 780 893 965 116 239 380 398 464 480 529 570 689 728 734 748 851 974 
385 405 431 556 730 734 789 912 964 19 360 388 415 503 580 599 643 695 784 877 895 
192 291 632 790 936 958 335 420 457 461 487 551 794 837 860 
28 219 288 647 818 156 378 407 431 508 757 787 969 
81 134 667 869 886 69 94 124 483 512 766 
164 205 359 479 579 686 700 725 864 93 106 112 244 289 303 362 501 558 724 878 943 
146 356 367 514 159 317 371 379 485 527 837 872 
113 447 522 600 210 215 571 613 680 936 
60 172 180 215 248 358 418 468 489 553 563 678 763 945 21 76 81 230 310 314 317 451 492 496 551 617 638 699 723 724 737 753 766 794 948 990 
81 139 170 179 204 232 300 338 466 567 618 779 881 886 923 971 41 117 213 236 307 328 335 382 414 437 484 507 549 699 711 726 828 833 838 845 940 997 
58 19 190 553 563 615 645 976 30 145 458 502 530 639 653 658 677 737 
219 361 490 650 907 1000 371 412 415 506 590 675 689 941 992 
105 237 485 571 669 18 63 252 342 419 689 938 990 994 
36 198 482 636 62 313 381 523 650 831 863 989 
200 551 665 765 812 856 232 319 331 414 419 534 646 888 931 
139 265 300 460 667 908 191 208 445 631 669 796 807 934 948 
105 159 844 874 33 109 363 530 602 695 868 
87 194 298 624 105 234 344 485 507 664 861 1000 
394 485 814 903 129 177 236 430 672 700 708 
171 352 572 604 656 756 54 24 275 370 499 564 623 649 685 753 994 
165 392 673 878 23 198 345 367 702 819 
253 371 549 816 25 97 165 222 238 466 739 943 
245 339 728 858 48 177 414 463 485 642 
11 659 964 991 138 149 204 436 853 885 
497 630 777 929 352 413 446 570 670 707 865 
36 498 504 655 169 183 302 335 462 585 
7 29 5 46 129 195 223 357 435 526 625 757 774 855 883 920 931 965 36 58 79 145 198 214 228 245 263 288 335 361 396 442 456 504 508 577 599 635 647 661 668 719 922 979 997 
21 110 149 186 224 284 388 600 633 653 676 724 726 760 793 942 972 13 6 143 145 157 202 232 249 260 275 301 307 367 551 565 597 645 725 761 805 845 869 948 979 995 997 
407 474 845 948 124 167 259 318 613 707 817 
40 240 245 282 285 339 498 564 655 719 12 76 161 257 333 344 361 409 456 487 558 638 687 779 787 825 908 
489 553 945 947 10 234 341 499 766 830 878 903 
54 59 134 139 212 383 544 735 908 923 58 124 178 198 206 272 315 373 376 582 673 744 780 877 920 
186 196 235 600 137 143 385 516 578 608 694 818 
122 456 584 962 195 232 481 671 681 695 
165 434 607 878 887 230 386 413 629 800 975 
17 146 239 377 504 629 654 788 987 14 326 334 350 385 405 412 420 526 591 641 681 778 851 
189 316 753 901 40 113 159 347 405 459 534 811 
67 194 313 452 121 168 318 352 572 703 899 945 
33 145 174 218 319 343 413 478 570 663 819 966 20 13 106 194 229 237 244 311 331 361 399 530 645 650 680 700 712 726 808 841 
340 415 502 511 665 139 189 313 361 819 898 
572 656 786 906 281 308 372 503 800 942 
232 349 667 735 779 881 42 225 234 305 324 342 421 463 474 
13 45 367 386 244 260 431 649 725 894 
34 39 193 207 442 573 649 55 169 389 416 421 552 596 627 845 887 972 
4 18 112 221 228 375 432 457 464 997 7 54 159 266 466 485 580 616 706 710 736 757 776 809 828 974 
221 228 273 298 378 396 452 492 661 697 753 773 21 127 144 240 281 374 474 502 567 638 648 666 759 780 781 802 931 984 993 
147 397 440 508 584 255 298 444 495 708 800 967 976 983 
171 352 656 838 71 217 285 297 527 577 947 
335 411 429 710 40 170 354 371 401 681 836 888 
41 240 337 588 589 646 654 797 22 154 238 272 284 308 383 502 766 868 872 878 906 
171 572 604 656 711 839 841 194 343 370 464 662 671 881 925 940 
379 582 693 814 860 948 171 210 325 369 479 584 613 640 865 
145 218 310 334 369 370 381 496 594 640 648 684 752 819 130 335 386 445 457 495 562 617 656 707 711 726 741 816 929 931 934 964 994 
127 428 793 980 193 288 410 594 790 982 
134 232 460 779 923 971 137 279 343 415 457 570 595 676 813 
66 62 173 237 264 467 480 896 67 115 246 296 328 342 433 547 627 770 816 825 887 
167 202 260 351 561 683 787 799 828 850 861 884 955 55 88 113 144 207 279 314 320 423 501 631 658 813 816 823 845 889 908 989 998 
112 228 298 523 890 997 39 195 222 388 476 530 551 596 659 776 805 
12 341 616 673 134 215 624 738 784 933 
510 656 781 841 66 333 670 689 835 882 
22 77 714 747 214 294 300 322 564 588 
415 551 622 741 810 909 36 122 370 432 523 703 728 823 914 948 
94 107 117 181 289 298 321 378 671 697 753 773 901 43 55 251 345 388 417 422 484 560 573 604 722 731 771 812 840 856 961 
57 141 149 186 312 333 483 530 543 559 600 634 638 658 724 868 930 942 957 106 28 86 4 117 152 187 230 290 308 395 427 430 442 448 526 571 577 596 637 681 725 740 753 803 841 915 948 952 964 
256 379 394 411 467 485 693 762 800 845 872 874 903 935 948 43 132 145 184 188 262 355 371 444 558 584 690 711 726 735 743 804 857 873 875 884 911 944 
33 595 668 770 819 825 105 203 276 338 354 379 482 534 634 815 
228 238 437 639 997 50 129 195 260 307 351 424 673 831 
112 44 221 378 449 492 518 523 670 701 940 59 113 202 247 388 414 510 590 621 630 640 664 678 681 772 812 993 
635 662 801 843 420 594 695 698 726 972 
257 493 766 865 634 654 698 725 847 885 986 
27 374 625 749 232 240 490 627 703 911 
143 187 211 332 395 472 617 731 751 831 871 961 87 213 226 302 303 337 393 471 527 539 570 616 638 642 659 710 716 837 904 996 
83 222 257 275 297 326 363 384 508 590 617 720 731 758 806 871 111 24 162 190 210 289 315 327 378 435 459 513 572 626 637 645 662 692 708 761 769 793 874 970 972 
485 529 718 867 124 253 547 737 832 945 
46 226 400 435 774 78 81 54 14 123 779 781 800 
164 549 816 875 30 159 306 653 749 819 
225 242 341 565 673 179 356 643 731 779 780 
103 314 348 404 517 868 95 147 158 199 290 516 727 850 867 
352 572 604 656 711 781 841 3 48 367 432 435 445 525 899 942 
46 76 15 231 355 357 374 435 484 488 495 608 625 660 757 780 883 931 951 992 2 116 21 68 212 222 261 264 308 344 467 485 517 541 550 551 615 630 636 678 761 765 793 815 884 888 967 970 
260 351 641 985 102 152 268 513 571 833 
282 376 471 784 858 987 210 211 563 619 688 855 945 
30 266 560 659 730 761 915 978 114 49 155 254 308 313 485 557 606 933 986 993 
193 301 534 840 352 413 513 517 525 810 845 
81 104 54 618 735 853 108 137 193 287 290 322 360 484 548 691 822 
21 156 304 348 444 537 569 580 642 724 857 868 882 939 972 37 36 137 168 195 249 297 339 363 399 426 586 661 720 779 791 810 852 909 964 981 
40 198 233 507 514 564 655 728 784 987 7 157 298 450 503 612 623 637 658 675 689 736 872 901 907 996 
200 281 415 421 491 513 626 708 746 768 817 856 135 30 104 134 82 293 308 395 539 574 597 603 668 669 718 722 753 844 
230 513 592 681 689 817 873 73 46 144 148 363 437 474 535 542 630 757 980 
59 81 65 232 300 338 349 460 466 500 585 869 899 908 89 49 191 298 306 313 332 347 438 447 459 494 501 524 608 623 663 916 972 
36 282 386 784 603 610 695 769 868 946 
23 113 638 793 16 169 435 492 544 680 
182 431 659 922 978 274 398 480 494 634 729 
121 147 430 590 758 806 859 24 82 77 259 323 352 435 469 533 570 629 665 
161 201 229 295 318 476 516 534 630 649 778 818 840 888 926 977 1000 95 138 106 35 181 248 283 339 350 372 396 479 480 504 540 558 610 645 703 768 867 868 878 913 
102 88 10 47 33 218 247 283 390 413 623 648 657 715 732 733 752 825 950 966 114 76 22 60 77 149 177 187 220 269 270 320 366 388 401 474 516 565 624 641 642 655 658 681 759 818 856 893 901 904 
85 56 13 655 257 480 642 828 870 893 
143 96 320 766 805 962 12 1 127 22 282 707 710 723 803 
164 209 253 725 816 864 875 925 138 45 298 326 342 469 660 663 710 872 896 995 
21 77 113 885 972 11 73 145 198 434 681 748 820 923 
720 806 821 913 210 232 446 479 485 649 939 997 
198 507 628 655 784 155 227 306 362 681 707 804 962 
154 219 295 361 503 599 630 649 840 130 113 19 171 341 413 421 640 718 761 940 949 990 994 
352 711 838 906 274 342 387 406 414 516 616 932 
152 157 161 201 207 214 288 318 420 516 599 791 823 904 946 1000 99 30 31 46 170 177 276 305 357 392 415 437 505 530 566 635 659 693 708 709 716 793 806 817 853 885 
218 315 334 381 539 595 819 132 15 151 175 362 484 517 600 689 720 759 845 
23 135 404 942 972 53 201 349 392 556 617 691 826 848 
154 34 229 288 420 1000 77 136 180 340 388 523 548 681 961 
283 819 825 950 127 262 288 538 579 655 790 
24 66 249 270 280 335 411 485 531 669 710 718 824 844 845 860 867 896 918 975 125 42 56 86 94 217 272 281 296 388 398 466 527 556 570 650 661 671 680 687 728 779 781 788 819 866 879 945 996 999 
232 383 899 908 177 333 659 728 757 828 887 
144 154 302 849 79 221 228 329 397 588 
171 604 841 122 367 484 495 544 608 674 918 
270 379 571 631 771 824 845 918 935 218 287 367 444 514 523 727 732 806 852 862 871 894 947 996 
55 125 148 35 371 479 549 579 613 643 725 782 816 864 875 982 13 195 201 240 273 283 286 310 327 341 365 376 423 427 475 477 526 595 619 649 750 793 804 845 849 857 
84 70 3 169 71 288 301 399 474 804 938 
200 415 729 941 285 367 507 542 607 758 
106 177 438 561 641 828 884 953 36 78 49 291 296 318 411 474 493 619 690 818 881 980 
188 211 306 743 87 135 348 565 598 801 814 
12 165 176 294 330 448 459 662 769 851 878 995 996 6 141 93 75 188 196 224 229 307 315 399 426 505 559 600 638 659 766 804 854 
59 232 460 466 779 853 971 29 154 98 42 283 328 505 638 707 731 895 920 
97 100 162 69 604 656 682 711 815 838 839 906 101 11 46 21 152 174 257 326 498 577 578 595 673 746 763 772 971 985 
58 261 489 645 945 269 330 627 638 728 813 849 856 874 
105 474 515 800 948 9 295 454 518 576 625 646 707 735 
88 243 308 595 770 999 30 171 213 298 383 405 440 448 514 576 760 
29 246 774 855 893 155 23 203 239 372 485 600 729 806 
169 406 414 851 878 995 215 306 430 442 471 534 645 680 788 883 928 
167 9 185 202 234 260 399 487 494 512 641 707 799 822 828 861 917 954 68 72 160 154 145 195 226 305 319 388 397 413 534 539 630 656 659 765 774 789 817 864 897 914 930 966 995 1000 
225 272 342 414 34 81 394 442 470 791 947 965 
59 232 271 585 618 687 779 971 126 457 529 536 614 636 641 696 902 938 
58 261 454 462 489 645 666 709 763 976 157 211 221 388 408 445 473 534 575 587 737 785 847 867 882 
112 661 697 832 905 943 144 288 297 438 533 783 823 878 935 
142 30 220 431 560 761 228 313 404 690 823 882 895 925 931 948 992 
559 600 793 882 43 75 474 487 608 705 894 
250 344 621 622 681 689 114 232 283 363 399 787 793 826 991 
177 596 736 828 319 523 729 902 927 934 
20 77 82 113 447 600 638 653 3 8 253 270 283 285 318 376 387 390 413 468 609 862 
121 508 731 743 145 28 113 251 335 368 386 
168 306 320 326 336 365 456 754 859 114 18 169 43 249 251 539 575 723 828 857 934 942 980 
86 316 509 943 970 89 272 330 430 540 719 907 991 
19 60 307 678 122 404 565 585 739 864 
308 505 539 733 911 65 139 380 437 619 642 790 841 954 
52 737 958 993 244 324 378 511 596 714 850 857 
133 93 442 791 818 929 134 103 218 303 553 607 760 912 931 994 
44 67 87 228 298 378 605 661 670 832 970 88 100 258 286 422 484 547 567 617 673 688 692 735 784 815 925 937 
76 226 246 251 254 357 374 521 804 863 893 959 992 116 83 107 31 164 135 177 16 228 370 385 395 470 551 595 675 731 796 840 936 
1 82 444 569 724 972 169 213 260 288 291 548 626 918 948 
13 233 269 664 572 617 652 671 688 989 994 
63 45 136 151 285 367 716 81 70 149 76 220 234 372 596 745 806 902 
25 393 541 592 621 830 856 941 13 127 397 447 508 604 858 945 978 986 997 1000 
137 64 166 421 551 750 215 395 476 560 632 742 828 924 942 971 990 
154 144 301 318 575 599 630 650 164 7 156 308 330 391 492 494 702 890 958 997 
177 106 309 345 438 548 561 596 707 736 787 799 884 954 117 77 212 228 296 305 307 343 350 374 404 647 669 699 771 883 928 935 940 959 967 
239 282 367 504 557 664 728 919 115 175 288 316 359 443 474 515 663 680 696 742 915 996 
59 43 300 618 73 18 479 537 680 995 
55 253 359 519 613 725 219 223 305 505 696 703 709 857 962 
209 499 686 816 81 236 286 526 552 575 710 
154 93 490 599 652 921 106 257 419 464 489 623 658 714 816 923 
238 298 321 671 697 879 905 13 65 361 481 504 515 524 529 587 826 888 
206 148 371 875 924 214 227 237 488 791 806 
33 243 308 317 343 413 478 542 663 694 745 798 819 842 950 57 131 122 101 150 215 244 280 378 387 414 435 475 569 584 601 636 723 746 827 830 930 961 984 
121 168 257 363 397 450 456 680 713 805 806 831 865 913 961 5 8 46 131 40 4 180 215 230 249 321 334 442 604 672 681 779 780 800 827 828 919 964 984 
81 349 398 436 544 19 129 202 9 502 743 
250 281 421 698 729 121 174 196 59 380 389 500 866 971 
154 288 476 534 650 904 209 110 76 428 487 634 763 788 994 
58 19 261 307 418 462 545 563 615 666 763 902 945 967 108 211 200 57 210 44 176 361 385 431 479 550 599 629 655 706 719 781 819 858 984 
424 508 590 806 25 237 287 359 367 521 943 947 
344 372 393 525 897 998 159 97 364 370 476 583 638 644 901 
155 145 102 88 315 505 527 594 663 694 794 798 825 163 193 221 251 285 340 446 459 512 544 559 585 589 728 774 785 786 806 830 910 
61 152 53 295 318 401 426 554 650 889 205 47 222 247 278 305 330 345 363 399 645 772 784 785 808 945 994 
11 182 30 385 387 431 761 6 198 145 378 479 510 522 529 640 825 933 
4 117 95 94 273 933 21 180 161 218 3 323 398 513 662 669 798 
122 267 430 440 450 584 731 758 805 865 129 107 219 71 237 259 260 308 411 460 551 649 804 811 966 972 
76 15 963 992 205 572 600 636 693 967 
21 77 576 882 169 318 352 563 865 953 
178 12 126 272 410 520 616 644 717 742 843 984 996 33 91 306 313 318 413 453 567 584 613 685 695 703 736 747 816 838 916 935 948 
124 46 195 7 246 254 382 608 780 892 931 177 121 43 268 366 372 404 430 438 457 515 572 616 725 814 882 946 1000 
244 324 555 685 151 209 267 368 516 551 824 987 
116 95 194 107 94 298 313 378 452 583 685 773 846 933 943 997 202 49 76 182 195 161 10 267 286 317 346 351 363 399 428 520 590 593 594 596 673 718 851 929 967 
157 144 361 503 691 904 921 968 88 169 284 324 367 498 525 667 732 787 882 937 
138 453 506 525 551 689 708 792 830 211 113 84 58 293 387 425 467 485 581 596 597 766 828 857 883 900 
129 374 435 764 774 780 277 537 636 659 873 878 929 
170 104 160 179 91 59 139 265 271 300 349 436 466 544 585 618 779 869 971 83 184 150 77 7 64 120 240 246 258 288 298 356 397 414 489 520 534 539 572 647 649 654 688 704 739 787 829 997 
136 197 240 586 2 330 400 451 572 888 
177 309 322 438 707 80 198 91 67 298 477 636 899 
82 483 559 776 972 980 363 374 377 519 585 688 718 890 922 970 
21 638 747 760 206 59 68 25 745 806 
62 105 327 335 407 631 718 814 872 209 216 88 222 361 413 421 459 541 548 608 773 776 842 993 
116 208 316 378 432 464 612 661 836 846 943 8 71 99 266 284 315 335 413 476 526 570 621 751 757 776 819 839 
85 203 504 690 50 175 253 328 340 510 608 786 
233 36 79 99 269 311 337 347 498 532 601 629 654 979 23 120 95 30 25 232 164 265 267 363 414 443 534 574 584 624 651 878 879 955 968 
16 341 459 759 990 288 379 661 670 677 681 726 927 
126 662 813 894 243 444 791 824 976 980 
210 174 381 427 663 242 326 437 624 706 714 729 979 996 
227 378 437 452 583 605 55 192 210 88 92 604 659 775 776 915 
72 41 79 367 377 471 796 76 281 292 404 416 534 555 844 878 911 971 
175 226 195 435 495 608 625 780 804 893 232 105 319 389 399 613 638 649 724 784 830 853 859 898 930 975 
47 145 310 369 898 117 219 610 827 905 910 939 943 
58 536 553 967 144 290 573 670 712 890 907 946 
159 443 451 800 935 948 211 77 188 135 399 783 941 962 999 
184 213 372 458 609 960 351 373 378 438 596 662 734 870 988 
5 195 409 455 757 931 112 188 187 218 280 445 686 716 949 966 990 
426 630 907 1000 62 328 510 663 935 971 
148 71 205 278 350 371 499 519 613 700 725 816 875 924 925 982 239 123 186 260 261 271 282 325 328 348 379 470 512 557 560 565 608 699 761 848 868 937 939 978 
27 195 226 293 757 959 132 347 433 513 553 714 915 
388 530 634 776 96 265 374 379 418 725 856 
114 688 710 739 295 470 495 709 838 937 
119 122 211 320 336 363 535 584 680 751 806 821 831 961 146 207 171 79 414 423 439 452 490 503 518 571 602 636 660 800 818 856 910 911 984 
337 347 367 507 796 919 194 232 327 567 583 585 663 708 844 849 
469 829 857 980 222 78 143 361 364 377 646 
106 177 130 596 696 861 891 77 222 116 92 253 196 336 498 551 757 776 997 
180 172 215 19 129 253 361 379 809 989 
372 551 689 876 114 158 356 469 488 596 875 
453 621 909 994 76 11 4 350 399 702 840 948 
105 379 417 473 688 129 375 390 430 457 502 600 722 873 
65 232 43 567 735 971 255 240 312 537 583 710 752 792 813 871 
132 405 659 915 956 978 238 94 415 516 606 665 702 812 820 889 973 
222 365 430 508 228 240 227 272 447 503 509 884 
17 367 728 788 130 226 304 551 776 860 933 
240 197 346 425 532 18 172 145 361 707 714 775 864 980 
163 159 860 867 145 186 496 805 875 966 992 
232 179 383 466 253 458 562 822 940 970 
178 225 305 391 392 414 552 614 632 717 759 783 790 887 895 159 99 267 189 81 293 427 438 529 630 643 694 718 720 740 747 776 802 824 849 933 954 975 978 
95 221 437 612 836 997 164 356 374 389 415 465 745 789 865 
574 619 658 793 153 142 357 375 461 546 785 977 
122 395 440 713 865 871 962 69 77 434 618 682 710 774 783 797 945 995 
11 364 659 912 154 115 313 506 624 672 680 738 
36 13 498 833 231 24 281 434 642 787 972 
253 359 499 725 816 864 219 342 435 446 603 707 729 793 847 971 1000 
333 388 722 885 104 106 340 853 859 927 
159 290 335 693 845 251 29 210 300 354 367 421 453 
137 213 286 506 681 876 90 95 277 245 159 366 439 516 635 766 
203 79 131 140 367 377 425 477 498 636 147 253 288 335 361 558 603 638 693 710 802 806 902 924 962 963 969 
145 33 158 308 752 819 144 184 170 186 164 305 466 
77 388 642 714 747 857 229 99 238 407 624 650 663 729 914 
198 79 311 337 461 532 628 629 654 858 186 166 97 46 218 4 342 378 462 694 801 804 828 868 912 
281 475 491 547 698 768 817 228 194 206 164 379 383 516 628 669 685 840 845 
459 616 635 673 790 851 163 216 134 379 573 720 792 806 966 
154 157 214 48 53 318 426 442 503 516 554 630 767 840 889 904 914 968 181 203 282 165 196 232 158 76 103 241 324 335 367 441 526 561 609 625 628 726 729 737 758 824 847 854 920 957 
112 378 452 890 41 55 122 537 570 717 929 
280 335 379 394 515 571 702 824 29 113 127 248 134 339 516 528 632 634 774 836 
52 577 673 785 15 167 196 460 479 757 
380 486 603 726 885 245 364 415 487 789 823 838 987 
254 435 526 538 625 712 804 32 272 230 137 13 361 613 689 825 860 971 981 
169 305 419 550 673 759 984 110 361 534 560 625 645 670 792 800 848 853 
152 144 219 503 578 888 926 256 173 21 471 714 768 819 863 915 928 945 
4 313 375 509 555 900 167 105 202 3 159 420 616 690 791 809 812 
122 456 540 680 758 135 97 181 331 377 631 712 877 883 
95 18 228 107 112 194 208 67 303 313 452 523 832 836 879 940 997 96 148 136 234 139 25 174 232 315 367 372 438 510 549 572 604 673 681 687 723 797 820 828 845 856 860 
367 504 588 772 411 496 560 635 711 742 751 835 
232 139 59 204 65 398 460 779 853 908 2 110 280 303 413 414 426 430 464 508 545 546 555 655 722 820 997 
201 133 791 818 907 77 165 363 424 659 934 947 992 
161 426 738 1000 121 75 315 352 440 441 683 729 
4 298 313 378 457 464 518 583 612 685 697 701 940 970 55 193 121 6 300 21 323 342 351 465 471 537 565 614 656 660 712 802 820 878 978 
135 441 568 619 747 829 880 268 342 354 379 556 678 710 756 758 
294 272 894 936 974 984 995 13 283 202 205 91 219 154 177 674 779 872 
188 168 433 546 699 731 806 865 125 151 176 225 139 6 413 427 524 682 691 994 
190 215 373 462 489 593 645 678 902 945 59 169 34 77 202 116 13 473 548 641 681 738 766 872 880 904 
47 210 283 191 174 315 317 343 369 370 381 478 668 752 794 842 12 129 113 137 201 49 90 43 132 222 99 400 446 504 534 601 625 656 683 690 718 727 804 887 945 996 
202 234 641 683 787 4 324 341 380 435 543 770 854 
102 247 42 640 866 164 58 326 497 858 1000 
240 17 285 337 88 528 673 841 945 984 
113 333 724 868 265 319 351 670 765 897 
87 303 228 18 296 298 378 432 437 449 452 457 583 624 677 685 697 997 182 13 63 132 225 89 276 139 35 315 320 385 447 458 474 538 540 562 600 649 673 676 682 711 757 790 994 
127 388 389 558 619 638 714 793 882 58 43 106 340 372 401 426 518 671 759 863 875 876 878 994 
155 308 33 218 317 334 381 413 427 539 570 594 637 640 775 999 122 302 298 238 169 81 313 321 344 363 378 446 563 588 598 600 618 689 774 778 822 845 848 892 943 959 
238 189 86 375 452 203 17 399 450 645 712 759 864 
308 210 315 527 594 637 694 770 58 228 56 329 393 556 561 655 690 746 790 924 
154 219 39 201 288 144 420 476 534 647 649 823 904 921 929 986 224 225 87 186 167 78 330 355 383 438 457 483 499 523 536 570 656 664 706 711 724 758 877 932 992 994 
88 42 413 427 505 668 745 752 842 927 966 999 64 312 177 185 246 13 375 378 385 391 456 669 697 777 806 814 817 878 910 984 
257 188 147 617 699 831 313 145 106 690 750 765 799 922 968 
208 112 457 464 933 997 315 211 430 473 593 837 851 904 953 960 994 
234 438 487 561 134 110 507 680 721 755 896 972 
325 415 421 621 221 143 303 478 722 744 961 971 
227 432 449 464 523 639 670 932 192 288 309 229 91 39 330 593 637 644 652 690 797 856 
323 415 453 681 253 101 334 437 480 558 758 940 
14 188 122 395 590 680 758 766 821 834 865 938 243 310 148 85 30 171 350 411 507 530 664 759 760 764 774 840 
237 335 762 771 874 948 122 164 258 416 442 565 840 937 962 
475 609 809 994 239 170 252 59 253 105 364 974 
474 693 739 844 845 161 317 12 700 708 754 837 859 986 
169 414 614 616 620 759 851 995 36 318 324 201 219 233 172 189 333 388 693 758 1000 
379 702 844 867 935 297 64 9 88 414 420 904 965 
121 14 363 424 962 139 506 604 608 709 723 725 908 948 
279 113 312 49 404 568 658 723 109 160 330 79 384 434 489 500 512 628 748 958 
102 155 315 505 325 211 85 349 449 746 855 864 
159 24 280 98 237 290 327 379 480 524 669 688 771 52 76 187 102 59 288 282 238 75 349 482 520 573 591 603 616 679 707 766 848 894 
257 188 365 395 433 938 260 36 374 483 538 677 742 912 948 
285 13 258 240 99 311 514 646 833 121 480 545 553 560 565 617 619 630 710 790 937 973 976 
139 59 585 971 115 2 430 476 777 882 
72 79 13 376 507 588 664 728 983 290 144 135 536 733 738 780 828 867 874 899 906 922 962 
89 344 372 513 547 689 856 960 218 15 239 157 314 279 425 481 627 658 853 878 966 981 
108 241 126 414 759 847 936 952 164 152 80 309 661 663 723 789 810 828 915 923 
178 392 414 446 565 635 673 737 801 843 878 996 17 303 304 278 62 91 105 153 285 148 349 398 436 633 760 763 948 997 
210 308 88 663 732 775 202 104 100 349 400 531 690 790 904 
217 184 340 681 765 817 848 897 79 315 129 12 67 41 31 378 389 457 654 662 
202 494 695 891 112 219 36 70 432 614 817 845 
269 655 788 797 228 616 720 755 872 916 
13 45 240 258 601 719 254 86 21 139 415 424 452 619 688 733 959 
127 135 388 722 253 168 611 663 811 859 
139 212 232 91 383 466 567 334 335 342 156 343 521 558 624 632 658 812 962 
253 359 579 725 782 816 864 875 144 263 85 326 46 202 453 550 699 712 765 923 986 998 
130 106 438 470 512 596 611 707 828 852 891 973 985 116 250 228 48 31 312 22 303 359 367 437 476 555 604 619 715 717 797 843 945 963 
128 153 69 97 510 656 781 841 906 143 302 133 224 74 87 452 464 486 560 648 657 747 867 
8 25 626 729 830 856 989 998 12 33 359 389 438 444 485 599 600 640 702 733 747 921 
491 502 609 689 741 280 98 115 304 565 581 585 747 923 
129 7 484 625 862 114 318 379 737 738 921 
56 628 788 979 273 126 262 44 232 497 584 771 
76 195 129 528 608 780 931 154 274 469 537 638 784 790 806 829 
58 454 598 967 385 452 585 661 938 984 
278 55 350 205 613 925 351 216 203 353 492 780 853 
606 696 837 884 51 134 367 409 441 516 
39 6 61 229 152 420 490 516 630 652 767 777 802 889 904 977 986 261 282 4 215 76 208 89 259 293 294 79 23 88 237 269 465 645 747 749 786 787 842 875 884 896 915 916 
529 582 771 845 872 918 155 55 151 408 576 594 830 940 980 
257 211 122 332 395 430 450 540 699 720 754 758 766 806 865 219 66 228 235 135 184 240 138 315 301 373 474 498 556 578 629 638 662 709 737 801 829 841 883 
30 276 405 556 560 597 789 922 292 217 259 328 476 487 513 571 710 754 801 828 971 
267 336 188 584 680 731 18 164 367 499 681 763 885 984 1000 
399 596 683 707 736 787 828 916 281 145 226 372 376 416 476 630 725 743 816 831 914 
299 203 282 56 40 258 245 17 198 92 268 376 471 589 602 636 664 704 716 833 351 11 166 70 298 216 365 288 280 229 128 33 163 162 360 77 413 489 559 561 568 691 773 813 823 840 880 941 961 970 
480 800 867 872 227 187 21 431 587 953 959 968 
10 308 102 247 370 101 21 388 485 608 757 872 887 891 
308 369 102 413 732 819 966 217 100 195 27 111 69 477 511 635 698 803 856 
37 71 253 164 209 479 579 613 643 686 700 875 982 114 98 9 56 61 22 474 482 551 565 609 614 627 645 719 728 784 819 861 882 967 
250 340 262 217 423 506 547 551 665 681 856 873 298 366 226 90 314 144 175 198 430 452 463 523 572 582 678 707 825 852 861 893 
307 454 468 645 945 363 81 250 427 654 699 724 744 932 
120 29 7 195 231 129 484 526 660 804 202 336 255 95 235 273 381 394 420 475 511 539 613 659 840 
296 94 316 457 624 639 672 697 970 319 264 274 528 632 676 758 774 796 816 882 972 
367 131 339 386 629 646 983 164 366 186 81 392 489 673 821 827 884 945 
282 245 85 13 564 719 297 259 235 443 612 668 845 910 948 
117 4 112 44 95 303 313 244 289 238 228 194 449 464 890 900 932 970 210 344 319 220 192 122 37 285 315 53 250 395 517 573 641 655 711 715 724 735 800 806 856 865 894 928 930 945 998 
264 101 290 335 114 331 163 429 485 669 675 820 286 56 13 115 253 287 255 304 241 355 261 518 697 731 764 804 823 828 
292 49 388 692 829 868 880 980 50 213 191 309 417 494 563 731 777 816 819 971 
155 315 308 102 243 668 752 898 950 63 374 415 533 558 568 601 612 675 707 803 816 907 980 989 
226 757 780 862 59 399 478 867 974 977 999 
271 81 349 160 779 886 971 174 99 318 286 389 473 496 527 951 961 981 
122 680 699 758 333 4 40 22 398 644 
220 30 51 11 405 659 915 964 215 319 358 313 82 85 195 489 674 731 796 844 923 
140 92 376 654 728 84 187 102 447 497 606 642 661 924 
220 560 659 730 991 230 153 210 29 186 664 675 682 935 
314 2 284 380 255 348 77 279 389 501 530 600 638 653 723 747 857 117 145 51 157 107 13 330 177 159 112 180 369 415 474 484 540 561 583 650 701 761 775 797 837 872 983 999 
314 388 404 537 587 658 692 723 724 776 857 930 972 93 213 246 24 13 383 353 344 273 391 511 579 613 648 667 693 707 711 795 913 1000 
33 145 640 715 264 186 404 593 721 997 
272 414 565 843 969 984 389 201 319 533 661 793 883 946 950 
26 70 272 12 342 422 459 673 783 801 156 376 154 412 458 514 551 611 625 741 810 815 900 980 992 
199 217 746 809 121 317 676 770 984 991 
290 68 114 412 474 571 669 688 702 710 739 762 820 178 374 13 38 511 570 624 656 678 681 697 801 817 853 892 900 909 924 957 963 
363 336 121 326 275 433 440 493 546 590 680 758 13 195 43 137 378 200 113 414 532 619 667 670 681 694 773 776 816 897 982 
95 452 518 523 900 144 76 761 799 825 917 937 950 
211 96 535 699 758 161 232 199 177 634 635 910 
212 300 436 460 500 610 667 735 881 899 50 384 342 159 221 142 416 652 674 676 743 758 780 816 958 
366 177 9 403 487 611 627 683 695 707 744 828 837 884 955 246 316 382 219 135 263 228 48 88 249 169 184 165 420 425 442 546 557 571 616 686 713 844 900 
50 124 526 757 920 308 343 233 582 659 758 
28 219 575 791 98 314 145 548 614 656 
454 536 967 976 662 668 695 718 720 818 
399 736 917 955 523 819 830 841 864 971 
333 389 127 156 703 724 857 939 190 202 390 182 226 245 407 440 495 591 635 678 847 
51 385 364 266 30 556 964 978 86 85 174 410 498 547 612 669 725 728 856 874 883 885 
176 616 759 783 7 153 440 486 583 595 830 
78 237 485 675 844 284 404 53 414 472 547 554 730 
638 703 857 972 180 362 6 473 707 926 
46 251 15 625 757 920 360 79 429 434 544 623 956 
225 552 581 635 405 103 512 523 714 784 906 925 
114 159 98 417 705 706 975 299 167 16 21 222 326 439 487 773 798 879 932 
394 631 706 718 85 392 61 680 817 967 
319 88 210 145 315 370 527 539 570 594 623 640 663 668 684 775 798 999 300 367 237 84 177 133 238 306 186 225 74 152 430 561 566 574 680 734 735 738 813 817 883 893 923 934 972 
391 178 272 342 341 330 176 459 565 614 632 673 717 737 790 984 990 993 995 72 300 210 64 59 407 5 117 331 240 395 232 153 257 433 501 502 633 661 663 707 735 754 799 821 837 861 877 926 967 
166 89 111 325 137 323 511 525 551 621 792 812 830 856 960 994 998 273 292 104 266 388 61 347 154 381 51 494 532 534 591 595 625 642 697 717 726 767 782 828 852 864 958 
452 464 612 890 940 366 245 93 398 327 471 626 688 740 
264 411 529 651 860 380 4 112 27 460 466 696 779 
215 58 462 645 666 967 255 438 515 635 673 819 862 874 985 
294 616 620 759 790 847 62 64 207 585 725 822 871 914 997 
154 318 361 157 442 738 767 914 946 968 296 52 374 85 331 118 399 579 642 656 672 705 723 764 824 
200 323 137 213 511 541 729 93 152 237 91 280 424 512 604 700 946 972 
392 565 644 813 33 112 194 449 536 651 885 
372 809 817 994 164 106 257 553 605 686 
332 216 430 962 347 116 301 421 570 575 684 908 
13 282 269 690 230 28 399 340 680 723 945 
302 219 252 288 534 968 135 46 169 300 314 529 635 793 806 838 856 
243 319 315 439 570 825 306 113 373 164 272 462 516 614 703 818 
103 653 714 723 29 228 214 18 553 675 883 900 
98 379 480 710 845 409 656 741 760 790 852 945 958 
267 143 222 363 424 472 508 754 865 938 226 321 113 413 189 338 176 68 264 372 300 431 460 647 653 
182 220 51 142 556 597 734 761 991 368 92 20 53 215 430 497 502 549 600 616 618 628 732 775 
238 313 94 324 4 624 661 111 345 128 459 598 600 604 673 731 772 854 859 
14 336 395 306 508 766 962 414 254 105 483 499 668 775 785 844 868 899 
3 84 614 662 887 894 937 984 277 19 333 149 275 409 440 694 729 830 866 955 
76 124 246 129 293 231 481 757 892 893 931 951 141 278 143 309 210 128 122 12 452 513 540 575 611 614 840 842 902 942 993 
212 232 398 460 853 971 4 73 342 442 693 708 747 845 906 
273 116 313 244 452 697 933 997 351 138 59 154 191 325 243 496 601 608 613 991 
322 167 234 351 202 494 512 596 611 641 683 787 811 828 884 917 953 272 181 226 418 318 139 298 250 353 538 602 671 677 697 712 715 771 780 812 880 895 899 937 984 
427 47 496 623 411 257 281 735 814 873 
96 222 275 395 456 535 590 699 174 404 302 406 434 475 485 516 573 595 604 608 703 953 
304 569 726 829 972 988 360 302 288 513 545 632 827 834 846 871 878 
420 193 93 288 490 534 573 630 650 818 926 986 1000 399 327 436 76 176 178 113 211 532 555 560 661 675 753 813 819 858 870 871 885 985 
249 474 485 710 377 240 203 574 645 663 
31 196 135 714 114 96 242 163 353 542 725 736 
679 707 811 884 955 128 102 251 65 180 631 746 856 948 
342 565 616 635 851 878 958 984 218 278 150 74 315 308 468 499 689 841 872 902 905 
186 38 57 576 634 776 386 267 199 139 313 545 565 683 725 775 944 
169 550 635 895 910 113 174 511 608 680 683 809 852 883 
378 117 324 313 464 612 661 672 677 932 422 334 490 534 595 634 700 713 717 719 851 860 967 
222 363 211 540 680 721 731 806 316 136 533 580 599 660 664 747 824 920 
249 571 669 693 710 824 844 845 33 58 233 491 556 565 626 656 791 861 933 969 
313 244 396 228 316 298 289 437 95 416 87 523 661 836 879 970 352 12 21 372 347 358 30 435 257 38 517 530 538 585 604 634 663 880 912 918 931 934 945 975 999 
263 230 325 8 681 698 280 225 350 510 616 816 925 972 981 
358 180 402 373 468 902 947 976 173 543 562 629 675 707 758 847 864 996 
251 538 608 893 508 638 740 747 790 882 
297 211 188 440 83 720 758 44 79 76 319 477 625 757 873 876 944 997 
94 313 375 303 321 4 773 940 997 104 179 344 52 226 264 102 318 699 707 735 784 913 963 987 
250 681 750 817 313 60 392 271 568 675 
287 414 392 169 241 635 759 878 218 237 139 122 86 432 525 564 579 647 753 819 864 
139 300 398 170 65 436 104 585 853 899 971 45 8 222 291 12 430 417 570 620 629 663 666 710 731 841 894 935 
285 13 514 788 274 52 641 718 743 974 
180 418 307 215 553 645 678 945 967 46 75 427 285 596 635 687 737 845 875 901 948 973 984 
604 656 781 838 72 91 372 724 962 972 
321 378 324 416 449 238 303 94 624 639 753 905 932 970 300 47 50 352 100 207 15 480 505 599 602 659 689 714 790 806 829 834 865 875 912 999 
11 30 560 597 761 789 912 273 361 303 565 591 699 793 807 813 
170 139 43 59 349 232 271 687 779 881 94 21 71 159 283 417 632 645 664 704 732 754 759 948 986 995 
114 105 474 480 808 129 230 483 512 649 747 753 894 
58 454 373 489 186 446 485 584 780 830 
259 530 638 676 835 143 357 4 148 262 561 700 872 961 
351 9 707 787 852 877 195 178 256 253 556 594 630 767 958 
367 131 245 13 477 504 303 176 295 121 416 485 617 759 840 844 904 
430 121 766 962 407 552 563 788 809 919 
264 485 710 874 408 321 180 307 383 811 851 
329 394 467 78 443 173 485 688 948 167 388 95 203 313 91 138 363 165 145 371 183 563 836 991 
328 286 541 626 681 741 746 750 856 994 210 374 440 164 515 518 528 561 602 624 630 640 667 676 851 971 997 
214 144 318 28 516 534 573 630 650 738 914 1000 200 338 364 366 351 238 107 217 492 495 540 616 668 752 787 792 844 897 954 973 
471 282 602 690 234 164 370 456 694 732 856 908 
308 88 210 775 323 382 625 764 834 993 
164 371 55 549 579 643 725 816 924 291 215 144 204 220 101 150 535 775 803 878 966 989 995 
429 467 105 335 368 710 800 824 845 872 874 464 337 146 142 144 325 50 490 508 513 551 630 647 673 678 756 779 812 
435 46 50 521 608 749 804 83 340 208 501 541 562 579 663 786 814 943 
63 504 602 664 371 115 335 612 656 859 
38 113 235 634 638 642 653 747 857 336 13 433 467 54 318 556 579 636 660 766 856 864 869 927 963 971 
129 7 355 374 538 608 155 194 162 112 134 388 59 642 672 689 944 
474 379 407 443 62 473 159 114 123 68 524 705 845 860 872 935 948 353 129 94 150 56 67 471 175 36 132 440 230 468 72 369 498 521 616 623 625 673 715 807 825 828 841 
292 530 537 882 406 352 599 666 873 1000 
177 399 322 512 596 611 828 837 955 79 364 214 292 17 52 411 183 551 622 724 851 872 932 
129 27 495 538 963 262 209 13 747 950 985 
172 307 468 80 58 180 593 598 645 945 949 967 367 385 207 26 376 232 333 550 555 624 641 650 655 750 793 825 875 908 933 
61 207 442 361 578 791 849 480 120 449 257 35 33 515 555 752 824 984 
137 354 286 551 622 994 451 19 523 645 662 767 845 857 912 931 967 
117 95 846 932 940 476 58 359 141 201 742 759 867 
119 395 584 821 167 629 663 954 971 972 
345 438 177 512 695 736 828 415 380 201 142 139 496 645 723 748 860 899 
15 129 246 488 804 855 404 256 16 476 96 162 102 516 554 735 858 
10 102 439 637 911 58 270 383 494 437 299 572 802 
74 534 777 791 840 1000 310 386 356 431 604 686 831 
282 277 240 17 45 79 75 562 704 854 48 171 10 363 260 405 229 485 656 681 707 749 789 863 874 
278 35 253 206 613 700 21 69 365 318 433 446 80 625 993 
139 398 544 567 735 779 9 46 213 333 501 506 571 572 583 
49 388 676 722 747 829 857 500 414 55 106 481 26 139 612 748 761 832 
89 354 511 551 665 729 792 830 994 431 99 60 95 264 414 35 212 520 522 534 570 600 844 861 
295 288 152 229 534 802 90 136 51 267 257 560 596 693 878 979 
471 75 239 13 85 482 203 299 514 564 716 983 144 208 39 76 308 525 552 622 627 677 734 765 771 832 972 997 
218 191 319 334 819 464 169 154 170 205 513 520 543 
281 230 372 681 994 276 61 500 332 739 764 872 988 
258 136 339 151 807 67 166 59 326 322 565 691 929 999 
96 122 433 216 187 267 430 680 758 871 961 962 300 76 455 199 480 53 534 548 659 711 747 759 761 795 837 844 887 926 971 982 
189 296 670 997 267 713 758 796 948 953 
352 109 572 656 711 756 815 453 13 220 252 117 239 298 577 697 858 935 950 
502 415 421 89 768 394 389 448 370 192 374 
494 177 351 487 438 679 787 828 54 333 218 467 410 253 421 553 607 725 771 967 
137 340 138 609 708 729 817 830 856 960 989 998 441 254 435 505 2 35 364 480 133 122 221 130 565 718 738 743 771 833 851 921 
136 40 461 504 56 337 601 704 807 174 163 392 598 611 641 766 779 781 829 891 959 
290 173 571 582 669 771 475 208 203 490 418 226 689 858 901 902 999 
361 144 476 288 154 554 599 630 652 691 888 904 907 986 145 427 281 440 360 127 82 286 290 153 227 495 266 538 608 677 718 762 782 841 892 894 950 
127 2 642 726 133 452 378 155 129 609 
396 117 303 933 475 257 379 314 173 520 679 683 936 974 
253 205 725 875 235 558 678 728 759 955 
225 550 565 673 878 934 936 984 11 228 232 335 518 505 502 560 645 860 
46 195 481 780 216 349 485 583 806 925 
57 38 676 972 220 502 664 682 787 819 
452 117 4 107 396 298 324 661 670 672 677 901 318 63 372 403 185 491 111 163 410 157 40 557 574 783 788 842 862 895 896 955 
335 485 800 870 139 306 208 635 781 832 894 
230 415 217 551 729 746 817 989 504 229 128 133 459 544 656 727 735 857 898 907 940 975 
400 374 293 76 625 660 749 965 164 113 85 288 206 238 530 590 722 775 890 994 
218 317 413 570 663 842 121 97 383 159 56 571 790 936 946 
357 749 764 920 290 375 311 475 594 683 
362 123 417 571 948 208 220 50 426 13 272 179 750 936 
113 388 486 255 469 22 559 587 619 634 747 829 980 60 326 154 41 88 526 107 66 452 535 561 611 624 711 762 785 814 906 940 1000 
159 651 702 903 47 343 586 743 780 915 
240 285 269 784 415 395 442 539 642 758 828 
700 755 864 875 925 381 143 450 391 9 181 17 607 840 
144 476 426 442 497 503 133 48 318 214 573 630 691 823 907 946 508 176 177 245 64 13 308 232 22 180 86 294 449 415 502 240 115 545 583 636 673 819 857 943 994 
257 397 440 590 680 30 530 479 45 138 787 
402 248 563 678 339 422 179 318 554 783 906 993 
486 21 135 389 703 722 793 880 289 265 16 204 303 357 231 762 809 858 881 962 993 
293 46 455 488 484 29 780 804 452 336 516 438 313 158 601 630 654 806 875 879 
191 315 155 413 866 950 981 232 188 137 374 532 121 177 612 650 682 779 
363 450 297 721 865 913 962 476 144 313 189 388 435 815 853 926 
199 421 475 856 994 129 237 481 736 780 840 
210 637 694 770 166 138 444 656 851 863 
113 580 724 776 309 505 454 802 820 948 993 
500 81 212 232 853 923 141 218 525 409 162 559 659 746 778 818 893 
215 598 826 902 441 447 534 337 300 724 868 
395 306 584 743 32 274 399 300 759 760 919 983 
286 372 340 817 405 194 123 9 407 105 826 860 
202 561 611 683 736 852 861 954 508 237 157 307 196 401 134 700 804 809 866 913 945 962 
125 479 71 164 431 26 59 32 298 604 970 
448 520 294 565 803 894 984 993 489 129 350 215 572 667 761 809 819 874 901 961 
372 230 111 262 525 491 64 415 502 25 200 621 622 681 689 809 812 856 941 998 222 268 129 29 15 487 195 260 227 392 371 107 480 26 77 58 52 562 599 602 603 667 742 796 824 884 929 942 
272 410 742 748 785 93 472 504 206 728 804 837 968 985 
58 462 80 60 248 645 945 947 423 337 254 2 193 512 428 673 760 772 780 996 
288 516 219 34 407 536 10 495 730 906 
296 227 4 836 940 442 245 300 351 489 490 705 747 764 
51 364 431 405 659 915 922 978 991 4 304 156 451 5 363 470 159 317 483 941 996 
203 13 602 690 523 253 132 399 625 778 961 972 
2 314 634 638 642 868 972 79 282 519 144 114 325 381 349 55 784 841 
235 113 183 530 692 835 367 544 169 218 766 785 799 933 954 
364 387 182 465 132 30 659 761 789 956 964 991 200 337 253 352 442 520 503 299 294 112 601 626 669 749 806 826 830 984 994 
202 322 548 106 167 611 811 288 388 317 367 475 413 530 469 836 910 938 
498 636 833 983 313 271 102 481 551 454 609 759 
60 536 58 215 678 945 967 474 380 472 224 131 315 603 659 905 
377 136 504 79 728 858 69 46 19 459 110 920 948 955 984 
520 422 550 391 342 126 414 446 616 737 769 790 803 847 878 887 993 995 327 513 23 168 36 190 507 371 303 145 337 451 354 77 253 465 447 588 708 735 824 903 924 935 965 991 994 997 
600 634 723 988 154 413 746 858 935 952 993 
349 500 59 265 585 971 258 95 194 225 19 639 698 736 825 
304 333 939 942 458 381 367 731 779 934 953 995 
441 196 21 135 714 46 210 594 608 671 725 766 795 860 
88 427 413 527 315 594 595 648 668 819 966 50 460 159 318 424 143 394 74 238 289 502 104 121 622 672 744 961 986 
163 394 290 62 515 451 529 688 705 820 844 948 17 113 257 130 527 399 364 32 57 33 500 581 585 626 756 760 810 865 912 984 
510 69 128 90 100 604 656 711 781 786 815 906 372 122 226 500 232 223 87 197 298 496 233 550 653 724 846 875 948 962 971 
442 93 534 476 802 818 849 248 37 335 112 440 287 378 757 779 
21 274 714 980 413 240 443 523 137 631 
201 401 630 650 435 424 188 180 206 634 752 909 
447 224 714 868 885 174 362 173 616 956 982 
291 607 662 937 171 97 113 510 76 661 819 
490 295 986 1000 33 82 363 171 662 807 841 956 
479 350 371 164 55 725 864 875 483 481 389 27 420 459 158 599 612 626 629 698 828 940 
543 135 857 885 988 450 10 51 94 612 737 818 875 951 
410 887 958 995 230 571 19 354 593 860 
515 101 362 688 867 372 400 81 17 663 748 821 970 989 
313 228 244 303 605 671 677 753 933 265 217 500 534 521 258 388 406 818 828 841 869 954 996 
83 546 257 365 493 96 222 680 699 713 758 821 101 356 210 468 225 240 114 624 631 642 724 797 857 927 929 933 940 949 960 
567 460 338 232 179 139 618 735 779 853 881 899 923 354 190 258 358 452 571 235 75 218 46 419 594 607 635 654 656 690 734 780 953 
233 601 636 728 531 135 681 722 793 991 
389 1 530 835 988 180 208 368 657 725 771 862 878 881 
13 99 299 339 728 740 110 161 565 315 668 813 819 
367 99 602 740 796 218 668 781 805 879 984 
122 440 143 216 395 326 535 962 228 526 61 117 661 841 845 857 930 948 952 967 
12 662 673 759 847 894 335 85 404 465 415 604 659 697 861 916 942 
138 199 792 848 994 11 607 625 638 697 714 882 990 
307 489 709 976 390 321 228 581 324 988 
102 413 570 315 317 218 640 663 694 999 528 103 228 118 362 470 585 569 650 661 671 726 787 829 883 968 971 
115 570 155 174 623 694 745 825 440 406 171 104 449 415 164 195 600 967 
202 366 185 351 487 260 438 641 850 954 462 228 93 107 198 250 262 192 113 503 230 630 663 813 819 840 977 
431 364 465 659 978 991 77 137 230 638 692 706 715 721 930 
545 489 358 967 168 432 514 315 828 930 
207 516 201 152 154 649 650 823 840 889 907 579 215 450 464 486 353 51 76 551 616 629 665 676 697 857 859 897 
21 566 183 388 113 57 77 82 22 186 634 638 642 658 714 722 724 882 169 155 175 595 313 432 315 353 223 264 431 502 13 46 632 684 689 728 759 761 767 772 781 795 797 876 948 
514 13 240 586 347 602 796 979 381 437 7 308 560 210 538 698 751 757 764 825 
601 477 557 482 589 367 36 13 646 788 979 66 475 551 438 464 39 14 257 624 687 752 767 843 864 932 940 962 
21 20 292 31 634 638 793 930 972 551 137 335 12 3 282 278 563 140 615 756 830 878 890 
463 171 128 69 100 162 572 656 682 711 756 815 839 841 906 497 199 211 19 421 440 432 351 244 298 591 332 112 452 549 632 685 703 758 846 847 856 884 960 
244 194 583 612 423 45 726 737 853 875 
360 736 787 884 132 386 266 7 662 817 
84 577 737 759 790 813 993 585 166 533 193 512 592 661 689 721 825 909 977 
481 129 226 455 246 7 484 357 625 712 780 804 883 892 963 162 82 448 253 516 239 332 437 139 13 369 440 1 183 569 237 644 744 787 829 876 933 945 
250 513 328 354 812 897 371 288 186 562 517 714 875 888 976 
398 735 853 971 144 140 247 701 973 984 
548 399 351 487 561 438 828 530 435 41 392 348 514 656 685 704 739 849 965 
303 416 605 238 273 449 697 933 997 539 405 501 381 377 580 136 482 579 705 725 862 876 884 936 
371 205 499 164 359 253 725 816 875 389 293 57 437 101 225 374 78 246 730 786 845 950 986 
434 414 330 272 620 632 851 427 371 303 345 179 401 435 693 850 
215 60 645 967 129 603 654 904 969 988 
287 446 565 108 406 330 419 225 620 742 801 894 910 399 476 346 33 576 335 485 599 121 431 226 153 94 453 296 623 675 676 680 838 931 
121 320 122 743 751 754 938 194 58 197 471 102 156 337 30 663 776 875 916 
585 59 179 204 134 232 779 886 275 431 315 658 678 759 816 898 943 978 980 983 991 
274 530 314 304 724 868 167 164 191 131 337 395 351 347 750 784 
616 330 419 614 847 969 460 640 661 758 826 924 953 
323 551 199 184 263 415 708 7 238 117 43 21 634 669 693 755 790 892 954 
491 111 551 184 817 994 504 487 570 11 761 894 940 972 988 995 
439 595 413 10 145 663 694 819 966 409 207 139 69 38 616 136 485 717 753 772 929 
67 313 432 375 464 4 697 879 932 933 284 584 276 240 145 394 243 108 489 349 530 475 48 602 736 
608 293 129 355 246 526 409 120 76 749 804 862 883 920 173 392 592 36 557 456 499 478 288 32 294 4 308 415 485 635 646 789 829 859 872 910 995 
475 353 137 681 708 830 848 928 994 122 416 579 196 451 571 560 761 770 782 839 841 886 930 933 
399 641 696 744 955 504 93 105 371 172 120 340 629 757 
356 285 13 151 740 286 431 333 288 822 955 
240 376 85 285 636 690 728 772 854 579 363 454 84 143 599 460 493 215 627 663 780 823 857 925 
288 361 74 252 144 152 476 534 442 516 575 201 649 849 926 475 366 337 117 272 138 129 538 480 596 177 470 659 718 729 762 764 783 796 804 837 842 897 943 
163 237 412 710 844 948 106 574 445 65 31 584 297 666 812 
414 52 272 614 737 887 936 984 600 349 441 604 466 375 290 200 648 650 674 732 835 861 
77 23 634 638 342 414 698 710 729 945 
530 566 603 600 255 1 633 113 483 558 447 658 747 793 621 142 452 214 290 397 575 40 115 449 119 654 697 720 729 751 762 817 877 884 932 958 
410 446 342 459 448 118 287 673 785 813 878 944 952 995 40 154 585 426 31 397 76 370 29 462 299 404 281 418 524 625 754 755 795 845 873 
586 63 629 282 36 367 562 784 534 234 2 483 179 223 129 210 257 231 794 892 932 962 
317 42 496 315 47 542 21 136 122 113 324 669 710 781 829 872 980 
469 113 600 236 408 603 186 388 141 314 483 558 633 642 722 723 747 760 829 980 170 217 597 95 282 121 246 79 455 363 592 33 172 357 58 169 650 657 691 725 736 749 759 805 815 819 840 889 901 931 
464 324 116 375 567 60 7 847 909 987 
594 102 390 33 413 310 315 674 353 475 620 220 152 101 117 659 667 692 704 719 758 984 
438 177 596 130 627 309 167 707 811 837 884 514 85 461 179 489 307 145 378 699 706 741 765 819 875 974 
638 483 135 517 600 23 558 284 658 882 415 584 277 386 146 484 532 191 145 72 420 121 757 905 968 984 
479 164 371 924 51 272 126 33 780 920 
225 422 887 936 324 217 384 608 814 892 921 
373 180 19 60 553 615 172 307 462 489 418 666 678 709 763 902 945 976 77 176 520 443 466 144 371 494 219 491 122 294 40 88 316 361 665 699 718 736 753 758 793 835 836 873 978 997 
376 602 337 99 664 690 807 64 625 259 173 741 856 865 877 991 
318 53 649 802 840 232 36 76 459 480 202 430 689 
33 145 102 570 663 668 389 352 632 95 748 759 780 888 991 
152 32 630 93 318 144 647 599 840 246 150 232 467 222 92 313 164 69 655 702 844 932 933 
599 61 214 575 476 219 201 442 738 791 888 921 63 88 159 638 489 539 594 388 632 284 686 689 693 751 807 855 857 873 903 924 
531 417 710 903 422 240 686 714 786 802 816 
361 516 6 207 889 197 398 324 843 887 895 
388 428 186 77 483 60 125 430 572 668 783 816 865 
40 386 285 240 17 99 85 797 119 232 615 634 585 373 538 14 344 764 816 846 
79 75 146 136 346 151 740 772 4 317 489 215 145 300 649 158 378 759 770 792 865 978 
604 69 171 90 109 97 100 128 463 352 510 572 711 781 786 815 838 839 841 906 303 525 429 318 451 585 482 102 177 542 611 4 498 401 420 394 308 665 681 751 771 858 893 944 954 970 983 993 997 1000 
145 674 684 999 638 587 352 673 701 856 
642 22 274 113 389 333 600 634 676 703 618 340 106 349 60 136 145 207 680 710 732 795 908 917 955 
387 30 142 266 556 597 385 276 73 132 560 730 734 789 912 915 978 991 160 464 640 231 121 177 508 544 563 244 34 154 169 630 301 400 22 374 591 107 670 711 811 882 940 942 972 988 999 
374 129 526 749 303 483 450 148 257 940 
194 452 95 449 432 181 238 523 671 672 932 940 943 997 14 135 76 159 241 47 577 341 607 594 620 590 386 358 442 391 414 674 710 769 864 866 948 
577 118 242 591 169 434 895 944 100 122 29 578 363 344 402 606 250 221 491 44 735 923 
648 210 594 88 413 218 243 623 343 527 684 732 819 825 950 999 582 258 341 617 596 8 481 348 284 414 148 139 452 13 252 629 460 203 443 493 671 683 689 935 944 946 
646 197 482 367 339 203 979 466 450 67 326 522 387 318 117 730 873 886 995 
502 372 64 89 266 656 24 645 599 143 735 992 
180 19 418 215 645 949 486 95 460 631 690 737 889 
54 65 398 91 899 389 640 475 229 551 550 395 816 850 
648 115 413 570 381 319 308 674 927 137 377 653 433 589 23 588 476 402 76 746 844 988 990 
62 159 515 379 394 451 335 693 710 762 800 844 405 286 560 137 621 221 202 319 65 637 712 729 752 794 828 830 
523 194 509 117 324 933 997 659 395 248 109 312 294 241 74 737 790 807 815 
112 661 583 208 832 900 933 940 970 997 159 438 5 569 663 594 83 100 197 314 679 683 787 809 853 962 999 
449 661 523 375 940 276 570 484 211 68 420 689 761 989 
392 287 591 294 291 70 342 126 108 414 520 635 759 785 851 887 171 116 313 432 553 21 194 311 418 81 298 657 376 485 534 228 480 729 778 823 839 865 933 997 
668 640 657 33 305 385 398 661 162 632 
379 407 800 867 872 935 442 616 428 454 195 61 136 387 381 458 899 
658 21 469 522 77 501 703 616 393 313 30 104 475 46 375 599 398 782 989 
313 523 449 583 60 516 504 336 438 241 
190 58 563 645 536 307 462 826 945 967 976 372 129 117 480 394 404 519 618 304 681 689 735 757 817 834 
512 445 707 954 335 518 671 771 813 969 
297 211 365 508 384 450 395 257 326 584 535 699 766 806 859 961 141 322 658 21 412 276 203 159 616 26 176 425 12 448 88 13 413 204 57 697 719 750 802 866 878 891 
344 458 551 372 184 138 453 506 626 281 325 475 689 729 810 830 989 994 586 85 113 83 149 40 241 298 307 9 656 395 117 394 365 678 98 157 145 151 211 498 757 781 844 977 980 984 993 
171 604 711 781 841 906 539 306 387 275 522 313 842 849 915 
106 438 366 9 399 548 309 695 707 799 837 852 891 671 528 302 308 447 518 448 663 697 711 777 904 907 908 945 957 959 971 984 993 
663 102 413 657 424 600 779 868 994 1000 
18 228 227 313 303 901 604 69 225 286 611 708 830 911 994 998 
55 371 206 782 816 875 650 399 651 251 497 423 808 825 879 944 
466 179 779 971 79 462 602 159 298 906 970 
394 264 335 256 571 582 474 710 824 416 232 235 197 347 131 194 791 853 864 917 943 
230 8 681 184 138 340 262 354 551 708 741 809 817 830 873 876 994 663 109 446 61 484 293 647 672 50 23 464 136 607 678 600 315 155 62 650 515 701 739 759 834 903 938 
477 40 239 557 425 629 646 41 772 807 324 308 114 167 296 343 666 182 317 585 320 750 758 929 985 
516 28 534 229 738 1000 507 156 367 134 638 306 786 943 947 
389 21 380 559 122 597 194 640 730 740 
114 669 280 101 451 329 870 872 389 614 154 436 330 503 621 282 650 223 740 868 932 978 
542 210 623 595 317 594 218 732 285 434 82 395 272 477 817 830 859 934 974 997 
345 683 494 399 736 850 852 83 225 402 66 118 51 140 740 805 875 995 
260 360 627 707 828 917 179 35 417 203 205 866 962 966 987 
624 612 181 313 112 208 437 375 95 303 44 940 394 592 29 379 319 683 415 510 599 680 634 438 591 698 816 818 923 924 967 
453 213 286 8 830 119 633 697 567 370 579 601 118 769 
320 384 363 680 397 440 584 306 758 859 865 961 962 202 465 641 350 373 59 58 253 645 457 777 839 848 851 857 868 884 932 952 978 
253 371 499 55 533 725 782 816 875 924 68 88 421 329 548 449 469 752 759 773 832 865 907 961 971 
117 303 753 932 610 689 657 388 714 864 
394 290 331 531 948 70 353 649 201 263 266 712 949 979 
537 22 408 676 658 404 21 793 225 205 120 604 427 87 440 111 144 757 807 934 
367 514 17 498 772 640 466 611 232 804 856 894 935 
411 571 485 896 555 27 420 612 183 823 
411 412 762 771 12 243 597 641 94 215 318 884 
470 351 445 683 696 366 234 641 679 177 399 202 822 837 852 973 985 46 372 408 173 269 381 170 78 457 414 102 498 454 74 335 151 278 389 147 833 841 851 879 934 964 984 996 
626 689 230 137 513 621 856 685 122 565 154 329 258 436 30 68 96 831 935 
180 593 645 967 332 205 154 363 256 861 885 
669 429 98 159 394 451 256 651 688 631 480 443 473 844 872 896 148 637 337 658 147 275 661 121 265 633 364 460 282 206 94 304 28 714 778 793 886 890 902 940 997 
656 604 128 682 153 510 100 171 572 786 841 4 530 318 389 659 378 683 313 114 59 102 299 508 728 849 868 987 996 
608 293 29 780 804 883 893 702 350 316 669 438 297 303 248 88 732 844 918 
211 275 584 806 449 399 509 837 857 980 
574 444 110 600 428 284 314 569 576 776 835 857 882 930 592 295 269 464 609 410 710 254 207 243 651 701 192 718 754 777 812 816 940 952 985 
145 390 732 866 950 597 438 485 351 378 796 
367 198 504 858 121 7 154 251 958 993 
414 272 225 785 984 449 623 415 289 351 745 918 943 998 
237 412 159 24 123 808 814 845 860 870 402 630 714 137 272 461 228 516 152 513 645 235 308 781 813 855 
347 377 36 79 640 215 76 449 680 189 371 986 
122 456 150 363 758 961 272 287 155 135 346 634 402 774 804 957 
540 450 758 806 597 607 390 322 33 796 815 888 
501 537 348 600 638 279 776 300 323 112 526 264 137 18 586 759 762 918 
566 638 333 389 388 428 760 776 980 420 341 58 298 210 425 332 8 494 147 188 994 
619 404 312 196 543 77 389 600 113 135 726 972 980 463 572 318 246 9 378 58 545 373 55 487 584 818 823 903 904 918 923 
700 164 55 479 253 148 278 579 205 350 519 613 37 755 782 864 924 612 366 569 447 638 444 226 119 255 22 405 587 77 419 512 332 92 113 731 751 773 789 790 817 838 853 
21 441 22 724 517 292 77 2 939 942 25 594 288 88 114 605 118 241 102 415 59 737 845 847 856 860 999 
757 764 774 862 308 525 127 163 828 995 
72 564 136 268 588 386 339 203 629 586 795 711 111 600 160 159 218 405 50 519 552 371 172 736 816 819 835 921 990 
525 421 502 681 513 166 213 353 812 830 848 873 142 175 288 302 669 185 673 634 633 243 278 47 284 434 630 732 933 952 954 1000 
51 132 387 659 30 664 554 613 692 407 841 870 982 988 
306 222 187 122 450 365 121 805 834 859 962 385 126 460 379 380 170 49 112 432 195 725 568 768 774 812 857 970 
145 694 10 663 715 370 343 770 819 898 966 729 466 163 632 229 477 712 658 431 742 828 880 886 899 
145 191 770 927 339 353 347 830 844 986 
30 51 431 11 659 991 504 250 585 50 413 821 897 971 973 
585 265 134 610 81 398 91 500 899 971 665 15 194 439 378 414 114 413 678 565 662 525 173 457 495 47 
403 366 548 606 202 695 185 494 828 877 916 225 136 728 624 541 444 567 645 94 638 806 808 836 905 940 978 982 
565 342 632 607 192 414 748 785 801 813 895 969 984 993 180 58 60 580 605 288 355 462 18 22 363 123 666 670 726 779 793 829 893 906 986 
302 32 476 691 650 420 929 413 339 307 108 513 355 276 758 762 858 882 886 941 
256 329 394 824 860 71 611 689 232 4 190 506 798 920 
628 589 655 588 854 858 113 272 692 695 416 693 20 455 831 845 905 
689 354 111 475 817 102 646 429 392 641 971 
225 552 616 790 200 732 299 203 492 336 551 833 
617 187 168 546 114 461 212 398 366 531 513 
399 627 9 837 373 323 81 570 608 820 
210 319 595 999 236 198 273 717 924 971 
393 137 8 525 475 960 210 668 445 566 544 317 171 334 20 770 865 
110 530 236 304 284 483 388 634 22 638 501 776 885 225 361 272 467 353 436 555 354 455 488 450 352 508 775 779 819 826 872 984 990 
737 552 769 851 878 494 50 149 648 501 333 582 837 860 
660 528 120 625 481 526 560 361 49 498 125 638 842 870 877 1000 
458 475 200 765 817 909 619 320 489 680 529 690 164 826 945 
617 121 257 938 299 634 656 238 650 725 601 972 
145 33 381 283 319 102 308 476 490 669 602 265 575 700 758 787 951 954 
701 112 95 4 583 464 86 846 459 645 113 623 467 69 58 137 442 829 865 872 955 
430 363 188 617 466 364 329 635 714 414 
533 725 864 875 322 346 635 621 885 934 966 998 
604 510 69 781 786 571 480 304 603 869 974 
76 129 400 251 409 254 435 727 382 7 764 883 965 992 573 627 456 703 238 291 138 47 642 160 260 601 681 678 53 94 313 21 369 840 900 970 
363 222 397 508 584 143 297 122 395 456 720 699 384 721 326 805 962 645 620 398 752 532 166 318 509 304 325 400 738 640 604 690 288 330 375 454 819 848 850 856 860 893 897 949 
607 673 272 294 591 406 341 330 419 459 241 847 878 934 937 952 995 996 316 648 155 618 722 562 145 689 314 471 600 326 546 638 492 655 95 700 466 508 519 762 780 810 828 858 919 930 994 
723 638 236 77 857 546 174 553 571 429 326 193 342 994 
132 465 560 182 30 220 431 912 978 991 600 129 626 550 672 122 21 508 622 152 253 29 388 396 501 77 868 
706 114 669 327 394 872 530 722 738 537 630 3 759 634 516 829 919 
58 180 215 645 342 171 214 365 17 851 856 926 
46 528 727 50 231 757 780 654 478 420 506 379 630 601 555 326 817 824 
750 64 344 812 897 504 129 641 350 177 312 320 845 
472 680 363 14 147 433 119 326 834 859 961 962 99 514 569 169 335 559 307 281 230 54 58 483 80 800 838 898 924 989 
420 361 288 986 415 602 600 491 470 961 
137 511 286 809 994 38 295 144 731 838 858 
565 748 169 813 661 17 698 140 122 824 898 
733 732 542 115 317 174 655 105 309 626 746 393 934 
335 706 515 327 362 163 814 844 504 513 656 356 202 679 512 438 587 112 
655 704 299 690 629 553 117 432 623 600 171 219 995 
457 95 4 228 112 905 395 367 700 725 411 237 858 
124 727 76 175 231 863 883 893 951 30 177 720 218 731 315 275 375 290 326 793 843 887 945 981 
343 478 315 413 798 898 981 433 388 747 269 19 13 479 526 447 244 431 776 
235 389 714 747 447 543 255 723 722 21 972 238 272 237 244 260 107 268 617 775 94 395 943 950 953 971 
361 74 497 840 714 380 699 683 338 319 22 
48 144 921 986 557 544 85 315 673 710 
179 585 232 59 687 500 466 91 104 170 300 383 618 886 899 923 971 737 79 126 159 684 124 747 417 480 135 42 568 514 211 4 305 539 573 782 800 816 819 867 957 
521 29 608 27 382 50 246 712 226 357 538 129 764 231 931 211 17 339 759 629 398 531 541 585 359 468 95 126 648 643 81 438 553 816 906 924 930 976 
756 682 109 128 463 572 656 352 841 637 95 215 681 589 124 514 718 524 159 600 821 825 913 999 
686 700 164 350 725 415 676 516 779 626 897 906 951 
272 392 406 894 952 275 653 630 523 181 536 249 829 
151 140 131 136 532 636 807 858 108 619 30 371 558 357 457 246 194 410 51 219 
635 717 552 673 737 291 790 958 180 530 219 218 433 274 44 559 972 978 
572 90 711 756 656 815 841 361 613 481 651 691 239 40 218 847 878 950 952 
309 470 366 106 202 512 438 9 606 828 953 954 361 4 535 594 608 232 522 671 184 752 277 79 229 53 476 912 961 976 987 1000 
85 602 356 268 346 461 159 28 472 176 214 523 840 
560 51 659 364 465 273 292 498 725 625 341 177 853 948 
607 785 565 414 419 52 12 287 272 742 803 851 910 996 46 317 357 621 429 455 313 191 337 725 1 103 670 464 527 343 158 841 849 893 957 980 
193 497 154 301 650 490 401 840 135 209 178 242 688 296 451 927 949 958 970 976 
502 415 592 230 856 994 294 476 655 287 32 265 907 
603 314 141 537 703 103 274 183 634 77 972 980 164 645 129 489 15 586 774 184 465 154 122 278 391 710 737 426 824 938 993 
47 218 308 825 981 636 52 58 669 924 936 943 982 
13 40 728 919 389 508 635 658 600 569 887 933 
601 245 589 258 987 195 375 509 551 385 721 630 715 65 
99 346 654 987 298 351 324 600 584 275 388 836 
413 218 775 210 411 221 739 817 870 948 
683 106 202 177 320 396 559 414 878 975 
524 114 675 173 669 249 368 480 948 294 90 257 5 766 84 27 779 211 20 124 96 378 821 893 
737 118 616 392 342 851 974 363 394 168 285 364 809 819 823 976 
361 647 503 573 929 946 282 272 19 496 95 543 303 680 651 816 832 
790 550 565 993 147 370 479 381 113 834 
625 374 481 712 246 608 195 495 538 293 855 959 379 164 169 630 548 552 704 165 114 308 222 151 285 720 811 841 987 999 
147 731 222 758 211 834 589 638 695 107 270 77 830 921 922 967 993 
150 713 122 216 450 680 363 211 721 306 257 143 961 962 42 426 163 521 209 282 198 378 464 736 319 236 357 287 154 538 560 218 175 872 921 972 1000 
507 784 690 646 514 650 65 670 703 465 485 578 838 934 
467 718 820 874 219 686 736 88 933 981 
768 423 393 328 551 689 909 671 548 261 472 550 296 448 4 94 537 801 925 
681 111 856 989 341 133 135 759 571 392 843 917 
445 561 438 641 955 348 86 659 473 222 804 867 907 984 
415 765 551 609 729 64 112 714 438 631 731 266 296 117 349 480 961 
242 635 737 769 12 422 607 847 894 910 442 588 465 367 172 718 413 10 106 679 265 596 104 891 989 
718 771 237 68 101 918 948 38 481 530 168 644 319 226 439 828 
786 171 656 510 604 572 838 16 721 115 392 670 8 540 129 638 194 905 
278 71 613 148 686 350 479 253 125 206 700 37 164 864 875 924 925 366 667 697 780 654 21 6 651 728 106 395 779 653 380 105 381 618 802 375 207 102 453 398 714 225 949 970 
689 547 741 513 286 137 750 622 344 423 525 458 138 830 928 960 994 764 725 798 13 412 319 154 694 413 394 678 634 606 78 345 2 177 819 833 836 864 956 980 995 
301 442 573 53 193 144 840 904 968 1000 697 583 724 402 427 82 544 257 580 167 145 913 960 964 967 
10 283 115 505 158 33 623 570 155 210 88 370 102 663 732 825 866 981 999 295 70 588 747 638 380 522 758 371 817 534 550 577 801 418 89 779 215 641 159 238 728 125 596 442 459 403 
571 808 394 379 22 266 543 298 149 744 303 300 
326 584 493 150 257 831 961 41 414 800 582 734 376 781 863 997 
707 177 827 861 134 628 315 419 271 882 
534 599 318 39 154 888 914 977 292 629 111 367 181 379 182 705 724 801 106 673 881 997 
739 688 480 163 159 290 451 844 860 935 764 450 565 34 769 288 227 420 793 272 551 490 242 865 968 
663 427 218 145 794 819 158 595 115 911 981 999 485 34 489 372 607 105 601 567 686 220 396 781 293 79 848 899 935 997 
678 19 545 902 967 747 750 547 208 156 560 184 620 978 
822 9 837 861 211 210 21 376 26 247 441 933 
438 787 696 399 351 366 494 736 487 512 177 9 167 106 611 185 837 877 954 973 727 485 579 598 146 532 415 160 211 759 298 230 188 59 583 341 732 364 94 669 285 200 379 339 814 864 865 887 947 983 
259 638 21 380 530 441 501 304 868 957 737 363 625 594 783 753 232 514 762 357 608 637 464 864 874 948 986 
353 502 513 199 689 230 729 681 626 415 817 698 994 406 362 218 246 669 685 210 560 434 403 603 80 694 468 805 733 841 843 859 906 999 
257 121 211 320 821 497 8 740 63 116 366 708 866 955 
181 194 298 671 997 123 802 501 524 504 700 867 875 903 
562 367 337 277 513 817 59 707 742 130 
731 766 805 326 689 441 464 29 803 678 478 
714 559 587 469 632 299 645 728 109 989 
555 273 452 298 4 238 474 736 797 817 98 561 645 290 880 
827 683 487 828 641 399 360 744 707 953 954 630 713 552 748 13 52 121 329 321 414 388 508 56 922 962 
463 815 171 656 153 97 841 906 725 426 768 807 59 766 616 41 292 256 225 880 
100 171 656 604 699 626 238 673 860 933 
649 818 777 288 144 599 152 133 497 647 791 1000 327 541 435 471 367 195 326 533 788 596 22 286 17 374 263 112 757 638 876 
656 604 109 781 100 682 711 162 352 786 128 838 906 446 191 113 578 460 311 558 485 730 88 363 830 590 707 626 790 583 516 804 403 911 
210 527 319 308 33 749 361 682 14 523 237 630 435 857 
118 391 225 342 974 602 2 810 351 652 830 774 868 
159 407 710 571 329 631 451 824 66 331 669 771 845 508 681 471 245 733 502 649 258 433 399 9 385 712 476 668 137 847 901 980 998 
114 480 362 485 24 78 159 280 844 718 429 163 451 329 860 975 133 613 436 635 726 155 345 164 286 77 377 462 59 590 491 106 765 93 298 315 740 858 947 971 
228 492 238 753 879 441 654 572 604 853 909 
565 591 620 813 419 759 341 887 910 993 278 180 844 49 726 119 454 288 604 639 786 404 917 920 955 961 
626 344 729 592 897 335 253 156 825 758 315 699 294 
161 490 630 573 711 258 172 790 682 272 164 611 
596 695 106 891 127 614 192 758 667 907 
176 801 614 446 169 790 673 748 330 16 287 934 990 996 37 228 449 513 699 707 487 475 321 473 763 85 542 50 855 867 908 924 999 
695 470 683 351 548 707 916 448 163 415 429 372 33 135 873 880 897 921 972 
610 43 300 134 460 436 544 585 170 869 971 846 725 246 4 294 279 359 154 789 605 394 540 73 340 688 671 894 924 
498 740 629 858 169 309 288 432 1 856 895 
175 76 495 804 718 851 131 650 45 334 859 990 
708 513 199 475 340 541 64 415 810 372 353 137 551 792 873 928 483 145 646 854 657 172 763 324 298 1 112 445 378 704 255 758 726 370 604 257 477 426 405 874 976 997 
408 501 388 760 1 284 21 714 389 483 259 135 49 404 580 972 713 731 114 584 629 192 47 590 599 188 205 491 699 842 534 525 650 164 230 897 935 967 
285 72 17 740 854 784 564 716 131 983 442 510 738 515 656 310 759 768 24 566 495 773 845 199 215 537 988 
766 188 680 699 143 731 865 961 962 625 482 20 329 830 432 855 348 694 279 599 246 892 967 
718 824 485 739 417 845 159 101 270 948 569 52 547 748 758 298 494 293 839 268 581 41 520 726 449 9 954 
822 260 106 827 548 177 917 709 372 371 591 414 502 632 67 451 987 
29 382 727 625 15 355 418 523 612 587 36 186 163 906 926 
774 195 920 951 295 821 314 63 498 542 
350 725 37 816 579 533 148 755 55 278 164 875 924 269 602 403 454 459 316 415 688 829 661 701 828 177 334 483 190 817 891 936 1000 
699 363 430 211 306 326 275 540 222 119 859 962 655 700 824 753 74 273 224 378 828 673 464 653 571 746 101 646 881 882 
819 715 310 539 213 680 434 831 661 159 696 548 
270 582 159 331 368 675 123 872 975 352 832 180 144 382 492 127 779 811 851 339 899 908 927 990 
380 829 619 113 312 127 22 576 558 135 21 957 66 144 684 140 843 761 711 285 99 699 693 545 253 433 893 915 932 1000 
139 54 853 232 483 756 77 583 885 933 972 
693 524 718 948 146 250 798 730 442 749 993 
122 275 508 121 442 163 441 265 419 895 
237 362 480 762 710 368 485 693 114 675 867 935 625 346 469 753 637 388 305 148 806 136 56 446 369 487 747 99 307 506 928 931 
138 856 372 729 689 989 635 852 486 650 231 114 456 264 439 645 664 
327 66 473 114 480 808 856 39 498 829 418 122 339 550 172 6 405 
148 350 519 816 755 579 253 864 164 613 700 371 209 533 686 125 832 10 314 45 641 462 609 489 464 538 572 114 33 605 580 617 361 262 695 270 884 920 939 971 
262 689 281 928 612 456 608 314 840 600 893 908 
470 9 736 828 985 81 297 318 414 646 749 634 51 
176 169 84 446 565 342 459 759 70 635 748 520 16 984 441 303 479 340 99 680 587 319 55 786 240 144 799 181 503 314 603 231 245 80 900 976 
298 846 208 624 452 589 707 159 686 240 411 21 29 538 
304 31 537 380 852 732 838 438 307 452 367 836 
585 398 59 466 91 971 865 167 823 587 100 537 887 
183 224 714 135 600 642 314 486 980 182 229 738 371 822 109 338 659 226 375 865 455 592 180 898 
774 712 76 625 757 608 129 920 297 448 391 428 413 594 405 363 230 176 202 960 
399 445 606 167 360 438 641 106 202 955 875 129 114 699 612 706 37 551 15 604 634 267 361 376 924 
580 149 292 576 747 279 119 709 73 422 405 154 869 365 755 442 
59 779 618 383 54 732 626 738 664 36 710 
644 84 434 632 272 581 847 673 565 984 308 105 795 652 160 508 93 881 15 774 828 369 915 945 976 
516 823 650 295 144 1000 721 129 233 648 609 64 98 208 917 
361 599 288 652 219 266 106 638 666 951 962 
107 289 416 378 970 603 201 248 710 235 526 
345 850 351 260 683 369 813 514 864 680 981 
46 435 226 608 636 859 516 394 644 621 315 
246 50 175 46 774 435 455 195 712 868 656 146 4 372 876 800 544 758 413 145 737 790 923 972 
616 813 242 591 434 550 783 305 934 995 335 516 163 92 622 378 853 22 183 524 704 460 467 29 940 
662 448 737 272 944 854 871 51 182 170 438 652 523 961 
159 705 710 105 948 148 322 361 523 939 962 
344 765 217 609 848 909 989 630 734 782 758 395 599 312 177 476 852 857 978 
775 247 732 381 882 766 618 769 246 525 89 
460 585 779 160 139 398 667 735 971 494 675 433 825 234 732 128 2 339 438 867 87 912 985 
671 296 396 378 997 394 878 33 428 757 392 399 230 971 
685 86 112 523 940 943 844 515 462 638 550 136 145 217 907 
645 307 826 215 454 545 185 179 515 710 446 282 435 198 956 
651 114 68 531 80 650 724 832 689 565 993 
48 318 516 214 229 818 361 288 154 615 145 307 683 724 331 121 343 321 471 920 972 983 987 
181 464 773 208 933 997 247 736 563 815 446 642 740 911 966 977 988 
838 572 682 171 153 841 656 352 604 90 687 536 530 410 554 780 99 339 830 436 782 862 737 917 981 
32 301 61 599 534 252 516 901 792 700 683 189 136 811 248 850 525 381 
65 139 160 300 81 971 683 424 332 851 658 867 477 106 489 79 876 
750 897 809 263 111 135 607 575 394 846 639 
790 813 448 616 847 934 397 319 34 247 218 377 257 561 625 
191 496 825 927 841 257 245 685 120 114 905 995 
465 276 659 761 51 915 787 899 491 336 452 48 571 285 464 193 919 
540 150 211 961 457 144 781 389 818 548 
476 288 823 420 111 366 177 419 284 983 
132 659 912 385 266 556 922 964 244 868 531 887 113 203 361 341 295 682 254 49 957 
736 852 366 953 361 225 139 617 591 346 
177 861 696 438 403 888 396 658 847 810 688 906 980 
163 159 814 362 452 196 724 712 162 717 722 
795 13 258 203 759 472 546 211 762 912 
863 5 528 400 76 409 883 625 904 643 875 450 288 739 847 564 81 170 930 972 
318 207 6 650 229 778 355 644 805 513 852 353 728 806 976 
915 364 556 142 339 33 76 837 805 235 320 960 
779 43 544 585 59 81 104 662 385 724 893 350 207 697 149 413 354 341 939 
864 816 700 725 643 253 209 479 925 982 650 697 745 884 620 853 766 780 794 317 200 282 394 565 386 851 965 
816 359 924 253 533 148 35 410 521 809 629 100 194 453 182 972 
295 630 442 144 862 763 414 508 408 540 969 
319 668 733 911 791 867 483 584 185 279 241 
856 817 876 626 378 202 176 872 295 21 
738 193 802 318 74 690 228 231 551 289 507 102 623 584 
389 22 113 714 603 38 20 31 957 988 177 378 597 780 598 759 626 210 33 246 590 920 978 997 998 
251 129 435 780 357 76 226 36 193 491 452 102 616 182 64 638 872 95 
661 324 464 378 624 701 449 492 373 649 636 487 868 699 153 411 693 634 602 318 
612 624 671 905 518 670 228 321 583 437 221 940 943 608 451 108 268 489 48 729 649 673 626 220 584 795 839 869 272 132 808 827 559 955 
520 910 851 3 759 894 958 974 984 996 703 694 568 301 185 102 188 707 807 770 755 413 30 65 452 980 997 
249 331 114 163 824 485 872 675 948 252 460 510 181 708 202 225 565 566 387 704 825 857 663 
632 520 52 305 644 341 864 794 518 612 195 57 529 527 997 
759 434 26 577 327 438 253 256 396 229 337 194 
430 326 336 751 617 165 689 31 179 793 561 358 62 
135 404 568 726 247 150 18 253 896 923 875 
661 671 697 457 298 901 555 492 303 672 416 933 117 710 602 660 622 714 579 100 59 736 362 202 33 525 894 271 325 530 152 659 584 
199 551 166 998 249 27 556 367 738 61 
568 77 113 156 2 726 591 34 551 42 435 200 128 188 659 90 962 
181 901 44 661 189 238 228 933 315 247 688 481 691 794 216 534 55 71 618 776 717 630 
662 895 16 635 447 114 484 656 663 456 686 987 
645 489 462 307 172 563 678 58 373 80 215 553 947 949 976 774 425 351 295 87 608 376 548 633 683 378 452 219 311 429 131 159 308 275 123 887 199 750 958 
534 802 420 154 977 527 140 391 2 226 248 663 421 971 
945 80 454 553 949 967 301 178 216 22 163 691 845 97 828 950 989 
702 101 631 173 860 485 78 896 327 870 114 800 249 474 935 529 814 571 113 336 564 111 572 196 798 509 445 377 789 590 342 332 661 58 225 182 65 466 462 543 77 263 829 600 958 1000 
489 947 666 945 976 758 584 702 251 152 791 816 4 
539 158 210 663 145 381 715 613 488 786 396 776 510 947 391 516 
129 863 774 435 580 383 782 752 889 995 
783 635 341 759 729 786 590 699 113 566 714 
787 438 167 916 837 973 509 568 620 776 224 585 440 321 368 
837 596 202 177 679 828 787 548 44 729 191 559 34 656 860 493 752 621 583 476 272 
811 403 487 399 106 627 884 445 519 434 628 523 658 564 240 753 831 847 33 933 
560 266 978 991 578 576 902 817 409 971 
930 829 113 868 683 915 779 288 720 394 790 997 
934 785 192 446 52 581 993 470 791 415 333 634 398 948 945 429 716 201 
195 7 804 254 514 347 368 202 683 315 4 
340 513 415 250 817 746 922 584 883 818 604 321 17 
699 806 680 913 859 257 720 508 766 821 121 211 700 812 112 323 847 157 557 469 383 210 787 550 767 367 895 570 984 995 
147 433 758 806 540 731 766 275 472 865 508 332 590 699 83 859 424 572 636 1 696 282 896 942 671 20 889 249 602 349 837 39 537 151 339 463 205 327 548 48 994 
608 488 223 992 351 394 457 483 282 994 
385 405 915 560 51 73 113 211 818 102 135 707 984 
76 526 757 50 565 924 611 331 178 1000 
145 370 623 732 88 570 319 479 29 222 340 755 287 17 270 177 905 696 251 
215 615 402 598 947 418 826 462 248 489 678 563 709 358 976 857 491 15 859 17 129 96 805 228 414 449 371 512 590 202 223 595 697 412 818 991 
420 288 818 229 426 368 38 320 552 594 824 642 240 
391 737 620 974 926 679 53 615 451 282 
452 375 464 303 18 194 890 671 378 189 4 687 129 367 122 731 757 791 10 271 656 235 816 549 582 991 
104 338 853 908 383 170 779 567 59 43 610 179 881 735 436 460 899 265 232 687 5 483 700 213 252 741 734 475 572 683 956 946 594 323 46 745 200 380 278 493 245 364 875 403 293 508 171 900 845 776 
857 724 793 156 49 149 408 776 196 522 389 441 77 2 235 558 603 135 852 925 322 13 751 557 920 118 453 375 869 493 806 463 122 139 622 277 413 893 659 785 904 93 222 504 421 
707 828 351 953 610 266 476 337 462 734 
305 934 801 969 843 756 94 382 518 694 328 461 641 50 
867 845 411 159 799 272 246 525 84 452 994 
949 180 945 967 60 454 402 593 645 678 23 28 242 791 337 801 780 609 878 887 96 787 921 856 999 
946 144 361 823 274 596 382 607 681 905 
142 659 956 556 761 132 266 597 405 930 645 655 826 303 253 693 272 897 699 618 199 736 785 
602 664 601 356 240 243 702 503 76 77 994 
530 793 380 723 259 638 235 574 103 882 724 618 844 681 167 362 188 790 637 381 713 138 269 934 817 917 242 392 
794 775 825 539 819 453 906 808 340 891 383 135 293 774 
924 253 371 164 730 103 38 794 576 508 736 395 
858 339 376 504 562 656 914 388 546 96 828 904 618 991 
305 717 737 934 294 520 225 434 632 878 414 550 391 887 446 990 993 319 961 95 683 747 681 257 560 462 811 610 490 211 215 589 640 564 358 571 642 365 964 707 438 311 210 393 
877 707 351 130 418 552 899 690 442 714 488 171 
361 516 442 778 767 318 578 350 737 119 132 613 719 829 199 733 570 329 466 
131 136 41 85 796 17 797 804 639 292 227 944 696 904 787 861 711 457 
441 38 930 580 587 566 250 622 615 905 659 506 593 858 730 668 
25 897 681 353 525 810 873 513 947 766 835 197 106 479 582 676 381 261 31 813 63 672 
26 414 851 241 984 995 855 668 867 592 62 58 251 152 728 200 747 
659 956 734 556 73 431 761 560 597 387 565 393 474 967 184 586 31 618 4 17 983 646 648 437 970 189 995 
195 963 223 129 757 301 270 665 182 392 318 61 995 
803 737 550 984 847 414 565 607 958 26 192 995 95 681 435 537 237 499 117 656 566 543 536 805 870 478 793 132 716 903 9 683 
592 830 475 423 8 792 768 681 622 491 817 541 626 415 502 689 263 506 328 314 13 197 526 214 759 152 47 685 318 193 565 62 962 723 69 534 760 306 21 313 975 979 102 219 560 963 321 684 
305 759 3 330 169 565 581 176 635 414 993 990 894 996 568 466 772 951 695 817 992 727 961 479 177 77 204 275 622 664 991 911 625 148 43 40 
342 995 759 169 934 790 225 851 203 707 136 711 553 556 163 308 121 243 583 159 454 
905 612 457 4 116 313 437 671 832 670 273 298 94 107 661 228 509 321 900 504 823 936 260 673 342 77 645 59 694 934 300 656 232 710 475 150 856 419 821 565 76 456 201 957 199 930 390 825 
217 551 353 513 941 415 350 717 106 930 685 378 844 755 999 
594 663 657 319 315 745 825 413 174 819 388 726 452 998 851 659 671 515 249 804 781 159 464 830 976 382 507 
476 578 442 39 252 154 144 888 157 818 61 302 497 840 691 486 199 684 310 965 868 20 365 67 226 177 389 278 330 530 656 749 787 948 864 11 806 729 
