1000 10052 0
21 47 85 107 117 168 169 276 281 372 404 444 598 645 666 688 690 728 750 805 811 837 844 848 944 88 706 
338 365 434 437 452 539 605 652 946 845 
66 108 229 267 274 537 547 563 596 694 733 791 812 918 980 1000 581 907 
44 83 126 167 348 433 442 472 512 531 635 707 720 794 827 891 990 996 657 683 
17 19 53 157 326 592 654 661 800 815 
49 78 140 407 590 658 741 747 761 875 913 205 231 
143 225 258 305 345 476 538 606 653 692 726 727 770 786 798 880 928 935 403 433 
40 162 265 278 312 333 347 349 394 422 511 526 557 589 670 802 825 984 82 405 803 
34 96 197 251 554 643 715 807 869 645 
38 150 193 272 397 699 771 778 927 90 649 
124 273 338 403 437 446 505 680 682 899 970 973 368 
30 186 480 489 529 565 579 824 828 854 907 625 655 
320 350 379 537 547 582 627 660 733 812 942 979 519 723 
174 212 316 338 365 434 446 946 970 179 632 
34 96 206 251 495 554 643 715 716 777 851 860 862 869 876 883 983 991 85 541 556 
283 367 447 475 523 548 665 779 858 81 
5 19 53 82 157 240 288 291 326 366 389 592 633 654 661 696 703 793 800 895 938 971 269 580 970 
49 110 179 493 515 590 684 741 875 882 913 509 674 
17 5 53 157 240 288 291 326 592 659 661 696 703 793 800 895 938 971 148 455 
37 57 63 67 102 122 139 176 261 298 302 354 371 424 449 464 507 534 573 597 619 686 704 797 830 853 879 900 904 934 200 586 641 990 
1 32 85 117 168 169 276 281 444 467 576 673 688 690 750 805 837 848 317 497 
36 93 94 97 192 209 219 264 285 293 436 438 513 532 541 568 585 608 649 650 656 745 782 808 821 863 885 906 985 151 406 798 977 
177 191 497 622 717 892 905 910 966 40 567 
26 171 188 415 615 671 687 760 981 333 686 
93 153 192 209 303 393 440 513 541 641 649 656 709 808 847 898 985 647 831 
24 171 453 580 646 671 687 714 792 836 422 967 
51 55 59 100 161 162 238 265 268 278 312 333 349 394 413 432 483 511 526 564 584 589 601 621 730 802 825 835 871 902 955 975 977 223 227 468 
63 122 139 145 182 242 261 371 573 597 762 830 113 459 
35 65 134 141 149 151 165 207 208 210 221 244 287 317 411 421 471 519 561 632 713 744 789 817 887 888 982 349 390 927 
12 58 148 186 235 245 426 460 565 579 611 824 828 854 878 907 937 967 532 637 
46 92 166 205 218 228 344 395 522 691 758 867 945 969 999 397 596 
21 47 85 107 117 160 168 276 279 356 368 372 404 431 444 508 543 560 570 576 673 676 688 690 705 728 748 750 805 809 811 837 844 881 944 260 343 426 711 
136 225 277 289 305 341 402 476 500 514 538 555 606 629 653 692 725 726 770 784 786 798 874 880 919 928 487 721 769 
15 9 96 197 490 495 554 594 643 675 796 851 860 862 876 922 983 991 237 658 921 
29 65 134 149 208 210 221 317 471 561 623 632 713 789 887 888 982 308 698 
22 93 116 192 209 323 382 436 440 486 527 541 608 745 821 885 897 898 924 248 385 466 
20 57 63 67 139 261 302 310 354 357 371 385 424 507 534 573 597 619 686 772 830 853 879 900 904 274 688 994 
10 48 54 150 193 216 361 473 528 556 771 778 783 889 927 337 346 
148 186 280 489 565 579 662 824 854 620 
8 59 100 162 238 265 278 333 347 394 413 432 441 526 557 657 698 825 947 960 23 531 751 
106 127 130 164 213 231 269 351 362 392 468 498 578 595 607 620 663 674 679 766 833 838 849 926 968 998 108 844 
84 103 173 185 224 335 390 504 552 677 803 909 978 989 77 816 
177 391 487 494 535 622 751 861 892 905 910 966 76 867 
4 83 99 111 125 126 167 226 301 313 433 442 454 472 512 531 562 571 600 635 707 720 788 794 827 891 915 990 993 996 290 741 903 998 
101 178 398 423 448 569 638 753 813 823 834 873 957 663 871 
31 64 77 121 152 154 166 196 205 228 237 239 246 270 275 309 324 328 344 369 380 414 469 485 501 558 575 628 664 667 683 691 697 758 790 815 816 840 852 855 867 941 958 963 972 79 665 798 950 989 
32 1 85 107 160 168 169 254 276 281 368 404 444 508 543 598 666 673 688 705 728 805 809 837 844 944 103 365 371 
38 54 150 193 216 771 778 783 927 515 
18 6 75 78 90 110 114 140 179 190 201 202 247 331 364 373 399 407 493 515 540 590 648 658 678 741 747 761 832 875 882 913 954 956 207 434 798 806 
158 267 274 350 549 599 644 660 694 733 810 980 535 735 
27 162 265 268 511 621 670 698 802 79 619 
225 277 305 340 653 726 770 786 798 928 224 780 
17 19 5 82 157 240 288 291 314 326 366 389 592 633 654 659 661 696 703 793 800 895 938 410 660 
38 48 73 123 150 170 172 193 255 308 352 361 397 427 461 502 528 556 771 778 783 889 927 232 491 493 
27 61 162 195 265 278 312 333 394 432 445 511 525 526 557 589 602 698 825 835 871 902 977 984 427 934 
155 307 320 379 537 547 596 599 616 694 733 810 812 942 980 1000 92 485 
20 37 67 102 139 242 261 354 360 371 507 534 573 619 651 711 797 853 345 471 520 
30 60 280 480 489 579 824 854 907 192 
40 27 162 238 333 511 621 825 902 750 
58 109 186 280 319 426 480 529 579 611 722 824 829 854 907 937 951 263 955 
55 100 162 278 349 432 657 802 825 902 815 946 
101 262 396 423 428 448 719 723 746 753 813 834 873 957 962 796 890 
28 20 37 67 122 139 176 182 242 261 298 302 354 357 360 371 374 385 424 507 534 573 597 651 686 743 749 762 772 773 830 845 853 879 900 904 931 248 350 426 517 561 
46 152 237 243 332 344 474 520 664 691 697 816 840 855 649 990 
29 35 141 149 210 221 244 252 317 411 421 561 623 632 713 744 789 817 887 888 982 164 468 795 
3 158 229 250 267 350 379 401 547 549 582 660 694 733 810 980 1000 277 480 
63 37 20 57 102 122 139 145 242 257 261 302 354 357 371 374 385 424 506 507 534 573 619 685 686 704 711 743 772 830 845 853 879 900 904 931 934 168 309 503 806 881 
106 164 198 213 231 297 362 384 468 578 583 620 674 766 833 849 896 926 965 968 998 474 710 852 
234 311 367 447 475 665 755 831 992 856 
120 183 203 400 492 524 567 721 754 865 872 987 428 719 
94 138 192 209 303 375 393 408 440 486 585 656 745 850 863 936 985 662 994 
120 147 183 184 199 203 241 249 383 400 524 655 721 872 987 362 966 
54 150 170 193 255 272 308 352 397 473 502 556 566 752 771 778 783 927 791 823 897 
186 299 460 479 480 489 634 662 722 824 828 854 907 937 119 338 
49 179 202 223 364 590 684 741 913 579 
93 94 144 303 408 614 738 808 925 43 228 
46 92 98 121 154 196 204 214 227 233 237 239 246 253 270 275 284 332 377 380 501 517 603 664 683 691 702 734 790 795 815 816 840 867 877 941 963 42 117 555 813 873 
6 49 140 179 211 331 373 493 515 540 590 648 718 741 747 913 558 836 
311 367 447 475 518 521 523 548 665 742 776 831 858 930 932 939 992 46 51 
103 173 185 224 335 376 552 803 909 974 989 675 825 
91 105 137 175 187 215 232 266 295 296 325 343 353 359 370 387 406 455 463 481 545 551 593 612 617 624 630 637 693 712 724 739 759 764 787 842 950 16 99 159 576 843 
53 17 157 291 326 366 592 696 800 8 
44 4 126 286 512 600 720 788 794 891 990 154 287 
42 103 118 173 335 546 552 642 803 866 909 974 978 989 700 995 
47 32 1 21 107 117 160 168 169 254 276 279 281 356 368 404 431 444 467 503 508 509 543 560 570 577 598 645 673 676 688 705 728 748 750 805 837 844 848 921 944 15 124 178 352 786 
164 198 213 231 269 362 392 443 468 578 583 674 679 740 766 833 838 959 968 534 649 795 
138 219 375 527 614 650 656 745 847 863 906 450 680 
289 305 386 402 500 653 692 726 784 786 928 1 125 
157 288 326 366 389 592 633 661 696 703 306 853 
49 179 223 331 419 590 648 741 875 882 913 954 10 521 
81 105 137 175 187 215 232 296 325 343 370 387 406 455 463 545 551 593 612 617 630 693 712 724 739 759 764 787 949 166 277 691 733 
77 31 98 166 196 200 204 205 233 246 284 332 344 380 469 520 558 591 664 758 815 816 852 903 972 56 984 
22 76 36 25 94 115 144 153 192 209 285 303 329 382 438 491 513 532 541 550 559 581 608 618 636 649 650 656 745 847 906 916 924 952 985 605 679 689 833 
93 71 76 22 115 138 142 144 192 209 219 264 293 303 393 408 436 440 459 462 513 527 532 541 559 568 608 641 650 656 738 765 782 821 850 863 925 952 985 184 276 547 599 676 
250 263 267 307 379 616 660 733 980 811 
9 15 34 716 777 860 862 876 991 204 384 
22 153 209 559 636 649 656 709 821 439 592 
77 92 196 205 246 284 315 332 377 409 474 485 496 517 603 697 706 972 367 477 907 
44 260 286 301 313 348 454 472 512 531 562 571 720 788 794 891 990 993 81 693 
27 40 61 162 238 265 278 312 333 394 413 441 511 557 602 639 657 695 763 802 871 947 960 121 156 276 
62 45 180 396 428 448 569 746 753 813 814 834 873 957 962 545 892 
67 20 57 139 145 146 176 182 242 257 261 302 310 354 371 374 385 424 464 507 534 573 610 619 651 686 711 762 772 773 797 830 845 879 900 904 931 934 265 469 677 937 947 
84 42 80 118 173 185 224 335 376 390 499 504 642 677 729 803 866 901 909 974 978 989 47 646 931 
130 164 213 220 256 269 362 384 468 578 849 896 933 968 998 739 950 
81 91 137 175 266 295 296 343 353 359 370 387 406 455 463 481 545 617 630 693 712 739 759 764 842 949 438 792 
68 41 127 130 164 213 231 256 269 351 355 384 392 468 498 578 620 672 679 740 766 849 864 933 959 998 336 989 
85 32 47 1 168 169 276 279 281 356 368 372 404 431 444 543 560 570 576 577 598 645 666 673 688 705 728 805 809 811 837 844 881 921 143 265 764 
3 129 155 158 250 263 350 379 401 418 450 547 625 627 694 736 979 980 1000 41 766 783 
60 148 318 342 426 480 579 824 828 841 854 878 951 976 202 586 
49 18 140 190 331 373 399 419 515 540 590 648 658 678 684 741 875 882 913 500 664 944 
44 126 167 301 512 720 794 990 996 640 
148 318 426 572 579 824 854 878 907 937 769 830 
238 265 333 347 420 441 526 621 825 28 
49 140 179 202 590 648 718 741 894 913 956 513 883 
94 93 219 303 438 465 513 541 550 614 641 649 656 738 782 847 906 246 724 
36 192 209 436 440 513 568 641 649 650 656 885 897 952 985 295 964 
85 32 1 21 168 169 279 368 372 404 431 444 467 503 509 576 577 645 666 673 688 705 728 748 750 805 809 837 844 848 921 944 77 267 499 565 
84 103 173 376 544 642 909 978 989 697 
164 213 231 362 384 392 578 620 679 766 74 393 
70 72 147 183 184 199 241 249 259 271 294 383 400 410 492 524 530 567 655 721 754 865 872 987 130 825 992 
46 77 166 200 217 218 227 228 237 246 248 270 275 284 315 328 344 380 409 430 474 517 520 575 588 664 667 683 691 697 780 790 795 816 840 852 867 877 884 958 972 999 100 129 471 750 885 
28 20 67 63 139 242 302 357 371 385 507 534 573 619 686 797 830 845 853 904 931 473 648 752 
54 150 193 397 556 771 778 783 927 954 
11 174 212 273 300 316 321 337 338 363 365 381 434 437 446 452 457 505 539 586 605 652 680 682 757 769 781 804 839 893 899 920 923 946 970 973 994 85 415 561 873 922 
44 126 512 562 600 720 794 990 996 88 
44 4 125 83 111 286 348 433 442 512 531 571 635 720 794 827 891 990 996 277 533 898 
41 106 164 181 213 231 674 849 926 968 998 568 930 
130 213 220 231 384 392 468 674 735 740 775 838 849 998 598 899 
108 250 274 350 418 450 537 547 587 599 616 627 644 689 694 733 812 1000 121 325 404 
128 106 104 41 164 181 198 213 220 231 269 297 351 362 384 392 417 451 458 468 578 583 595 607 620 672 674 679 700 735 766 775 799 833 838 864 933 968 998 120 741 742 882 978 
140 331 493 515 540 590 875 954 956 951 
257 360 371 374 507 534 762 830 845 853 428 441 
205 214 227 253 485 691 780 840 852 867 963 288 943 
29 35 244 317 411 471 519 561 623 632 789 179 899 
274 307 320 660 689 701 733 736 942 195 578 
33 225 305 386 500 653 770 798 928 891 901 
81 91 105 175 232 266 296 359 387 406 455 545 593 617 630 712 724 739 764 842 950 345 511 600 
71 87 94 436 486 585 608 656 709 745 850 925 952 985 670 903 
37 102 20 63 122 28 57 67 145 182 257 261 302 354 371 374 385 449 507 534 573 597 619 651 685 686 749 762 797 830 845 853 931 205 409 744 
49 131 114 110 78 6 179 190 202 211 247 331 373 407 419 493 515 540 590 648 658 684 718 741 747 832 875 913 195 921 925 970 
29 65 149 151 411 421 561 713 789 147 356 
94 219 393 608 649 656 709 826 898 952 231 286 
7 225 277 305 476 653 692 708 726 770 784 786 798 919 928 107 802 
76 93 94 192 303 375 477 614 641 649 745 916 988 421 573 
67 28 102 139 176 242 261 302 310 354 360 371 449 464 507 573 619 686 772 797 830 845 853 879 900 904 931 362 753 820 
102 302 371 449 534 685 853 904 934 638 
120 72 183 184 203 400 492 524 567 655 721 141 784 
112 109 39 30 186 235 245 280 299 319 426 460 480 489 529 565 572 579 611 634 662 722 768 822 824 828 843 854 878 907 937 967 976 19 437 615 622 
29 65 141 35 317 471 561 623 713 585 
54 73 38 10 48 123 170 172 193 216 255 272 308 352 361 397 427 461 473 502 528 556 566 699 752 771 778 783 889 927 258 692 901 
29 141 208 287 317 561 623 789 982 22 311 
46 64 218 227 237 469 474 517 702 734 758 795 815 941 969 938 
97 93 25 192 209 219 329 393 436 438 465 486 513 527 541 585 614 640 641 649 650 709 738 745 924 925 948 952 988 389 721 788 913 
77 46 200 204 205 239 248 275 469 484 520 588 683 697 758 795 815 877 886 969 83 383 971 
56 108 158 159 250 263 267 274 307 320 379 466 537 547 574 582 587 596 599 613 616 660 668 689 694 733 736 756 810 812 980 1000 369 406 740 834 
171 378 415 453 456 488 580 604 615 646 647 671 687 714 760 792 836 929 981 100 291 780 
53 17 19 89 5 82 240 288 291 314 326 366 389 592 633 654 659 661 696 703 793 800 895 938 599 853 861 
50 66 155 108 194 250 307 320 350 379 401 418 429 466 537 574 582 596 627 644 660 689 733 791 810 918 942 964 979 980 1000 265 357 427 904 
155 250 429 450 466 537 596 694 918 964 1000 81 652 
32 47 85 168 169 276 809 921 944 434 
27 162 238 265 268 333 349 394 422 432 589 698 871 902 960 779 
27 161 8 40 55 51 100 59 61 195 238 265 268 278 312 333 349 394 413 420 445 511 525 526 589 602 621 657 695 698 763 802 825 871 902 955 960 480 552 726 924 928 
274 320 339 537 596 627 660 694 733 918 673 725 
41 130 106 68 127 119 104 86 181 230 231 269 292 297 351 362 384 392 417 443 468 498 578 620 674 679 740 766 799 838 864 896 933 968 997 998 65 306 431 638 792 
29 252 317 632 713 789 817 887 888 778 
121 92 31 46 204 214 227 237 248 284 309 344 369 380 470 474 517 522 575 591 664 667 691 702 758 840 958 91 405 529 901 
4 44 111 313 348 433 562 571 720 891 990 814 815 
85 117 47 160 21 1 32 107 169 281 356 368 372 404 467 503 508 509 560 570 576 577 598 673 688 705 728 748 750 805 809 811 837 844 848 921 944 67 226 375 656 939 
85 160 168 117 1 47 107 21 276 404 431 444 560 570 576 598 645 673 676 688 705 728 748 805 809 837 944 173 227 366 
150 73 54 473 528 556 771 783 927 394 465 
156 24 26 378 415 453 488 580 604 615 631 647 671 687 714 760 767 792 836 911 384 825 887 
150 54 272 397 473 566 771 778 783 927 244 616 
103 42 84 80 118 185 224 335 376 390 499 504 544 546 552 642 677 729 732 803 866 901 909 974 978 989 169 500 967 
124 14 212 365 446 452 652 680 737 769 819 946 970 301 961 
81 105 137 91 266 296 325 353 406 545 551 624 630 949 209 231 
102 63 20 145 257 371 507 573 686 904 536 924 
43 23 191 306 391 494 717 751 861 892 905 910 654 859 
45 180 396 428 448 536 719 873 957 85 
49 140 114 75 78 90 18 190 201 202 211 223 247 331 364 373 435 515 540 542 590 648 658 678 718 741 747 785 832 875 882 894 913 954 956 134 14 807 
178 101 428 448 638 723 746 753 873 909 
130 127 164 231 346 417 578 679 766 864 998 481 973 
63 28 102 139 261 354 371 374 385 506 507 534 573 619 686 830 853 904 931 252 381 675 
70 147 120 72 184 199 203 241 259 294 383 400 410 439 492 524 530 567 655 721 754 865 987 256 360 685 
120 183 72 147 199 203 241 249 336 383 400 410 439 567 655 721 754 987 94 415 
173 103 42 80 224 376 729 732 803 909 978 989 252 959 
30 148 74 39 60 12 235 426 479 480 529 565 579 722 768 822 824 828 829 841 854 878 907 371 504 
81 91 455 463 481 617 693 764 950 571 
24 453 580 647 671 687 714 792 836 303 817 
316 434 446 457 652 781 820 899 946 973 406 693 
179 140 49 110 201 373 407 515 540 590 648 658 741 832 875 913 402 598 
177 23 304 391 497 535 681 818 892 905 910 966 673 879 
94 153 25 71 116 144 22 93 36 209 285 293 303 375 382 408 440 462 465 486 513 533 541 581 585 608 641 649 650 656 745 765 826 850 859 906 924 925 936 948 952 985 58 321 450 913 
150 54 73 38 48 123 10 216 272 308 361 397 427 461 473 502 528 556 566 699 752 771 778 783 846 889 238 642 786 
158 250 267 537 596 660 694 812 856 942 1000 208 682 
55 162 347 394 511 589 802 961 975 135 140 
77 46 98 92 200 204 227 233 237 309 324 469 815 877 969 999 606 762 
34 9 495 594 643 675 715 860 883 991 514 695 
86 68 130 213 231 362 384 451 468 620 766 774 775 933 968 998 344 
72 183 120 184 203 249 336 383 400 492 524 530 655 721 754 224 372 
121 196 92 154 205 517 575 664 795 867 972 20 900 
179 49 190 331 542 590 741 747 875 913 294 520 
179 49 140 114 75 373 407 515 590 648 658 678 741 747 832 875 882 913 954 109 401 697 
183 147 70 199 184 72 241 249 271 294 383 400 410 721 754 872 987 507 556 
77 196 166 92 154 205 217 218 228 233 237 246 248 284 322 328 380 430 485 496 558 575 603 628 691 706 758 795 815 816 867 884 890 903 963 969 96 263 338 641 940 
133 154 200 31 92 204 98 46 217 227 233 246 248 270 284 315 332 469 474 484 501 591 603 664 669 691 697 795 815 840 855 877 958 139 6 240 587 
15 327 495 643 716 777 860 862 876 853 
29 287 411 519 561 623 713 887 888 49 473 
29 151 35 317 471 713 744 789 888 194 373 
93 153 94 36 97 116 71 25 22 192 219 285 303 323 408 438 440 491 513 532 533 541 559 581 585 608 614 636 641 650 738 745 863 897 906 924 936 943 948 953 985 175 213 712 958 
35 65 29 317 411 632 713 789 982 834 
179 140 78 247 331 364 515 540 590 648 741 747 875 913 954 425 
14 124 174 273 316 321 338 363 365 381 403 434 437 446 452 457 505 510 539 605 652 680 682 737 757 769 781 839 857 868 893 899 912 920 946 970 973 994 995 310 484 809 854 910 
119 41 130 86 127 68 128 106 198 104 231 292 297 362 384 392 451 458 468 498 578 607 620 663 674 679 700 735 740 766 774 775 799 833 838 849 864 933 959 965 968 997 998 209 378 510 536 575 
77 133 166 233 380 470 474 484 588 628 972 986 614 847 
81 91 232 406 455 463 617 630 739 842 432 462 
150 38 48 193 352 397 473 771 778 783 927 946 984 
121 204 205 328 344 469 683 691 806 712 
31 204 152 121 233 237 275 322 324 469 474 485 591 758 884 890 732 
22 87 153 142 209 115 94 408 436 438 440 459 491 513 527 568 585 608 614 636 641 709 745 847 859 863 906 925 936 988 234 549 747 933 
130 104 128 231 384 620 672 674 740 833 926 933 998 286 861 
29 65 35 244 252 317 411 471 623 713 887 417 867 
265 268 278 312 349 422 525 526 557 589 601 621 698 730 763 802 902 977 384 757 824 
75 90 179 331 590 648 747 832 875 913 27 793 
173 103 80 42 185 376 390 504 544 546 677 732 803 866 901 909 974 978 989 199 52 334 
33 143 7 136 52 258 277 289 305 340 341 345 386 402 476 500 514 555 653 692 708 725 726 727 731 770 784 786 798 874 880 919 928 935 359 832 869 910 
44 512 562 571 600 635 720 915 990 168 797 
121 196 152 77 205 166 133 233 246 275 284 380 469 470 474 517 575 603 609 669 691 697 706 734 758 795 815 840 877 886 903 963 969 972 999 169 27 471 776 
204 46 31 121 246 284 474 517 758 877 76 756 
3 66 267 350 450 547 810 914 980 606 630 
164 231 392 468 578 674 838 926 997 395 
130 164 220 181 86 106 68 127 128 41 213 119 198 230 256 269 297 346 351 362 384 392 417 443 468 498 578 607 620 672 674 679 766 774 833 838 864 896 926 933 959 968 997 998 6 175 142 314 608 
81 215 91 137 296 343 359 387 406 455 463 545 612 617 624 630 637 693 724 759 764 949 950 54 356 835 
205 196 77 204 218 227 214 92 243 246 248 275 284 377 380 474 484 485 522 575 603 609 664 667 669 697 795 815 890 941 945 280 437 653 796 
69 283 311 367 447 475 518 521 523 665 742 755 776 779 831 930 932 939 992 219 617 907 
186 148 30 565 611 722 824 854 937 283 
258 305 402 500 653 692 726 784 798 257 674 
121 77 166 196 46 204 64 152 218 253 275 309 344 380 485 522 603 609 628 664 669 691 702 734 790 815 816 870 890 941 963 972 999 34 538 826 894 
113 162 100 161 59 40 27 265 312 333 349 394 420 441 511 525 526 557 564 584 621 695 698 802 825 940 955 193 637 968 
77 154 46 243 469 474 575 790 903 972 612 808 
157 53 17 19 288 291 326 366 592 696 800 971 205 376 
120 183 184 72 203 259 294 383 400 439 492 524 530 567 721 754 987 953 
28 122 145 63 57 67 102 261 506 619 797 853 904 367 795 
233 64 239 275 344 522 609 664 780 892 
29 65 134 221 411 561 632 713 789 887 888 172 690 
30 148 579 824 828 829 854 878 907 937 951 566 913 
92 121 98 46 227 77 233 228 205 204 284 309 315 470 485 501 575 603 609 628 683 702 734 758 795 806 815 840 852 855 867 877 884 941 972 115 953 991 1000 
211 49 140 179 331 419 515 540 542 590 648 658 684 741 747 785 875 548 595 
205 204 233 166 121 154 469 470 485 591 691 780 815 840 890 963 972 63 36 
203 72 120 199 184 439 524 721 865 987 382 392 
95 194 155 159 66 158 108 129 274 320 350 401 405 466 537 547 587 599 613 625 626 668 689 694 733 791 812 856 918 942 964 979 980 1000 394 805 862 983 
15 9 643 716 777 860 876 917 922 991 522 919 
65 165 221 287 317 471 561 632 713 744 789 182 185 
77 237 133 328 377 470 575 603 664 806 877 335 882 
47 85 279 368 444 673 688 728 944 744 
150 54 73 502 528 566 771 778 927 825 849 
231 106 104 269 362 468 620 674 679 700 864 933 998 183 579 
67 102 132 176 139 354 371 507 534 619 743 236 419 
225 236 7 277 305 402 476 555 653 770 784 786 798 150 998 
183 241 120 336 400 524 655 721 754 865 872 696 817 
99 301 348 472 512 531 720 827 990 32 543 
102 67 28 37 63 182 20 145 139 57 242 298 302 310 371 374 385 424 464 507 534 573 597 686 704 743 772 797 830 845 853 879 904 318 365 576 
62 330 396 423 428 448 536 638 719 723 746 753 813 814 823 834 873 957 962 590 731 945 
155 95 108 267 379 466 537 574 587 596 627 660 733 736 856 942 980 1000 60 204 717 
22 94 382 513 641 649 656 863 952 383 626 
238 27 222 51 55 40 161 8 100 113 162 268 278 312 333 347 349 394 413 422 432 445 483 511 526 557 564 584 601 621 639 657 670 698 802 825 871 902 955 960 961 977 984 158 102 107 838 946 
81 105 175 137 353 359 370 387 406 455 463 545 551 630 637 693 712 724 739 759 764 842 949 307 489 656 
263 95 50 194 66 155 229 3 274 307 320 339 379 547 613 627 660 694 701 736 812 856 942 964 1000 117 411 513 
27 51 222 265 162 161 312 333 349 394 432 441 445 511 526 557 564 639 698 730 825 947 955 961 975 984 348 684 875 
164 104 130 41 106 231 256 86 362 384 468 578 595 607 620 663 674 679 700 766 833 838 864 896 965 968 998 17 721 900 
46 205 121 77 290 315 474 520 558 852 538 686 
120 203 336 400 524 567 721 987 826 862 
150 193 10 73 172 361 397 427 473 528 556 771 778 927 474 761 
124 212 11 316 338 358 365 434 586 605 820 839 857 868 946 973 994 643 863 
163 267 50 135 3 155 250 129 282 320 339 379 401 405 412 450 466 537 547 574 587 596 599 616 627 644 689 694 701 733 812 918 942 979 1000 37 867 899 967 
233 227 243 218 237 77 121 154 46 284 290 328 469 484 575 588 628 795 886 963 969 972 999 553 578 718 
21 32 85 107 47 160 1 169 279 281 368 372 431 467 503 508 577 598 673 688 728 750 805 809 837 881 100 94 981 
225 143 33 258 52 289 305 334 386 402 500 653 692 725 727 770 784 786 798 874 928 935 126 91 66 
265 162 8 100 61 55 222 27 40 333 347 349 394 413 445 483 511 526 557 564 589 601 602 621 698 802 825 835 871 902 947 955 961 975 977 984 283 444 478 527 
276 107 85 117 32 254 508 543 598 673 688 809 844 944 402 870 
39 60 148 58 318 426 479 480 579 611 662 824 854 878 907 937 967 976 233 725 
1 107 21 168 276 85 47 368 404 444 467 508 543 705 728 748 837 482 620 
274 320 350 412 596 616 660 694 918 540 
234 16 311 367 447 521 755 779 992 278 235 
92 166 204 233 98 275 205 121 246 228 227 77 290 315 324 328 332 377 380 395 414 430 470 474 484 485 496 588 591 603 628 664 795 815 816 870 877 941 963 999 653 660 705 709 849 
22 209 93 192 462 650 656 745 765 341 
99 83 126 301 313 348 512 571 720 891 915 990 220 142 
29 252 151 207 317 471 519 713 789 887 83 631 
157 53 17 19 89 240 314 326 366 389 592 659 661 696 793 800 895 938 133 451 
277 225 33 88 305 386 500 514 538 692 726 731 784 786 798 919 935 362 
284 270 275 469 474 669 790 795 815 44 904 
157 53 17 240 82 19 326 366 592 654 661 800 156 384 
164 213 351 362 384 578 674 679 933 968 997 998 365 747 
192 22 94 323 513 541 568 636 640 649 656 808 821 847 943 856 
120 183 203 241 383 400 492 524 721 872 987 201 511 
81 105 325 406 455 463 545 630 724 764 116 917 
81 105 232 91 137 175 370 406 455 463 545 551 593 630 693 712 764 787 949 416 572 970 
130 231 68 213 164 362 451 578 674 679 838 423 697 
261 63 20 302 371 385 507 534 573 619 704 868 918 
148 74 489 579 611 662 907 937 967 485 
124 365 434 446 680 820 912 946 973 462 604 
44 111 99 260 286 348 472 512 562 600 720 788 794 891 915 990 996 174 349 
298 37 102 139 146 20 261 145 122 67 63 310 354 360 371 374 385 424 449 464 534 619 651 749 762 772 797 830 845 853 934 420 485 699 998 
209 76 94 115 71 192 25 93 144 323 408 465 477 491 527 541 650 738 847 850 985 188 388 748 
191 306 487 497 553 751 892 905 966 623 889 
225 33 277 7 289 143 258 88 52 236 136 334 340 341 345 386 402 476 478 500 514 538 555 606 629 653 692 708 725 726 727 731 770 784 786 798 874 880 919 928 935 354 511 776 939 
177 304 494 497 535 553 622 717 892 905 908 910 966 89 164 
56 155 95 135 158 267 320 379 466 587 596 660 689 694 756 810 812 918 942 266 699 931 
150 193 54 73 352 361 397 473 771 778 783 846 927 35 327 
166 196 46 246 237 395 430 867 870 67 437 
102 302 261 37 145 371 424 534 573 619 830 845 212 590 
69 79 234 283 367 518 831 939 992 151 
265 238 27 100 162 8 55 268 222 333 349 394 413 422 511 526 557 564 589 602 670 695 698 730 825 902 947 977 569 762 891 971 
44 286 99 167 472 562 720 891 990 468 783 
157 53 288 592 633 654 659 696 800 231 
246 270 205 284 121 98 588 806 815 972 827 937 
212 124 189 14 273 337 338 358 381 416 425 434 437 446 452 457 505 510 539 605 652 680 769 781 804 819 820 857 899 923 946 970 973 349 472 679 
29 210 65 287 208 35 221 252 134 165 149 151 411 421 471 561 623 632 713 744 789 817 888 982 21 547 640 
109 280 112 319 479 529 565 579 662 722 854 907 261 602 
318 60 148 579 662 824 854 951 967 736 
13 274 155 158 135 307 56 267 250 282 163 379 401 418 429 537 549 587 616 627 644 660 689 694 701 733 791 810 812 856 914 942 979 980 1000 496 840 946 973 
212 124 338 381 434 437 446 457 652 737 781 868 946 973 994 192 
204 218 344 469 588 628 697 706 870 903 945 483 715 
209 36 303 293 393 436 438 440 513 532 541 614 636 641 649 656 709 782 847 850 863 885 897 952 413 500 728 
46 218 196 284 344 474 522 664 734 816 852 941 435 710 
81 91 295 175 406 455 463 551 617 630 637 693 739 759 764 949 950 129 832 
157 53 17 5 288 240 291 19 89 82 366 592 633 654 659 661 696 703 793 800 895 938 971 469 550 872 
206 490 643 716 777 860 876 922 983 308 
217 204 284 275 46 121 253 664 702 780 790 795 815 890 963 972 561 714 
153 93 382 436 513 709 801 916 924 666 
262 396 428 448 638 723 753 834 873 972 
179 223 110 140 131 247 201 49 211 78 90 364 373 419 435 493 515 540 542 590 648 658 684 741 747 761 785 875 882 894 913 467 691 917 960 
205 92 64 77 98 284 380 474 664 780 816 867 870 945 650 873 
113 278 27 312 238 100 162 268 265 40 55 8 161 59 347 349 394 420 422 432 441 445 483 511 526 557 584 589 602 621 657 670 695 698 730 763 802 825 835 871 902 960 975 984 24 528 537 547 893 
305 277 341 386 478 500 606 629 653 726 770 784 786 798 928 224 765 
173 103 42 84 80 376 499 504 546 642 677 729 803 866 901 909 978 989 253 469 845 
199 184 271 259 400 439 524 655 721 106 
316 124 338 446 652 680 899 970 973 38 
14 212 273 337 316 124 11 321 2 358 363 365 381 416 434 437 446 452 505 510 539 586 605 652 680 682 710 757 769 781 804 820 839 857 868 893 899 912 920 923 946 970 994 204 74 380 636 734 
267 163 274 537 668 694 810 812 980 503 771 
305 225 52 653 726 786 798 919 928 948 
305 225 334 33 653 692 725 726 770 786 798 874 928 285 745 
109 529 579 611 634 722 854 907 937 361 813 
81 91 232 105 353 370 387 406 455 551 630 637 693 712 759 32 868 
31 121 46 322 324 166 217 64 243 237 92 369 377 380 395 409 414 469 474 484 558 609 669 795 815 816 840 852 855 867 877 884 890 969 972 999 198 728 805 
305 7 225 653 770 786 798 928 935 57 137 
181 231 578 620 674 774 833 968 998 38 
113 265 195 333 278 40 8 349 432 441 511 526 589 670 763 802 835 960 836 933 988 
4 301 167 99 286 126 260 442 512 531 562 571 720 794 827 891 915 990 996 268 696 722 
61 265 238 278 268 27 162 222 333 347 312 161 8 394 413 432 441 445 483 511 584 589 621 639 657 670 695 698 763 802 825 835 871 902 940 947 977 301 29 316 850 968 
66 50 108 158 250 229 282 13 129 401 412 450 547 574 587 596 613 644 660 694 733 810 812 918 964 979 980 1000 63 393 643 688 
231 164 41 106 130 292 355 362 468 578 583 607 620 672 674 766 833 838 926 933 965 968 998 537 584 704 
150 73 216 308 54 397 771 778 927 85 
266 175 343 105 81 387 406 551 593 630 693 712 724 759 950 671 
182 63 257 102 145 20 302 37 67 57 139 371 385 506 507 534 573 597 685 686 711 743 762 830 845 853 904 305 591 892 
351 106 362 392 468 578 674 679 735 833 838 968 998 634 777 
168 107 32 85 503 598 688 837 944 141 232 
63 122 37 67 371 619 686 762 853 931 158 812 
273 338 316 365 434 437 446 457 680 737 781 946 973 474 919 
81 232 266 137 105 406 463 545 630 693 764 950 225 973 
302 132 57 145 63 374 385 449 464 507 534 573 619 686 762 797 853 904 183 810 
150 193 54 272 38 308 771 778 846 927 342 814 
256 213 119 130 292 355 41 68 86 198 269 104 231 351 164 297 384 392 417 443 451 458 468 498 578 583 607 620 672 674 679 740 766 774 775 799 833 838 864 926 959 968 998 289 72 145 686 
212 124 338 437 452 586 781 899 946 973 832 963 
211 49 75 179 331 373 540 590 913 400 976 
338 2 212 124 273 174 300 14 358 381 403 434 437 446 452 652 680 710 737 757 781 899 946 973 995 292 261 47 
157 53 326 17 89 240 288 82 291 389 592 633 654 661 696 703 793 800 169 925 974 
234 79 311 283 69 16 447 475 516 518 521 523 548 665 742 755 776 779 831 858 930 932 939 992 242 98 760 
107 254 32 117 168 47 281 85 276 404 444 543 673 676 688 728 805 809 837 844 881 921 944 11 975 
46 166 344 484 501 588 603 609 664 815 877 155 577 
81 105 266 91 296 343 387 406 455 624 630 693 712 787 949 594 
57 102 63 261 139 310 357 354 145 37 67 20 182 122 257 132 146 28 302 176 298 374 385 424 449 464 506 507 534 573 597 619 651 685 686 743 762 773 797 830 845 853 900 904 931 47 186 411 632 877 
32 117 168 276 107 1 404 543 598 688 728 805 809 837 844 944 199 824 
179 49 190 331 364 140 202 110 78 419 493 515 540 590 648 684 741 747 832 875 882 954 956 208 501 734 
371 102 67 261 360 182 302 132 139 63 507 534 573 619 686 711 762 797 830 853 934 392 748 877 
87 71 144 192 438 440 513 541 581 641 656 821 897 168 908 
173 224 80 335 185 118 103 504 546 677 729 732 803 901 909 978 989 240 923 
77 344 253 98 284 233 522 795 840 557 
171 156 453 580 647 671 687 714 760 792 981 213 694 
320 95 274 56 263 108 13 307 267 66 155 158 401 418 450 466 547 549 563 574 587 660 689 694 733 756 791 812 856 918 942 980 1000 495 498 654 978 
237 77 214 166 227 92 332 233 121 204 46 284 344 469 474 517 520 609 664 683 691 702 815 840 870 877 958 338 649 707 
321 124 338 212 316 365 446 452 682 769 781 899 920 946 973 182 
329 192 36 264 93 440 568 581 614 641 649 650 709 826 847 249 664 
120 241 203 199 183 72 184 294 400 410 439 524 530 655 721 754 872 987 154 264 507 
231 362 119 130 164 269 198 68 104 213 292 128 220 106 392 443 468 498 578 583 607 620 663 672 674 679 735 740 766 799 833 838 849 864 926 933 968 291 171 222 96 554 
371 298 354 37 102 67 63 360 261 139 182 122 302 507 534 573 686 749 762 773 853 36 822 972 
305 225 136 277 334 88 289 402 476 478 500 514 606 653 725 731 770 784 786 798 919 928 935 729 958 
81 91 105 343 266 232 137 370 353 406 455 463 545 630 637 693 712 724 739 759 950 494 737 986 
460 529 579 662 822 824 854 878 937 303 
157 366 288 53 89 17 592 633 654 696 800 153 528 
173 224 103 42 499 504 642 677 732 803 909 974 978 989 29 505 
43 177 191 497 818 892 905 910 966 560 
231 213 362 130 164 384 355 128 106 86 230 41 119 443 468 498 578 583 674 679 700 740 766 833 849 926 933 959 965 968 998 249 374 484 708 
153 25 71 142 94 323 436 440 527 532 581 614 649 650 656 709 745 826 859 898 943 985 350 119 758 
333 162 278 27 195 238 161 265 349 312 100 8 55 40 268 413 420 432 441 445 483 511 525 526 557 564 584 601 639 657 670 695 698 730 763 802 825 835 902 940 960 961 975 984 170 250 515 656 886 
31 284 309 344 469 496 669 734 758 230 906 
262 101 62 178 330 423 428 448 536 569 638 723 753 813 823 834 873 957 962 449 783 898 
150 193 54 73 308 10 272 123 352 216 172 427 461 502 528 556 752 771 778 783 927 31 554 912 
45 536 638 723 746 753 823 873 962 935 
49 110 515 590 648 741 747 913 954 433 
120 183 184 383 203 72 70 199 271 147 294 241 259 336 439 492 524 530 567 655 721 754 865 872 987 364 747 878 
379 350 320 274 108 66 250 158 405 418 450 537 582 587 596 644 660 689 694 701 810 812 856 914 964 979 1000 202 575 590 
305 225 258 33 386 277 236 88 500 555 606 653 726 770 784 786 798 928 190 279 
365 212 11 416 434 446 510 757 899 946 970 995 7 410 
85 168 107 372 32 169 368 117 47 281 1 431 543 577 666 688 690 728 750 809 837 844 848 881 944 129 466 516 
250 274 401 412 587 625 694 733 918 980 1000 166 8 
81 266 105 215 137 295 296 325 175 232 353 387 370 343 359 91 455 463 545 612 617 624 630 693 712 739 759 764 787 950 155 189 22 964 
140 202 49 190 6 435 540 590 741 832 913 491 860 
219 94 209 71 76 192 303 462 527 541 641 656 953 603 800 
121 344 98 430 469 484 758 815 816 855 941 969 139 424 
203 383 120 184 183 439 524 721 754 53 403 
29 221 207 65 244 210 141 134 317 421 471 561 623 632 713 744 789 887 888 267 371 969 
350 274 405 282 574 660 689 964 1000 534 
394 265 100 349 40 162 27 312 278 483 557 589 601 621 639 657 802 825 902 323 781 824 
284 46 344 474 520 691 806 815 969 670 
24 156 171 453 456 580 604 631 647 671 687 760 767 792 836 981 124 184 
338 403 316 434 446 652 680 857 899 946 973 994 296 455 
130 231 362 181 164 468 674 766 926 221 765 
320 379 129 108 401 158 450 596 660 668 689 694 812 942 980 990 
90 331 140 110 373 247 515 540 590 648 658 684 741 747 785 894 913 257 782 
162 333 238 113 394 511 526 960 975 302 864 
29 317 141 65 411 632 713 789 888 144 798 
333 161 265 222 8 312 445 511 670 825 871 902 26 429 
62 45 396 262 448 746 834 873 957 297 
67 261 102 310 20 63 37 302 371 507 573 797 845 853 931 409 513 
316 434 539 680 781 804 899 970 973 211 801 
60 280 30 112 148 109 186 529 565 579 611 662 722 824 828 841 843 854 878 907 967 32 63 692 
150 193 397 54 272 473 771 778 783 927 55 158 
330 396 101 180 62 262 178 448 536 638 723 746 753 823 873 957 962 132 70 
320 158 159 596 668 756 791 812 918 1000 422 610 
284 204 409 121 309 469 517 575 734 867 903 972 541 803 
169 107 85 404 276 117 32 576 598 673 688 728 748 805 837 944 164 
333 265 55 61 394 161 268 347 27 40 349 441 557 639 670 698 825 871 902 960 975 215 507 569 
167 44 126 4 442 472 512 562 600 891 990 996 7 399 
338 212 124 316 2 425 14 300 321 416 358 403 189 273 365 437 446 452 457 505 510 539 586 680 737 757 769 781 804 868 893 899 912 923 946 970 973 994 995 49 160 568 713 927 
331 407 179 515 590 741 747 894 913 324 524 
94 323 329 393 153 116 219 22 36 138 491 513 541 559 640 649 650 821 847 557 851 896 
321 358 338 124 2 316 365 11 363 434 212 446 452 510 586 605 680 682 737 757 769 781 804 899 912 946 970 309 233 148 
115 323 209 22 219 93 153 375 513 826 948 985 105 693 
400 249 183 410 383 184 241 336 524 567 721 754 872 987 97 442 
209 94 192 25 116 71 375 219 36 393 323 382 459 465 527 541 641 649 656 709 765 801 847 897 898 952 953 597 979 
113 333 238 268 349 394 347 432 100 40 526 557 621 802 825 132 540 
44 433 126 348 4 512 562 720 794 990 996 439 659 
164 362 86 384 392 231 468 578 774 838 968 998 730 777 
85 47 32 107 169 117 21 254 1 368 281 576 673 676 688 728 805 811 837 844 881 278 727 853 
333 265 268 55 349 422 278 162 394 526 557 698 763 825 902 955 960 450 764 
174 434 212 124 11 321 300 338 403 437 381 365 14 358 416 316 189 337 452 457 505 510 539 605 652 680 682 710 737 757 769 781 804 820 857 893 899 912 946 970 973 994 464 480 492 689 
367 79 69 16 283 234 475 516 523 548 665 742 755 776 779 831 858 992 660 745 818 
262 396 428 45 101 62 178 180 330 423 536 569 638 719 723 746 753 813 823 834 873 957 962 794 879 890 
146 360 145 20 371 139 302 506 534 686 762 797 853 904 396 936 
350 129 401 159 274 379 229 418 108 547 549 587 596 599 616 625 627 644 660 668 689 694 733 810 856 980 1000 445 192 87 
362 130 213 198 297 674 679 833 838 864 933 968 998 288 950 
437 338 446 381 212 434 174 363 2 316 124 365 505 510 539 652 710 819 857 868 899 923 970 973 994 995 720 838 
188 171 156 378 415 26 580 604 615 631 647 671 687 714 760 792 836 981 454 706 820 
44 99 512 531 707 720 794 891 993 453 614 
81 295 406 91 105 325 387 296 232 187 137 266 343 370 215 463 481 545 593 612 617 624 630 637 693 712 724 739 759 764 842 950 416 19 567 997 
156 415 580 647 671 760 792 836 929 990 
189 358 446 212 124 316 434 321 505 539 605 680 682 737 769 781 820 857 893 899 912 920 923 946 970 973 995 593 679 885 
130 362 213 468 578 838 849 965 998 888 
94 440 219 541 608 640 656 782 847 936 985 28 860 
30 74 388 148 579 854 878 907 937 599 
150 54 397 193 556 771 778 783 927 613 
285 408 94 192 641 649 650 738 826 953 215 300 
81 455 406 91 215 325 266 387 105 187 359 296 232 295 545 593 617 624 630 637 693 712 739 759 764 506 540 
102 371 20 360 302 145 261 534 573 773 446 944 
153 192 440 115 303 618 709 898 925 170 
274 158 159 263 379 307 250 155 549 587 625 627 660 689 810 812 856 914 918 964 980 1000 36 404 500 
21 276 168 117 281 85 690 728 837 331 
231 213 164 130 384 198 230 269 128 41 68 351 104 106 256 417 86 443 355 392 458 362 498 578 595 607 620 663 674 679 700 735 740 766 799 833 838 864 896 926 933 959 965 968 997 313 65 27 651 831 
46 248 290 218 322 430 152 395 227 217 239 196 154 344 380 205 409 92 275 474 496 588 603 609 628 664 706 734 806 815 840 855 867 877 903 941 958 972 999 102 335 326 590 876 
284 214 248 246 253 166 227 903 941 693 
29 149 252 134 208 35 221 287 317 411 519 561 623 632 713 744 789 817 887 888 57 227 121 
44 433 313 301 4 99 260 512 562 571 720 891 990 316 574 
150 193 216 172 73 38 308 272 427 170 556 699 752 771 778 783 889 927 122 207 
152 324 239 166 233 228 414 218 270 214 332 227 380 284 290 64 344 98 205 121 469 496 517 603 609 664 691 697 734 806 816 855 867 886 903 963 972 986 68 272 358 535 812 
367 79 16 234 69 447 516 518 523 755 831 930 932 992 935 999 
305 143 33 386 258 7 225 478 653 611 976 
303 144 513 527 585 650 801 847 898 948 985 98 787 
305 386 334 476 514 606 653 786 798 919 278 680 
318 186 74 280 565 634 824 854 937 698 809 
12 109 186 58 74 60 280 148 489 529 579 611 634 722 824 854 907 937 967 162 446 66 
455 105 187 81 593 630 693 712 950 181 
495 554 675 715 796 807 883 917 922 281 
394 349 333 265 278 413 27 557 698 322 
284 275 344 409 369 154 205 233 214 517 575 591 603 628 691 790 840 941 212 392 841 
98 46 237 133 248 233 204 246 218 284 496 697 758 795 815 867 945 972 56 302 299 
192 71 153 138 36 513 614 925 953 600 
304 43 497 553 622 681 717 892 905 910 966 33 985 
156 171 631 671 687 714 760 792 981 915 
480 58 12 39 299 74 148 854 878 967 266 812 
34 327 495 594 643 860 862 883 922 677 
93 303 209 436 219 513 650 656 863 407 54 
199 183 120 70 400 294 147 241 721 872 987 446 972 
18 131 49 331 373 140 78 515 542 590 648 684 741 747 875 913 54 512 
43 306 177 497 681 818 861 892 905 908 910 387 648 
197 206 15 482 34 490 643 716 777 796 807 860 862 869 876 883 917 379 
469 98 204 485 474 395 284 520 958 320 942 
306 191 494 391 304 23 487 535 553 622 681 717 751 818 861 892 905 908 910 966 21 526 635 
384 213 41 106 231 468 392 164 362 578 674 679 766 775 933 998 379 537 
173 103 390 335 504 677 803 866 901 909 974 989 117 644 
305 277 225 334 136 386 236 289 88 33 402 514 555 606 629 653 692 725 726 727 731 770 784 786 798 874 880 928 935 173 466 110 323 
246 369 205 77 46 558 706 867 945 373 833 
150 397 73 54 193 255 771 778 927 787 850 
85 168 276 356 117 570 598 673 688 728 944 339 67 
173 103 376 335 499 42 390 224 544 642 677 803 866 901 909 974 978 989 186 671 982 
452 457 434 316 124 212 338 446 11 946 970 390 919 
371 182 449 67 242 354 507 534 573 704 830 463 985 
371 298 122 67 257 20 261 145 506 37 354 374 132 57 424 102 182 63 360 139 385 176 534 573 597 610 619 686 704 743 749 762 772 830 845 853 900 904 931 934 203 383 432 519 1000 
47 85 32 168 276 279 281 560 688 728 700 981 
117 85 168 598 673 676 688 728 750 809 837 844 18 759 
338 437 212 403 446 452 316 434 539 652 680 781 899 923 946 973 213 987 
394 333 162 278 27 312 422 51 55 349 100 265 347 59 238 268 8 195 420 525 526 557 564 584 589 602 621 639 657 670 698 763 802 825 871 902 940 955 960 975 977 137 294 305 660 713 
44 126 348 4 454 83 472 286 260 433 442 226 111 125 99 301 531 562 571 600 635 707 720 788 794 827 891 915 990 993 996 493 543 714 728 
329 209 192 219 25 22 94 116 323 438 153 491 293 93 436 486 375 264 115 477 532 541 568 585 614 641 649 650 656 782 801 808 847 906 267 114 424 790 
305 478 289 386 225 33 500 653 726 727 770 786 798 928 197 800 
179 110 49 331 140 202 18 419 78 493 190 211 399 435 131 247 373 540 590 648 658 678 684 741 747 785 832 875 882 894 913 954 956 394 48 562 770 
367 475 447 518 742 755 779 858 992 404 705 
227 430 166 200 228 484 380 77 474 98 121 152 575 609 780 870 903 969 63 694 
367 234 475 79 311 516 523 548 858 932 939 992 911 957 
207 29 287 134 471 623 887 888 507 13 
121 154 380 270 64 496 92 414 758 806 815 840 886 941 963 999 57 201 
367 79 234 283 548 776 779 858 939 90 
233 377 166 324 237 31 243 702 790 815 867 870 886 251 616 
367 234 447 518 475 79 16 755 779 831 858 930 932 992 766 899 
400 120 183 383 241 147 336 294 271 72 259 249 439 410 70 199 530 567 655 721 754 865 987 435 998 
162 222 55 511 394 238 526 698 802 825 684 798 
394 333 265 511 55 162 312 238 222 441 27 40 278 347 445 268 420 113 525 8 564 584 589 621 639 698 763 825 871 902 940 947 960 961 977 497 747 779 791 
153 87 219 393 477 94 440 303 36 408 533 541 550 581 656 745 850 906 916 924 943 278 772 922 
150 193 54 397 272 170 38 255 556 771 778 783 846 927 333 389 
186 12 388 342 480 148 426 318 60 565 611 662 768 822 824 841 843 854 878 907 937 951 967 166 621 
400 524 183 241 383 199 120 721 754 563 738 
512 4 99 126 348 454 260 44 562 571 635 720 794 827 891 990 996 40 555 
323 22 513 94 93 393 209 541 636 656 808 821 906 30 993 
527 192 209 614 636 650 656 906 924 126 
371 354 122 507 360 139 63 146 20 302 261 67 449 385 374 102 464 57 310 257 182 37 132 298 506 573 597 619 686 704 762 797 830 845 853 900 904 931 86 412 606 649 858 
306 43 497 191 553 892 905 908 910 50 474 
448 262 396 428 398 178 638 723 746 814 834 873 176 213 
163 401 320 158 159 13 3 339 194 155 250 274 129 56 263 547 587 596 599 613 616 627 660 668 689 694 701 733 756 812 856 918 942 964 979 980 1000 498 333 351 836 915 
305 289 7 33 606 653 726 786 798 919 237 270 
425 434 124 212 338 452 457 316 510 2 446 605 652 680 710 757 819 899 923 946 970 973 616 740 800 
373 179 49 515 331 247 140 364 211 110 131 190 407 78 419 590 648 684 741 747 875 882 913 441 463 282 
209 93 436 94 25 440 115 459 408 375 36 532 513 153 527 323 303 192 293 22 608 618 649 656 709 745 782 847 850 859 863 898 936 943 948 952 985 430 15 542 860 983 
179 331 201 247 493 590 648 658 684 741 747 875 913 541 726 
372 47 107 85 368 32 281 404 279 560 673 688 690 728 748 809 844 512 260 
173 118 504 224 642 677 803 901 909 974 989 608 619 
81 406 91 105 463 266 295 455 232 175 137 387 359 296 551 637 712 724 739 764 950 101 556 745 
173 335 376 84 224 677 901 974 989 960 969 
274 379 155 66 108 129 3 13 350 56 229 267 250 450 537 549 563 582 596 616 627 644 689 694 701 736 810 812 856 914 918 980 317 94 333 828 
367 447 518 16 79 521 665 742 776 779 831 992 247 772 
50 450 379 320 547 66 466 613 627 689 733 791 810 918 979 980 1000 219 692 
93 527 115 559 585 649 738 745 898 952 326 553 
81 343 353 91 545 266 175 296 325 612 617 630 693 712 739 787 650 
173 42 84 80 677 732 901 978 989 162 716 
535 497 487 304 306 622 681 717 751 892 905 910 966 275 550 
482 15 34 9 643 716 860 862 883 384 397 
305 225 500 258 33 402 653 770 786 798 874 919 935 531 77 
150 193 54 123 473 73 397 528 272 38 170 461 771 778 783 846 889 927 15 203 545 
394 333 511 432 441 278 238 8 445 413 312 100 40 222 55 483 265 268 602 621 763 802 825 902 961 977 436 377 924 
92 344 46 501 204 270 664 706 795 78 
550 209 94 93 436 97 568 608 745 906 985 815 963 
85 508 32 168 169 543 107 576 577 598 688 705 728 809 811 844 391 702 
29 244 317 65 471 35 252 134 207 149 141 411 151 623 632 713 744 789 817 887 888 982 63 328 124 
512 433 167 472 348 226 125 531 301 44 442 313 99 635 707 720 794 827 891 993 515 622 781 
547 379 3 596 689 694 733 918 979 980 530 611 
511 312 278 268 265 526 394 27 238 940 588 838 
479 235 148 39 318 426 30 529 186 12 572 579 611 824 854 878 907 937 117 827 
150 172 193 73 255 771 778 846 927 245 
271 439 183 400 241 524 70 120 184 147 655 721 23 455 
94 382 293 22 116 559 219 513 608 614 649 650 709 821 916 924 952 434 127 
101 448 396 45 813 834 873 962 312 432 652 
32 107 168 85 503 169 577 728 837 719 
512 99 348 531 167 472 44 226 126 286 635 707 720 788 891 990 996 187 927 
148 112 565 579 662 828 829 854 878 907 937 296 678 
371 310 261 37 67 63 424 28 139 20 354 145 57 506 374 182 360 534 176 102 464 298 122 385 507 597 610 619 651 686 704 711 743 749 762 797 830 845 853 879 904 931 144 775 851 932 995 
350 379 274 412 155 158 263 596 689 733 856 918 472 758 
204 430 233 121 227 246 166 239 484 200 275 517 46 253 664 683 697 795 867 884 213 401 955 
168 32 107 21 431 169 560 444 117 666 688 705 728 750 809 837 844 881 261 81 
168 85 107 570 560 117 276 404 688 705 809 837 844 369 854 
468 231 213 362 68 384 164 269 106 41 392 104 355 130 458 346 86 498 297 292 181 119 351 230 443 595 607 620 663 672 674 679 735 740 766 838 864 926 933 965 968 997 998 275 135 746 763 847 
109 148 460 186 280 58 12 342 480 30 388 318 299 60 565 39 572 319 245 426 112 611 662 722 768 824 828 841 843 854 878 937 951 967 256 75 877 
171 156 453 26 378 415 188 456 604 615 631 646 647 671 687 714 760 767 792 836 911 929 981 17 612 
375 209 93 527 192 393 382 649 709 765 826 985 3 824 
401 547 13 66 158 155 587 616 627 644 660 689 733 791 918 964 980 709 923 
384 351 362 68 130 392 86 620 674 972 
526 511 333 349 394 265 238 27 698 351 642 
192 513 209 550 22 153 71 477 219 138 649 738 952 985 149 954 
437 363 124 434 273 338 710 899 973 20 109 
450 320 307 537 263 155 466 582 401 379 274 129 405 250 350 596 625 626 668 694 733 756 810 812 856 942 1000 205 895 911 
275 322 121 214 369 315 469 154 284 591 697 806 815 816 840 963 972 564 952 
312 161 333 162 222 526 27 278 55 195 8 511 413 349 347 601 621 698 730 802 825 902 940 975 977 628 898 949 
179 49 515 331 140 540 373 202 110 419 247 493 190 78 211 542 90 407 114 18 6 223 201 435 399 364 131 75 648 658 678 684 718 741 747 761 785 832 875 882 894 913 954 956 310 401 469 262 656 
248 205 284 166 218 484 92 588 840 354 819 
157 53 326 17 288 19 291 240 89 82 389 366 5 314 633 654 659 661 696 703 800 938 97 701 757 
81 137 91 455 296 481 353 463 617 630 693 724 759 764 842 949 457 705 
34 197 490 715 716 807 876 917 983 370 
468 130 41 578 269 620 674 838 849 998 247 980 
158 429 3 194 274 282 163 56 563 155 537 418 307 574 401 450 159 547 587 350 263 613 627 660 668 689 694 733 736 810 812 856 914 918 980 1000 31 617 712 920 963 
371 20 534 261 573 139 37 28 507 354 63 619 651 797 853 904 440 604 
85 168 107 356 509 1 372 560 279 503 169 431 276 47 645 673 676 688 728 750 809 837 844 881 128 190 767 
274 450 50 155 129 537 56 250 625 627 644 689 694 733 810 812 856 980 460 157 94 709 
125 512 226 301 83 433 44 720 788 827 990 993 486 137 
394 278 27 413 222 589 265 602 825 871 947 620 853 
162 557 312 278 55 601 100 511 333 975 318 992 
98 284 233 369 474 77 246 205 227 469 204 484 237 253 628 664 697 795 815 840 903 972 408 627 875 
156 171 580 453 415 615 671 687 714 792 836 597 300 
338 212 446 539 316 457 273 2 124 437 652 680 820 857 899 923 946 973 994 93 766 991 
305 478 386 500 33 334 538 7 402 653 692 708 725 726 770 786 874 928 935 196 534 229 
231 468 578 362 269 130 351 213 41 384 674 679 774 968 641 993 
22 568 559 94 219 209 36 93 138 142 541 459 192 614 649 650 906 936 231 544 802 
380 517 469 474 243 344 233 369 246 227 237 628 664 691 815 890 941 810 858 
573 507 102 619 711 743 830 845 853 429 618 
235 565 30 480 60 579 299 280 529 148 426 342 634 662 824 828 854 878 907 937 967 476 563 631 
81 91 232 406 455 551 630 712 842 950 580 239 
549 350 267 596 155 537 250 626 810 856 918 980 1000 461 816 
87 608 533 209 486 144 382 513 568 76 115 323 153 393 219 618 640 641 649 709 738 745 765 782 847 850 898 916 925 943 985 454 214 694 778 
24 580 171 156 453 604 646 647 671 687 714 760 792 836 911 148 664 
274 450 547 282 537 56 320 582 155 95 129 625 689 701 733 756 810 918 980 539 522 172 
81 455 187 91 551 137 105 232 325 215 406 593 463 630 693 712 724 764 596 234 711 
465 614 541 93 641 649 738 847 924 985 610 794 
371 597 310 507 298 57 242 122 610 302 20 357 145 37 534 182 257 374 573 67 139 360 102 686 704 711 743 749 762 773 830 845 853 879 904 544 51 625 
269 231 213 578 362 256 130 384 68 595 351 346 468 583 220 164 106 198 119 41 663 674 679 700 766 833 838 864 926 933 968 997 998 601 39 281 782 
526 413 511 162 51 222 441 333 265 113 278 589 238 557 27 59 349 802 871 902 955 960 977 529 830 
497 487 306 553 43 23 681 717 751 818 892 905 910 966 148 562 
519 149 561 65 411 471 207 151 35 221 317 134 632 713 817 888 982 304 768 
81 406 463 455 232 175 370 630 693 712 950 627 913 
587 108 616 466 250 450 405 599 660 694 736 1000 12 619 
613 250 587 668 733 810 812 980 1000 264 
537 450 129 267 320 582 466 596 549 599 163 108 263 274 158 547 13 689 733 810 812 856 914 942 979 980 603 624 750 
275 603 204 469 284 237 484 214 46 322 246 609 664 806 867 890 941 972 589 707 
305 500 33 334 692 770 786 798 928 930 
81 455 406 370 105 463 232 266 137 387 91 296 617 481 325 593 343 353 624 175 359 551 215 295 612 637 693 712 724 739 759 764 787 842 949 950 229 635 790 
580 415 488 453 171 687 714 792 836 611 287 
29 35 561 65 471 411 210 623 421 244 317 165 252 134 713 744 789 817 887 888 982 371 14 684 
157 53 326 17 592 314 366 389 89 654 696 800 811 918 
480 611 148 74 342 479 662 824 878 907 967 355 728 
512 4 571 126 562 531 226 44 707 720 891 996 497 630 
323 97 293 533 209 532 93 219 709 765 338 987 
455 630 325 232 266 343 81 387 545 463 693 724 238 30 
448 262 396 398 428 536 180 330 45 753 813 823 873 957 146 164 
413 265 349 268 100 526 432 511 394 713 
153 293 436 614 459 641 649 709 885 916 952 985 111 317 
94 408 192 618 640 115 375 116 323 264 219 209 25 153 440 382 513 614 462 144 649 650 709 745 821 847 850 863 988 20 607 204 926 
173 84 504 103 390 118 544 335 677 803 901 909 974 989 193 584 
554 251 495 327 15 490 9 34 197 206 675 715 716 807 862 883 922 991 350 273 847 
129 450 401 599 320 158 50 547 350 582 274 660 689 694 810 979 980 1000 499 866 
85 107 169 117 598 1 673 805 944 9 
580 156 615 26 671 714 792 836 911 103 
580 171 156 188 415 453 615 456 378 671 687 714 760 792 836 911 981 25 944 
590 179 211 49 515 331 223 90 540 110 542 247 78 190 493 202 373 399 419 140 114 658 678 741 747 761 832 875 913 494 122 730 830 
550 393 153 618 568 585 581 192 614 513 462 264 97 608 640 25 641 22 93 144 142 115 116 436 541 293 382 440 323 656 709 745 801 808 826 863 885 906 924 925 936 943 953 985 988 380 534 86 10 64 
393 285 382 93 568 533 209 116 608 94 477 436 641 192 513 87 153 491 303 462 22 656 738 745 850 897 943 952 551 332 687 793 
573 597 63 302 102 57 139 371 773 853 468 928 
338 446 212 316 510 365 189 2 337 174 452 416 321 605 539 124 757 839 857 899 946 970 973 569 159 
305 225 500 33 386 277 555 606 7 402 514 143 334 340 478 258 341 88 476 52 236 538 136 345 726 727 731 770 784 786 798 874 880 919 928 935 284 233 674 762 920 
157 53 633 326 389 17 592 291 314 366 5 661 696 793 800 971 177 379 
400 259 183 524 184 120 147 567 336 72 383 199 721 754 865 987 12 
142 25 285 408 375 532 650 138 264 71 459 440 393 87 513 116 323 97 93 649 541 192 527 293 22 115 94 491 533 738 745 826 847 859 897 898 916 924 925 952 953 985 988 590 168 394 266 838 
333 511 61 349 413 394 40 162 265 100 825 871 4 804 
590 419 179 648 49 515 247 110 331 202 542 190 140 6 741 875 34 
157 19 326 288 592 314 53 696 800 938 971 442 756 
95 537 158 596 418 66 194 379 135 625 644 412 582 350 163 307 450 13 466 401 320 50 155 282 267 263 689 694 701 736 810 812 856 918 942 964 979 980 1000 447 284 511 53 708 
157 53 326 592 5 366 19 288 654 17 89 291 696 800 971 687 698 
579 388 299 529 318 572 148 319 426 280 611 39 634 74 822 824 841 854 878 907 951 967 976 71 884 942 
620 269 384 468 213 578 41 766 864 45 
243 166 332 46 200 603 205 92 328 628 609 64 469 237 474 380 233 284 324 558 369 253 77 575 121 697 795 806 840 867 877 884 890 903 945 958 963 969 972 986 999 382 615 110 671 
367 234 79 447 16 548 69 742 755 776 779 858 939 992 46 688 
1 404 576 47 117 107 673 705 728 837 329 691 
233 166 121 46 867 884 890 986 999 673 
418 429 587 250 450 626 537 155 596 339 694 810 856 942 980 1000 745 768 
344 237 227 395 205 290 233 852 855 846 
265 51 8 511 394 333 347 432 349 312 422 902 138 414 
580 171 156 453 647 415 188 604 378 26 615 646 488 456 24 687 714 760 767 792 836 911 929 981 664 353 504 
578 106 362 130 384 351 220 231 674 778 
85 168 645 169 117 598 32 276 509 444 431 279 47 21 666 543 503 254 107 368 690 705 728 748 750 805 811 837 844 881 944 163 667 191 937 
362 231 213 578 417 130 256 164 346 498 451 269 583 351 607 384 595 292 86 220 68 41 355 297 128 230 127 672 620 392 468 766 775 799 838 864 896 926 933 965 968 998 236 18 653 821 823 
34 197 643 482 715 716 777 796 807 860 862 876 883 917 991 80 182 
85 368 32 169 598 444 509 688 705 750 94 980 
173 224 335 103 499 376 544 390 642 504 42 552 546 729 803 866 909 974 978 989 490 102 944 
590 49 515 179 648 202 110 741 832 913 572 905 
498 231 292 578 451 130 164 297 392 269 384 41 106 355 119 362 181 468 86 607 620 256 213 735 766 774 775 838 849 926 933 968 998 93 316 457 
338 316 212 539 358 300 605 434 437 457 337 124 416 425 365 11 174 510 446 769 820 857 899 912 946 970 973 995 478 87 771 972 
191 553 497 487 494 622 717 861 905 910 815 928 
338 212 124 381 11 457 446 437 839 946 970 194 891 
154 380 246 575 46 77 217 121 806 815 877 972 4 844 
590 515 140 331 247 419 110 373 540 542 493 18 75 741 832 875 882 913 632 525 268 
67 354 146 139 371 762 830 845 853 183 
261 573 182 449 102 37 63 619 20 67 145 122 385 354 507 176 139 357 360 374 534 371 711 762 830 845 853 904 362 24 270 878 
671 580 171 156 631 647 415 615 378 604 26 24 453 188 488 714 760 767 792 836 911 929 981 661 650 729 
85 503 32 444 368 676 169 47 21 1 404 254 508 276 598 576 107 560 543 372 117 509 168 279 577 356 431 705 728 750 805 811 837 844 881 944 37 665 350 957 997 
274 135 547 155 574 379 599 250 320 563 401 466 537 616 418 412 627 450 158 644 660 307 129 596 582 549 694 733 736 856 918 942 979 980 1000 93 446 854 938 
21 404 32 1 467 673 543 728 837 244 854 
474 64 484 166 414 237 77 31 121 248 609 46 204 380 205 133 227 217 815 855 941 969 91 331 666 
305 289 143 341 629 7 606 277 88 236 500 225 33 708 770 784 786 798 928 935 426 150 549 
81 91 266 406 105 359 463 481 296 232 387 551 630 617 325 593 370 187 343 455 637 353 624 712 724 739 759 764 787 842 949 950 438 99 189 470 
320 625 3 401 689 66 155 350 563 379 274 108 537 163 307 50 250 644 267 159 282 596 599 668 56 660 194 450 339 129 405 418 587 547 733 736 810 812 856 914 918 942 980 1000 517 378 614 881 908 
100 394 349 312 162 238 333 825 975 197 
157 53 326 592 17 288 661 19 389 633 654 240 659 82 314 89 366 793 800 895 938 971 259 348 720 
233 603 474 575 664 322 588 205 485 121 98 154 46 64 227 702 758 780 790 795 815 867 903 941 202 297 118 
394 511 265 333 278 312 483 238 51 349 432 161 525 55 162 526 40 584 268 589 222 445 730 825 955 961 977 35 479 661 749 
150 193 473 10 752 771 778 783 927 307 302 
130 213 392 468 256 620 269 735 849 998 84 508 
267 135 401 320 616 660 547 274 537 914 918 980 1000 592 985 
77 166 380 328 237 522 697 152 246 706 780 972 560 731 
157 53 89 366 19 592 326 17 800 965 1000 
619 298 506 507 20 67 534 261 573 797 830 853 904 351 961 
676 85 576 560 169 168 281 107 577 688 47 666 117 673 32 728 750 881 284 516 593 
204 322 227 469 98 501 702 558 816 870 1 453 
44 512 571 562 635 454 4 720 990 380 628 
305 225 692 143 606 770 784 786 798 928 660 392 
465 382 323 568 641 614 329 142 636 97 138 541 25 581 219 440 393 640 153 649 765 782 847 898 906 916 924 952 985 284 599 582 839 
539 446 365 338 586 452 781 899 946 973 995 68 324 
374 102 610 573 67 686 354 619 57 853 904 931 617 32 
81 630 463 455 370 91 612 296 105 353 617 406 266 387 343 137 481 545 624 693 551 724 739 764 950 209 217 596 
29 317 421 65 632 471 561 35 411 623 221 244 252 165 207 141 287 149 210 208 744 789 817 887 888 434 639 511 
671 580 687 171 156 453 647 378 615 188 488 631 646 26 604 760 792 836 911 929 512 328 
643 197 675 482 9 594 15 716 796 851 860 862 869 883 917 322 754 
643 594 15 327 495 96 554 675 206 251 715 860 862 883 917 552 965 
622 306 497 487 23 681 553 177 905 908 966 263 864 
590 114 179 140 78 741 832 875 913 275 807 
448 262 62 178 723 753 873 957 962 570 70 
512 454 562 348 126 99 44 571 531 301 472 635 125 4 286 111 442 167 83 707 313 260 226 600 788 794 827 891 915 990 993 996 696 452 735 799 
400 524 183 271 383 184 241 203 567 655 199 72 439 70 492 294 259 147 249 120 530 410 336 865 872 987 153 269 33 
426 148 579 186 74 342 235 60 318 480 854 967 348 980 
448 180 428 536 62 719 330 398 262 396 746 753 814 823 834 873 957 962 13 914 
81 630 693 353 387 232 545 266 137 593 712 637 455 295 617 91 764 842 115 
305 386 341 33 500 277 225 606 726 770 784 919 928 163 280 
305 402 341 340 606 7 653 500 725 225 289 334 33 514 236 52 88 538 143 727 770 784 786 798 874 919 928 935 162 542 741 1000 
305 653 514 500 726 225 277 7 770 786 444 942 
85 168 688 32 107 444 666 169 276 47 1 598 508 503 368 576 467 543 281 509 431 372 690 560 673 705 570 254 117 404 748 750 805 809 811 837 844 848 881 921 944 323 512 634 344 
173 677 103 185 376 335 803 901 909 974 989 386 687 
222 333 268 394 589 27 698 312 802 648 443 
305 386 500 289 225 653 784 786 798 874 928 262 702 
173 552 224 185 390 376 803 978 989 218 
250 405 694 263 596 563 450 549 582 320 155 129 56 135 274 599 587 95 158 616 627 626 13 66 574 379 50 350 3 689 537 163 736 810 812 856 918 980 1000 91 871 878 927 996 
469 77 395 246 237 227 430 474 324 152 780 867 972 338 373 
468 213 700 355 578 679 128 130 384 838 720 50 
135 263 625 660 733 689 547 694 108 596 155 267 812 942 319 949 
174 457 434 212 437 358 321 365 446 757 387 841 
94 618 209 76 550 153 650 585 462 614 115 303 656 916 952 985 530 
81 545 693 325 406 630 105 551 712 215 387 137 455 266 91 463 759 949 104 
106 578 128 220 362 392 384 164 468 86 213 799 838 998 155 539 
590 179 49 515 331 648 140 373 540 110 718 684 247 78 190 202 658 211 542 201 493 75 114 407 6 678 18 419 90 399 435 747 761 785 832 875 882 894 913 954 44 726 130 844 870 
367 79 447 234 548 516 665 776 779 831 992 130 867 
610 67 507 63 261 619 354 257 573 371 797 830 853 879 763 937 
29 252 317 713 561 65 471 411 208 632 789 887 139 254 
209 541 650 219 144 93 559 192 36 22 641 285 656 153 71 393 550 614 527 649 87 138 847 897 943 952 953 985 447 341 545 668 
723 398 101 423 428 262 180 536 448 62 753 813 823 834 873 957 962 578 
590 741 179 223 515 435 648 542 540 247 6 493 419 331 202 211 201 78 49 373 140 399 761 785 832 875 882 894 913 954 219 526 400 292 
728 543 85 431 281 168 169 117 32 673 837 374 303 
385 573 63 619 139 507 302 830 845 698 913 
32 728 117 688 576 1 598 673 276 509 21 705 404 85 676 168 805 844 944 59 627 121 
553 43 497 622 177 304 892 905 910 966 40 810 
150 193 73 473 397 699 771 778 927 122 875 
448 396 330 723 746 398 45 62 638 180 428 262 719 101 814 823 873 957 962 145 916 987 
259 400 120 70 524 184 439 530 203 383 199 183 410 241 655 987 715 933 
367 234 665 283 516 523 447 69 475 776 779 858 930 932 992 904 914 
379 429 307 155 616 537 587 980 1000 228 659 
212 446 434 124 403 365 437 652 737 338 539 819 839 857 899 912 946 973 222 592 
152 31 227 485 46 92 166 154 246 228 395 218 204 520 697 409 780 840 855 972 574 393 906 
81 630 693 455 91 406 343 463 105 266 593 232 325 387 739 353 764 950 509 905 
671 580 687 171 714 156 453 615 378 415 488 24 456 647 767 792 836 367 818 
590 747 49 331 741 648 6 875 954 272 
371 685 573 507 686 102 302 63 354 357 139 132 374 385 360 619 534 449 28 853 900 904 196 653 312 
222 557 445 333 394 100 511 347 526 349 162 802 578 743 
81 630 359 455 406 91 105 463 712 266 617 593 296 693 295 232 187 137 325 545 759 724 787 842 445 107 809 
614 581 440 285 192 94 709 636 863 906 953 985 417 334 
468 231 674 351 362 130 269 86 392 198 417 620 119 213 578 106 41 498 384 663 181 679 68 164 833 926 998 108 605 523 
671 687 580 760 415 171 792 929 981 598 957 
529 186 148 579 824 828 854 878 623 668 905 
680 338 446 212 434 457 174 437 381 124 316 899 946 973 994 112 33 
305 653 225 692 708 726 258 7 277 500 143 514 402 386 345 341 334 33 136 725 555 52 727 629 606 784 786 798 880 928 935 515 872 945 1000 
150 193 54 397 556 473 73 38 528 272 308 216 427 361 172 752 699 566 502 461 352 255 170 123 48 10 778 783 846 889 927 680 339 789 964 
261 63 145 102 302 67 507 37 830 853 904 527 548 
385 619 651 63 102 464 371 845 934 912 
443 346 607 198 362 679 231 213 838 985 
362 213 674 679 130 198 498 128 926 968 998 573 894 
367 521 548 79 742 755 665 234 447 779 858 930 992 227 305 
251 675 96 15 327 206 495 883 922 983 443 355 
771 150 193 54 397 556 473 73 427 528 272 308 10 461 361 172 255 699 752 502 216 352 38 566 123 48 783 846 889 927 672 165 614 856 
367 234 283 16 742 665 523 521 548 516 447 776 755 831 858 930 939 526 161 
248 332 702 121 697 133 758 517 328 243 734 795 840 156 52 
446 321 212 434 363 338 365 189 710 316 124 457 381 358 437 510 425 804 839 868 946 970 973 562 413 
459 94 323 115 513 22 614 709 541 924 620 419 
771 150 778 193 528 397 556 699 48 473 170 308 172 38 216 54 123 427 73 461 846 889 927 108 313 396 
305 653 225 770 334 726 33 143 88 692 708 386 500 289 725 258 277 402 731 236 786 798 874 919 928 147 962 
590 247 741 331 419 179 747 515 875 808 
305 653 225 770 500 345 33 784 386 277 692 606 52 7 143 289 258 334 708 88 727 341 555 514 538 731 402 726 340 629 478 798 880 919 928 935 85 193 825 842 865 
91 764 81 630 370 551 296 406 693 477 502 
720 44 99 512 301 83 571 600 794 891 153 843 
29 65 744 317 471 632 244 141 35 411 252 134 210 151 421 208 287 713 561 165 887 888 982 771 837 
237 328 239 77 121 290 484 522 697 46 513 630 
3 250 320 582 379 158 429 549 856 73 526 
671 580 687 714 171 156 453 760 647 415 615 188 378 646 604 767 631 456 26 488 836 911 981 164 105 
157 53 654 696 17 19 366 288 326 800 895 650 223 
720 512 4 83 125 442 562 301 788 111 531 99 454 348 126 44 827 891 990 993 618 448 859 
664 154 290 204 275 284 558 205 780 152 485 121 697 227 200 328 377 603 344 77 246 233 575 806 815 816 867 870 886 945 963 242 65 86 926 
495 482 715 675 34 851 862 876 883 922 62 233 
449 242 573 261 371 102 743 534 139 374 704 20 597 424 57 302 145 122 360 830 853 226 844 866 
305 653 786 225 52 770 731 726 33 784 386 277 236 514 402 7 289 500 334 143 258 555 341 340 136 538 708 478 629 692 345 874 880 919 928 935 421 49 46 525 22 
130 384 213 164 674 468 740 362 998 720 
157 53 326 696 592 17 366 288 19 314 661 633 240 82 659 389 5 291 793 703 654 895 971 539 514 408 
440 649 513 329 477 821 847 863 953 425 839 
394 278 511 100 195 61 8 51 557 333 525 589 162 349 413 763 222 265 347 238 27 621 730 441 825 902 977 143 608 952 996 
173 103 677 224 499 504 376 642 80 335 732 185 390 42 84 544 729 866 901 909 974 978 989 430 8 889 
437 446 338 425 124 781 434 316 995 657 
32 21 107 673 169 750 276 431 85 117 645 1 728 688 372 47 444 368 168 809 837 844 944 344 250 
414 795 217 469 683 520 588 315 253 474 628 246 664 816 884 49 67 
9 482 594 495 643 675 851 860 869 983 718 179 
649 76 25 532 513 22 293 863 885 897 985 239 785 
728 117 168 576 107 560 543 169 160 279 577 47 598 805 509 368 372 32 276 404 844 848 881 921 944 479 764 212 
466 401 660 307 158 599 596 155 66 644 616 733 627 613 339 450 587 320 50 350 549 668 547 694 229 56 626 812 914 942 964 980 1000 751 609 360 
444 107 673 168 728 560 32 688 1 837 844 95 633 
694 13 274 418 810 627 429 596 626 379 547 466 733 250 3 350 320 56 736 267 155 587 194 401 537 660 307 599 339 129 856 918 942 964 980 1000 489 357 474 904 956 
62 45 101 396 262 746 448 569 638 834 873 957 962 342 77 
753 101 536 262 723 823 834 873 962 167 361 
380 233 237 77 683 369 328 409 205 92 284 246 603 46 315 227 522 795 469 485 609 520 588 414 691 154 290 697 204 344 152 196 248 852 855 867 886 890 945 963 972 999 681 559 61 5 167 
284 706 474 237 64 332 324 92 121 588 409 204 806 77 344 46 795 852 867 972 986 613 42 943 
65 317 632 561 713 623 165 29 471 259 188 
391 497 494 191 622 861 892 905 908 910 447 760 
757 174 539 452 316 899 946 970 973 591 888 
338 457 273 300 680 605 446 189 316 857 899 920 946 453 145 
97 375 641 568 436 94 532 36 293 801 22 826 859 898 948 952 674 
186 148 529 388 662 854 878 937 967 385 
814 746 753 723 428 398 262 448 396 638 45 873 957 73 674 
480 388 112 235 662 186 611 280 12 565 319 768 579 109 74 148 426 30 479 529 58 60 245 39 634 828 829 843 854 878 907 937 951 967 976 372 581 413 222 
394 526 511 349 441 278 413 589 312 27 698 525 557 265 59 445 422 657 695 333 40 601 268 8 802 238 432 113 55 162 61 835 871 902 940 960 984 120 80 171 786 255 
821 581 649 382 192 462 142 656 393 438 898 924 271 237 
720 512 44 794 600 348 260 562 4 531 126 891 915 315 565 
74 768 572 579 611 109 824 30 426 148 12 186 245 841 854 878 937 967 547 974 
572 186 824 60 245 843 854 937 967 830 
371 507 145 63 534 102 67 261 310 302 20 37 686 573 619 772 122 374 685 797 139 749 743 704 182 610 28 506 354 132 845 853 904 934 112 829 648 621 
367 234 742 69 548 523 475 447 311 779 79 468 25 
590 741 179 49 515 373 747 648 190 223 140 407 678 718 684 202 875 913 954 956 225 325 363 
86 468 231 346 362 269 355 130 451 351 68 392 384 41 213 220 620 766 896 968 998 93 501 899 
448 62 423 396 723 45 814 746 262 101 330 813 569 536 873 962 155 210 
27 278 347 55 825 333 394 349 975 232 840 
671 580 792 687 714 156 604 453 760 647 415 615 456 188 631 646 26 171 911 929 981 347 537 78 
728 85 431 117 690 107 570 673 168 688 276 47 356 576 372 598 805 368 1 404 169 444 21 577 281 467 666 32 509 811 748 881 921 944 789 897 929 978 
458 468 384 269 578 362 674 130 620 86 443 679 41 297 740 128 451 164 355 735 774 231 595 351 230 213 864 933 968 656 564 265 452 
124 338 757 212 652 682 273 781 868 899 946 973 801 709 
588 166 344 664 77 758 780 64 121 246 46 377 227 591 248 603 469 133 520 380 484 205 852 855 877 941 972 320 835 893 
109 579 662 828 186 529 426 937 967 484 737 
81 612 693 455 764 215 724 593 630 105 137 266 786 865 
824 529 579 829 148 426 854 878 937 967 81 788 
577 279 168 688 543 107 368 576 673 372 750 598 805 809 404 85 444 728 1 560 117 509 47 811 32 881 944 797 41 741 683 
371 534 424 302 102 67 507 310 63 261 139 685 686 773 122 354 749 830 132 145 610 619 573 853 2 335 
771 778 556 361 308 193 783 566 528 669 852 
303 323 293 87 745 219 656 614 801 709 513 382 115 477 618 440 436 541 25 93 459 641 859 898 643 578 214 
728 21 168 809 117 85 1 404 944 907 
128 104 595 106 127 384 700 392 213 41 68 458 679 933 998 255 284 
323 650 527 71 138 641 94 192 303 614 541 952 349 502 
807 796 715 34 15 862 869 917 983 991 573 436 
324 270 246 815 840 133 344 816 121 669 92 46 945 963 986 846 68 
573 242 507 619 63 704 67 20 534 145 261 302 132 686 57 354 139 845 371 772 374 830 424 651 449 711 597 37 762 685 743 360 182 610 357 385 797 146 122 879 900 904 934 601 444 206 89 157 
824 579 148 662 529 39 460 112 480 426 280 30 60 109 74 768 318 186 235 611 12 843 572 565 722 319 829 822 479 489 388 342 58 245 828 878 907 937 951 967 976 212 690 577 689 
205 246 691 469 669 840 64 474 758 409 344 46 815 941 972 986 902 998 
596 250 379 733 694 613 450 194 320 547 263 574 466 660 689 599 791 537 401 267 812 587 627 668 918 964 1000 778 69 293 
416 457 212 316 338 652 757 446 680 273 605 820 452 899 970 973 871 
367 518 776 447 779 665 755 521 79 523 16 516 930 932 939 992 534 609 
541 656 219 192 821 847 393 863 988 794 177 
206 34 15 554 495 716 96 490 715 675 251 807 197 327 869 876 883 991 407 541 459 
177 494 43 497 681 818 905 910 966 157 220 
96 34 716 715 643 554 206 495 15 851 490 796 675 876 883 991 271 250 
541 808 71 859 22 649 801 641 209 323 491 264 219 94 87 765 885 906 916 948 952 273 926 941 
269 213 663 838 674 362 468 130 106 231 164 451 181 620 384 256 578 933 965 968 998 420 717 952 
70 120 183 249 524 259 400 655 721 786 842 
173 224 103 499 504 803 84 677 335 909 978 989 644 797 
344 485 200 469 815 46 133 246 795 575 628 474 31 816 430 204 697 121 664 332 501 667 522 309 734 77 886 945 963 972 999 221 742 43 274 
839 781 434 212 338 273 321 452 899 946 970 973 343 298 
860 15 851 807 715 9 495 917 983 225 
795 284 380 522 237 706 332 322 517 309 969 279 741 
601 333 657 621 278 422 349 162 161 27 55 825 511 265 100 526 432 940 45 733 857 
721 383 120 203 259 70 72 294 439 400 492 987 770 326 
448 753 396 262 723 746 428 834 101 62 638 823 813 45 536 814 719 423 398 330 180 178 569 957 962 124 332 77 
305 341 277 653 731 798 33 726 784 225 500 555 606 919 928 878 941 
590 741 179 18 247 785 747 331 515 540 373 832 202 110 684 542 658 223 493 190 140 211 131 648 49 718 201 90 6 761 882 894 913 954 268 752 603 928 
34 96 594 860 327 15 206 862 251 796 675 495 883 922 983 469 
369 840 683 253 380 469 228 205 154 196 344 121 227 77 246 664 284 986 999 371 374 579 
854 824 579 565 245 529 460 426 611 662 109 280 768 388 489 634 822 148 828 112 843 186 572 30 907 937 967 976 686 874 400 733 
573 20 102 63 145 67 619 37 853 261 743 904 448 191 
305 786 225 653 7 798 500 33 770 916 970 
688 404 598 444 368 837 107 844 728 276 32 809 705 673 576 944 694 67 
590 741 202 747 49 331 540 515 875 18 684 110 179 90 373 913 253 130 
862 715 876 482 490 197 675 777 495 643 716 554 796 860 15 917 991 114 988 
664 204 667 806 246 344 121 575 218 662 
116 640 808 22 36 323 863 649 897 898 924 925 121 457 
227 522 154 795 474 867 815 275 520 972 394 948 
29 713 471 287 561 65 632 221 411 519 165 744 35 207 244 789 888 171 
29 713 471 789 519 165 887 317 65 35 244 208 623 411 207 632 421 561 458 819 
771 150 778 54 38 556 783 193 473 927 803 304 
609 328 218 815 344 664 233 237 667 628 248 204 941 62 448 
720 512 44 531 562 348 126 83 4 571 788 301 167 313 454 433 794 635 827 472 99 286 915 990 993 996 136 312 682 
497 622 553 494 191 177 487 43 535 818 23 751 306 391 304 905 908 910 966 243 101 354 
446 338 212 457 124 434 899 946 970 973 840 333 
590 741 114 179 419 435 747 331 875 515 913 775 237 
157 793 800 17 53 326 696 288 19 587 
104 674 164 68 269 231 468 833 998 436 
885 808 440 209 36 745 650 375 116 323 656 952 837 73 
709 477 847 821 885 440 393 614 142 541 36 25 656 465 550 826 925 936 589 126 396 
381 446 510 434 212 365 316 124 839 416 893 820 11 452 680 605 189 437 652 338 457 819 539 857 337 868 769 586 363 710 757 403 425 912 920 946 970 973 994 995 523 134 128 833 274 
67 507 371 762 63 37 853 102 534 145 20 269 200 
173 803 335 642 224 552 544 376 546 504 499 729 103 909 974 978 989 166 136 150 
825 349 511 413 621 422 278 526 222 432 557 802 670 265 27 55 161 162 59 589 394 333 61 445 312 960 855 906 
239 204 474 603 517 227 664 92 430 697 470 469 322 972 138 44 
371 597 507 534 20 67 146 619 686 261 176 122 354 242 182 102 37 449 145 360 711 830 63 772 879 704 573 762 853 931 158 755 290 812 
497 892 622 553 306 191 177 43 717 494 487 818 751 681 861 535 391 304 23 908 910 966 678 759 768 
765 559 209 87 533 863 527 649 93 709 513 532 219 22 115 608 192 924 758 395 902 
854 824 148 565 878 662 460 60 186 318 480 245 299 280 30 426 74 572 112 529 634 58 342 12 611 937 951 967 3 234 98 848 
905 494 535 306 818 497 892 717 966 375 694 
173 803 103 677 224 504 335 901 376 118 390 642 42 866 499 185 729 544 80 84 974 978 989 180 951 
905 497 892 751 553 306 43 191 177 535 391 861 23 494 681 487 622 818 225 212 979 
671 580 792 687 836 646 714 647 171 615 929 518 587 
338 757 212 899 434 446 300 680 437 457 946 994 995 773 397 
590 741 179 875 49 515 331 747 648 140 110 78 114 90 684 435 832 882 364 493 190 419 540 542 407 894 202 399 18 6 678 223 201 718 75 211 954 956 749 153 624 245 192 
229 810 547 701 627 320 596 466 401 694 964 755 723 
226 512 891 720 286 827 348 44 301 990 996 488 537 
640 709 568 329 656 614 863 738 527 93 144 753 880 
851 495 715 883 482 251 675 716 594 869 295 331 
307 274 163 660 282 812 3 379 616 250 701 596 574 856 694 350 429 159 582 613 547 158 733 549 689 563 466 537 405 942 979 980 1000 633 298 946 
305 653 798 786 143 225 538 386 478 784 340 874 726 33 725 289 555 928 935 358 251 505 
381 899 212 820 457 124 338 946 970 973 653 596 
728 117 168 85 809 368 160 837 107 140 34 
643 777 482 251 34 327 490 876 796 124 527 
316 338 605 124 452 510 434 457 539 970 973 995 376 582 
782 656 209 618 885 36 93 906 533 527 329 192 153 709 826 649 568 952 953 162 557 176 
649 192 656 153 94 614 898 885 76 486 465 138 219 366 140 
468 620 578 362 674 220 68 351 417 679 775 392 230 384 231 766 41 127 933 968 998 795 641 863 
771 150 778 566 54 783 397 73 473 556 38 272 528 308 216 699 172 361 427 889 10 48 123 170 752 352 461 502 255 29 733 434 571 
305 653 725 786 225 52 500 726 33 784 386 143 692 345 341 7 402 334 798 606 88 874 514 708 770 340 731 919 136 277 629 935 875 681 651 162 
911 671 687 836 714 156 580 767 456 837 980 
367 523 858 234 475 776 779 755 79 629 127 
371 182 711 122 357 102 424 63 145 573 904 507 534 139 67 307 103 
367 79 858 518 234 475 523 755 992 573 
292 468 213 674 864 849 231 679 164 578 838 130 451 498 351 926 104 384 392 106 198 220 620 256 998 219 754 347 
374 830 302 20 67 773 507 102 146 853 55 977 
305 653 928 786 500 692 770 345 726 798 919 289 555 386 606 225 7 277 475 398 989 
209 459 71 192 608 649 541 898 219 449 
854 824 829 148 822 841 112 529 907 480 245 299 565 479 30 235 74 342 60 579 572 388 828 878 280 843 611 460 951 967 976 102 743 315 673 
157 696 659 19 592 288 17 326 53 689 152 
367 518 311 665 779 858 234 79 521 305 168 
349 564 589 238 526 511 871 394 825 204 
324 484 469 855 77 470 609 628 46 246 409 691 520 890 840 237 152 284 697 233 969 874 863 982 
918 587 158 379 194 812 13 135 274 694 267 263 537 56 736 307 668 689 627 418 660 810 250 320 964 980 1000 662 727 496 
650 527 649 393 745 209 541 614 293 133 816 
728 160 168 688 32 645 837 117 673 431 844 356 809 881 404 1 372 169 503 85 750 47 279 805 848 368 254 677 464 110 647 
332 867 795 485 664 852 322 233 31 815 501 770 262 
338 446 899 2 212 174 680 321 300 868 437 434 605 819 652 539 769 510 710 839 893 920 416 381 403 912 820 363 365 316 457 124 757 14 682 505 189 358 273 781 970 973 994 995 265 61 320 216 918 
100 312 40 526 278 268 601 349 975 102 
863 153 821 541 209 192 438 477 988 886 340 
593 325 739 105 296 266 630 91 232 370 175 693 950 736 589 
81 630 693 612 624 137 359 712 949 481 406 455 545 353 387 232 759 325 187 451 104 46 
937 854 579 109 824 245 319 907 529 60 662 131 909 
323 650 924 568 863 738 153 640 821 745 897 116 585 709 142 94 138 850 93 656 550 264 192 541 440 985 988 588 802 864 968 
745 408 462 486 649 209 765 801 656 924 440 246 241 
590 741 913 399 875 49 515 90 747 131 211 761 832 202 179 373 585 123 
698 265 27 268 445 621 238 162 511 278 575 60 
590 179 832 49 373 913 131 114 515 812 960 
873 448 753 262 396 723 813 423 719 746 62 638 823 428 45 178 101 962 688 767 518 
664 166 469 46 205 380 121 496 972 386 209 
106 86 213 392 362 468 231 968 998 185 
511 621 420 100 347 526 265 445 161 902 333 432 394 40 162 825 975 977 984 546 331 956 
265 278 557 268 394 526 698 195 977 704 174 
873 448 814 813 396 723 957 428 62 834 101 753 569 262 746 398 719 784 
867 204 77 328 852 588 248 520 227 664 284 46 795 275 133 815 474 237 969 972 986 363 596 559 
812 856 466 810 412 159 158 942 914 582 401 537 250 267 660 350 980 1000 406 116 771 
468 674 213 392 578 269 68 351 864 458 998 703 716 
905 497 892 487 622 23 306 908 391 717 553 861 751 191 43 304 72 
854 662 319 148 937 824 878 634 489 30 822 841 611 907 529 299 579 843 480 722 280 829 828 426 976 173 26 274 
104 384 833 578 213 674 130 392 164 679 351 607 926 269 959 451 41 127 346 775 68 86 355 198 864 362 838 231 292 620 468 443 998 238 952 349 
196 691 154 517 152 204 31 275 409 344 227 664 870 414 963 941 546 411 
819 338 446 899 212 434 682 505 857 680 337 452 14 920 946 923 539 781 457 124 425 11 437 893 174 868 403 316 652 973 994 995 296 880 17 140 
240 17 326 661 659 696 19 800 654 154 312 
603 734 315 98 248 815 469 758 214 958 275 886 683 246 227 46 840 474 963 344 430 628 588 328 237 200 702 903 485 92 121 239 664 867 855 816 999 385 583 680 330 492 
946 363 446 652 212 434 124 868 970 781 457 769 757 539 11 300 605 316 273 510 857 899 321 381 337 893 358 920 365 425 416 452 839 680 923 189 819 710 586 994 995 320 181 359 980 
173 909 803 103 677 546 224 80 729 901 504 642 390 84 544 499 978 989 828 366 
835 695 420 589 195 27 333 278 268 432 511 947 394 602 960 368 
937 967 662 280 854 109 878 148 824 476 364 
511 222 55 349 802 698 557 960 27 961 265 278 589 621 312 526 934 22 
173 909 803 732 118 224 335 504 103 901 376 677 866 185 42 552 390 84 974 989 379 837 130 
274 918 563 660 108 158 537 689 644 627 401 320 250 350 549 13 980 1000 440 910 
320 95 660 108 701 418 812 626 563 689 250 582 810 613 339 596 158 350 942 450 599 547 627 549 466 229 50 694 405 56 616 644 66 979 756 733 263 918 3 537 964 668 155 379 1000 973 722 676 595 929 
671 580 792 687 836 415 156 378 453 647 767 488 24 508 276 
29 35 561 623 632 210 789 151 65 317 504 941 
327 15 594 869 876 851 34 777 807 991 541 250 
278 265 55 8 960 825 394 268 333 216 92 
649 116 581 25 709 438 192 22 618 541 952 459 765 614 745 559 477 585 303 209 640 738 808 94 93 656 71 393 138 506 701 487 774 
816 214 855 877 852 474 667 664 963 387 
271 400 203 183 524 249 294 383 241 120 754 655 72 439 184 872 721 492 70 510 636 753 
153 641 656 649 859 948 952 219 144 883 347 
173 909 803 103 978 677 224 974 504 335 901 376 642 390 84 42 866 499 185 729 544 80 732 552 546 118 46 106 935 
720 512 44 891 915 472 126 348 531 99 313 4 571 301 600 83 226 286 125 442 794 260 167 111 707 433 993 64 20 418 456 
643 883 983 197 860 862 15 34 851 251 675 96 605 246 
367 234 447 79 475 283 858 665 755 518 523 548 932 311 742 516 776 69 120 602 
720 512 44 562 891 454 99 794 990 600 607 532 
946 338 446 273 912 212 452 973 605 970 321 769 124 416 899 434 71 37 
804 710 403 912 970 365 434 946 923 973 680 452 212 457 899 84 573 
720 512 44 125 891 4 635 442 571 348 301 433 126 915 531 111 802 733 
578 231 213 164 230 468 292 620 998 688 455 
740 231 578 362 68 674 130 965 164 968 269 700 392 595 766 213 106 41 959 799 926 864 620 104 896 498 198 933 292 443 351 849 451 355 256 346 997 679 220 128 775 181 127 458 833 855 44 524 302 258 
31 275 284 667 121 469 227 867 344 972 196 520 237 815 664 877 475 
412 964 194 660 66 626 549 689 466 159 250 596 401 450 537 587 942 267 625 856 3 405 733 756 701 263 274 56 320 155 644 350 129 918 429 668 980 108 812 158 694 979 379 810 613 770 246 726 507 703 
