1000 10052 0
32 47 85 107 168 169 356 368 404 431 444 503 508 509 543 598 673 688 705 728 805 809 837 844 881 184 463 
316 321 338 434 437 446 539 899 946 168 
135 320 339 547 549 587 596 627 644 668 701 733 736 812 914 918 533 818 
44 99 167 313 348 442 472 512 562 571 720 788 827 891 915 990 993 996 267 320 
17 157 326 389 592 654 696 800 938 265 
49 110 179 331 373 515 590 741 832 875 913 511 812 
33 52 143 225 305 386 500 606 653 692 727 770 784 786 798 919 928 935 141 723 
195 238 265 278 312 333 347 349 420 525 526 557 564 698 825 871 902 984 144 355 727 
197 716 777 796 860 862 876 983 991 982 
54 150 308 473 528 556 771 778 927 545 693 
124 212 338 416 434 446 586 652 781 804 899 946 466 
148 299 426 480 579 662 824 828 854 878 951 225 338 
158 350 379 418 450 547 549 660 689 701 733 1000 72 484 
124 338 358 365 434 446 680 737 973 109 660 
197 327 495 554 594 643 675 715 716 777 796 851 860 862 876 883 917 922 365 508 694 
79 234 367 447 518 776 779 858 992 277 
5 19 53 82 89 157 240 288 291 314 326 366 389 592 633 654 659 661 703 793 800 971 205 298 642 
202 331 373 493 515 540 590 648 747 761 913 455 949 
17 53 82 89 157 240 288 314 326 592 633 654 696 703 800 895 938 971 498 554 
37 63 67 102 139 145 182 257 302 354 360 371 374 464 507 534 573 610 619 686 704 711 743 749 773 797 830 853 879 904 192 367 529 852 
32 85 107 117 168 169 276 431 444 467 543 598 688 728 750 837 848 944 110 342 
25 36 76 93 115 142 153 192 209 323 382 393 436 459 486 527 533 541 568 608 641 656 709 745 826 850 925 948 985 572 595 677 853 
43 177 304 494 497 622 892 905 910 565 989 
415 453 580 615 647 671 687 792 836 399 450 
22 71 94 142 153 303 323 393 436 462 614 649 650 656 863 885 952 978 994 
156 488 580 647 671 687 714 760 792 836 582 817 
55 59 113 161 222 238 265 268 278 312 333 347 349 394 511 526 557 564 589 601 602 670 695 698 730 802 825 871 902 955 960 961 977 379 436 454 
63 67 122 139 360 371 449 506 573 597 619 853 64 925 
35 65 134 141 149 151 165 207 208 244 252 287 317 411 421 471 519 561 623 632 713 744 789 817 887 888 982 40 265 387 
60 109 112 148 280 342 388 426 529 565 579 611 824 828 854 878 907 937 134 302 
92 98 166 204 227 233 332 344 395 522 628 702 806 867 972 162 674 
21 1 47 85 107 160 168 169 254 276 281 372 404 431 444 503 509 543 560 576 577 673 676 688 690 705 728 750 805 809 811 837 844 881 944 54 218 427 766 
7 143 225 258 277 289 305 334 341 386 402 478 500 514 629 653 692 726 770 784 786 798 874 919 928 935 557 627 734 
96 206 327 482 490 495 554 594 675 715 716 807 860 862 869 876 883 917 140 783 800 
29 65 134 141 149 221 244 317 411 471 561 623 632 713 789 817 887 434 657 
22 71 93 153 192 293 303 477 581 608 649 709 847 885 924 936 948 953 985 100 578 813 
20 57 63 67 102 122 145 261 302 357 360 371 385 449 507 534 573 597 704 743 773 830 845 853 904 513 566 641 
54 150 193 272 397 461 473 528 556 752 771 778 783 889 927 206 797 
280 318 480 529 579 854 907 967 976 882 
100 162 265 278 312 333 347 394 422 432 445 511 621 698 763 825 871 902 960 984 29 433 709 
104 106 130 164 213 230 231 256 269 292 362 384 392 417 443 468 498 578 607 620 663 674 679 864 959 998 63 632 
103 118 173 224 376 390 544 546 677 729 866 909 978 989 284 877 
23 191 306 391 497 553 751 818 892 905 910 966 541 545 
4 83 99 111 126 226 260 286 301 313 348 433 442 454 472 512 531 562 571 600 635 720 788 794 827 891 915 990 993 996 140 373 548 729 
62 101 262 448 569 638 753 813 814 834 873 957 962 96 791 
64 77 92 98 121 152 154 166 200 204 205 217 227 246 248 270 275 284 315 324 377 380 469 470 474 603 609 628 667 706 734 815 816 840 852 855 867 877 941 945 958 969 972 986 999 106 117 535 627 824 
32 1 107 117 168 169 276 281 372 444 467 503 543 560 576 577 598 666 673 688 705 728 805 837 844 921 397 557 825 
73 150 193 272 397 556 771 778 927 49 
6 75 90 110 131 140 179 190 201 202 211 223 247 364 373 399 407 419 493 515 540 542 590 648 658 678 684 718 741 747 785 894 913 954 48 680 851 883 
129 155 350 379 587 613 660 689 694 812 964 980 118 413 
100 162 333 422 445 511 526 639 902 172 543 
7 258 305 334 653 726 784 786 798 935 351 593 
17 19 82 157 240 288 291 314 326 366 389 592 633 654 659 661 696 703 793 800 895 938 971 730 763 
38 10 73 123 150 193 216 255 272 352 361 397 473 528 556 699 752 771 778 783 846 889 927 32 392 610 
27 61 100 161 162 265 268 278 312 333 349 394 420 422 432 511 526 557 589 698 802 825 871 984 186 572 
66 158 379 450 537 596 660 689 694 733 791 810 812 964 980 1000 411 888 
37 63 102 145 257 261 354 360 374 385 449 534 573 619 797 845 853 931 94 309 607 
426 529 579 611 662 824 841 854 937 185 
27 162 265 278 333 394 511 589 621 327 
30 74 148 186 318 489 529 565 579 611 662 824 829 907 937 967 976 221 547 
55 162 238 265 394 441 511 557 825 940 416 665 
45 180 262 330 396 398 428 448 536 638 723 813 823 834 873 838 841 
37 20 28 57 67 102 122 139 145 146 176 182 242 257 261 302 357 371 374 385 424 449 506 507 534 573 619 651 685 686 762 797 830 845 853 931 934 41 262 497 655 768 
46 121 204 284 322 328 380 558 697 795 806 886 903 972 28 895 
29 35 134 149 151 208 210 244 287 317 411 421 471 561 632 713 744 789 887 888 982 413 530 737 
56 108 274 307 350 429 450 537 587 596 660 689 694 701 733 812 856 191 315 
20 63 28 37 102 122 132 139 145 176 182 257 261 298 302 357 360 371 385 424 449 507 534 573 597 619 685 686 704 743 772 773 797 830 845 853 934 96 126 352 741 753 
86 106 119 130 231 269 355 362 384 392 468 578 620 674 679 735 766 838 896 997 998 260 432 770 
311 367 447 523 755 776 858 932 992 115 
120 183 241 259 383 400 439 492 524 721 865 872 612 719 
36 25 76 209 219 264 285 513 559 568 614 649 650 656 850 898 906 286 913 
120 147 183 203 241 271 383 400 492 524 530 721 754 865 987 13 689 
54 48 150 172 193 216 255 272 308 352 397 473 556 566 771 778 783 927 250 471 873 
60 186 280 318 426 480 529 579 662 822 824 854 937 967 539 929 
49 179 364 419 590 648 741 747 875 556 
71 22 153 329 440 649 656 709 898 674 696 
46 98 121 133 154 205 218 237 243 246 270 275 284 322 328 380 395 409 430 469 474 484 520 522 588 628 669 706 815 816 840 877 884 890 945 972 999 99 303 519 569 581 
110 201 247 331 373 419 435 515 540 590 648 741 747 875 882 913 510 526 
16 234 367 447 516 518 548 742 755 776 779 831 858 930 932 939 992 896 998 
103 173 185 335 376 499 544 803 909 978 989 83 421 
91 105 137 175 187 215 232 266 295 296 325 343 353 359 370 387 406 455 463 481 545 593 612 617 624 630 637 693 712 724 739 759 764 787 842 949 950 698 711 859 901 985 
53 19 17 157 288 326 592 696 800 582 
44 99 348 472 512 562 720 794 827 891 915 80 253 
118 173 185 224 335 376 390 504 803 866 901 974 978 989 154 913 
32 1 21 107 117 160 168 169 254 276 279 281 356 368 372 404 431 444 467 508 509 543 570 577 598 645 666 673 676 688 690 728 748 750 805 809 837 844 848 881 944 410 559 900 906 976 
68 127 130 164 198 220 231 256 269 351 384 392 468 578 679 838 933 968 998 125 780 812 
93 209 440 477 513 532 541 649 650 656 738 127 370 
225 277 305 341 653 725 727 784 786 798 928 365 554 
17 19 157 240 288 326 654 659 696 800 541 827 
49 179 202 247 331 407 493 590 741 747 832 913 363 690 
81 105 137 187 232 266 295 296 359 370 387 406 455 463 545 551 593 612 617 624 630 693 712 724 739 764 787 949 950 312 401 629 964 
46 31 121 152 166 200 204 218 233 309 344 409 517 575 588 664 683 697 758 780 815 816 890 941 963 209 802 
36 87 22 94 115 144 153 209 264 303 329 375 440 462 486 527 541 585 608 614 640 649 650 738 745 847 863 885 897 916 948 952 953 985 988 204 237 749 824 
25 93 116 144 209 219 303 323 393 436 440 491 513 532 541 550 568 581 608 614 636 640 641 650 656 709 738 745 808 847 850 863 897 898 924 925 936 952 985 57 287 345 795 825 
158 401 613 736 810 812 856 964 1000 869 
34 197 495 643 675 715 860 876 983 45 67 
192 209 438 440 491 608 745 863 897 200 736 
31 77 46 121 204 227 243 380 409 484 485 575 588 664 667 816 890 972 144 899 929 
44 4 83 126 301 313 348 433 512 562 635 720 788 827 891 990 993 996 77 905 
55 40 51 161 162 222 238 265 268 278 312 333 347 349 394 511 564 621 695 825 902 940 977 36 626 863 
45 262 330 396 428 448 569 638 723 746 753 823 873 957 962 197 945 
20 67 37 57 63 122 145 176 182 261 298 302 354 360 371 374 449 506 507 534 573 597 619 651 685 686 704 711 762 772 773 797 830 853 879 904 931 934 244 252 394 745 1000 
42 80 173 185 224 335 376 390 499 504 544 546 552 677 729 732 803 901 909 974 978 989 303 472 613 
41 119 213 231 269 362 384 392 468 578 672 679 926 968 998 183 286 
81 91 137 232 266 295 296 343 353 406 455 463 545 593 617 624 630 693 712 724 739 759 764 842 949 950 740 783 
41 68 127 130 181 198 213 220 231 269 362 384 392 451 468 620 663 674 700 774 799 838 933 965 968 998 46 159 
85 32 1 21 47 117 168 169 276 279 431 444 503 543 560 570 576 598 645 666 673 676 688 705 728 750 805 809 811 837 844 848 921 944 243 274 630 
66 158 163 274 350 379 401 405 582 596 599 613 660 694 733 791 942 964 980 697 725 928 
30 186 245 319 342 426 579 634 824 841 854 878 907 976 14 293 
6 78 49 131 140 179 211 364 419 515 590 648 718 741 747 832 875 913 954 21 260 270 
44 167 512 531 571 600 720 990 993 248 
30 148 280 579 662 722 768 824 828 967 350 686 
27 312 333 394 511 802 825 940 984 139 
140 179 190 331 515 590 658 684 741 747 875 596 978 
22 93 375 527 541 550 568 614 636 641 649 745 808 847 885 906 985 69 830 
94 138 192 209 459 513 581 608 650 709 745 808 859 898 985 257 771 
107 47 21 85 160 168 169 276 279 281 368 372 444 543 570 576 577 598 645 666 673 688 690 705 728 748 750 805 811 837 921 944 46 362 479 935 
84 42 173 224 504 803 901 909 989 50 
68 104 164 362 384 468 674 679 864 933 901 942 
70 72 147 183 184 199 203 241 249 271 294 336 383 400 410 439 492 524 530 567 655 721 754 987 348 420 956 
92 46 98 64 77 152 196 205 218 233 237 246 248 253 284 290 322 344 469 474 484 485 496 517 520 575 588 609 664 702 758 795 815 840 852 855 867 877 890 903 941 972 257 283 333 338 985 
63 102 28 67 37 139 145 298 371 374 507 534 573 619 686 797 830 845 853 900 904 885 928 997 
54 150 361 397 699 771 778 783 927 747 
14 11 189 212 273 316 321 338 365 403 425 434 437 446 457 510 539 605 680 710 737 757 769 781 804 820 839 857 868 893 899 912 923 946 970 973 995 262 267 571 850 914 
167 286 512 562 571 707 720 891 990 86 
99 44 167 226 313 348 433 454 472 512 562 571 600 707 720 794 891 990 993 67 375 980 
86 106 213 231 362 498 578 674 679 926 998 87 559 
130 164 198 213 231 297 351 362 392 468 578 663 864 998 428 825 
50 155 267 274 450 466 574 596 616 689 694 701 733 791 810 942 980 1000 162 691 965 
128 106 86 68 41 164 181 198 213 220 230 231 269 292 351 362 384 392 443 468 498 578 607 620 672 674 679 766 775 833 838 849 864 896 926 933 968 997 998 193 477 522 793 898 
110 49 179 331 590 648 741 875 913 276 
67 298 302 354 507 534 573 830 853 904 169 854 
77 214 227 239 248 332 469 591 758 867 941 538 786 
29 65 35 317 561 632 713 744 789 887 888 30 846 
3 250 320 587 625 660 694 942 980 212 542 
225 305 692 726 770 784 786 798 928 617 998 
91 81 105 187 215 232 296 343 353 359 370 387 406 463 545 624 630 693 712 724 739 577 648 795 
116 219 393 527 614 618 636 640 649 709 745 808 916 948 537 928 
67 20 28 63 122 145 261 302 310 354 360 371 374 385 424 464 506 507 534 573 597 619 743 749 773 797 845 853 879 900 904 931 934 113 598 958 
49 110 114 179 190 202 211 223 247 331 364 373 399 435 515 540 590 648 658 684 741 747 832 875 882 913 954 956 34 44 539 904 
35 29 208 411 471 561 713 887 888 7 585 
22 25 144 192 209 533 649 656 924 943 537 675 
7 33 225 305 334 500 606 653 708 770 784 786 798 874 919 288 384 
142 94 93 153 192 293 440 527 559 656 847 952 985 98 8 
139 57 37 67 20 102 122 63 176 242 257 302 310 354 357 371 449 507 534 573 597 686 772 773 797 830 904 246 488 936 
63 360 371 374 534 619 830 853 904 225 
120 72 183 184 203 383 400 524 655 721 754 437 773 
12 60 112 30 186 235 245 280 299 318 388 426 479 480 489 529 565 572 579 611 634 662 722 824 828 829 854 878 907 937 951 967 976 298 496 649 882 
29 35 65 561 623 713 789 888 982 534 
54 73 38 10 48 123 170 172 193 216 255 272 308 352 361 397 427 461 473 502 528 556 566 752 771 778 783 846 889 927 268 661 886 
29 65 221 317 471 561 632 713 887 249 482 
46 92 121 154 166 205 227 246 284 628 734 795 867 877 886 357 
76 25 93 36 22 144 192 209 219 264 323 375 491 513 527 533 541 608 614 649 650 709 738 765 782 847 897 906 952 155 197 680 912 
152 46 77 204 227 233 243 246 322 344 469 474 484 485 591 667 758 795 870 877 84 547 587 
50 129 159 163 250 263 307 320 339 379 412 537 547 549 582 587 596 599 616 627 644 660 668 689 694 733 756 810 812 979 980 1000 153 207 457 485 
26 171 188 378 415 456 580 631 646 647 671 687 714 760 767 792 836 929 981 210 230 360 
53 17 19 89 5 82 240 288 291 314 326 366 389 592 633 654 659 661 696 703 793 800 895 971 555 700 924 
108 95 56 13 250 263 267 274 350 379 401 418 450 466 537 547 549 587 625 626 627 644 660 668 689 733 812 856 964 980 1000 294 328 676 702 
155 250 401 627 644 660 694 810 812 856 918 106 332 
32 85 117 276 404 688 809 844 944 679 
55 27 100 265 268 312 333 347 394 511 589 670 698 825 975 599 
51 59 100 55 61 40 195 222 238 265 268 278 333 347 349 394 413 420 432 441 525 526 557 564 584 621 639 698 763 802 825 871 902 960 975 977 984 31 129 463 766 946 
155 108 229 320 537 596 689 918 980 1000 292 892 
130 41 128 86 119 230 231 256 269 292 297 346 362 392 443 451 468 578 607 620 674 679 700 735 740 766 774 799 833 838 849 864 926 933 959 968 586 850 877 969 988 
29 221 252 287 561 713 817 887 982 666 
152 92 46 31 204 217 227 233 237 246 284 344 430 469 484 517 522 609 664 669 691 790 795 816 840 867 999 650 677 698 778 
111 125 4 126 442 454 512 531 720 891 990 782 885 
85 117 47 107 21 1 32 169 254 279 281 368 404 431 444 503 509 543 560 570 576 577 598 645 673 676 688 705 728 748 750 805 837 844 848 921 944 2 205 449 776 910 
85 32 107 1 117 47 21 168 279 281 356 368 503 560 570 673 688 690 705 728 750 805 809 837 844 881 944 132 280 822 
150 172 193 397 473 528 771 778 927 415 661 
156 378 415 453 488 580 604 615 631 646 647 671 687 714 760 792 836 911 929 981 659 818 864 
150 73 170 193 308 397 473 566 771 778 51 497 
103 42 84 80 118 185 224 335 376 390 499 504 544 546 552 642 677 729 732 803 866 901 909 974 978 989 296 686 786 
212 316 338 365 434 652 680 781 820 899 946 970 973 875 881 
81 296 325 343 387 406 455 463 545 551 630 693 764 842 395 408 
102 145 67 63 261 651 686 830 845 853 264 663 
23 191 306 391 487 497 535 818 892 905 910 966 202 266 
396 428 448 536 723 746 753 873 957 269 
140 110 114 131 49 6 90 75 190 202 211 247 331 373 407 435 493 515 540 542 590 648 658 678 684 741 747 761 785 832 875 882 913 954 956 444 468 720 
62 262 396 428 448 723 823 873 957 622 
130 106 213 362 392 578 583 674 838 968 998 615 852 
63 102 20 67 261 302 354 371 449 506 507 534 573 619 762 772 830 853 904 323 832 924 
72 120 70 147 184 199 203 241 259 271 294 336 383 400 439 492 524 567 655 721 754 872 987 104 511 678 
183 147 120 199 203 249 383 400 439 492 524 530 567 721 754 865 872 987 1 927 
173 80 103 84 224 335 376 499 677 803 901 989 58 815 
74 60 109 148 235 299 319 388 426 460 479 565 579 611 662 722 824 829 854 878 907 937 976 55 462 
81 137 91 343 406 455 545 630 950 393 
156 415 453 580 671 687 760 792 836 866 892 
124 212 316 338 434 446 457 539 710 973 198 880 
179 49 140 114 211 331 373 419 515 590 648 718 741 747 761 913 305 592 
43 177 304 487 497 553 622 681 861 892 905 966 66 453 
116 36 153 142 22 144 97 209 219 264 293 303 393 436 440 462 486 527 541 550 559 585 608 614 618 640 641 656 709 738 745 765 801 821 826 847 897 898 925 948 953 985 20 231 729 867 
150 73 54 48 38 170 172 216 255 272 308 352 397 427 461 473 502 528 556 699 752 771 778 846 889 927 130 348 710 
250 267 379 547 596 627 694 733 812 980 1000 346 745 
8 162 222 238 268 349 526 589 621 242 450 
121 204 218 237 344 380 474 484 575 609 628 734 815 941 972 986 762 949 
96 15 9 327 554 643 796 807 860 983 101 153 
106 130 86 128 213 269 351 362 392 468 578 620 674 740 766 838 189 
120 183 184 203 249 294 400 439 492 567 655 721 754 872 987 348 681 
92 46 227 237 243 246 284 469 470 474 517 97 723 
49 78 373 590 658 684 747 832 875 954 660 775 
179 49 90 140 18 211 247 331 373 515 540 542 590 648 658 741 747 875 913 177 233 362 
120 199 183 147 72 184 259 294 336 383 400 492 524 655 721 754 987 624 807 
196 64 46 92 154 98 31 166 205 214 227 228 275 284 324 380 470 474 485 501 517 575 603 628 667 691 758 815 840 852 884 890 903 941 958 972 93 296 487 570 725 
46 121 204 77 152 227 233 237 239 246 253 270 275 309 328 332 344 380 469 474 501 520 591 603 669 691 780 806 815 840 941 963 999 168 17 444 807 
34 251 482 594 643 675 851 860 883 38 
29 244 411 471 632 713 744 789 888 155 438 
29 65 141 317 411 471 519 623 632 643 998 
93 142 116 87 22 71 153 94 97 192 293 303 323 375 382 408 436 440 462 477 513 527 541 559 614 636 641 649 656 709 745 782 821 847 850 859 906 925 936 952 985 92 479 598 784 
65 252 317 411 632 713 744 789 887 156 
179 49 110 190 202 140 331 373 419 590 741 832 875 882 913 812 
124 11 174 189 273 300 321 338 358 363 365 381 403 425 437 446 452 510 539 586 605 680 737 757 769 781 819 820 839 857 868 893 899 923 946 970 973 994 995 135 246 617 705 783 
198 130 181 128 104 127 106 41 220 231 256 269 292 346 351 355 362 384 392 417 443 451 458 468 498 578 583 607 620 674 679 735 740 766 775 833 838 849 896 926 933 965 968 326 345 538 768 812 
204 133 284 380 469 470 628 697 758 877 941 972 263 662 
81 137 295 387 455 551 630 693 759 764 526 946 
150 54 193 73 397 473 556 566 771 778 927 605 814 
166 46 248 344 628 840 867 870 877 604 
92 196 77 121 227 233 237 344 430 474 501 591 609 691 855 867 32 
153 192 138 94 71 293 303 323 408 465 477 513 527 532 550 614 618 649 650 656 709 745 765 826 885 897 924 943 953 988 267 271 505 630 
213 130 86 106 231 351 362 392 578 620 679 799 997 289 507 
35 165 151 317 623 632 713 744 789 887 982 60 480 
27 162 100 195 265 278 333 349 394 420 441 511 525 621 657 698 825 902 430 620 755 
140 49 331 435 515 540 590 741 875 913 752 792 
173 103 84 118 185 42 376 390 499 544 642 677 729 803 901 909 974 978 989 234 755 802 
33 7 136 88 143 236 277 305 334 341 386 402 476 478 500 514 555 606 629 653 692 708 725 726 727 731 770 784 786 798 874 880 919 935 12 146 532 741 
44 126 286 301 512 562 720 915 990 698 905 
218 200 133 152 154 205 31 98 204 166 46 228 233 239 253 275 284 309 344 409 484 520 664 667 683 691 697 790 795 815 816 855 877 890 972 305 385 411 765 
227 204 284 344 558 734 758 816 945 972 302 711 
163 307 320 547 660 689 694 918 1000 641 693 
41 164 130 231 674 679 774 968 997 156 
104 220 130 127 164 106 41 68 128 230 213 86 256 269 292 351 355 362 384 392 443 451 458 468 498 578 607 620 663 672 674 735 740 766 775 833 838 849 864 926 933 965 968 998 192 283 301 846 879 
105 81 91 137 266 296 343 387 406 455 463 551 612 617 630 637 693 712 739 759 764 787 950 670 862 931 
121 92 205 31 154 227 166 218 237 275 290 322 324 332 380 409 469 484 485 522 588 667 691 697 758 795 806 840 903 945 969 202 492 627 696 
79 16 283 311 367 447 475 516 518 521 523 665 742 755 776 831 858 930 992 224 645 832 
148 186 479 480 634 824 854 907 967 475 
225 305 386 500 538 653 726 784 798 332 537 
218 233 77 121 166 200 205 196 246 275 309 324 380 414 470 496 501 520 558 603 664 691 706 840 855 867 886 958 963 969 972 986 999 93 241 262 442 
27 61 8 162 100 195 265 268 278 312 333 349 394 413 432 511 525 526 557 601 621 657 695 698 871 902 977 382 837 919 
205 227 133 485 522 575 628 691 697 903 448 573 
157 53 17 19 89 326 366 592 654 661 696 800 660 752 
120 70 183 72 259 294 383 400 439 492 524 567 655 721 754 872 987 237 
63 145 261 310 354 371 507 534 573 619 743 762 797 195 653 
98 154 200 77 270 284 588 963 999 107 
29 207 65 35 317 411 471 561 623 713 888 102 816 
109 148 299 480 565 579 662 824 878 951 967 816 972 
166 200 77 205 237 121 154 152 46 309 324 328 380 469 474 484 485 496 558 591 603 664 697 702 734 795 806 815 816 855 867 884 958 972 986 212 145 338 638 
179 78 49 140 202 90 331 399 493 515 590 658 678 741 747 875 913 473 474 
121 133 46 217 275 284 324 328 380 469 575 706 795 815 867 884 972 111 618 
120 184 199 294 336 400 567 721 865 987 151 547 
194 159 158 155 135 263 267 274 282 320 379 401 418 450 466 537 547 563 587 596 599 613 625 660 689 694 701 733 736 810 812 918 980 1000 73 261 275 300 
206 327 482 490 594 715 716 777 807 991 469 728 
165 210 29 287 317 519 561 623 632 713 789 102 899 
205 121 227 344 496 664 683 795 815 840 886 83 798 
32 85 168 281 368 404 444 688 811 823 
150 54 193 73 397 473 771 778 927 290 531 
164 86 231 213 41 468 674 679 766 838 864 968 998 374 440 
20 145 57 63 67 354 371 534 573 853 904 116 121 
52 33 305 340 500 514 555 606 653 770 786 798 928 303 878 
70 241 183 203 383 400 410 439 567 655 721 671 863 
44 301 433 442 512 531 571 720 891 68 110 
37 102 57 63 176 67 139 182 242 302 354 371 374 424 449 507 534 573 619 651 685 686 743 749 772 773 797 830 845 853 900 904 931 250 442 680 
101 62 180 45 330 396 423 428 448 638 746 753 813 814 823 834 873 957 962 63 124 237 
155 250 158 274 320 379 405 429 537 587 596 616 660 733 791 812 979 1000 214 349 620 
153 71 192 93 323 393 465 477 641 176 946 
162 100 238 8 61 55 222 40 27 59 161 268 278 312 333 349 394 413 422 432 441 445 511 526 557 564 584 621 639 657 670 698 730 763 802 825 871 902 947 960 961 975 977 29 5 644 845 858 
81 91 232 105 296 325 343 353 406 455 463 481 545 551 593 630 693 712 739 759 764 787 950 177 453 893 
129 194 158 250 274 320 350 379 401 466 537 547 596 599 616 627 660 689 694 733 810 812 979 980 1000 4 219 124 
161 238 100 55 27 265 195 162 278 333 349 394 413 420 422 432 441 445 511 526 621 730 763 802 825 902 150 694 839 
231 164 86 130 213 68 198 106 104 41 392 443 458 468 578 620 674 679 735 766 775 833 838 926 933 968 998 178 464 699 
205 46 243 77 284 309 332 877 945 963 110 788 
72 183 120 383 400 439 721 865 219 849 
150 193 73 54 38 48 397 528 556 771 778 783 889 927 652 720 
212 124 316 321 381 434 446 452 457 652 781 868 899 946 970 973 995 860 974 
129 108 158 267 250 263 66 307 379 401 405 412 418 429 450 466 537 547 549 582 596 627 660 668 689 694 733 736 810 812 918 942 964 980 1000 107 371 458 646 
227 233 204 77 205 46 248 237 284 344 395 522 603 780 795 806 815 816 840 855 890 941 945 250 514 847 
85 32 107 47 21 117 160 279 368 372 404 431 444 509 560 688 690 705 728 750 805 811 837 844 881 944 131 795 933 
225 33 88 289 305 345 402 500 653 692 726 727 731 770 784 786 798 874 880 919 928 935 16 591 809 
27 162 268 55 238 265 8 59 222 100 40 333 347 349 394 413 420 422 441 525 526 564 602 621 657 670 695 698 763 802 825 871 902 955 961 984 366 506 522 548 
85 168 169 117 276 107 356 598 673 688 728 809 837 944 473 941 
148 30 39 112 74 319 342 529 572 579 611 824 828 843 854 878 907 967 169 922 
85 47 117 254 169 168 32 368 503 576 673 688 690 728 750 809 844 745 983 
250 563 660 689 694 791 918 979 980 891 
234 367 475 518 548 665 755 776 858 231 121 
200 121 46 214 227 166 228 77 152 64 270 275 248 243 204 344 369 380 395 409 430 470 591 628 664 669 683 697 780 790 795 806 815 816 852 867 877 890 903 963 42 678 745 786 990 
71 303 393 513 608 641 649 650 985 383 
44 125 226 348 512 531 635 720 794 891 990 996 104 71 
29 165 252 65 317 471 561 632 789 888 94 685 
157 53 17 19 82 89 291 314 326 366 389 592 633 661 696 793 800 895 143 344 
33 277 305 345 386 402 476 500 653 692 726 731 770 784 786 798 928 220 
233 121 409 628 664 702 815 870 963 255 373 
157 53 17 288 326 366 592 654 659 661 696 800 699 724 
41 231 213 130 164 351 362 468 578 679 799 998 163 957 
209 36 192 144 219 375 438 513 585 649 656 745 765 821 988 109 
249 183 120 203 241 199 383 400 524 655 721 158 401 
81 215 105 91 370 406 630 712 764 842 347 814 
81 91 105 175 137 266 232 325 353 406 455 463 481 551 617 630 693 712 739 204 173 743 
164 128 392 468 578 620 775 838 864 959 998 307 640 
122 132 67 102 310 354 360 371 507 711 853 17 148 
186 12 148 245 480 822 854 907 937 520 
212 434 446 452 510 680 899 946 973 250 441 
44 99 260 226 348 433 512 531 562 571 635 720 794 891 915 990 996 231 970 
63 102 67 139 20 145 132 261 37 182 310 371 385 424 449 464 506 507 534 573 597 619 651 686 704 762 830 845 853 879 934 30 228 625 950 
209 93 192 94 25 36 285 219 323 382 393 459 541 649 738 821 859 863 898 916 952 103 258 77 
191 23 306 487 818 892 905 908 910 527 803 
225 33 277 7 289 143 258 88 52 236 136 334 340 341 345 386 402 476 478 500 514 538 555 606 629 653 692 708 725 726 727 731 770 784 786 798 874 880 919 928 935 227 190 563 758 
177 304 43 497 535 553 622 681 717 818 892 905 910 689 856 
229 274 155 66 320 450 616 626 627 689 694 810 812 856 914 918 942 980 1000 297 318 965 
150 10 193 172 73 361 427 528 699 771 778 783 927 587 588 
237 246 205 270 92 227 315 664 691 57 429 
145 242 302 139 298 371 507 534 573 762 853 904 673 919 
69 234 367 475 523 548 665 779 992 892 
265 40 27 113 55 161 238 100 8 333 349 394 413 420 483 511 526 557 589 670 695 698 802 825 902 940 960 977 91 381 838 992 
4 44 126 99 442 571 720 794 990 385 738 
17 157 19 53 288 326 592 696 800 561 
46 309 380 474 501 517 706 815 877 999 66 432 
189 124 2 273 174 321 338 358 363 365 403 416 425 434 437 446 452 457 510 539 652 680 682 737 819 820 839 857 920 946 970 973 994 553 703 826 
29 287 65 221 35 252 134 208 210 151 244 411 421 471 561 623 632 713 744 789 817 887 888 982 656 673 785 
39 74 60 148 319 342 529 572 579 824 854 907 307 623 
280 109 186 318 579 824 854 878 907 512 
135 155 267 3 229 263 307 163 250 339 350 401 418 429 450 466 537 547 563 574 582 587 616 626 644 660 689 694 701 812 914 942 979 980 1000 4 322 819 952 
124 273 212 2 316 338 403 437 446 457 680 737 857 946 970 996 
121 77 233 154 64 344 501 603 758 795 999 320 897 
219 25 22 209 94 264 153 303 436 438 440 513 527 541 559 568 641 649 808 821 847 850 925 985 182 388 469 
237 46 204 233 248 246 369 409 485 591 664 667 918 990 
81 296 175 266 359 387 455 463 481 551 593 630 693 712 724 764 950 379 567 
157 53 17 19 288 240 291 5 82 89 314 366 592 633 654 659 661 696 703 793 800 895 938 213 731 794 
15 197 251 34 675 715 796 860 922 59 
246 205 64 77 248 332 430 469 474 485 520 603 780 795 941 963 158 798 
93 76 408 513 649 656 826 863 936 828 
62 262 101 396 398 448 723 873 962 688 
179 140 131 202 247 78 114 90 190 223 18 211 6 407 419 435 515 540 542 590 648 658 684 718 741 832 875 882 894 913 954 400 455 499 760 
31 270 133 328 233 205 474 517 575 691 702 852 969 972 236 159 
265 162 278 312 238 100 59 51 161 27 222 40 268 113 8 55 349 394 413 432 445 483 511 525 526 557 584 589 601 602 621 639 670 698 730 763 825 871 902 947 955 975 977 984 121 428 811 847 912 
305 225 52 33 143 402 500 653 692 726 770 784 786 798 928 358 368 
173 103 84 80 185 376 390 499 504 642 677 803 866 901 909 974 978 989 448 466 973 
120 249 203 183 400 524 530 721 872 434 
434 446 539 757 781 899 946 970 973 361 
124 316 11 321 189 174 14 212 2 358 363 365 381 403 416 434 437 446 452 457 510 539 605 652 680 710 757 769 781 804 820 839 857 893 899 912 920 923 946 970 973 994 995 12 121 246 593 700 
320 155 3 350 587 694 733 856 1000 397 447 
305 258 386 402 500 653 692 770 919 890 
305 33 88 225 402 500 606 653 770 786 798 928 935 455 633 
280 318 30 109 529 768 854 878 937 21 617 
105 175 266 137 81 187 232 370 406 455 463 630 724 739 950 973 976 
121 275 205 227 166 92 217 284 218 253 322 154 228 196 31 369 377 380 395 414 469 474 485 517 588 603 664 780 790 815 816 852 867 969 972 999 288 397 987 
305 289 277 555 692 725 786 798 928 213 94 
164 213 362 468 674 740 833 838 959 194 
161 40 278 162 100 27 8 413 511 557 670 695 698 802 871 960 975 977 295 561 837 
44 286 126 83 99 4 301 442 472 512 531 562 571 720 788 891 915 990 996 193 120 199 
333 265 162 278 55 195 268 312 222 8 238 100 27 394 413 420 422 432 441 445 511 525 526 589 601 602 621 639 670 695 802 825 835 955 960 961 977 263 715 748 784 980 
339 108 66 267 320 50 158 13 379 401 450 537 547 574 587 596 626 660 668 689 694 812 856 918 942 979 980 1000 112 391 677 853 
231 130 128 213 292 198 86 220 362 384 392 468 578 583 595 663 674 766 833 838 849 864 998 52 493 756 
150 73 54 193 473 771 778 783 927 67 
81 105 137 266 296 406 455 481 545 612 630 637 693 759 949 446 
102 57 242 261 145 257 139 132 182 20 298 357 360 371 374 449 464 507 534 573 686 762 830 853 879 904 931 577 696 837 
68 213 231 468 498 578 595 620 679 766 926 968 998 8 659 
85 1 279 169 560 673 728 809 837 797 917 
37 145 354 67 63 371 534 573 686 853 152 910 
338 212 316 14 365 434 446 457 652 680 682 899 973 334 880 
81 91 325 137 387 455 545 630 637 693 712 950 904 934 
139 67 102 354 28 298 57 20 146 37 371 385 573 610 619 686 830 904 156 877 
150 308 54 123 397 556 771 778 783 927 337 471 
127 213 220 130 231 164 346 41 106 181 351 128 68 198 104 119 292 384 392 417 451 458 468 498 578 583 595 607 620 663 700 740 766 799 833 849 864 926 933 959 965 997 998 117 202 660 899 
212 338 316 365 416 446 510 757 899 970 90 513 
49 140 110 75 493 590 741 747 913 884 928 
212 363 124 316 14 174 338 358 403 434 446 452 457 539 652 680 682 710 757 769 839 857 946 973 995 15 88 874 
157 53 326 288 291 240 17 389 592 654 659 661 696 793 800 895 938 971 278 614 692 
234 79 311 283 69 16 447 475 516 518 521 523 548 665 742 755 776 779 831 858 930 932 939 992 20 674 921 
85 169 117 281 276 1 254 168 404 444 467 509 543 576 673 676 688 728 805 837 844 848 944 334 608 
284 344 324 414 520 603 664 669 815 963 969 732 863 
81 295 91 343 137 406 455 463 545 617 630 637 693 764 842 87 
102 302 257 63 139 360 354 28 67 122 182 20 261 145 242 146 310 298 37 357 385 464 506 507 534 573 597 610 619 651 685 704 711 743 762 773 797 830 845 853 879 900 904 931 934 274 653 660 770 996 
85 276 117 47 32 404 508 570 598 688 705 728 750 805 837 944 815 834 
18 190 201 6 140 78 202 211 179 49 493 515 540 590 648 718 741 747 785 832 875 913 954 290 44 649 
122 63 139 146 261 57 20 102 354 385 507 534 573 619 686 711 762 797 845 853 934 256 544 963 
153 293 209 115 93 462 513 533 550 568 614 641 709 126 635 
173 84 224 335 42 185 80 103 544 642 677 803 901 909 974 978 989 509 938 
46 344 380 469 474 664 697 706 958 975 
156 171 415 580 671 687 714 760 792 929 981 847 937 
274 13 350 267 250 155 194 263 50 158 108 56 401 466 537 547 596 599 616 626 668 689 694 733 810 812 856 914 918 942 979 980 1000 27 325 679 788 
214 284 205 98 248 344 64 77 315 204 196 246 233 46 377 237 409 469 474 484 496 517 575 603 758 815 840 584 838 865 
338 273 212 434 437 446 452 737 819 893 899 946 970 973 995 312 
22 303 209 440 462 513 585 608 614 641 656 847 898 916 953 238 894 
120 183 241 147 184 203 294 70 259 72 271 400 410 524 721 754 872 987 285 596 876 
68 213 41 130 362 351 106 86 119 231 104 392 417 443 451 468 498 578 620 672 674 679 700 740 766 774 775 833 838 849 864 896 926 933 965 968 998 143 445 447 454 757 
139 302 374 371 63 67 360 37 57 424 507 534 573 597 619 686 762 830 845 853 904 313 227 515 
305 340 225 289 7 33 236 402 478 500 514 653 725 726 731 770 784 786 798 874 919 928 935 390 853 
81 359 232 137 91 325 175 215 406 455 545 617 624 630 693 712 724 739 759 842 950 29 550 636 
186 30 148 426 828 854 937 951 967 323 
157 53 17 288 366 5 592 633 661 696 800 656 898 
173 224 103 84 335 42 499 504 642 803 866 909 978 989 386 417 
177 43 497 553 717 892 905 908 966 350 
68 362 181 231 86 297 269 41 130 351 128 164 106 220 104 384 213 198 417 451 468 498 578 620 674 766 774 849 896 926 998 54 393 616 867 
192 285 264 25 138 22 94 303 436 438 440 513 541 568 614 650 850 863 898 906 952 985 187 392 907 
265 113 333 349 162 312 238 40 100 268 27 59 222 278 161 61 55 413 422 432 441 445 511 526 557 584 589 601 621 639 670 698 730 763 802 825 871 902 940 947 955 960 961 977 102 423 437 460 555 
31 77 275 284 344 469 664 691 941 175 875 
262 330 62 101 180 178 448 536 569 638 719 723 746 753 813 834 873 957 962 632 664 747 
150 193 54 255 361 216 272 73 123 170 172 48 38 427 461 556 771 783 846 889 927 47 344 339 
330 62 428 448 569 723 813 873 962 712 
247 140 49 515 540 590 747 913 954 24 
120 183 184 271 203 72 199 70 241 147 259 294 249 383 336 410 439 524 530 567 655 721 754 872 987 331 594 710 
350 274 159 379 158 95 250 108 320 267 466 537 547 549 582 587 613 627 660 689 701 810 812 918 942 980 1000 294 91 757 
305 277 225 334 340 289 341 386 33 629 692 726 770 784 786 798 874 928 403 499 
365 212 316 124 338 321 446 457 839 899 912 970 402 993 
168 32 372 160 368 276 1 85 254 444 509 543 560 598 673 688 690 705 728 805 809 811 837 844 944 468 686 901 
108 274 263 537 547 660 694 810 812 856 1000 451 916 
81 91 105 266 232 137 370 387 353 295 343 296 175 187 455 463 545 551 593 617 630 637 693 712 724 739 759 764 842 949 613 702 926 969 
331 179 90 49 515 540 590 648 684 741 913 754 998 
329 209 219 440 513 541 608 614 641 656 709 821 948 175 810 
92 380 227 77 324 233 290 98 284 469 691 941 564 925 
259 383 120 400 524 655 721 872 987 85 900 
29 317 65 207 244 35 210 208 141 471 561 623 632 713 744 789 817 887 888 56 227 915 
274 155 450 537 587 596 668 812 942 737 
333 349 312 162 347 278 238 268 265 394 432 445 511 526 557 589 825 835 977 65 50 743 
237 344 369 469 702 795 815 867 890 514 
171 188 156 378 24 453 580 604 615 671 687 714 760 767 792 981 170 507 
363 316 11 338 437 457 510 680 899 946 970 994 61 643 
384 41 362 392 213 578 674 933 998 390 426 
158 320 13 250 274 587 596 599 616 694 733 812 979 980 1000 672 
211 49 331 190 75 110 78 515 540 590 684 718 741 747 875 913 954 923 997 
222 349 55 312 268 8 162 278 511 120 469 
317 65 29 471 561 713 789 888 982 80 455 
51 349 55 278 40 394 268 265 526 584 589 960 464 787 
262 448 638 753 823 834 873 957 962 394 
67 63 385 302 139 261 507 573 619 686 762 830 845 853 904 527 733 
212 316 124 434 437 605 652 857 946 443 635 
186 109 58 388 30 12 148 74 480 529 565 572 579 611 768 824 828 854 878 937 967 417 620 944 
150 193 308 397 556 771 778 783 846 927 32 430 
62 398 262 178 101 180 448 536 719 723 746 753 813 823 834 873 957 128 333 
66 320 274 263 537 582 596 660 694 918 309 813 
166 328 284 77 218 469 474 522 664 734 963 972 222 427 
85 32 21 1 107 276 168 444 560 570 673 688 728 809 881 944 971 
265 162 238 333 394 55 40 413 349 268 526 557 584 589 657 670 695 698 802 871 975 315 68 718 
126 99 301 44 260 512 531 635 720 794 891 990 40 457 
338 2 316 124 273 11 358 189 174 381 365 14 300 337 425 437 446 452 457 505 510 539 586 605 652 680 682 710 781 804 819 868 899 912 920 946 970 973 994 336 35 580 778 939 
78 179 223 331 140 515 590 875 913 600 800 
393 323 209 22 94 192 25 459 532 568 618 636 649 738 847 863 924 948 952 27 558 750 
338 212 434 2 416 381 321 124 316 425 446 457 510 539 605 652 680 682 757 781 868 899 912 946 970 973 994 147 394 521 
97 393 323 293 440 532 581 618 649 656 709 738 207 866 
400 120 199 183 241 70 271 259 184 524 655 721 865 987 568 972 
87 393 93 192 209 382 76 438 323 94 144 408 97 486 513 541 581 585 614 650 656 782 808 821 924 952 985 256 478 
61 265 222 268 278 349 394 162 445 621 639 698 825 902 960 300 948 
44 260 313 4 167 348 512 600 720 891 990 237 261 
164 384 269 231 213 41 130 468 674 838 968 998 425 754 
85 431 32 107 404 254 47 117 168 21 276 1 368 508 598 673 688 728 837 881 944 179 205 540 
413 441 265 394 333 349 40 268 51 526 557 564 621 802 835 940 975 384 921 
338 11 212 437 300 403 381 273 365 358 124 363 434 14 337 2 321 189 316 452 457 505 510 539 652 680 682 710 737 757 769 781 819 820 893 899 912 923 946 970 973 995 353 706 840 856 
367 234 79 16 69 475 521 523 548 665 742 755 776 779 831 858 932 992 384 339 589 
262 396 428 62 101 330 180 178 398 423 45 536 638 719 723 746 753 813 823 834 873 957 962 335 239 610 
102 261 182 145 57 302 63 28 354 67 37 853 900 931 168 684 
13 158 307 320 350 412 250 66 56 129 274 466 563 587 616 660 668 689 694 733 736 812 918 942 979 980 1000 195 24 830 
213 231 384 106 164 392 362 468 578 583 933 997 998 405 770 
338 212 365 273 316 446 381 300 434 457 505 586 652 680 769 781 804 839 857 868 899 923 946 970 973 994 470 950 
188 171 24 415 456 488 580 604 615 647 671 687 714 760 792 836 929 981 191 266 937 
44 126 167 512 562 707 720 827 891 384 27 
81 406 91 175 296 343 266 232 215 105 325 370 353 387 359 187 463 545 612 617 624 630 637 693 712 724 739 759 764 842 949 950 341 331 421 18 
156 453 615 631 671 687 714 836 911 830 
434 273 124 416 358 403 365 446 437 189 338 316 452 321 605 652 680 682 757 769 804 820 899 923 946 973 995 155 433 656 
231 213 269 362 468 595 620 674 838 274 
436 22 116 303 527 532 649 656 916 924 988 682 982 
186 480 529 611 662 824 843 854 967 394 
150 397 38 193 473 528 752 771 778 490 
375 192 93 25 382 209 513 649 897 985 186 717 
81 91 325 266 406 455 137 232 296 175 370 105 343 545 593 617 630 637 693 712 724 759 764 787 949 162 1 
371 139 302 20 354 534 619 686 797 830 422 269 
219 264 541 641 650 656 801 847 988 966 
274 320 250 129 267 379 158 401 450 537 563 596 599 626 627 694 733 756 810 812 980 1000 11 335 867 
368 21 85 47 645 673 688 728 809 637 
362 458 198 164 269 41 106 392 256 68 443 213 130 86 292 355 346 384 451 231 351 297 128 104 119 498 578 607 620 663 674 679 700 735 740 766 774 799 833 838 864 926 933 968 998 404 179 541 553 632 
246 380 154 46 395 430 409 77 328 166 214 233 200 414 377 248 133 344 205 121 484 522 603 628 664 667 669 691 697 706 790 815 870 890 903 945 963 969 972 251 323 420 841 990 
284 237 46 204 214 200 485 520 609 452 
29 317 287 65 35 151 421 141 208 244 207 411 519 561 623 632 713 789 887 888 73 361 733 
44 83 126 348 4 562 571 635 720 794 891 990 996 103 970 
150 170 193 73 38 352 255 216 54 461 172 10 502 556 771 778 783 927 279 247 
344 77 380 200 196 332 315 218 204 154 121 205 328 377 46 430 246 517 575 588 609 697 702 758 780 790 795 806 815 840 852 855 867 870 886 903 969 972 247 524 658 695 906 
367 447 311 283 234 548 665 742 755 776 779 858 939 992 235 891 
305 289 225 500 653 726 770 786 798 824 984 
209 219 87 264 36 541 649 650 782 847 953 130 748 
305 33 386 225 653 726 784 786 798 928 440 484 
148 235 186 565 579 662 854 878 937 209 117 
235 39 245 148 426 74 460 12 299 579 611 722 768 824 828 854 937 967 976 221 797 805 
296 266 81 353 325 693 712 739 764 642 
206 251 34 643 675 715 796 807 869 151 
312 333 526 589 602 621 802 871 947 494 
196 121 98 469 380 227 246 233 154 166 77 588 609 664 758 795 884 903 478 13 893 
470 344 121 239 204 233 246 324 98 154 328 588 609 664 734 870 941 972 155 649 879 
22 440 192 93 513 636 649 656 738 728 
191 304 177 494 497 553 717 818 892 905 910 204 534 
453 171 26 615 671 714 792 836 929 145 
60 148 565 768 824 854 878 907 937 967 599 870 
251 34 675 777 796 807 860 862 991 461 
94 97 153 568 649 650 863 924 925 575 781 
72 183 241 199 203 184 70 120 524 865 987 233 694 
247 49 18 90 179 364 373 540 590 648 678 741 875 894 913 956 351 727 
487 23 497 622 681 751 861 905 908 910 966 483 995 
15 96 34 554 643 675 715 716 796 807 851 860 876 883 917 922 991 951 
237 246 253 121 380 588 697 840 890 148 899 
391 306 43 177 191 23 494 487 535 553 622 681 717 751 818 892 905 908 910 966 172 63 778 
231 392 41 213 130 468 355 127 384 362 595 620 674 679 926 968 19 906 
173 103 224 390 80 185 335 504 552 803 901 989 402 331 
305 225 334 386 277 340 7 33 341 258 143 289 236 476 514 538 555 606 629 653 692 708 726 770 798 880 919 928 935 504 544 551 858 
322 315 218 204 237 205 667 706 815 595 990 
150 193 473 528 699 771 778 783 927 614 955 
1 168 32 169 47 107 281 509 705 728 837 525 816 
173 118 499 103 335 390 84 544 546 552 642 677 729 803 901 909 978 989 500 649 676 
446 452 434 605 757 781 899 946 970 973 995 219 688 
28 63 102 371 182 302 139 507 619 686 845 278 810 
374 424 298 302 63 139 261 102 145 310 385 242 132 20 182 37 67 354 371 506 122 534 573 610 619 651 685 686 704 711 743 749 762 797 830 845 853 900 904 931 415 220 561 843 956 
372 1 85 444 576 673 728 805 837 944 15 526 
276 85 32 503 1 404 168 368 728 837 881 944 376 528 
338 124 437 434 446 363 212 416 316 300 757 781 899 923 946 973 78 939 
333 265 61 27 312 347 268 222 55 413 40 59 349 394 113 238 51 161 100 420 526 557 589 601 602 621 695 698 730 763 802 825 835 871 902 940 947 955 960 961 977 6 183 927 944 946 
44 126 348 4 99 83 433 454 301 167 442 286 111 125 226 260 531 562 571 600 635 707 720 788 794 827 891 915 990 993 996 319 526 664 952 
462 393 486 408 285 329 94 293 323 219 87 153 71 440 116 375 209 382 541 550 568 641 650 656 745 765 808 821 850 898 906 924 953 985 37 363 653 974 
305 33 500 386 258 225 629 653 692 726 731 770 786 928 414 275 
179 114 49 331 202 78 6 18 419 247 435 190 110 407 373 140 399 223 540 542 590 648 658 678 684 741 747 875 882 894 913 954 956 385 730 836 915 
367 234 79 521 665 755 779 831 992 579 603 
92 380 315 166 200 332 204 121 344 474 591 603 664 815 840 958 963 972 578 592 
367 234 79 16 283 523 665 742 779 831 932 992 606 945 
252 471 208 29 632 744 789 888 77 903 
369 77 237 328 227 121 470 205 558 575 609 664 691 795 963 972 299 652 
367 516 447 234 523 755 831 932 992 437 
77 233 275 239 469 31 430 166 575 588 758 972 986 278 130 
367 311 518 447 521 234 69 665 742 755 776 858 930 992 834 897 
400 183 439 184 383 492 410 120 70 241 294 203 147 72 336 530 567 655 721 754 865 872 987 474 977 
278 8 333 222 162 349 238 657 698 802 503 894 
511 394 55 349 51 333 8 238 413 265 268 432 422 278 27 483 162 445 195 312 557 564 589 621 639 657 698 802 825 871 902 947 960 961 975 508 512 78 215 
209 93 459 138 144 22 323 192 219 153 115 550 568 581 641 649 709 898 936 952 985 304 424 881 
150 272 10 461 193 308 170 54 502 38 771 778 783 927 509 971 
280 148 426 58 342 39 60 74 318 460 30 572 611 634 722 822 824 829 854 878 907 937 967 20 573 
400 336 120 184 72 524 655 721 754 65 871 
512 44 301 167 260 111 433 286 348 562 571 635 720 794 891 990 996 255 631 
459 436 219 94 87 438 550 649 656 709 765 847 863 225 749 
153 375 142 22 541 641 649 709 847 3 
464 354 102 67 63 257 374 122 182 371 132 20 145 146 57 385 242 302 139 37 261 357 310 507 573 610 619 685 686 704 711 749 762 772 830 845 853 904 487 149 543 591 713 
497 306 177 553 622 861 892 905 966 46 589 
448 428 62 178 396 638 719 746 753 814 873 957 601 726 
267 405 274 320 163 429 412 155 263 379 250 350 66 158 466 401 56 547 563 574 599 613 626 627 644 668 694 701 733 736 756 812 856 918 942 980 1000 138 236 142 560 747 
305 236 500 653 708 726 786 798 874 928 213 133 
189 2 337 437 212 365 446 434 316 338 124 680 769 781 857 899 923 946 970 973 994 995 74 140 853 
179 78 331 419 140 373 202 18 223 399 407 493 49 515 590 648 684 741 747 832 875 882 913 444 801 991 
303 465 22 393 477 115 323 440 153 408 87 93 192 513 209 94 533 559 581 585 614 640 641 649 656 709 738 801 821 826 859 885 906 924 925 952 985 89 43 468 767 815 
179 202 515 331 49 590 648 684 741 747 761 832 913 135 870 
85 1 21 32 47 368 117 404 107 168 666 673 688 805 809 844 881 534 51 
173 224 103 80 504 376 42 677 909 978 989 500 374 
187 455 406 91 353 387 463 137 81 370 266 105 359 175 593 617 630 693 712 724 764 43 10 616 
173 103 42 504 677 803 909 974 989 716 951 
155 13 229 401 405 3 158 250 320 194 267 379 274 537 350 549 582 587 596 599 613 625 627 660 694 733 736 810 856 942 980 1000 154 249 60 628 
367 283 475 79 447 311 755 779 831 930 932 939 278 44 
401 547 158 155 3 13 274 587 596 599 627 660 694 810 918 942 1000 647 970 
192 513 527 115 219 375 94 532 650 808 387 968 
296 266 91 215 175 325 406 232 593 630 693 739 759 764 949 950 500 
173 499 504 103 677 803 909 974 989 574 840 
497 306 191 391 535 43 487 681 861 892 905 910 966 316 468 
197 15 495 34 675 851 862 876 983 19 88 
305 345 225 258 500 606 726 731 770 786 798 928 935 157 394 
150 10 397 272 216 473 38 48 427 361 73 54 193 566 771 778 783 927 75 777 972 
394 61 445 413 265 333 238 312 432 8 526 55 162 511 27 347 589 601 657 670 730 802 825 835 871 961 33 47 562 
520 246 64 237 228 664 702 877 972 436 
209 541 192 323 144 71 585 650 656 885 906 127 85 
356 168 107 32 47 431 276 404 169 576 598 688 705 728 837 881 537 898 
151 317 421 65 471 287 35 134 141 29 252 411 244 149 165 623 713 744 789 817 887 888 314 347 507 
512 44 348 301 472 125 126 226 531 454 99 83 4 571 600 707 720 891 990 993 557 648 988 
320 466 250 282 537 450 582 660 733 964 305 890 
278 265 445 27 162 8 526 100 825 902 409 911 
479 148 426 60 30 489 186 245 579 634 824 828 841 843 854 878 907 937 23 681 
150 73 216 556 172 771 778 783 927 37 
199 120 183 524 184 249 400 259 241 721 754 987 325 664 
393 22 71 323 94 115 436 491 527 375 513 650 745 821 925 952 953 439 599 
398 396 101 45 723 746 873 962 77 592 664 
169 431 117 85 107 168 372 576 728 204 
512 44 260 4 562 313 111 126 348 301 125 472 531 720 827 891 990 124 999 
529 280 318 426 148 579 611 854 878 907 967 22 55 
507 257 102 67 357 63 139 302 145 20 371 354 28 261 385 57 182 122 424 360 374 242 534 37 132 310 597 619 686 704 711 743 749 762 772 830 845 853 879 904 931 934 239 529 575 578 883 
320 537 350 129 596 616 660 733 810 964 979 980 552 983 
92 239 380 474 196 332 522 98 121 248 520 204 664 683 815 840 877 941 945 999 491 573 612 
168 47 32 570 117 281 560 508 107 368 577 598 688 690 728 809 837 921 762 793 
85 32 576 168 117 47 673 688 728 809 837 844 881 354 137 
468 164 213 362 130 384 181 392 231 127 41 128 68 198 104 269 355 451 220 292 86 417 351 297 583 595 620 672 674 679 740 766 799 833 838 849 864 926 933 959 965 968 998 573 517 36 654 942 
148 565 186 426 319 479 112 280 60 480 74 109 245 12 30 58 572 318 39 634 662 722 768 822 824 828 829 841 854 878 907 937 951 967 516 669 798 
171 156 453 415 26 24 188 378 604 615 631 646 647 671 687 714 760 767 792 836 911 929 981 434 606 
438 36 541 440 527 94 116 650 656 863 952 985 77 937 
274 429 320 563 108 547 401 155 625 627 660 733 756 810 856 918 980 26 82 
351 181 451 578 213 362 774 833 998 973 
162 422 265 333 394 432 802 825 975 380 656 
293 541 382 559 440 192 93 608 641 649 656 709 847 850 141 809 
434 212 11 452 899 920 923 946 973 164 979 
155 547 339 3 250 412 66 418 350 401 320 50 135 549 158 450 263 596 627 644 660 701 733 736 856 918 1000 308 154 602 
522 496 243 233 121 98 484 485 474 92 77 344 697 758 815 840 903 308 721 
59 27 55 333 557 312 413 526 349 432 161 511 195 422 483 394 621 639 698 802 825 902 947 960 975 447 535 746 
179 49 515 331 140 540 373 202 110 419 247 493 190 78 211 542 90 407 114 18 6 223 201 435 399 364 131 75 648 658 678 684 718 741 747 761 785 832 875 882 894 913 954 956 596 690 750 819 823 
517 324 284 154 205 133 246 218 603 277 534 
157 53 291 326 17 366 288 19 5 240 389 82 314 633 654 659 703 793 800 895 938 971 569 190 517 
81 551 325 545 105 91 266 406 463 617 630 637 693 739 759 764 52 338 
251 206 15 34 860 862 876 883 991 400 
362 355 351 578 498 458 620 672 674 679 501 22 
66 418 194 547 108 429 466 574 267 129 56 163 587 263 549 274 412 379 250 350 3 155 599 616 626 644 694 733 736 756 810 812 856 918 980 1000 383 590 114 853 867 
371 28 37 67 102 302 139 145 573 385 619 686 797 830 879 904 675 938 
85 168 560 576 117 279 404 444 372 107 21 1 47 666 673 688 728 748 750 805 809 837 844 848 139 209 722 
549 547 379 466 155 267 537 418 250 108 596 644 689 694 856 942 980 1000 568 161 489 641 
512 44 111 562 126 442 635 720 794 915 990 993 435 636 
394 349 238 27 333 557 511 698 763 825 902 536 873 
349 27 333 483 511 278 698 763 802 902 587 943 
344 380 275 469 369 591 204 246 205 237 322 46 328 517 609 664 758 852 867 877 941 972 516 709 740 
580 415 453 171 646 647 671 687 714 792 911 217 827 
338 437 434 425 212 505 457 124 652 757 769 781 820 839 899 912 946 973 994 216 735 927 
305 225 143 7 341 258 555 500 653 708 725 726 770 786 798 874 919 928 935 580 518 978 
468 41 130 213 164 231 362 674 679 700 766 838 968 998 57 647 
94 36 153 192 93 382 97 22 408 285 585 116 618 641 709 738 885 953 368 701 862 
218 603 166 121 484 46 470 474 485 196 520 691 697 734 867 877 945 759 904 
20 534 507 371 360 686 762 830 904 448 54 
480 460 529 148 30 58 186 572 426 280 60 662 722 824 828 841 843 854 878 907 937 619 717 764 
81 91 353 232 455 630 712 764 842 949 575 70 
250 537 108 95 50 401 547 616 627 689 733 810 1000 406 103 
382 153 192 541 25 440 115 209 375 393 94 93 71 219 138 408 618 640 641 649 656 709 738 745 801 826 863 898 906 943 948 366 502 726 935 
580 171 453 456 24 488 415 646 647 671 687 714 760 792 836 181 854 
613 418 596 307 263 320 267 129 379 155 450 574 627 660 694 733 914 918 980 392 545 771 
545 455 406 91 105 81 296 232 387 593 370 463 630 693 712 724 787 950 136 212 342 
138 608 192 614 219 438 436 745 948 953 248 941 
360 507 534 102 67 63 57 20 122 424 242 597 385 139 371 261 302 146 573 374 28 182 464 506 651 686 743 772 797 830 879 900 904 931 934 611 767 913 
498 468 578 213 164 362 458 130 384 41 106 68 392 595 231 220 269 198 355 297 672 674 679 700 740 775 833 838 896 926 965 968 998 426 222 263 653 
511 526 445 59 394 162 333 483 40 589 265 195 100 441 238 278 349 222 268 825 902 940 960 808 992 
497 306 191 23 535 494 681 717 751 892 905 908 910 966 180 907 
29 317 561 149 471 221 35 252 208 411 244 632 713 789 817 887 888 318 631 
81 455 387 105 137 91 630 693 712 724 950 203 907 
158 250 582 135 547 689 694 733 812 918 942 980 302 774 
466 596 320 158 379 307 537 350 980 100 
194 158 3 616 155 159 537 466 267 587 613 307 274 547 549 401 582 644 660 689 810 812 856 979 980 1000 233 33 46 
31 290 196 214 152 469 217 284 77 46 204 239 664 734 815 816 890 963 547 708 
305 225 514 402 33 500 653 880 928 91 
81 455 406 91 105 593 232 617 137 387 545 296 325 551 343 353 370 612 359 463 266 624 215 295 175 187 693 712 724 739 759 764 787 842 949 950 107 219 691 
580 171 456 156 671 714 760 767 836 623 531 
29 317 411 65 471 221 151 207 35 519 134 208 287 210 252 623 713 789 817 887 982 396 468 41 
157 53 326 17 592 19 389 288 654 659 661 696 341 948 
579 148 109 235 565 529 662 722 854 878 937 817 842 
472 99 600 44 433 512 286 301 531 794 915 990 375 425 
209 138 115 486 94 436 649 863 885 952 600 387 
81 359 455 463 353 232 593 370 406 712 764 950 467 653 
101 262 45 62 448 396 536 423 723 746 753 813 834 873 246 844 
162 265 51 333 441 349 394 526 589 861 
94 541 93 138 614 192 649 650 745 801 916 924 297 759 
465 285 533 513 375 382 115 264 541 209 614 94 323 22 585 192 408 608 527 709 847 850 863 906 924 925 943 952 985 599 229 37 751 
173 224 390 335 504 376 732 803 866 901 909 974 978 989 17 481 
197 96 495 482 206 15 675 715 716 807 860 862 869 876 883 922 983 991 208 416 744 
587 599 596 158 159 3 627 155 537 320 660 689 694 810 918 979 980 1000 265 961 
117 107 85 168 467 666 676 750 844 234 
580 171 615 604 156 671 687 792 836 274 
580 171 156 604 26 615 24 453 671 687 714 760 767 792 836 911 981 549 607 
590 179 110 49 331 542 131 493 190 373 540 75 78 515 140 18 202 407 658 684 741 747 785 832 875 882 894 913 956 137 562 964 970 
636 285 142 138 293 533 115 71 491 25 614 585 541 462 153 532 36 76 209 640 459 438 527 93 329 303 486 436 219 323 477 87 650 656 782 801 826 847 850 897 898 906 925 943 952 148 485 504 373 875 
491 94 440 393 513 87 559 71 153 649 25 116 219 285 465 640 581 568 550 477 93 656 709 801 826 859 863 952 166 804 832 1000 
261 102 619 507 176 371 302 63 762 830 698 792 
446 11 174 457 605 437 452 434 425 358 365 316 338 273 682 737 757 781 857 868 912 946 973 520 272 
305 538 225 476 500 33 478 52 340 606 334 289 143 514 258 341 7 88 277 629 386 236 692 708 725 726 727 731 770 784 786 798 874 919 928 935 620 637 513 242 371 
157 53 240 326 5 17 592 366 633 89 291 19 661 696 793 800 578 840 
400 120 183 524 199 241 530 147 203 410 439 294 259 721 754 987 63 
329 440 94 465 541 87 614 192 382 71 649 25 459 219 209 142 486 559 408 513 293 438 22 144 581 532 585 650 76 745 765 782 801 821 859 863 897 906 916 925 952 985 988 389 584 457 317 693 
432 557 265 525 526 238 278 222 670 698 825 977 35 689 
590 179 515 49 331 201 648 140 114 202 247 678 741 747 875 913 474 
157 633 89 53 17 291 592 326 366 696 800 171 355 
547 159 582 158 274 56 320 627 282 263 450 250 108 155 587 50 350 405 135 429 401 616 267 563 574 549 66 229 13 644 689 694 810 812 856 918 942 980 1000 362 371 201 14 240 
157 53 326 17 291 633 366 288 389 654 240 696 703 800 971 170 150 
579 460 245 12 186 634 58 60 611 148 479 74 112 722 824 828 843 854 878 907 937 951 967 214 794 875 
41 468 128 362 351 231 106 933 998 176 
98 284 92 237 430 628 309 369 324 344 246 253 227 603 484 575 121 517 377 469 558 520 290 166 395 485 669 697 734 795 815 840 852 855 870 877 903 941 958 969 972 512 567 569 396 
367 447 311 283 523 516 234 475 518 779 831 930 939 992 61 855 
598 543 117 107 47 85 645 728 805 844 165 979 
233 324 46 98 227 204 469 154 501 952 
350 158 274 3 412 379 450 155 537 689 733 810 942 964 980 1000 780 798 
469 77 205 369 664 284 166 691 815 579 
161 657 27 333 349 347 432 312 557 265 278 394 232 860 
378 580 171 24 453 647 415 615 604 156 26 646 631 488 456 188 687 714 760 767 792 836 911 981 259 802 824 
384 578 595 104 130 620 231 740 968 418 
117 168 444 107 279 404 85 32 467 1 577 47 169 356 508 598 543 281 368 431 676 688 728 748 750 805 809 811 837 844 944 310 317 871 987 
607 231 595 213 578 130 384 164 417 620 269 41 351 68 498 392 119 230 346 458 127 468 106 256 198 181 443 700 735 766 775 833 838 849 864 896 933 959 965 968 997 998 367 76 31 713 825 
490 15 96 34 206 327 643 482 495 554 716 851 862 876 883 142 597 
368 85 645 168 32 673 107 728 837 921 158 504 
173 552 103 335 185 544 504 42 224 376 546 729 732 803 866 901 909 974 978 989 166 350 22 
590 179 493 515 658 49 247 741 747 913 183 284 
468 230 578 41 355 130 384 220 256 127 607 269 164 68 86 104 213 498 620 595 119 292 740 766 774 838 849 864 926 933 959 968 998 379 160 857 
316 338 365 457 358 174 124 437 539 321 416 14 446 212 300 434 452 757 781 839 857 899 912 920 946 970 973 994 49 261 153 943 
497 191 306 553 622 494 717 861 905 910 199 565 
446 358 437 316 434 652 365 457 710 893 973 459 902 
92 575 284 227 253 780 795 815 840 867 941 972 733 735 
590 648 515 331 407 419 114 140 542 49 201 179 540 741 832 875 882 913 449 694 810 
507 261 371 67 534 102 63 772 830 287 
354 597 507 534 102 464 63 145 619 357 176 122 573 424 20 385 506 261 302 360 374 67 610 749 762 797 853 904 404 112 173 1000 
646 580 171 156 453 647 415 615 378 604 26 24 456 188 671 714 760 767 792 836 911 929 981 741 762 771 
85 168 32 107 117 673 169 368 47 254 21 160 431 404 444 467 279 1 281 577 543 276 560 598 576 372 705 728 748 809 811 837 844 848 881 944 330 505 697 851 980 
158 282 350 274 50 660 229 379 668 401 250 267 13 627 307 163 613 129 320 450 56 599 66 155 625 644 694 733 791 810 856 942 964 980 1000 657 72 306 720 
117 85 576 169 404 276 281 32 837 590 90 
609 237 204 395 332 227 469 669 166 233 409 239 205 520 309 218 780 815 867 941 972 986 129 630 981 
305 7 289 402 340 653 334 514 345 225 33 136 500 277 770 784 786 798 874 928 366 712 764 
81 215 455 406 91 105 137 296 266 232 545 463 359 387 551 593 617 325 370 624 175 353 630 481 712 724 739 759 787 842 949 950 10 229 656 922 
159 129 644 547 689 108 405 66 466 379 320 155 599 596 339 537 50 250 429 267 135 616 418 194 350 274 229 307 660 549 282 450 56 625 733 791 810 812 856 914 918 942 979 980 492 15 268 684 751 
347 278 349 27 312 238 100 432 511 474 
157 53 326 654 659 288 19 661 633 291 240 89 389 82 314 366 5 793 800 895 938 971 76 233 354 
474 239 64 284 227 92 496 664 469 377 246 233 214 609 588 795 806 815 840 852 903 958 963 972 108 688 771 
394 333 589 526 40 265 8 238 27 601 222 657 441 161 312 525 602 511 55 347 432 162 278 825 947 960 977 226 651 81 166 
123 193 54 502 308 771 778 783 927 291 269 
607 164 384 674 362 106 468 620 968 998 157 338 
13 66 250 320 587 129 537 401 3 733 918 964 980 608 868 
558 414 474 290 121 31 246 332 790 795 840 855 158 406 
157 53 17 592 661 19 326 800 938 316 830 
371 37 534 67 302 507 573 102 20 762 797 853 900 856 878 
560 503 688 32 168 107 117 169 404 372 47 1 276 728 748 809 844 881 212 871 967 
315 469 248 77 237 46 377 501 815 870 446 934 
562 125 512 454 126 720 794 891 996 801 985 
305 143 500 225 653 538 606 784 786 798 628 946 
219 608 408 650 641 138 22 153 116 527 614 533 532 36 375 76 94 585 192 209 541 438 738 765 859 885 925 952 985 40 603 887 944 
338 124 434 682 365 189 446 757 899 946 973 400 193 
371 20 507 573 534 374 298 102 830 845 853 904 81 228 
81 630 693 612 406 91 624 463 266 232 296 325 137 105 617 455 545 637 359 481 295 387 724 759 764 692 398 821 
29 165 561 65 632 471 411 35 623 149 244 317 252 134 421 141 210 151 207 221 744 789 817 888 982 674 534 844 
671 580 687 456 171 156 453 488 647 615 631 604 415 378 26 760 792 836 911 981 803 985 
15 327 34 482 495 251 643 96 716 777 807 869 876 883 922 349 963 
675 643 715 15 34 495 9 251 777 851 862 876 883 917 922 546 756 
622 306 497 391 487 681 751 892 905 910 966 611 462 
590 373 331 110 190 419 49 741 875 432 972 
428 536 448 396 814 823 834 873 962 70 803 
512 44 562 454 126 99 4 571 531 301 472 348 600 433 286 442 167 83 707 111 313 260 226 125 788 794 827 891 915 990 993 996 272 179 689 812 
400 120 524 183 383 184 241 203 655 199 72 439 567 70 336 294 259 147 249 530 410 271 754 865 872 987 588 809 980 
579 529 480 112 186 611 148 634 662 854 878 907 598 886 
448 638 330 396 428 62 178 398 101 180 569 746 753 813 834 873 957 962 200 7 
81 630 105 455 91 387 712 617 545 463 406 343 624 325 693 137 764 950 291 
305 653 225 345 386 88 606 727 770 784 786 798 928 108 204 
305 653 225 500 33 386 476 606 402 52 289 136 555 538 236 277 478 514 334 731 770 784 786 798 874 919 928 935 536 614 734 800 
305 725 277 7 653 88 225 770 786 919 493 8 
281 168 688 85 107 117 673 705 47 169 503 372 404 1 598 368 444 431 576 21 570 577 276 560 32 279 509 356 676 666 508 467 750 805 811 837 844 848 881 921 944 486 251 843 935 
173 103 677 504 42 224 866 909 974 978 989 44 192 
333 27 511 557 268 265 394 825 977 53 515 
305 653 726 386 277 225 289 514 555 798 928 326 995 
173 677 642 103 803 909 974 978 989 369 
587 694 613 379 616 108 582 274 3 668 250 701 547 66 56 194 450 158 418 466 155 267 625 13 263 596 129 537 574 689 563 339 810 856 914 918 942 964 979 424 683 471 753 907 
46 246 228 430 152 609 664 628 196 485 806 815 972 726 33 
68 468 269 674 164 231 213 896 968 998 605 683 
537 450 547 274 587 596 3 250 95 756 810 942 964 1000 97 837 
124 381 446 14 652 212 316 321 899 946 65 412 
614 192 94 303 436 608 438 87 709 93 153 541 486 906 952 988 313 
81 630 137 455 406 91 693 551 343 266 232 481 105 296 593 387 759 949 750 
198 620 231 384 578 672 468 362 164 213 679 346 766 998 603 105 
590 718 179 49 515 331 648 140 373 540 110 684 247 419 78 190 493 658 114 211 542 90 75 6 407 131 223 678 364 202 747 761 785 832 875 882 894 913 954 956 225 67 687 799 815 
367 234 475 447 518 523 79 776 858 939 992 808 868 
573 242 20 619 139 261 67 507 37 371 797 830 853 900 296 413 
29 713 317 210 411 65 221 134 519 207 561 789 643 769 
513 97 219 618 192 22 293 93 209 94 656 568 640 116 115 614 138 765 821 847 850 863 906 916 924 936 943 985 281 102 194 284 
448 262 396 723 428 638 569 536 178 101 753 814 823 834 873 957 962 589 
590 741 190 202 18 49 515 110 140 399 540 373 678 419 179 78 658 364 247 542 90 75 114 201 648 785 832 875 882 913 396 123 537 873 
705 85 168 598 673 688 117 750 805 837 844 477 349 
20 507 573 686 261 534 139 762 853 93 532 
117 598 168 281 32 276 673 372 728 748 645 107 169 85 21 809 837 844 944 436 739 590 
497 622 494 43 717 861 892 905 910 966 694 641 
150 193 461 54 38 771 778 783 927 240 223 
448 101 262 45 746 178 423 638 396 536 723 428 813 814 823 834 873 957 962 67 733 770 
721 530 241 183 524 400 120 203 383 199 184 655 567 72 147 987 443 407 
367 447 516 521 69 475 523 283 79 548 234 779 930 932 992 222 224 
596 582 155 466 736 537 918 980 1000 351 716 
505 446 338 212 510 652 605 365 363 680 437 337 710 457 124 769 857 973 401 384 
154 233 603 121 522 133 484 474 204 214 228 92 322 588 380 795 855 886 963 969 305 953 973 
81 215 693 387 406 353 105 463 551 266 232 712 739 455 630 593 842 949 609 640 
671 580 687 415 615 171 453 647 631 156 378 188 714 26 792 836 981 331 909 
590 542 18 179 741 190 832 875 954 957 
242 573 507 63 102 651 749 182 374 534 371 385 310 686 302 424 610 704 354 845 853 904 196 687 576 
601 602 511 268 162 394 40 333 265 278 802 960 53 1000 
551 630 455 232 612 406 81 712 266 593 545 637 215 105 463 325 724 481 175 295 370 91 787 950 692 611 909 
532 293 153 219 513 656 192 745 709 826 847 952 227 864 
468 213 578 674 384 256 231 392 164 740 269 362 68 351 198 130 679 355 607 833 849 864 926 933 965 968 998 32 162 977 
671 687 156 415 631 580 647 792 911 619 541 
426 342 489 579 112 480 854 937 213 63 910 
757 452 338 124 539 212 446 605 365 457 899 920 946 970 973 744 937 
305 258 225 500 726 33 514 727 277 692 143 334 402 476 606 340 7 555 341 289 136 725 653 386 784 786 798 880 919 928 935 451 371 753 68 
150 193 54 397 556 473 73 38 528 272 308 216 427 361 172 752 699 566 502 461 352 255 170 123 48 10 778 783 846 889 927 687 616 116 697 
182 573 534 67 145 619 102 685 261 853 931 815 958 
20 145 261 102 67 37 139 371 853 147 
583 468 164 392 230 679 106 384 998 625 
231 130 213 297 620 674 269 384 933 968 998 201 789 
367 234 742 475 16 523 283 79 447 69 779 831 858 168 967 
716 490 9 15 251 715 851 862 869 917 556 865 
771 150 193 54 255 556 473 73 38 528 272 308 216 427 361 172 752 699 566 502 10 352 461 170 123 48 783 846 889 927 497 434 166 781 
367 447 776 665 311 755 79 475 548 516 518 16 831 858 930 939 992 796 835 
275 284 691 474 344 328 92 205 683 790 867 972 986 668 86 
680 446 652 174 124 337 212 273 338 505 605 11 437 452 434 510 539 868 899 912 946 970 973 491 778 
153 440 477 209 649 656 801 898 924 985 167 931 
771 150 778 352 54 397 361 308 752 38 699 272 123 73 528 556 566 502 473 427 846 889 927 212 105 34 
305 289 225 277 478 386 726 33 136 402 143 708 52 88 7 692 770 725 334 653 236 786 798 919 928 349 209 
590 747 49 373 179 741 648 875 913 317 
305 258 345 770 727 726 33 784 386 538 692 606 136 708 277 653 289 7 514 143 341 555 725 88 402 476 334 225 52 478 798 874 880 919 928 935 284 173 133 927 940 
81 266 693 91 617 232 764 630 463 422 960 
720 44 348 4 512 99 794 827 891 996 270 379 
29 713 317 561 65 632 411 35 623 210 421 252 221 134 519 149 471 207 744 287 887 888 982 775 924 
702 474 344 284 780 227 469 166 963 969 918 926 
108 263 694 129 56 282 689 812 1000 45 903 
671 580 687 714 26 156 760 647 188 615 453 604 378 24 767 171 646 415 488 836 911 929 981 223 651 
157 53 326 696 17 654 366 288 592 800 938 130 576 
720 512 44 286 83 707 788 531 126 600 301 472 635 433 313 827 891 990 993 996 326 662 989 
322 154 758 248 328 152 474 166 697 683 520 484 246 253 233 414 702 121 227 284 664 275 64 806 815 816 840 867 870 884 972 94 276 137 944 
482 495 9 327 490 15 197 807 862 917 779 930 
371 743 145 122 464 704 261 67 619 57 242 102 139 63 686 20 374 507 597 845 853 356 480 38 
305 653 786 225 770 500 726 136 784 52 277 692 476 606 555 402 7 289 143 725 334 236 341 731 386 88 708 538 478 258 33 345 874 919 928 935 579 328 253 668 836 
362 106 164 578 292 220 468 833 896 741 
157 53 326 696 703 17 366 288 19 314 661 659 291 240 793 654 389 5 89 82 592 895 971 726 34 435 
650 656 649 782 192 614 541 465 640 707 540 
525 394 312 432 162 589 278 55 763 602 349 584 511 557 483 268 113 27 526 445 347 265 825 871 902 955 975 224 92 671 991 
173 103 677 376 224 335 504 499 118 84 732 390 642 185 80 546 552 866 901 909 974 978 989 714 719 304 
457 124 11 452 338 434 899 946 970 650 
728 85 168 107 32 543 673 1 404 169 508 666 117 598 372 748 276 47 368 809 837 844 944 480 838 
31 474 275 697 246 795 233 205 734 284 64 815 816 840 867 872 950 
715 643 482 34 490 251 796 495 197 883 205 203 
513 115 440 138 94 116 323 550 916 952 985 621 742 
169 85 356 32 107 688 279 467 281 576 404 577 598 673 1 160 543 431 805 750 705 811 837 844 944 721 277 585 
56 466 549 274 547 307 267 689 250 644 95 582 129 694 627 155 736 405 574 668 401 379 159 733 596 613 660 812 856 914 942 964 1000 506 684 408 
32 809 688 276 728 404 107 117 254 673 944 333 855 
194 466 155 66 159 405 537 412 350 627 267 320 810 660 250 450 418 625 274 307 95 791 596 379 56 50 3 263 158 694 401 856 914 918 964 1000 6 213 86 720 211 
448 638 262 396 45 62 723 428 398 753 814 873 957 429 36 
753 262 536 813 719 746 45 873 957 295 216 
92 806 121 734 344 196 795 414 77 204 706 697 469 474 284 227 664 205 246 315 253 290 46 575 669 691 248 501 588 517 683 380 628 275 369 840 855 941 963 969 972 999 185 372 541 741 772 
344 46 284 275 92 227 228 98 166 77 628 246 795 806 840 852 855 867 877 886 999 244 503 245 
561 317 165 713 35 411 29 623 632 634 26 
304 177 306 487 497 43 861 892 905 910 171 3 
212 434 316 381 446 839 946 970 973 590 320 
212 338 605 316 174 446 457 124 868 899 946 970 973 888 952 
323 513 192 440 209 541 293 656 568 408 303 745 850 859 952 985 712 
74 579 299 529 824 854 907 937 967 169 
448 101 719 180 423 62 428 262 753 746 834 873 962 590 254 
579 148 489 529 112 426 480 611 319 60 565 58 74 662 245 318 30 186 235 12 460 280 109 822 828 829 841 843 854 878 907 937 951 967 976 93 476 671 46 
113 333 222 511 349 162 278 55 312 27 100 441 730 589 413 265 698 394 61 268 526 657 8 557 621 802 564 601 584 40 161 835 871 955 960 975 984 47 128 94 674 872 
614 22 650 192 219 649 765 541 329 847 906 953 316 889 
720 512 44 99 4 794 454 788 83 571 891 990 996 604 89 
824 579 148 112 611 12 280 565 662 426 480 388 30 841 854 878 907 937 329 954 
186 60 579 529 824 148 854 937 967 964 
132 464 507 610 354 302 743 145 573 261 102 20 597 176 651 360 424 685 385 182 534 63 711 37 67 619 146 122 371 845 853 900 904 931 456 450 703 115 
367 665 516 447 79 779 518 521 548 234 776 972 984 
590 741 6 140 648 684 201 747 331 373 761 211 90 540 110 179 542 882 913 954 650 182 234 
468 766 578 362 346 130 384 583 620 799 231 351 164 674 213 269 838 864 926 968 998 848 908 987 
448 753 62 396 723 423 428 746 823 638 719 262 45 873 957 962 523 372 
825 557 445 511 413 349 947 975 984 779 933 
671 580 792 687 171 188 156 453 647 615 760 631 646 714 456 24 26 488 911 929 981 798 515 878 
728 368 508 372 32 598 117 673 809 690 47 21 676 85 1 688 509 577 444 107 576 404 169 279 168 560 805 276 748 750 356 503 921 944 238 736 354 347 
468 213 86 578 130 679 164 384 607 106 68 833 181 620 231 351 297 269 674 443 458 256 346 198 849 864 933 968 998 805 62 312 380 
452 212 365 680 124 819 338 605 403 316 899 970 268 889 
77 683 575 121 253 795 517 474 233 205 46 816 237 697 496 380 806 166 588 664 217 204 702 275 815 870 886 552 654 446 
58 565 824 828 109 579 611 854 907 62 469 
81 630 693 175 406 612 370 295 105 387 759 455 634 905 
460 824 662 611 280 565 854 878 937 967 507 728 
281 85 168 750 32 276 577 47 666 748 404 107 1 809 645 543 705 160 673 169 598 728 805 368 688 881 944 638 713 908 960 
371 762 573 37 507 506 67 63 122 797 534 139 711 374 385 424 302 261 176 830 57 853 879 904 265 920 
771 778 193 54 783 427 397 150 927 231 134 
115 436 765 826 532 477 585 465 533 94 36 745 192 323 382 649 641 153 209 93 144 906 924 943 333 378 275 
728 688 598 168 21 368 107 85 881 833 
213 231 351 392 838 384 164 674 130 679 766 578 362 926 998 271 911 
94 649 641 209 513 323 71 585 22 745 821 393 124 164 
716 15 206 675 495 554 777 860 869 983 688 49 
603 816 46 332 284 121 344 697 664 204 474 884 886 972 999 181 20 
371 573 749 102 63 67 772 830 139 302 122 374 686 354 385 37 797 762 132 534 57 176 743 711 449 424 20 357 146 257 704 182 310 773 845 28 298 261 507 879 904 931 934 596 539 22 386 350 
824 579 148 489 662 529 829 611 426 828 565 280 30 109 74 722 318 634 841 572 479 768 388 12 58 822 319 39 186 460 480 342 843 299 235 878 907 937 951 967 976 615 132 989 998 
664 246 474 237 758 275 815 702 227 218 46 816 121 867 877 903 811 665 
405 627 379 694 547 599 537 733 339 582 689 66 307 95 587 159 810 812 596 350 158 660 914 918 979 980 1000 306 704 446 
757 539 316 452 212 365 425 321 338 680 652 124 899 946 970 994 679 
367 779 283 234 16 79 742 523 475 776 69 447 930 932 939 992 265 500 
709 116 650 209 821 303 541 656 898 81 981 
9 594 206 197 96 490 643 15 327 495 34 851 862 876 883 917 983 991 273 670 967 
818 494 535 681 191 553 751 905 966 639 960 
34 716 15 860 554 675 643 490 796 9 594 777 883 922 983 991 608 232 
641 614 650 329 532 25 436 581 393 303 97 636 745 656 491 93 94 898 906 936 952 259 100 369 
351 838 468 578 231 674 256 41 833 362 766 297 679 130 164 119 384 128 933 968 998 171 765 913 
721 492 524 271 72 249 439 70 184 777 380 
173 642 335 84 803 729 677 42 390 909 974 989 438 188 
217 46 816 474 121 237 248 344 609 414 795 284 683 152 780 31 166 855 691 806 246 218 133 603 870 886 890 963 969 986 999 192 596 392 466 
652 212 452 273 781 124 820 434 437 946 973 994 701 742 
643 715 34 777 851 482 883 917 991 95 
867 485 217 840 154 290 706 469 664 795 474 489 542 
347 333 55 511 40 802 483 394 432 557 8 278 162 238 526 27 265 825 673 705 530 
721 400 383 183 524 336 199 410 184 70 241 987 806 825 
448 753 396 262 723 746 428 834 101 62 638 823 813 45 536 814 719 423 398 330 180 178 569 957 962 601 73 747 
305 653 143 786 538 402 726 225 798 33 692 277 386 606 919 365 904 
590 741 179 658 785 331 684 140 6 373 648 761 110 223 540 247 515 201 435 131 78 211 202 419 747 114 493 75 718 882 894 913 954 956 395 174 649 662 
554 860 495 34 96 675 643 15 594 9 715 716 883 917 991 383 
46 816 284 270 217 664 855 214 603 315 121 154 575 609 152 558 77 227 972 42 164 360 
854 824 579 148 426 843 186 30 662 12 245 529 828 634 489 319 109 611 479 722 342 572 280 565 907 937 951 967 836 704 258 916 
302 102 845 573 853 354 20 619 597 139 371 904 485 231 
305 629 277 500 225 770 786 928 935 358 189 
1 444 844 276 431 560 85 728 32 577 705 169 509 688 543 848 527 174 
590 741 875 832 211 331 747 648 684 179 515 140 78 540 894 913 39 148 
34 675 860 869 643 862 495 807 15 715 594 716 876 206 917 922 991 573 49 
204 77 795 248 246 484 852 969 972 364 
709 608 25 36 636 541 93 115 559 219 897 988 122 167 
237 474 253 852 867 758 152 816 840 64 722 150 
29 165 789 65 151 561 632 317 221 623 35 210 471 134 411 141 888 709 
29 713 421 789 561 65 134 623 149 519 411 887 207 287 471 141 317 244 56 820 
771 150 778 397 193 783 38 272 54 927 839 826 
98 77 204 92 121 275 469 414 496 284 867 628 227 340 563 
720 512 44 794 562 167 707 126 4 433 125 301 827 472 531 348 286 454 571 788 99 83 442 260 990 996 282 475 1000 
497 622 487 306 191 23 43 717 553 304 818 177 751 391 535 905 908 910 966 188 163 311 
446 682 124 212 338 381 899 946 973 994 484 266 
590 741 493 875 648 515 49 882 331 913 956 525 382 
157 53 800 19 696 288 366 326 592 64 
384 213 392 620 735 68 674 130 799 79 
649 656 192 93 97 885 94 462 153 219 924 943 322 523 
382 71 393 863 192 782 614 649 116 859 527 513 303 94 76 906 916 985 389 560 130 
337 446 434 737 857 212 363 680 437 124 358 781 820 539 605 11 893 174 300 769 381 273 510 839 586 505 804 710 338 2 452 403 457 416 912 920 923 946 973 995 362 496 252 98 933 
830 139 449 743 619 704 122 371 261 507 931 85 410 
173 376 118 103 677 335 224 504 499 84 185 642 803 909 974 978 989 404 81 119 
621 333 265 8 238 802 51 601 27 268 511 278 441 312 589 602 40 526 222 162 394 564 100 940 955 975 682 993 
233 697 239 121 64 284 664 588 204 469 855 484 474 969 791 519 
371 139 360 354 534 102 845 146 610 507 145 132 37 385 257 182 686 853 830 597 879 573 424 122 762 711 261 20 310 619 140 874 359 609 
497 892 622 553 306 191 177 43 717 494 487 818 751 681 861 535 391 304 23 908 910 966 842 226 99 
559 513 541 641 826 898 614 863 649 71 738 745 393 153 656 847 115 209 498 474 85 
854 824 611 148 662 878 579 565 572 722 489 30 529 318 109 299 319 828 822 39 280 186 841 235 60 937 951 967 393 624 622 733 
905 304 494 497 892 391 622 910 966 844 833 
173 803 103 642 224 901 335 677 732 552 80 42 546 866 390 118 729 544 504 376 974 978 989 764 760 
905 497 892 304 622 23 553 43 818 306 494 717 177 487 681 751 908 966 768 357 168 
671 580 792 687 456 171 714 647 604 836 767 849 564 
434 338 781 605 899 124 437 446 652 680 403 970 973 153 333 
590 223 741 875 49 515 331 131 648 247 540 399 832 202 435 684 419 179 364 882 658 493 140 78 190 542 90 894 747 211 18 6 407 373 110 678 785 954 619 71 864 84 986 
3 733 812 616 856 694 307 320 379 810 980 124 962 
720 512 44 348 301 83 635 4 600 226 990 515 411 
898 459 382 93 808 745 640 303 656 138 936 878 405 
883 495 15 716 34 777 860 869 876 796 356 942 
587 701 250 229 582 429 274 616 660 856 379 625 596 549 756 307 350 733 163 694 282 537 644 401 450 812 3 159 942 964 979 980 1000 790 324 955 
305 653 7 33 798 225 770 727 726 340 784 386 277 143 606 874 786 500 928 310 238 923 
899 338 769 586 434 316 680 946 970 973 845 954 
117 837 728 107 47 676 168 576 944 367 445 
883 327 862 15 715 716 643 495 983 693 280 
446 899 539 212 586 338 510 452 457 124 946 973 919 419 
782 459 440 491 541 640 436 641 94 142 36 513 897 847 219 745 943 952 985 157 182 789 
568 209 656 491 192 22 94 709 641 541 649 323 988 409 28 
766 833 127 269 130 104 679 498 231 362 468 849 620 164 392 355 213 578 384 933 998 790 406 957 
771 150 778 473 54 889 397 73 38 556 48 272 528 308 216 846 193 361 427 10 170 699 123 783 255 352 752 502 566 184 605 511 786 
305 653 798 786 88 770 538 726 33 334 386 478 880 629 7 692 606 289 345 277 731 514 500 341 555 725 258 784 136 402 919 935 122 138 108 364 
488 378 687 171 792 580 453 156 836 74 98 
367 665 858 79 523 755 234 548 779 796 968 
830 354 573 139 261 772 900 63 371 102 853 619 449 507 57 782 232 
367 755 447 858 521 548 518 69 79 963 
663 106 269 578 674 468 766 362 679 864 130 86 926 213 119 451 164 384 231 838 775 417 968 997 998 276 899 835 
371 67 102 63 139 573 619 302 374 853 706 359 
305 653 798 786 225 880 770 341 726 928 33 386 555 7 606 500 277 52 614 728 117 
94 863 527 36 745 209 329 916 985 145 
854 824 74 30 822 829 480 828 529 907 426 662 634 611 579 60 299 58 479 388 342 768 843 186 565 489 148 878 951 967 976 453 581 769 378 
326 592 53 696 5 19 703 793 366 376 597 
367 665 548 475 858 742 779 79 992 510 434 
100 511 394 621 445 113 902 61 312 786 
133 214 275 205 395 92 683 328 485 575 46 121 603 664 204 691 409 196 815 969 986 618 279 994 
625 450 694 274 660 129 537 689 108 918 547 733 379 810 668 599 350 401 307 135 736 549 320 412 979 980 1000 917 119 578 
614 847 745 649 142 897 924 219 641 680 602 
728 85 168 169 811 805 837 160 809 921 844 508 276 32 404 444 107 372 368 431 688 117 750 21 279 673 509 709 511 426 795 
228 77 233 275 575 46 609 469 270 963 999 101 518 
338 505 652 434 212 124 316 416 337 819 437 425 365 680 605 273 781 923 857 510 893 769 710 452 539 820 920 2 457 868 899 174 300 11 586 321 804 381 737 446 970 973 994 995 708 264 162 511 215 
265 511 589 835 483 526 333 698 394 968 
408 93 22 618 614 192 436 36 138 441 633 
81 353 612 759 105 91 630 463 406 739 693 455 551 18 196 
81 187 343 455 551 91 387 617 724 624 637 232 630 764 693 325 359 266 105 302 452 806 
854 12 579 878 937 662 148 824 388 245 907 546 495 
94 738 25 153 303 581 541 863 93 649 924 144 709 527 650 765 436 656 808 209 440 821 393 568 636 641 985 320 820 667 512 
826 513 192 618 93 568 477 36 608 382 219 758 959 
590 913 832 761 110 741 515 331 399 179 140 875 373 201 419 49 828 920 
27 902 394 333 802 511 278 349 825 960 918 502 
590 741 894 875 493 648 515 140 179 507 120 
873 448 753 101 396 262 746 428 723 180 423 536 834 813 45 814 178 962 926 292 761 
237 664 377 517 246 46 204 697 999 139 772 
297 362 674 679 346 41 578 164 998 953 
312 394 422 441 40 349 589 763 265 526 162 698 511 621 825 27 347 955 977 861 787 844 
265 526 394 27 557 278 511 349 975 644 980 
873 448 398 746 45 723 957 423 396 262 101 569 719 823 330 834 753 914 
867 430 520 237 697 758 243 290 328 945 517 270 628 369 92 815 284 790 205 469 972 715 932 374 
736 563 56 733 689 50 701 158 108 810 574 95 812 918 274 668 980 1000 648 91 829 
362 766 578 231 213 620 106 674 384 968 998 307 129 
905 908 892 861 751 622 391 553 497 43 717 910 191 494 535 177 465 
489 824 579 148 854 480 907 74 280 843 426 460 245 822 829 937 112 60 39 878 388 529 572 662 235 776 860 705 
578 86 231 833 355 607 674 965 164 679 620 384 838 213 269 104 700 672 256 775 130 735 106 864 443 498 230 933 181 468 766 997 998 930 550 947 
884 344 903 790 474 46 469 237 867 941 233 664 815 758 369 332 164 406 
781 338 446 273 920 174 124 316 680 437 820 912 381 416 337 769 539 946 434 505 819 403 839 212 857 452 321 363 804 973 994 995 301 648 549 472 
53 800 157 17 592 366 661 19 696 431 528 
517 430 734 852 31 121 248 344 485 46 963 214 196 558 520 98 691 877 64 664 77 815 474 246 332 884 603 469 683 227 204 697 237 228 522 795 780 439 831 245 556 718 
946 338 446 899 124 452 912 510 970 174 437 920 189 365 652 457 434 586 757 273 337 781 868 819 381 820 605 358 769 539 682 710 923 680 316 300 14 893 212 505 995 335 343 583 758 
173 909 901 546 677 552 103 84 335 866 376 729 224 732 803 642 978 989 513 273 
526 333 265 432 584 162 835 589 961 161 902 825 347 445 802 377 
109 824 480 186 148 39 937 854 60 85 343 
394 333 265 27 698 162 730 347 511 349 413 312 238 100 960 657 766 524 
173 909 732 103 901 224 42 803 335 642 376 729 974 677 390 84 504 544 80 989 606 25 114 
733 418 694 379 267 574 282 263 644 450 942 856 627 918 155 350 320 980 586 666 
135 942 660 596 537 914 401 625 547 756 701 644 450 918 282 163 979 350 250 320 466 668 267 155 158 194 689 616 129 50 627 582 964 574 694 856 626 274 56 599 379 307 108 418 1000 688 126 961 349 721 
671 580 415 156 792 760 714 378 687 836 647 453 171 859 691 
29 65 317 789 421 632 221 149 165 713 9 459 
197 922 9 643 860 96 554 851 862 991 574 281 
835 278 162 825 113 55 40 8 333 831 476 
952 527 745 209 323 541 821 93 936 115 393 285 581 116 94 924 513 22 462 641 440 192 898 656 709 144 808 782 36 81 714 121 707 
941 237 780 246 691 46 522 196 867 913 
721 655 120 183 524 184 383 203 249 400 492 72 410 241 439 567 872 754 199 344 673 833 
293 219 885 738 459 93 925 465 656 562 164 
173 909 803 103 978 677 224 974 504 335 901 376 642 390 84 42 866 499 185 729 544 80 732 552 546 118 23 794 854 
720 512 44 891 562 348 167 571 827 99 313 531 301 126 125 433 472 600 226 915 794 442 286 635 111 4 996 501 469 324 284 
643 860 9 876 869 495 490 883 594 862 251 983 540 802 
367 516 939 779 79 523 447 665 742 311 858 16 518 475 234 755 521 69 312 621 
720 512 562 111 126 4 794 99 600 44 902 403 
416 338 970 605 868 857 946 316 893 437 680 434 452 212 539 995 941 25 
973 273 446 457 899 365 539 946 970 505 994 212 124 338 381 731 494 
720 512 301 990 891 44 788 4 794 707 827 531 348 99 286 472 371 321 
220 451 362 130 933 968 230 674 68 419 122 
468 231 583 256 674 106 130 735 578 41 679 451 838 127 766 663 269 968 933 620 926 864 833 362 392 959 740 849 104 417 292 128 607 355 68 774 700 443 775 86 384 181 297 351 965 854 208 79 136 407 
575 166 852 243 815 958 322 46 867 344 205 945 315 237 77 816 571 
263 980 418 644 537 307 596 320 791 668 942 918 450 339 547 250 158 163 613 689 627 405 660 155 267 401 95 129 810 379 964 466 229 736 13 274 549 194 856 350 756 599 56 587 812 650 763 102 686 891 
