1000 9861 0
107 164 342 382 398 411 471 474 888 166 998 
36 133 425 442 443 598 701 713 774 778 797 830 896 727 863 
22 107 364 398 413 437 444 471 515 602 684 730 847 908 922 704 
8 76 120 152 177 207 292 316 338 359 376 431 438 484 502 570 574 582 668 721 752 754 865 895 918 973 219 401 638 
143 183 221 251 650 766 767 817 915 6 857 
15 50 61 64 70 83 139 184 356 375 384 456 536 687 747 827 900 997 5 682 781 
63 77 143 182 183 221 222 225 315 401 408 423 554 564 584 592 624 660 669 678 727 731 767 817 844 909 158 205 374 
4 76 108 114 124 199 207 241 254 262 325 338 339 348 376 431 438 452 484 541 570 642 648 668 683 702 752 865 918 936 973 119 848 899 903 
46 86 101 135 141 145 200 204 205 253 257 273 312 318 341 349 351 353 367 371 392 409 418 465 480 483 486 493 499 523 529 537 611 631 639 666 770 806 829 837 910 935 965 967 254 386 416 497 706 
46 47 101 132 141 145 187 205 253 257 318 322 341 351 353 367 371 392 434 440 465 480 483 486 518 523 529 537 548 549 575 611 639 696 741 779 829 836 837 935 965 967 986 335 356 801 802 966 
133 306 425 442 569 713 797 830 872 486 
32 103 110 178 226 227 263 286 310 402 455 470 477 478 542 547 553 565 601 616 658 662 671 691 716 773 775 788 828 917 927 983 989 137 529 621 
55 73 82 90 136 154 250 260 340 345 350 395 417 497 580 620 720 733 757 798 805 841 850 942 87 589 655 
16 162 419 559 583 619 728 753 987 246 
6 45 64 70 137 159 179 208 248 375 384 399 525 567 577 643 654 677 823 838 857 862 881 900 951 961 58 351 729 
14 74 117 128 162 192 488 595 619 751 803 982 316 850 
64 248 356 375 384 393 462 472 567 615 627 712 823 838 102 945 
34 74 79 99 122 162 192 209 216 230 275 303 320 347 369 524 559 568 583 609 653 656 698 732 815 825 870 885 963 982 268 439 693 911 
55 136 154 260 345 350 366 383 395 497 505 580 585 679 693 720 725 760 805 841 850 950 101 419 537 
27 52 73 82 104 255 260 414 505 580 764 840 879 907 928 960 216 
98 146 149 245 285 335 475 676 790 849 861 934 24 423 
3 49 94 109 314 324 364 382 387 391 398 724 730 793 802 908 916 948 977 179 275 277 
62 107 291 307 382 398 469 796 948 974 992 101 412 
111 151 166 229 308 331 346 354 463 513 519 530 558 566 606 652 675 689 699 723 816 911 913 947 954 21 427 901 
105 133 277 306 420 425 573 598 701 713 748 797 830 854 896 994 78 726 
146 294 335 405 475 676 784 790 848 863 141 933 
20 40 136 148 329 340 505 580 657 760 764 805 850 32 749 
48 53 100 144 174 299 311 400 495 544 591 600 791 667 999 
74 128 218 300 385 568 870 930 987 560 
58 79 99 192 216 218 397 419 488 524 559 568 583 771 904 963 231 
91 97 197 210 311 459 621 737 780 807 846 860 873 883 898 903 536 
12 110 178 226 227 232 263 286 310 319 402 470 477 478 542 547 565 586 601 616 658 671 691 716 773 775 788 792 828 927 989 27 381 522 928 
99 192 275 303 370 451 524 885 982 808 
18 99 128 175 281 581 656 761 982 143 549 
75 113 116 280 321 355 403 435 517 599 614 667 692 717 742 858 968 970 320 622 935 
2 133 425 442 573 598 713 748 774 778 797 814 830 874 897 994 73 78 
39 182 183 225 252 334 401 584 678 767 768 998 303 918 
146 149 171 285 304 473 475 635 670 676 714 784 790 794 810 859 934 125 372 
37 93 182 183 221 222 301 381 423 564 592 624 727 740 766 768 988 579 777 
27 55 73 136 148 329 340 576 664 685 693 733 820 841 878 960 689 973 
42 51 92 121 134 161 169 202 214 237 265 302 313 326 327 368 410 415 433 550 552 556 557 579 603 608 622 626 694 734 749 787 821 833 845 869 880 884 886 940 952 984 99 238 329 811 
41 92 121 134 161 169 214 237 244 265 302 313 326 327 362 410 520 550 552 556 579 603 608 612 622 626 694 734 749 776 787 833 845 869 884 912 919 937 940 952 345 417 461 491 741 
89 176 196 239 297 429 756 832 842 151 258 
48 53 91 97 100 127 144 153 174 197 247 269 336 400 404 446 459 466 495 506 594 600 628 707 718 737 791 807 818 826 860 873 887 964 995 615 652 732 987 
15 50 59 70 137 150 159 233 242 248 256 356 363 527 545 567 613 615 673 704 827 857 862 925 951 997 388 538 651 
10 9 47 101 205 217 257 341 351 392 458 480 493 548 639 696 779 882 932 935 965 61 559 955 
10 46 217 236 253 392 434 440 696 741 348 414 
28 44 174 197 396 498 640 718 737 807 818 860 873 981 995 761 798 
22 107 249 261 290 342 391 398 413 471 474 515 562 684 724 726 785 793 809 847 891 948 966 974 993 357 392 913 
6 45 70 137 155 181 184 193 295 310 516 
41 92 202 214 244 313 327 433 557 608 622 787 821 845 940 952 524 781 
20 82 104 203 329 395 414 620 664 709 760 805 942 502 568 
44 28 144 197 213 269 311 466 467 531 544 591 594 628 640 655 686 718 781 791 826 846 867 887 892 941 964 975 995 159 168 410 723 
183 191 198 221 315 401 592 641 678 817 909 988 575 825 
13 40 19 73 90 104 119 129 136 148 154 203 250 260 329 337 340 350 366 395 417 450 664 679 685 693 700 709 720 725 733 745 760 764 798 805 813 840 879 907 928 950 978 69 99 200 410 
57 170 262 338 376 388 431 432 438 448 618 645 683 702 811 918 163 743 
56 108 114 168 199 438 555 618 668 801 901 936 84 324 
30 128 219 293 373 476 559 595 663 753 930 956 15 376 
45 139 159 295 375 567 632 823 857 926 285 531 
151 166 288 308 354 463 675 743 783 550 
6 64 70 83 159 179 184 208 256 295 356 363 375 399 536 546 567 577 654 747 862 881 925 951 46 755 920 
23 140 164 189 324 342 604 802 891 138 
7 315 381 401 572 624 650 678 767 844 909 915 136 504 
6 17 61 15 70 155 242 256 270 393 545 546 577 613 643 704 823 900 241 252 
123 287 374 763 804 943 945 958 999 548 916 
228 398 437 441 454 469 602 724 730 796 802 948 966 480 647 
78 87 108 168 241 292 325 376 388 431 436 570 618 674 752 811 865 889 566 579 
132 204 278 312 318 351 440 480 486 639 696 829 836 210 308 
107 290 307 387 437 441 471 515 802 847 966 974 977 55 150 
45 50 64 15 6 61 83 137 150 155 159 184 193 242 248 270 274 295 356 363 375 384 393 456 462 527 536 545 577 615 627 677 687 704 712 747 827 857 900 925 951 961 997 165 562 641 713 871 
204 205 253 273 371 434 486 537 750 837 882 592 718 
94 167 268 515 710 724 802 891 948 575 
40 20 55 13 90 136 148 154 250 255 329 337 345 350 395 414 417 505 510 576 580 585 664 679 685 700 709 733 745 760 798 813 820 840 841 843 850 907 924 928 942 955 960 978 36 155 549 624 992 
18 16 29 99 118 128 162 192 218 238 275 347 373 490 524 559 583 595 656 732 771 803 885 956 211 304 401 
35 116 157 355 522 614 695 717 742 762 858 929 627 844 
4 8 78 108 124 170 207 243 262 333 338 376 431 501 574 618 702 865 608 949 
7 84 93 125 182 198 215 221 222 251 289 301 315 401 408 423 447 482 554 571 592 624 641 650 678 690 722 727 731 766 767 768 817 844 902 915 962 144 377 545 559 795 
76 67 120 147 199 207 241 243 296 338 348 376 388 438 448 461 541 623 758 808 831 852 856 865 876 901 918 933 957 36 25 425 585 
30 18 118 128 162 192 230 320 377 451 490 508 524 551 559 581 583 595 619 708 728 761 803 815 851 855 866 930 956 982 987 160 201 602 800 
389 428 453 528 646 763 804 945 958 447 915 
94 360 398 411 421 437 590 602 724 802 891 916 948 528 979 
13 52 20 112 119 131 136 148 255 260 329 337 340 395 417 450 497 505 510 538 576 585 657 664 685 700 725 733 757 798 805 813 841 850 878 907 928 942 950 955 960 109 458 771 938 994 
61 6 70 137 139 179 184 246 248 295 363 375 384 393 399 462 525 527 536 545 546 613 615 632 677 704 712 823 827 857 862 881 900 951 971 997 235 350 585 956 
77 88 221 222 289 401 408 647 650 669 727 738 768 915 57 90 
160 180 264 638 839 920 959 976 990 611 836 
9 204 205 206 392 440 465 480 518 549 575 631 639 696 770 882 932 967 675 875 
67 431 494 541 758 777 865 889 973 13 314 
84 125 191 221 222 447 592 722 739 740 755 766 767 817 909 915 296 614 
43 156 176 195 196 239 297 416 429 512 526 539 540 588 596 665 680 756 832 842 890 899 944 145 587 589 
73 13 55 112 131 395 417 505 585 657 733 757 955 84 511 
44 31 127 323 459 466 498 640 737 781 782 791 887 590 679 
41 42 51 134 202 302 313 326 410 433 557 579 603 608 612 622 626 734 749 787 869 912 919 937 940 505 644 906 
77 39 125 183 221 289 381 401 482 509 564 571 572 669 727 740 767 769 909 962 230 402 697 
22 81 72 107 290 307 390 398 724 726 796 853 908 922 948 743 
146 149 211 304 335 475 607 676 714 794 800 859 863 408 990 
157 188 355 372 403 435 517 614 667 692 717 762 858 970 630 659 
44 31 144 153 197 269 459 466 485 495 511 718 807 846 873 903 941 964 981 149 472 557 
21 245 285 304 335 473 676 714 790 800 848 863 771 896 
74 30 33 18 34 117 118 175 218 219 220 230 234 259 266 347 370 397 451 476 488 568 583 619 728 753 815 866 956 963 982 987 41 55 707 810 
44 28 311 466 467 496 591 594 628 718 772 807 818 893 975 251 612 
9 46 10 135 141 187 309 318 328 341 351 392 409 418 440 465 523 537 548 549 611 631 836 935 965 967 19 23 462 
188 280 355 403 435 517 614 667 692 717 729 742 762 858 871 17 824 
12 226 227 477 542 553 616 662 788 327 976 
20 52 55 119 329 383 395 585 720 760 840 850 928 955 978 948 
25 133 306 420 425 442 598 797 830 896 897 980 244 580 
160 180 194 264 358 378 412 426 638 839 920 946 959 142 825 
49 69 23 3 1 94 109 164 282 291 307 314 342 379 387 390 391 398 411 421 437 441 469 471 587 602 605 649 710 724 785 802 812 847 891 908 921 974 993 180 221 764 854 937 
57 8 67 76 168 207 262 388 452 574 668 683 777 824 953 853 
107 22 268 360 437 469 515 602 604 802 908 82 375 
12 32 226 227 232 263 286 310 319 402 455 470 477 542 586 616 658 671 691 716 773 775 788 792 828 917 927 983 989 342 495 649 659 
24 151 158 166 258 308 346 354 361 407 430 530 558 606 644 652 675 689 699 703 715 743 759 786 816 911 913 949 979 294 340 503 591 
90 82 136 148 329 395 505 576 709 757 760 840 928 717 819 
35 267 355 372 435 517 599 614 692 717 729 742 762 858 871 929 306 696 
57 8 147 292 502 865 889 957 973 263 576 
290 342 379 411 578 602 765 796 948 402 517 
35 75 267 276 321 355 435 517 614 667 692 717 742 858 204 909 
16 99 266 451 524 583 697 753 855 166 884 
74 99 79 128 162 209 219 347 419 451 488 568 595 663 728 956 309 802 
82 104 55 136 450 505 682 733 760 843 8 839 
4 78 168 170 199 243 262 296 348 359 438 452 501 623 637 645 674 683 702 721 752 758 777 799 824 856 865 889 894 895 901 918 957 604 626 898 
42 41 161 169 214 244 313 326 327 362 410 557 579 608 617 622 626 694 734 749 787 845 869 886 940 952 204 260 290 
18 218 293 451 490 504 561 663 697 857 
65 185 231 453 625 636 804 943 945 958 699 721 
8 76 168 207 243 262 292 296 325 330 388 432 494 681 683 752 754 777 865 901 918 957 128 293 633 
88 93 77 381 401 509 678 690 706 727 767 909 915 38 614 
182 251 289 315 343 423 482 560 571 624 706 727 766 844 909 915 257 565 
44 91 210 212 247 269 336 460 466 467 589 594 621 628 640 655 718 789 791 846 860 893 903 975 981 196 262 794 
34 16 118 79 29 74 58 162 192 216 218 219 230 235 266 281 370 397 419 451 490 524 551 559 568 595 609 619 653 659 672 708 711 735 753 761 771 815 825 851 855 885 904 906 956 124 491 895 911 
55 250 340 395 497 505 580 664 745 805 850 684 965 
152 199 207 262 338 339 357 541 865 894 957 676 990 
82 90 340 395 505 538 657 745 841 850 924 678 948 
10 68 204 206 312 349 465 639 741 829 148 917 
11 25 36 2 105 277 283 306 406 420 425 442 521 533 569 598 701 713 774 797 814 830 854 872 896 897 980 994 393 480 664 784 
92 42 41 161 244 313 327 410 433 557 579 608 749 776 869 886 912 513 687 
9 101 187 341 351 409 449 483 548 696 986 583 728 
73 82 27 19 55 112 40 119 13 148 203 250 255 329 337 340 383 417 497 505 576 580 585 664 700 705 709 733 744 760 805 813 820 841 907 924 928 955 63 181 205 613 913 
83 15 50 45 70 150 159 233 248 274 375 472 527 536 546 673 677 12 
172 287 389 453 535 763 804 945 999 62 904 
6 59 83 159 193 270 527 536 704 823 220 526 
62 282 290 413 469 471 562 587 602 977 273 664 
101 9 10 145 204 206 273 309 312 351 365 367 440 458 465 493 499 523 549 575 639 741 750 910 938 967 26 362 984 
166 229 288 308 331 463 500 558 566 606 644 652 947 106 761 
7 5 183 221 408 509 554 584 592 624 647 727 731 902 988 34 579 
44 28 53 97 153 174 197 210 212 299 323 400 459 466 467 498 506 531 594 628 655 707 736 791 883 893 903 975 995 77 595 623 696 
10 9 141 200 204 236 309 328 351 371 418 434 440 449 480 523 575 611 639 741 779 868 967 89 344 471 
95 38 21 26 149 171 190 211 245 285 294 304 335 405 427 473 475 491 607 635 651 670 676 714 784 790 794 800 810 848 849 859 861 863 934 996 313 337 397 615 
114 78 199 241 243 254 292 325 344 376 388 432 438 448 461 484 494 683 752 852 865 889 901 936 973 223 429 830 
40 27 73 55 112 82 136 154 340 395 505 664 798 820 879 907 955 132 274 
146 95 38 21 171 245 285 335 676 714 790 800 849 97 412 
70 45 137 159 248 295 375 536 545 712 838 857 862 69 931 
60 24 111 258 308 346 463 513 519 606 652 689 703 715 723 783 911 949 43 434 980 
130 4 199 501 618 758 895 901 953 428 787 
144 97 44 197 400 459 782 860 975 995 340 442 
19 148 73 13 55 329 340 345 350 395 505 510 580 585 657 664 693 705 720 745 760 764 798 805 820 841 850 924 928 955 960 586 780 830 838 
50 64 70 193 274 295 363 393 472 536 545 546 613 747 73 899 
89 176 196 239 297 416 429 526 596 680 832 842 890 899 991 293 668 
75 96 188 321 355 403 435 516 517 614 692 695 717 742 762 858 871 968 205 
111 166 354 463 500 530 558 606 914 969 7 327 
45 61 70 150 139 15 137 59 181 193 208 233 246 248 274 295 363 393 462 507 536 545 546 567 613 615 632 643 654 673 687 704 747 838 881 997 53 302 341 484 
85 106 180 186 194 224 264 358 378 412 422 532 534 563 593 610 633 638 688 822 839 920 946 959 985 990 79 319 694 770 
41 134 42 121 169 202 302 326 327 368 410 557 579 608 612 617 626 694 734 749 787 845 869 880 884 912 940 984 258 766 918 926 
79 18 14 74 128 16 118 165 173 175 192 209 216 230 275 281 303 370 377 385 488 504 508 551 559 583 659 697 771 815 825 851 987 382 436 683 972 
521 573 598 713 748 778 797 830 854 56 
107 62 1 268 290 291 324 364 379 411 437 441 602 724 847 891 974 388 450 
162 230 347 419 524 559 653 708 956 70 714 
142 24 60 111 158 201 229 258 308 332 346 352 354 361 407 468 479 513 519 530 558 566 606 644 652 675 689 723 743 759 783 816 905 911 913 914 947 949 954 117 1 653 655 760 
72 290 305 342 364 398 413 444 604 605 726 730 785 802 908 916 948 972 530 
108 57 120 67 124 254 262 292 325 330 333 388 448 501 570 618 623 642 668 752 758 777 834 852 865 889 901 53 272 551 915 
41 161 121 42 244 313 326 433 608 622 626 734 749 833 869 937 483 805 
76 56 120 207 262 316 570 645 683 721 831 894 901 933 416 472 
146 38 149 190 245 285 294 335 473 475 491 607 635 651 670 676 714 784 790 800 859 861 863 934 198 947 950 
138 185 374 625 763 804 923 931 945 341 371 
162 275 300 386 503 559 568 656 956 296 
48 144 28 44 400 466 737 807 867 887 903 229 685 
162 99 34 377 397 595 870 904 930 217 532 
89 156 43 195 196 239 297 416 429 539 540 588 665 680 756 832 842 890 899 991 286 555 750 
4 199 262 645 721 852 865 894 918 610 893 
32 12 286 470 478 616 691 788 989 804 
15 61 83 248 356 375 393 456 527 673 997 22 619 
160 106 85 186 194 264 298 317 358 378 412 422 426 534 593 610 633 638 822 839 920 946 959 976 985 990 107 359 606 
159 50 242 248 274 356 375 393 536 545 567 613 827 881 951 136 762 
126 7 39 37 77 183 191 221 222 343 401 439 481 706 727 755 766 767 844 915 526 709 856 
37 93 7 54 39 182 5 143 198 221 289 315 401 408 423 439 447 481 560 564 572 647 669 678 706 719 722 731 739 766 767 768 817 875 915 998 193 278 298 841 993 
61 6 70 50 83 248 256 356 375 472 536 545 567 613 677 827 857 881 961 971 997 656 700 806 
172 123 231 287 389 535 625 636 763 804 923 999 318 614 
160 180 264 317 688 839 920 946 959 536 729 
101 10 135 312 341 392 434 480 483 662 678 
157 102 96 267 321 355 372 403 435 516 517 599 614 667 692 717 742 762 819 858 871 929 970 458 791 901 
62 268 290 314 342 364 398 424 444 471 602 629 765 793 891 916 922 972 226 735 808 
171 146 245 335 473 607 676 790 863 295 
88 182 54 343 401 439 481 492 509 592 624 727 740 767 453 525 
16 18 30 74 162 79 128 33 209 218 219 230 235 259 275 293 488 559 561 583 595 609 619 656 698 732 866 963 982 987 290 352 603 932 
50 139 70 159 155 248 270 356 375 384 393 399 456 536 546 613 615 627 677 862 183 550 698 
106 180 160 358 412 638 688 839 920 946 976 990 580 608 
89 176 196 239 271 297 416 429 539 540 596 665 756 832 842 890 899 944 991 804 867 908 
89 176 195 43 156 239 271 297 416 429 512 526 539 540 588 665 680 756 832 842 890 899 944 991 127 480 
31 97 53 153 44 144 48 213 247 269 299 323 336 400 466 467 485 496 589 591 594 600 718 780 789 791 846 864 883 887 893 898 981 433 728 732 
54 183 77 289 401 447 481 509 560 650 755 766 817 171 388 
177 120 8 57 147 152 130 78 207 262 292 296 333 431 432 438 448 484 570 582 623 721 808 824 865 889 936 435 797 849 994 
9 145 253 257 349 351 392 434 440 480 518 537 696 750 55 766 
166 332 407 463 468 530 566 652 675 689 743 911 79 515 
161 92 51 41 237 244 313 327 368 410 433 579 622 787 869 912 940 311 
136 55 52 580 709 720 757 850 978 253 415 
145 132 86 71 9 68 141 205 236 253 257 309 318 351 392 434 440 465 480 499 518 523 537 611 630 631 666 741 750 932 935 986 121 116 821 824 
204 9 10 71 46 86 273 312 318 322 328 341 365 380 392 434 440 480 483 486 499 523 549 575 631 666 696 741 770 829 837 868 932 986 136 7 157 896 
132 141 86 217 273 349 351 365 367 371 434 440 458 465 480 486 537 549 696 741 910 481 613 920 
108 78 76 170 124 130 4 8 199 243 262 296 316 344 348 376 388 448 484 501 574 618 668 683 702 754 799 801 831 834 894 895 901 918 315 424 506 586 
61 15 159 248 375 393 456 462 536 795 823 961 403 568 
192 162 118 18 219 238 266 272 284 293 300 303 377 385 397 419 524 551 559 561 568 583 595 609 753 851 855 904 930 956 982 403 860 907 962 
144 31 127 212 467 511 544 655 686 718 737 826 846 860 867 887 898 964 975 981 68 264 731 
146 95 245 651 676 784 790 810 859 934 74 948 
144 210 127 311 460 466 487 498 531 594 640 736 791 887 975 327 856 
53 197 400 544 589 640 782 818 883 975 561 660 
42 121 51 41 244 302 415 520 556 579 622 626 734 787 937 642 
77 225 624 727 731 738 909 915 998 469 
18 162 128 30 234 386 508 595 735 20 648 
47 206 46 318 341 351 380 434 480 486 750 806 967 175 941 
29 74 30 99 122 128 192 235 259 281 385 451 488 559 568 609 656 771 855 956 987 743 805 835 
118 192 209 58 99 128 293 488 503 559 595 728 4 654 
99 281 293 490 583 595 708 751 956 139 875 
5 84 143 77 54 7 183 93 88 39 182 222 225 251 252 289 343 401 423 481 492 509 564 572 678 719 722 727 739 740 767 817 844 875 915 939 988 107 286 536 565 606 
182 84 221 77 7 39 88 289 408 445 509 564 727 738 755 767 817 844 875 915 939 354 505 666 
253 257 318 322 341 367 392 575 630 639 696 806 965 147 381 
160 358 422 426 532 638 688 839 920 387 
7 37 215 221 408 423 482 915 988 359 
12 32 103 110 227 279 286 470 477 542 565 616 658 662 691 773 788 792 828 189 484 501 
12 32 103 226 110 232 263 279 286 310 402 455 470 477 478 542 601 658 691 716 773 788 792 917 983 989 400 444 
66 268 364 605 629 730 796 802 908 611 
142 24 166 258 308 463 468 479 500 513 558 652 675 723 905 949 174 
192 99 18 79 165 128 162 275 488 551 568 583 595 656 735 93 669 
185 123 597 625 646 763 804 945 999 30 
227 32 110 286 402 616 662 671 775 788 917 927 250 392 
137 45 159 295 472 545 615 687 827 421 
99 216 275 284 303 659 708 956 982 923 
218 192 128 284 300 369 377 386 397 488 551 568 583 825 851 956 982 987 83 831 964 
204 47 145 278 380 523 575 666 910 702 
41 202 42 244 302 327 520 557 579 612 626 787 845 869 912 952 290 909 
209 74 300 419 653 659 751 761 771 815 41 955 
196 89 176 156 195 43 271 297 416 429 512 526 539 588 596 756 832 842 335 545 673 
308 346 354 558 566 816 905 913 949 429 900 
67 147 78 8 344 452 668 754 901 64 949 
70 45 181 64 248 270 356 375 393 456 567 673 687 747 857 900 925 961 494 790 826 
124 78 207 76 120 147 325 338 357 388 438 502 618 668 752 811 852 865 244 287 704 
169 214 42 121 237 51 202 134 302 326 327 362 410 415 520 552 608 617 622 626 734 749 787 821 869 886 912 937 952 105 243 629 760 
146 21 171 190 149 211 98 294 304 335 427 473 475 491 635 651 676 714 790 794 800 810 848 861 863 934 996 375 376 656 
83 159 270 356 536 567 673 747 795 971 14 879 
197 44 127 269 466 485 498 531 543 628 655 718 746 781 807 981 711 
193 70 83 208 137 159 15 179 17 150 45 184 242 181 274 356 363 375 462 536 545 567 577 632 654 687 712 747 823 857 862 926 971 997 692 784 887 
49 282 307 314 360 398 413 469 649 661 726 485 997 
129 136 55 13 73 329 417 505 580 620 657 745 760 798 841 879 950 955 978 232 273 284 
221 126 77 5 423 481 560 624 650 660 731 738 740 767 768 817 909 915 100 659 
37 221 289 401 408 423 492 564 767 64 963 
10 71 47 200 9 204 223 351 365 493 523 537 741 829 965 203 551 
147 168 8 448 494 501 570 618 865 9 
73 82 20 136 576 585 664 745 760 764 400 816 
61 64 45 184 295 536 545 546 577 712 827 686 975 
200 9 223 10 204 46 341 351 353 365 409 434 499 631 666 696 779 837 126 321 834 
166 151 229 111 308 331 346 354 463 468 500 513 519 675 689 699 743 786 905 947 949 161 43 817 
192 99 218 293 619 735 906 956 987 286 
82 55 19 13 20 395 510 585 664 757 805 820 850 907 955 121 591 
49 305 411 515 590 602 812 908 916 299 967 
177 199 170 8 168 76 207 120 124 130 56 108 292 316 330 338 348 388 436 438 448 501 582 618 637 642 645 648 681 752 754 758 799 801 808 852 856 889 918 127 444 750 880 919 
32 110 12 227 279 286 319 402 455 478 553 586 601 616 691 716 775 788 927 114 505 863 
186 180 85 106 160 317 358 534 563 593 633 638 688 822 839 920 946 959 985 990 210 482 713 
41 42 302 313 327 433 579 608 626 749 869 880 886 912 984 364 
117 209 99 128 284 293 488 508 581 583 904 956 434 988 
188 113 116 321 355 403 435 457 517 614 667 692 717 742 871 279 664 
109 189 164 228 72 305 307 364 411 437 602 724 730 891 974 18 
247 127 44 97 197 53 400 459 466 467 531 543 544 589 594 640 707 772 780 791 807 867 892 903 995 293 354 402 
242 70 193 139 64 246 295 536 546 613 730 805 
196 195 239 416 429 756 832 842 890 944 408 433 
209 320 397 419 568 656 728 751 906 168 
205 141 9 71 206 309 341 392 611 696 770 140 250 
70 248 181 155 137 159 456 527 615 148 
74 162 173 33 18 230 234 192 281 303 451 559 771 956 963 982 22 
116 355 516 517 614 667 692 742 968 305 865 
25 133 406 425 533 598 713 748 797 830 22 916 
68 236 322 341 392 409 480 696 770 183 
226 263 227 286 402 470 478 565 616 662 773 788 792 927 983 267 
35 102 321 355 403 517 614 692 717 742 858 398 773 
128 220 275 218 162 34 293 561 672 732 537 760 
140 249 107 290 291 342 394 413 578 590 602 649 785 796 847 853 908 948 459 924 
133 420 442 598 713 778 797 830 874 622 725 
234 209 266 235 451 488 490 698 761 956 963 250 366 
146 171 149 38 98 21 294 304 427 475 491 607 635 651 670 676 714 784 790 794 800 848 863 934 59 951 995 
32 110 227 226 263 279 12 178 232 402 477 542 547 553 601 616 658 662 671 691 716 773 775 788 828 927 983 259 176 221 736 
138 185 65 374 389 428 535 625 763 923 931 945 999 243 578 
60 142 332 346 352 354 463 519 530 652 675 715 911 979 300 915 
198 252 221 93 222 126 183 84 77 343 381 401 408 423 482 509 560 592 669 678 690 727 731 738 739 755 768 902 909 915 314 355 376 955 
167 140 94 282 49 115 164 69 189 291 307 324 342 360 364 390 391 394 398 441 474 562 578 602 605 629 649 661 710 726 796 802 888 908 948 977 121 237 192 295 798 
107 290 23 282 164 307 314 398 411 413 562 587 590 802 847 623 754 
199 168 262 67 147 114 124 4 357 431 436 438 452 501 618 623 642 645 683 754 799 801 808 824 835 865 876 323 400 527 783 
58 266 281 192 220 122 209 259 219 377 451 488 508 524 551 559 568 583 595 609 619 653 672 708 761 982 987 156 124 269 452 
146 245 171 285 26 405 670 676 714 790 794 800 859 996 111 403 
61 50 155 150 233 159 59 83 270 256 70 356 375 384 393 456 546 613 615 673 687 704 823 827 838 857 862 997 190 290 325 650 
207 124 199 120 78 330 501 582 618 754 831 834 173 88 
196 89 176 195 239 156 43 416 429 512 539 596 665 756 832 842 899 944 991 572 684 884 
180 422 593 610 633 638 688 839 920 976 990 183 986 
197 28 144 400 460 466 487 495 531 591 594 640 718 781 846 883 887 893 903 995 261 559 788 
173 235 209 29 238 559 583 771 963 288 505 
39 77 401 560 592 624 678 740 767 768 909 915 396 473 
237 42 214 92 41 265 161 244 313 327 410 433 552 557 579 608 617 622 626 749 787 821 884 919 159 365 759 
275 209 234 162 33 18 369 508 551 583 595 653 697 751 753 771 803 956 37 398 435 
38 98 95 146 245 285 473 651 676 790 794 800 74 346 
167 261 268 398 437 471 724 802 908 276 535 
133 105 25 11 420 425 442 521 533 573 598 634 713 774 778 797 830 897 994 113 718 757 
94 23 107 290 268 249 69 291 324 342 379 411 421 424 444 562 587 605 726 730 796 877 993 370 523 564 
166 151 142 24 258 60 229 111 240 346 352 354 407 430 463 468 500 513 519 530 558 566 606 644 652 675 689 715 723 759 783 786 905 911 913 947 949 979 68 395 433 842 876 
145 101 273 141 204 349 351 367 380 392 480 493 666 750 779 118 885 
110 32 227 12 402 478 601 616 773 775 788 927 50 420 
28 53 212 31 100 400 466 511 594 791 864 903 202 493 
132 205 141 187 68 9 365 480 741 598 
42 265 202 92 51 121 41 134 302 169 327 362 368 433 520 557 579 608 622 626 694 734 749 787 821 833 869 880 884 886 937 952 146 332 594 982 
291 189 22 107 249 379 387 411 421 441 469 578 590 602 684 730 802 977 289 87 599 
63 54 77 7 126 183 381 445 564 207 
4 262 170 207 376 438 570 681 973 16 
264 186 180 358 688 839 946 959 990 327 760 
205 101 217 223 68 10 204 9 341 353 440 480 537 741 882 967 185 438 
263 32 110 470 601 662 691 788 927 160 
272 18 79 386 524 551 698 728 825 930 956 1000 35 533 
188 157 280 267 116 35 355 372 403 435 457 489 517 522 614 667 692 695 717 729 742 762 819 858 871 929 968 970 257 744 930 941 
205 10 223 278 392 480 483 537 575 630 696 770 806 730 841 
144 197 91 396 446 466 707 860 864 883 292 457 
164 290 307 62 22 342 390 587 888 57 405 
8 168 147 124 243 67 338 388 574 752 831 876 295 523 
41 244 42 121 161 169 92 327 368 579 608 612 622 626 869 884 912 919 457 602 
41 161 313 244 134 121 302 202 51 42 326 265 237 368 410 415 433 520 552 557 579 603 612 622 626 694 734 749 787 821 833 845 869 886 919 937 940 952 212 317 158 103 463 
205 145 101 341 392 440 483 741 910 430 650 
27 154 136 40 82 73 250 112 52 104 55 340 395 497 505 580 664 679 705 709 725 744 760 805 840 841 843 850 907 924 928 942 955 41 525 909 
168 262 124 296 431 461 484 555 574 645 702 758 777 835 865 894 957 710 
24 258 142 332 346 519 675 816 911 358 
166 331 201 288 354 407 430 463 519 558 644 689 786 913 949 954 969 313 863 
199 168 76 431 618 642 808 811 894 860 887 
37 401 624 678 731 738 740 767 844 825 
146 95 171 26 98 21 190 149 245 405 427 473 714 790 794 800 810 849 863 934 996 10 239 649 
44 197 127 400 466 746 791 846 887 964 975 981 451 574 
73 82 55 136 383 505 664 744 745 760 928 146 496 
78 130 4 56 243 262 325 76 8 344 359 376 438 618 648 674 683 702 754 799 852 865 876 901 918 340 377 687 
8 130 388 431 623 648 895 933 973 688 
82 27 148 154 13 129 329 136 55 40 131 417 505 538 580 585 620 682 733 760 798 805 820 843 928 942 950 111 153 338 432 
10 223 205 257 278 135 217 273 46 101 187 318 9 328 349 351 365 392 434 440 458 465 480 483 486 493 499 523 549 630 639 750 770 806 837 868 882 910 932 159 172 701 731 861 
189 62 290 167 282 115 307 49 107 1 324 360 379 387 391 421 437 471 474 605 724 726 785 847 888 891 974 110 355 864 
126 191 221 289 182 423 439 509 564 571 740 766 411 513 
147 241 207 338 452 484 574 618 645 145 358 
19 13 154 73 350 395 745 764 841 950 42 416 
166 111 240 151 24 258 331 288 308 352 354 407 430 463 468 479 513 519 530 558 566 606 652 675 689 699 703 715 743 759 783 786 816 905 911 913 914 947 949 954 969 979 304 481 547 883 
118 74 165 18 99 386 488 583 663 558 
78 120 207 8 262 831 856 865 894 47 
341 309 206 9 200 132 523 837 868 967 423 640 
19 73 154 13 55 345 383 505 585 744 760 764 798 805 879 950 955 978 83 692 929 
200 10 204 141 257 341 309 135 217 253 101 68 9 46 145 206 365 371 392 440 480 486 499 549 575 666 741 910 967 15 453 583 921 
308 288 346 166 354 519 530 652 675 192 810 
9 318 10 257 434 480 486 639 770 932 965 683 689 
346 166 308 111 24 288 240 352 332 158 258 60 407 430 463 479 513 519 530 558 566 606 644 652 675 689 703 723 743 759 783 786 905 911 913 947 949 969 222 269 448 870 930 
321 188 157 35 113 267 102 116 96 75 280 276 372 403 435 457 464 489 516 517 522 599 614 667 692 695 717 729 742 762 819 858 871 929 968 970 289 342 676 912 
184 17 179 181 295 242 6 45 61 70 193 246 248 363 375 456 462 472 507 525 536 545 613 654 673 857 961 971 997 10 737 787 878 
243 292 130 501 618 681 834 895 901 49 841 
180 264 317 160 106 194 224 378 412 422 426 532 534 563 593 610 633 638 688 839 920 946 959 976 985 990 331 344 
338 4 120 642 645 683 754 852 918 225 180 
342 81 290 109 249 382 411 437 454 649 684 730 796 877 908 972 974 993 695 759 
166 111 407 463 530 558 606 675 689 979 706 859 
313 121 42 244 433 557 608 749 776 787 833 869 141 510 
248 356 70 83 61 159 155 45 384 507 545 567 613 687 747 857 862 926 495 758 869 
3 268 290 164 167 228 189 22 454 602 847 948 265 991 
206 351 253 312 257 341 205 141 367 392 537 549 770 829 837 938 965 967 302 551 881 
55 19 395 585 664 798 805 907 950 955 284 874 
141 309 9 10 206 365 223 392 409 434 440 449 480 486 537 639 770 414 956 
202 41 313 161 326 327 579 608 622 842 
235 303 18 504 568 595 659 761 825 1000 822 905 
162 128 99 33 377 508 524 559 561 568 583 753 825 870 956 982 307 375 
145 351 10 9 71 206 480 666 837 172 602 
355 321 113 188 96 403 435 464 489 517 599 614 692 742 762 858 871 929 968 38 740 800 
58 74 385 397 551 583 659 753 987 427 
65 172 287 535 625 763 923 931 945 958 7 476 
208 59 295 179 181 150 184 15 193 6 356 83 248 70 242 17 61 137 384 393 456 462 472 536 545 546 567 577 613 632 643 654 673 687 712 747 795 827 838 900 926 951 961 109 370 245 544 934 
67 56 338 8 76 207 316 4 78 147 388 431 432 461 645 648 683 752 758 777 801 808 831 856 865 894 901 289 58 245 
235 370 79 209 175 162 293 397 451 488 503 551 559 568 583 609 656 672 697 698 761 771 825 930 987 338 77 749 
160 180 106 358 412 422 426 593 638 688 822 839 920 946 959 923 932 
342 115 307 164 107 314 602 730 765 847 877 977 993 596 940 
309 205 236 217 392 537 741 779 938 593 671 
289 93 63 315 125 39 401 408 447 564 572 584 624 678 739 767 768 817 902 909 915 998 223 32 436 
360 23 22 1 394 411 441 474 587 602 604 710 726 730 888 908 916 921 993 162 715 882 
19 136 350 337 104 620 685 733 841 843 955 823 927 
375 295 193 363 6 17 70 83 15 399 536 545 546 567 673 677 838 857 900 406 481 794 
29 209 373 218 162 488 551 559 711 825 769 981 
320 216 173 235 347 397 451 524 568 825 870 885 956 1000 9 527 
22 342 107 314 69 398 421 684 966 224 903 
243 67 376 262 124 78 147 207 108 339 325 56 168 431 452 574 618 642 645 674 702 752 754 777 831 834 852 957 164 198 45 519 
185 80 138 287 625 763 804 923 945 958 999 486 731 
290 94 107 324 441 471 730 802 948 805 
22 49 290 342 107 411 471 793 966 919 
322 9 328 365 86 351 101 205 187 341 200 204 278 46 380 367 10 223 273 309 47 418 434 440 465 480 486 499 529 537 548 575 611 631 741 770 806 829 882 910 932 935 965 967 232 49 657 670 828 
179 155 193 159 70 375 295 17 208 242 64 181 83 472 525 546 567 577 613 643 673 687 712 823 857 900 951 133 431 908 995 
290 382 282 411 413 424 471 474 710 888 891 977 495 910 
90 131 82 19 329 154 52 73 112 366 260 104 129 55 345 148 13 417 450 585 664 679 682 685 693 700 709 720 725 757 760 764 798 805 813 840 841 850 924 955 960 308 418 598 631 
323 48 400 459 466 495 543 640 782 818 860 898 975 301 956 
235 386 373 209 128 99 30 377 175 272 488 524 551 815 956 146 745 
1 290 189 249 22 3 387 107 291 66 94 167 49 305 81 23 413 421 437 444 471 602 604 629 661 793 809 847 853 877 891 908 916 922 948 972 977 303 280 477 742 787 
15 61 384 193 83 536 577 615 673 857 485 558 
153 44 144 396 28 213 269 299 336 174 311 197 404 459 466 467 495 496 506 511 589 591 594 600 621 640 655 686 707 746 772 780 781 789 807 818 846 860 883 887 893 898 975 995 292 227 255 625 990 
77 381 191 7 125 289 183 334 54 198 182 63 84 301 37 221 93 252 408 423 445 447 554 560 564 592 624 650 660 678 690 706 727 738 740 766 767 768 769 817 844 902 909 915 4 74 500 577 609 
12 32 110 227 279 310 263 232 286 470 478 542 547 553 565 586 616 658 662 671 691 716 773 775 788 792 828 927 983 115 93 269 850 
355 321 188 372 35 157 102 267 96 280 435 464 489 517 522 614 667 692 695 717 742 762 819 858 871 929 968 970 209 208 294 880 
44 400 495 594 737 746 846 883 995 463 814 
146 335 294 26 676 800 810 859 934 324 
277 133 598 713 778 797 830 897 994 384 429 
346 201 166 332 111 361 308 354 644 675 703 816 913 949 954 979 893 
7 252 289 84 77 381 222 183 225 143 401 423 439 492 509 564 584 592 624 641 647 650 660 706 722 731 740 767 768 817 875 909 939 988 998 271 95 864 886 
278 367 257 135 9 101 434 458 548 741 868 938 967 850 983 
327 42 121 161 134 202 92 41 244 302 433 556 557 579 734 749 787 833 869 55 53 590 
261 107 307 291 81 268 360 164 394 1 314 382 115 391 413 454 471 515 602 629 710 724 726 765 793 796 802 809 847 888 891 922 977 343 466 560 
160 358 180 106 378 194 422 426 532 534 593 638 688 822 839 920 946 959 990 23 149 789 
140 411 291 167 3 249 394 49 398 282 424 441 578 590 602 684 724 726 847 853 891 908 916 948 974 993 890 950 957 
73 52 20 505 657 664 709 745 841 928 47 367 
327 214 41 244 433 579 608 622 912 203 
196 89 156 195 297 239 176 271 429 526 539 540 596 665 756 832 842 890 899 944 991 345 9 170 
340 82 13 250 73 395 55 136 90 841 955 42 637 
9 101 392 145 434 483 631 932 395 982 997 
272 209 238 118 165 30 14 128 451 488 559 656 672 735 761 19 466 
306 25 283 133 105 425 442 573 713 774 778 797 830 874 897 310 617 624 
81 107 342 398 314 387 307 602 605 684 724 726 922 948 966 992 233 953 
224 160 358 180 298 412 378 563 638 920 990 470 745 
225 343 251 7 252 183 408 126 401 39 289 77 221 439 447 481 509 560 592 624 669 706 727 738 755 767 817 844 902 909 939 21 349 585 877 
307 189 413 394 469 605 724 730 785 891 908 948 974 207 961 
133 306 36 420 105 277 25 2 11 442 443 514 521 533 569 573 598 701 713 748 774 778 797 830 872 874 896 897 980 994 78 441 479 752 
378 412 180 106 224 358 563 638 688 822 839 946 459 924 
146 335 245 285 676 790 800 934 996 24 373 
287 80 535 763 923 931 943 958 999 152 706 
196 89 416 176 297 195 239 156 43 271 512 526 539 540 588 596 665 756 832 842 890 899 944 991 147 240 406 
308 346 354 111 332 463 652 675 947 328 865 
67 76 388 376 333 56 199 339 87 4 330 292 8 436 438 494 555 637 668 683 758 777 808 824 894 393 657 725 
199 376 147 56 124 501 618 683 752 754 808 856 876 894 918 340 960 
202 415 302 92 169 134 362 41 313 327 410 265 51 552 556 579 622 626 749 787 869 880 886 940 952 308 271 197 
409 205 145 418 353 187 71 206 257 392 217 367 204 47 200 341 10 458 465 480 486 611 630 741 779 868 932 967 266 151 539 561 
355 403 35 188 372 157 113 321 102 267 96 116 457 489 516 517 614 667 692 717 729 742 762 858 871 929 968 303 199 675 
67 292 262 431 623 681 683 702 758 799 381 162 
107 360 81 398 66 342 3 164 69 109 268 305 578 629 684 724 793 891 908 921 948 698 739 876 
316 262 120 431 292 57 78 56 243 4 199 338 147 8 461 555 618 648 683 752 754 824 831 865 876 901 318 465 780 
408 343 191 423 182 183 481 560 678 727 731 767 915 18 628 
206 367 318 86 205 101 204 341 392 145 351 47 328 10 68 200 141 486 537 549 630 741 836 837 910 967 652 800 915 
290 107 413 382 314 390 69 66 164 444 710 730 802 888 908 922 425 943 
420 425 133 306 36 2 105 11 283 521 573 634 713 797 814 830 872 874 896 980 994 153 628 992 
2 425 521 533 573 713 797 830 980 498 
189 3 167 441 307 398 515 724 812 847 227 262 
222 401 315 564 592 722 755 817 915 620 
323 44 467 589 864 873 887 964 975 713 
401 77 183 88 381 198 423 509 564 572 624 647 727 766 767 915 939 962 80 574 
147 199 254 262 78 207 56 168 642 702 799 354 517 
135 367 145 480 499 537 575 696 741 681 683 
395 119 55 82 679 682 685 709 725 757 760 798 928 955 978 164 597 
218 117 386 128 118 377 284 275 419 79 122 33 293 99 488 490 559 561 568 583 595 732 753 761 870 956 982 336 797 812 955 
344 241 388 120 292 8 108 574 668 683 752 777 808 852 293 940 
80 123 138 528 597 625 763 804 943 945 999 351 191 
66 360 364 411 578 602 724 730 809 877 803 976 
110 227 12 263 478 601 662 773 788 855 
356 193 375 70 274 6 208 295 179 242 527 546 567 615 627 673 857 900 925 554 741 767 
355 321 267 435 517 614 667 742 819 858 871 323 326 
206 409 141 341 46 434 611 696 741 770 836 967 188 82 
97 144 44 396 153 400 269 91 31 466 495 496 506 511 543 589 594 600 628 640 686 718 746 780 791 807 818 826 860 864 867 883 887 893 903 964 975 981 282 426 504 858 945 
212 299 127 466 467 487 628 707 746 818 873 887 964 995 579 763 
438 78 376 330 147 645 674 683 865 957 42 798 
70 375 356 159 17 208 83 248 472 527 536 546 615 857 862 961 101 645 
346 354 308 288 151 332 430 24 142 258 60 361 158 201 229 479 519 530 558 566 644 652 675 689 699 715 743 759 783 786 905 911 947 949 954 969 404 327 634 749 791 
355 403 372 516 517 614 667 692 717 858 494 967 
392 10 86 101 434 206 341 9 132 141 204 480 493 537 611 639 779 836 882 910 967 438 704 795 
91 400 44 396 127 336 197 311 269 174 247 299 97 459 100 53 460 144 323 212 498 506 511 543 544 594 600 628 640 707 746 772 781 807 826 860 864 867 873 887 903 964 975 995 411 419 673 912 
144 197 460 400 269 446 127 53 100 210 594 600 718 737 746 883 903 964 638 849 
166 346 258 229 201 308 513 530 558 606 675 689 759 786 816 905 949 556 577 
314 23 66 107 140 424 249 109 602 604 724 726 802 853 888 908 922 992 215 607 727 
12 226 279 110 402 227 319 32 178 773 927 989 422 870 
107 342 390 394 398 69 49 305 1 411 3 140 391 189 578 604 724 726 730 802 809 847 908 916 921 974 993 145 696 746 826 
356 184 462 393 375 17 155 137 233 507 527 536 577 613 795 823 827 857 997 170 97 663 
146 98 190 171 304 245 38 335 676 790 794 800 863 301 829 
394 1 290 49 342 382 802 812 877 713 
171 21 38 285 95 245 146 26 607 670 676 790 794 800 848 849 934 996 533 840 
58 99 488 551 656 672 698 855 987 374 879 
12 286 227 103 32 226 110 547 616 658 788 927 398 822 
12 279 263 402 455 32 310 178 227 565 662 788 613 842 
346 166 463 229 354 519 644 652 689 743 816 979 425 891 
318 309 200 392 322 434 449 86 46 204 206 278 367 205 217 351 353 10 145 9 68 371 465 312 187 341 486 529 537 548 611 639 666 696 741 750 806 829 836 882 965 967 66 196 133 595 763 
221 183 251 198 191 182 423 439 554 641 727 731 767 768 769 875 909 915 206 346 384 
126 93 77 225 289 650 722 727 738 817 844 909 264 664 
135 205 418 10 328 9 187 322 341 486 537 611 666 169 594 
8 4 199 207 344 147 330 618 895 226 159 
97 247 197 495 543 594 640 781 818 867 887 399 249 
353 434 10 480 205 206 367 9 68 351 392 341 440 217 71 483 493 499 529 537 548 549 696 868 910 11 389 613 
212 299 460 511 718 782 860 887 903 975 995 558 559 
377 266 451 192 99 235 230 419 162 30 118 284 347 476 385 293 219 397 16 218 490 568 581 583 619 656 659 728 753 963 982 572 648 768 959 
355 372 321 403 435 517 667 858 929 567 
79 128 488 220 74 451 122 284 568 619 982 1000 594 926 
146 245 171 285 607 676 714 790 800 861 934 42 128 
252 408 191 221 624 641 650 739 768 664 873 
9 309 141 486 341 465 46 253 837 311 
431 254 147 124 87 831 852 901 957 464 242 
299 400 404 396 44 459 28 485 97 531 594 621 628 736 737 791 807 864 867 883 887 893 975 394 363 110 
400 197 459 100 543 591 781 846 873 337 
19 136 329 13 129 82 585 657 705 9 571 
247 91 48 144 212 466 591 789 903 443 
351 449 257 341 141 205 9 392 204 486 529 537 666 536 612 
258 142 158 308 229 566 675 723 979 401 964 
292 432 357 254 152 296 207 120 168 76 262 555 642 683 702 721 777 801 811 831 865 889 895 901 918 973 226 643 
243 4 114 754 831 835 852 865 894 52 547 
377 173 219 508 551 559 656 659 711 753 956 111 818 
162 122 369 508 568 595 656 698 708 711 956 63 459 
73 20 340 129 414 136 350 154 148 19 329 27 131 337 90 119 82 250 112 510 538 576 585 682 685 693 709 720 733 745 798 805 813 840 850 878 879 950 955 960 978 263 222 92 300 905 
459 466 144 400 44 594 628 791 807 818 846 883 892 975 207 650 
159 363 472 356 525 545 627 712 823 581 585 
162 266 370 303 504 79 216 503 293 583 663 751 753 855 982 987 937 986 
408 93 289 447 191 143 125 343 222 198 423 221 564 624 660 669 706 727 766 768 817 844 915 939 962 543 927 
73 154 260 505 82 664 679 745 760 362 
487 466 311 210 459 400 97 589 628 707 772 826 883 887 964 90 911 
196 429 89 297 239 539 680 756 832 842 578 749 
166 354 468 258 346 24 229 151 308 530 558 606 689 759 911 914 949 969 343 134 946 
425 521 598 701 778 797 830 896 897 813 
411 49 444 69 72 261 109 3 724 812 891 908 201 934 
355 464 157 276 188 435 517 614 692 742 50 622 
355 403 321 435 188 276 157 35 116 113 267 102 489 96 516 457 280 372 464 599 614 667 692 695 717 729 742 762 819 858 871 929 970 115 448 595 
86 204 200 10 639 741 837 910 965 967 894 977 
346 166 463 151 24 308 352 288 332 354 479 258 331 530 558 566 652 689 715 743 783 786 816 913 949 979 388 866 928 
244 327 313 214 237 42 556 557 622 694 749 869 703 788 
514 306 442 163 425 443 133 598 713 797 830 854 897 628 738 
355 75 403 321 614 667 692 717 742 762 32 908 
145 9 204 205 253 141 236 10 341 349 101 537 575 630 631 932 967 986 307 325 931 
386 165 79 397 293 128 209 117 18 30 74 370 320 33 551 559 568 583 595 609 672 708 751 761 870 885 906 982 987 51 539 616 733 
393 83 356 507 15 613 823 881 900 971 191 329 
429 239 89 416 196 156 539 832 842 139 182 
45 274 139 83 179 456 137 462 472 70 536 546 567 613 615 627 654 687 704 747 795 857 900 926 386 292 877 
453 80 535 597 763 804 923 931 945 999 81 867 
499 392 9 486 480 10 696 938 967 12 
201 354 158 346 352 308 513 361 463 166 111 288 519 24 468 558 652 675 689 699 743 783 786 816 911 913 167 534 629 
144 269 299 53 495 212 247 591 860 975 59 794 
224 160 412 358 610 638 839 920 946 959 175 829 
277 425 443 133 306 713 778 797 830 896 994 320 475 
160 180 412 358 264 638 839 959 985 990 530 811 
138 374 528 185 428 287 636 646 763 804 945 958 999 305 708 
399 193 384 356 270 248 472 246 155 61 6 208 150 462 137 70 83 527 184 375 139 256 181 159 546 567 615 627 632 643 654 673 677 687 704 747 823 827 857 862 900 925 926 971 997 499 31 186 221 801 
101 486 9 483 480 367 322 200 392 465 253 380 449 365 499 523 440 318 10 71 204 206 630 631 696 837 882 910 932 938 965 967 986 19 281 873 
340 82 505 131 580 585 720 805 850 45 894 
196 429 89 416 176 195 297 512 526 239 588 596 680 756 832 842 890 899 944 434 524 955 
196 429 89 176 195 416 588 756 842 936 
87 130 8 78 574 777 808 835 865 592 882 
286 32 110 402 12 103 226 227 553 616 658 773 788 828 927 845 
247 466 496 459 396 269 485 736 807 846 860 873 887 892 509 890 
28 269 213 466 53 210 589 591 594 718 746 860 887 375 753 
181 155 83 64 70 248 507 233 363 150 45 384 256 184 375 159 356 546 613 673 687 712 823 857 239 77 
193 462 61 393 137 83 456 536 155 159 64 295 527 256 545 384 375 270 613 627 643 673 747 823 951 961 622 860 878 
402 32 477 286 12 616 662 671 773 788 502 346 
46 135 392 480 409 101 10 486 696 910 65 959 
86 101 365 205 341 486 206 351 440 141 10 631 932 34 73 
41 42 557 579 608 626 749 787 886 193 60 
128 377 524 303 503 397 373 293 230 476 209 320 162 235 385 79 559 568 581 653 656 659 663 697 708 803 870 963 982 987 365 253 168 675 
41 42 244 327 302 433 579 749 869 742 852 
286 263 402 12 103 542 658 671 788 837 
77 481 401 7 143 560 592 650 690 766 767 769 902 988 456 790 
431 57 438 501 330 645 824 831 852 889 895 176 720 
520 410 42 41 433 214 579 608 622 845 468 914 
362 92 410 121 550 134 41 327 51 520 237 302 161 313 579 612 622 694 749 787 845 869 880 952 984 97 742 793 
346 354 332 308 513 240 24 530 361 519 463 111 166 158 468 142 229 566 644 675 699 703 783 786 816 905 914 947 949 399 347 487 809 
218 58 385 162 451 74 209 173 293 275 18 503 370 165 128 192 14 219 377 524 30 551 300 79 419 581 619 653 659 711 753 771 803 825 851 855 866 885 956 963 982 987 46 487 77 299 953 
198 183 301 439 289 401 423 126 554 251 564 641 678 719 731 738 755 768 988 29 411 625 
209 281 122 192 370 451 659 870 956 213 434 
291 49 307 140 290 578 602 724 726 888 966 70 757 
160 422 264 358 426 638 839 920 959 976 733 996 
447 343 315 408 93 252 401 445 39 381 221 183 560 509 222 7 592 650 678 690 727 740 766 768 817 909 998 307 892 
226 12 478 402 279 32 691 788 917 927 126 221 
500 201 142 519 346 240 308 166 354 463 24 558 606 675 699 949 954 67 714 
61 527 17 393 15 375 59 536 384 181 363 246 45 248 242 159 184 456 577 613 615 632 654 673 704 823 827 900 489 808 888 915 
235 29 386 18 99 377 272 209 128 230 524 173 118 504 218 551 30 369 370 488 451 293 490 583 595 609 653 663 732 753 870 904 930 982 987 1000 208 52 606 862 
133 425 11 598 634 701 713 797 830 896 696 966 
168 199 67 4 8 254 316 170 582 681 754 758 799 811 835 894 953 640 755 
93 343 77 126 592 624 727 768 939 497 730 
221 183 63 447 381 93 678 719 727 902 909 297 488 
443 425 36 25 163 420 442 306 598 701 713 748 778 797 830 854 583 
388 207 330 344 541 76 4 325 108 452 582 702 758 777 801 808 824 835 852 876 894 901 918 933 953 336 447 
322 449 351 523 205 236 145 223 141 392 86 10 630 639 696 741 770 836 938 54 72 889 
73 136 505 255 112 40 82 585 664 709 720 805 841 850 978 114 
375 70 399 256 15 567 64 472 393 61 248 687 827 862 881 900 401 468 
413 314 562 282 437 290 454 471 115 602 605 724 765 847 853 888 891 992 287 512 
42 327 134 550 302 552 161 121 557 92 313 410 326 237 556 433 368 41 265 214 415 202 608 617 622 626 694 749 776 787 833 880 886 912 937 940 952 143 67 39 460 777 
154 203 340 538 250 136 20 27 19 73 129 13 329 585 664 850 907 955 105 194 598 
559 488 34 79 266 551 656 761 825 963 987 507 827 
199 296 574 570 262 4 683 856 901 918 658 862 
192 230 99 347 373 18 293 303 74 370 568 524 209 300 508 162 79 451 30 14 220 488 266 117 377 235 595 698 728 732 753 761 771 815 855 870 906 956 963 982 987 351 573 135 962 
408 37 7 381 143 592 719 727 767 844 915 939 827 853 
395 154 255 580 497 104 90 82 538 73 19 366 340 350 505 260 576 136 664 679 685 693 709 720 733 744 757 760 764 798 820 841 928 955 978 83 423 78 507 
32 402 263 110 691 773 775 788 917 927 154 207 
291 324 307 107 382 140 629 726 730 765 89 954 
196 429 540 176 239 539 89 832 842 774 
213 400 127 446 511 269 459 197 544 594 600 628 707 718 807 864 873 887 995 13 89 768 
314 291 81 261 413 282 649 847 908 91 410 
28 498 544 531 53 100 197 299 496 400 594 791 887 964 975 111 260 
401 289 7 584 423 143 88 301 554 77 39 408 54 445 191 564 571 624 650 660 669 678 706 722 766 767 768 769 875 909 915 962 998 71 541 707 
160 412 264 378 298 358 180 633 920 380 
127 495 591 311 466 544 100 299 44 589 485 404 506 459 467 53 197 400 269 144 212 621 640 655 686 718 736 737 746 780 781 782 789 867 873 883 887 964 981 995 490 483 313 830 871 
451 216 303 128 568 504 209 79 118 219 74 220 293 369 524 230 175 192 16 58 583 609 663 697 698 732 753 761 815 870 906 956 982 987 517 144 480 754 
429 89 416 239 195 156 297 539 832 842 944 379 918 
453 231 528 646 763 804 945 958 999 450 
425 133 521 306 25 514 573 2 283 36 163 406 277 569 105 634 701 713 748 774 778 797 814 830 854 872 874 896 897 980 994 312 580 395 978 
355 517 188 372 113 35 614 667 692 858 314 765 
400 459 466 44 467 28 197 589 628 737 789 846 860 887 892 898 692 
263 12 286 455 310 32 319 227 788 645 762 
261 109 469 382 421 282 411 66 81 314 268 107 140 413 379 454 290 115 164 364 189 398 3 578 562 629 726 730 796 809 847 891 948 974 992 993 326 79 371 954 
42 92 327 41 622 626 787 912 940 192 900 
398 62 471 382 109 469 167 605 730 812 888 891 948 993 120 887 
307 421 167 424 228 604 107 578 290 342 724 802 809 908 831 858 
513 308 24 111 468 142 361 158 346 151 566 166 354 652 675 689 699 703 743 759 816 905 911 913 949 954 979 221 568 180 
146 95 190 475 491 171 285 784 790 794 800 848 861 469 719 
41 42 326 556 313 362 169 121 92 302 244 161 134 550 579 265 51 368 415 612 617 622 626 694 749 776 787 821 869 884 886 940 984 194 76 1000 
377 128 218 293 209 595 568 18 192 524 708 870 963 987 401 783 
358 180 532 298 160 638 839 920 990 177 
483 458 10 480 434 465 392 145 273 204 9 101 696 779 85 228 
42 161 92 326 608 237 327 557 694 787 100 499 
83 295 270 375 181 567 546 545 155 356 184 64 363 159 527 193 45 525 393 472 615 632 654 673 687 704 747 795 823 827 838 857 925 961 971 136 478 206 486 
355 517 321 403 435 188 35 372 276 157 113 102 267 96 116 75 280 457 464 516 522 599 667 692 695 717 729 742 762 819 858 929 968 970 185 125 88 766 
233 527 83 45 70 17 274 462 613 193 159 567 456 295 536 399 643 673 712 827 900 925 997 146 44 872 
12 32 279 286 542 263 226 103 232 547 402 110 477 178 310 658 662 716 773 775 788 927 989 524 812 883 
161 579 121 302 244 608 622 749 787 880 420 799 
67 357 484 57 338 333 76 168 152 56 388 292 438 296 254 207 262 432 243 344 642 645 648 668 674 683 702 754 777 801 808 865 889 918 936 677 833 949 963 
99 128 490 14 79 259 192 488 16 293 559 963 179 847 
340 250 13 383 52 664 685 709 733 757 760 798 820 850 879 445 
127 594 31 400 495 746 818 867 887 898 995 12 778 
603 368 433 327 302 608 244 579 556 557 42 313 326 41 169 51 520 202 92 415 214 617 121 626 749 787 845 869 880 884 912 919 940 984 546 516 35 283 
120 339 292 436 199 78 168 642 645 683 811 831 889 291 144 
63 334 381 143 251 77 191 571 509 401 492 423 39 7 408 215 447 592 301 126 647 660 678 719 738 740 766 817 909 915 962 988 420 73 663 977 
185 287 231 123 389 172 374 453 636 763 804 923 931 943 945 560 400 
41 42 326 579 603 313 169 244 622 121 302 433 327 608 265 161 214 550 92 237 749 776 787 880 886 912 984 120 948 985 
527 546 536 193 456 17 70 507 971 75 
600 511 589 100 459 495 44 144 247 53 506 466 460 127 640 718 789 867 893 995 521 442 439 
290 189 602 411 437 228 398 587 726 891 908 916 244 530 
537 523 434 322 341 440 223 204 575 750 967 96 850 
392 205 101 257 9 537 86 549 523 204 418 395 991 
248 159 613 59 83 536 375 567 673 669 720 
298 160 593 358 180 264 638 839 920 124 
569 442 306 598 713 774 830 897 994 463 844 
146 245 171 285 38 676 714 784 790 800 772 807 
185 123 535 625 763 804 923 958 999 938 
120 262 431 648 683 758 799 856 901 417 
160 180 358 264 412 224 106 378 194 426 298 422 633 534 563 85 532 610 688 822 839 920 946 959 976 985 990 467 4 646 819 
518 353 465 145 68 341 10 9 86 575 132 141 367 46 480 223 666 836 817 897 
594 400 459 299 127 466 396 91 53 269 485 48 213 628 212 655 686 718 737 746 782 791 807 818 826 892 903 964 981 349 570 800 830 
481 492 77 408 54 560 660 727 998 70 
8 168 292 359 618 448 501 623 388 333 262 645 758 799 808 895 918 214 975 
615 64 546 375 393 536 15 159 900 961 501 813 
558 111 332 407 166 354 479 308 463 142 652 699 743 783 949 92 
292 262 177 170 344 555 623 618 56 330 120 461 642 376 359 388 681 754 777 824 856 865 901 918 933 601 462 939 
597 231 535 80 763 804 923 931 945 638 
447 143 183 624 84 408 727 817 909 66 934 
8 339 262 618 376 338 637 438 799 901 216 488 
107 249 590 360 290 282 785 853 921 948 110 335 
564 77 251 554 401 592 63 84 408 198 5 482 492 706 722 766 767 768 844 915 295 506 328 
146 245 171 285 304 211 670 676 714 790 794 800 861 863 45 675 
430 644 530 288 229 346 151 24 142 354 519 352 308 463 166 479 201 606 111 689 699 743 759 783 816 913 914 949 44 440 869 984 
551 128 165 568 293 303 18 559 238 982 166 867 
527 15 159 567 536 356 248 61 375 613 795 862 219 771 
210 400 127 640 247 53 144 594 782 791 807 860 887 964 975 13 166 
551 218 476 503 581 192 230 504 419 272 488 74 377 34 18 173 659 708 728 735 803 825 885 184 245 
250 82 154 27 414 497 131 90 760 805 907 942 431 392 
12 110 402 286 227 226 32 477 553 616 542 662 691 773 788 828 582 
551 559 656 561 162 488 128 503 369 234 238 373 672 753 761 771 851 866 982 110 96 251 
7 592 641 401 624 509 251 408 769 915 988 213 914 
290 249 398 724 765 812 877 888 908 921 948 972 846 873 
478 12 279 547 286 455 616 232 319 658 103 402 226 716 788 792 927 187 903 
122 118 508 568 551 595 58 347 1000 472 624 
510 52 620 154 129 395 255 337 40 55 414 585 82 366 329 580 576 260 148 73 136 679 685 700 709 720 725 733 744 745 798 805 813 850 879 907 928 955 133 267 482 492 140 
196 429 89 195 297 176 416 756 832 842 764 866 
205 204 483 9 236 499 371 639 257 480 351 309 741 750 806 882 965 222 805 
355 614 517 599 321 403 435 188 464 116 522 489 96 267 102 276 35 457 692 717 742 762 858 871 929 968 28 922 
8 168 57 618 241 4 108 207 452 431 243 852 901 936 953 156 
509 289 7 592 183 93 423 84 690 768 817 915 939 230 632 
146 475 651 171 294 285 38 676 714 790 800 859 861 863 934 392 
286 110 402 547 553 12 232 32 788 380 
377 293 659 476 419 281 128 524 771 768 
546 567 384 393 632 137 179 375 536 615 356 295 545 456 242 399 159 613 45 246 704 823 827 926 951 997 466 239 
388 461 120 67 618 338 752 808 865 896 
229 354 288 566 530 346 463 308 24 166 430 201 352 407 111 606 361 468 60 258 331 558 500 743 783 786 911 914 947 949 979 435 551 651 86 
146 651 245 285 171 405 491 38 670 98 294 21 473 427 304 475 26 95 211 190 149 635 714 784 790 794 800 810 848 849 863 934 996 355 130 839 945 
15 384 193 536 70 184 137 83 704 795 823 961 618 987 
289 221 439 37 301 77 63 560 564 381 401 54 572 334 7 592 125 183 624 706 722 727 731 767 909 915 187 131 944 
55 395 329 664 73 510 450 585 19 685 760 798 843 850 91 832 
512 176 539 89 196 156 756 832 842 979 
124 316 436 357 262 570 645 754 777 449 
395 450 119 340 505 760 798 805 840 841 6 701 
501 170 637 207 8 623 438 120 618 338 461 359 432 108 436 376 292 452 431 124 582 147 56 702 834 835 865 894 901 973 162 449 353 998 
387 3 421 360 413 437 314 49 793 796 297 129 
73 82 395 664 40 585 620 679 55 450 505 383 700 705 760 798 805 813 850 907 928 950 955 960 978 174 790 
459 400 210 594 640 53 781 864 867 873 256 741 
248 577 527 393 159 6 242 70 295 545 613 363 233 375 536 134 338 
298 160 358 412 224 426 638 186 378 317 194 264 822 839 920 946 959 990 339 788 960 
479 513 354 346 361 308 463 111 201 652 606 24 332 166 468 530 258 519 151 715 723 743 786 816 911 949 353 40 802 
77 125 669 564 554 401 289 768 915 851 
12 286 110 402 565 227 319 263 658 586 226 32 178 788 828 917 927 983 900 987 995 
355 614 517 321 403 435 522 188 35 157 516 372 102 276 96 116 280 267 667 113 464 599 717 729 742 762 819 858 871 929 968 970 248 600 350 895 
505 40 585 395 19 154 55 720 757 820 907 928 942 955 18 970 
41 608 42 327 579 161 121 557 612 520 313 787 884 160 804 
355 403 75 614 157 517 321 717 742 360 
206 68 47 278 480 273 86 200 322 458 257 486 10 529 205 611 537 46 223 449 575 548 135 741 750 770 837 932 935 967 569 144 471 113 
595 122 377 117 162 551 303 956 982 93 
192 583 377 476 18 504 595 320 284 851 437 193 
463 606 24 558 652 111 346 530 566 644 258 759 783 911 949 123 929 
82 685 73 136 664 395 55 798 907 928 184 894 
573 133 598 425 2 25 569 514 713 778 797 830 854 874 897 682 341 
448 120 574 618 207 76 338 8 501 56 683 388 330 436 721 752 754 801 834 852 856 973 236 778 871 
346 151 558 407 606 111 354 743 911 949 520 974 
613 64 159 45 673 567 295 139 70 677 527 83 536 795 823 857 862 971 465 243 3 
497 136 154 329 685 709 757 805 840 797 
592 650 125 182 423 126 509 678 183 408 401 719 731 738 740 767 915 962 988 998 9 428 361 952 
400 511 466 589 144 460 323 44 269 736 746 772 846 860 873 903 964 981 995 99 592 968 
551 293 504 165 524 234 220 128 609 656 79 728 866 930 956 982 535 726 
585 203 576 414 705 505 664 52 136 329 55 620 112 450 73 395 733 745 798 805 907 950 955 182 967 
411 441 290 382 394 107 72 724 726 730 802 891 948 330 756 
559 385 128 504 503 753 771 825 956 247 727 
393 83 17 545 615 150 248 375 256 70 507 857 777 978 
25 598 425 133 442 306 406 573 569 36 420 521 2 163 533 283 11 277 701 634 443 748 774 778 797 814 830 874 896 897 980 994 70 474 264 446 
146 245 285 171 335 635 38 149 294 98 670 651 95 491 676 784 790 794 800 810 848 849 859 861 863 934 996 165 566 752 
689 288 463 111 151 308 519 346 786 382 
12 263 110 286 227 402 32 616 662 775 788 927 738 936 
355 614 517 692 321 403 435 280 667 695 157 102 188 113 35 116 96 267 464 522 75 742 762 819 858 871 929 968 112 719 774 775 
100 44 594 467 299 640 197 459 210 247 544 48 53 628 589 97 487 127 873 892 893 964 975 995 306 71 999 
183 624 221 706 560 572 584 727 739 766 767 817 875 902 717 607 
576 154 538 19 395 693 104 505 664 55 203 585 13 733 805 820 878 955 632 555 
177 702 501 170 4 120 199 831 865 123 
77 482 183 221 592 88 678 445 408 650 731 766 767 768 902 909 915 830 940 
229 24 308 689 166 354 151 500 905 949 979 53 851 
22 424 164 107 471 661 578 421 413 94 66 515 81 411 444 268 562 710 469 305 605 72 49 437 342 454 793 796 847 888 891 908 977 993 904 971 981 989 
55 664 450 19 329 395 82 760 798 805 431 283 
587 562 469 629 471 249 411 382 342 49 421 602 710 290 94 307 167 413 796 812 948 966 25 708 775 
7 215 93 571 423 143 126 572 481 182 482 77 584 222 641 719 564 221 191 289 401 39 447 509 439 678 647 125 84 738 739 740 766 767 902 915 939 988 711 2 469 751 761 
272 118 219 99 656 583 320 14 488 708 79 771 906 987 1000 197 135 
355 614 517 102 321 692 113 435 762 968 15 186 
3 167 602 22 228 314 360 268 441 424 307 382 471 710 604 587 379 66 454 390 802 847 891 908 922 974 977 993 571 270 322 797 
334 77 289 251 706 7 481 143 408 439 183 215 560 678 722 739 769 844 909 210 341 389 
451 18 583 192 568 281 595 74 753 761 44 197 
90 709 82 505 585 13 136 664 720 73 340 383 620 55 119 40 744 745 757 760 805 840 841 879 955 524 563 951 
41 327 42 313 169 410 121 244 161 214 92 749 869 880 912 940 901 
216 419 259 128 230 656 870 956 987 189 
543 594 707 212 495 144 887 975 995 286 
91 48 404 174 640 467 210 600 495 44 31 594 746 807 846 860 903 964 356 763 
401 84 222 423 215 706 624 251 727 482 560 289 334 740 755 767 817 909 962 998 716 521 787 
381 221 492 183 731 88 289 719 727 817 909 915 437 973 
624 738 401 93 706 191 88 564 39 408 334 301 221 343 727 251 767 909 372 
328 449 47 253 206 480 575 205 518 351 392 141 380 132 318 204 145 440 312 10 696 458 409 666 434 770 837 986 42 456 686 906 
355 614 517 692 717 403 321 435 157 188 372 113 267 116 276 516 102 695 457 667 75 35 522 280 762 858 871 929 968 970 398 552 557 887 
60 530 606 689 463 644 258 519 703 346 166 675 111 354 201 479 652 914 949 56 218 94 
350 585 329 337 136 733 664 820 841 321 
73 345 510 129 505 733 154 255 664 414 337 709 250 55 131 805 840 841 924 942 955 422 397 791 
459 247 460 466 467 621 737 400 336 544 707 640 594 404 791 873 887 903 941 975 471 787 971 
242 546 536 248 6 375 155 363 246 159 613 61 70 527 862 956 
36 713 277 573 598 25 163 425 830 858 
41 42 327 579 520 622 608 313 169 161 617 626 433 550 302 121 362 134 734 552 244 265 92 557 410 787 821 845 869 880 886 912 919 940 984 377 463 512 27 
696 200 204 217 341 666 309 630 141 71 480 868 967 262 176 
508 303 524 16 238 220 272 870 956 727 
674 8 262 376 67 120 124 438 4 452 388 147 168 325 243 432 702 754 831 852 865 894 973 714 425 806 
583 488 732 559 503 117 373 99 508 451 568 58 14 209 370 595 303 711 659 128 761 855 963 982 544 975 
292 262 241 681 702 124 438 618 207 432 752 338 645 502 296 4 570 359 388 831 865 889 894 901 933 973 291 595 817 
182 88 222 289 738 560 445 423 198 767 875 998 570 61 
196 429 89 416 176 195 539 43 239 680 512 271 665 540 297 832 842 890 710 852 861 
112 705 693 260 13 82 203 450 733 620 90 395 585 760 798 841 850 878 955 562 306 846 
574 376 436 330 120 168 431 152 262 637 570 87 78 642 811 865 933 363 
699 354 308 463 513 346 111 468 652 166 606 949 969 302 360 
27 255 757 395 329 52 733 585 657 112 104 450 337 154 55 350 119 340 136 19 620 679 250 73 685 682 510 725 805 820 840 841 843 907 928 942 955 244 317 281 166 952 
732 293 34 238 583 369 659 595 377 581 524 451 128 753 419 79 284 956 1000 142 48 727 
355 614 517 692 742 321 717 403 435 729 188 372 157 667 522 102 113 96 75 858 871 968 601 181 778 
625 636 287 646 453 389 528 374 65 185 535 597 428 231 172 138 80 804 923 931 943 945 958 999 737 460 480 799 
154 55 585 395 350 255 345 20 27 805 907 928 950 665 107 
587 189 578 115 661 379 411 793 948 599 
5 722 554 401 719 182 77 564 447 509 39 126 183 727 592 624 650 198 343 88 767 768 902 909 915 962 200 614 161 
481 221 722 766 727 650 706 423 77 755 439 301 88 592 334 678 63 740 183 719 37 447 93 408 554 222 251 401 584 738 5 182 191 7 125 381 252 817 902 909 915 939 456 821 907 921 
492 408 481 39 690 509 183 381 571 251 289 401 84 592 301 37 766 650 669 722 564 560 77 769 817 844 915 589 672 488 
768 731 592 660 401 93 554 481 844 385 
322 353 392 273 458 696 575 86 367 278 365 741 205 341 9 806 965 967 160 782 
238 583 672 30 303 377 218 659 559 74 128 728 275 300 711 162 870 930 963 82 98 654 
707 269 100 511 400 466 860 883 893 635 
658 32 110 286 12 542 226 586 310 455 279 402 470 616 547 227 788 280 982 
36 713 598 425 2 306 634 133 420 797 830 896 994 717 588 
232 616 32 716 310 402 586 110 263 12 286 927 717 726 
579 362 608 134 42 626 787 845 869 790 
501 681 452 330 168 645 618 388 574 124 87 541 376 431 120 108 894 895 39 712 579 
283 425 533 573 306 713 598 701 514 420 36 2 163 406 797 814 830 872 896 980 994 702 762 621 
611 380 145 309 434 10 46 257 465 848 
197 459 31 594 400 269 782 791 893 964 995 154 438 
299 53 496 400 686 91 594 466 247 485 782 807 846 860 864 873 887 898 6 51 834 
655 91 153 780 213 487 640 594 781 396 860 873 975 770 845 
346 308 354 151 530 675 519 644 652 166 699 60 463 558 911 914 949 609 292 
146 676 714 171 635 211 38 26 285 607 790 800 863 996 248 133 
282 49 167 342 107 649 424 802 891 860 
346 530 354 308 463 689 558 519 332 468 675 258 111 715 905 949 969 979 
41 42 327 579 749 237 608 202 603 776 626 121 557 433 92 302 410 694 612 362 214 313 622 617 161 51 550 244 821 845 869 880 884 886 912 919 940 984 746 398 738 152 356 
12 32 402 110 286 227 616 455 226 691 773 565 658 542 279 716 478 477 310 586 232 662 319 547 263 103 601 553 178 671 792 828 917 927 983 989 688 520 299 987 
400 594 197 498 127 600 628 846 864 412 
146 607 245 714 171 285 335 427 38 670 294 651 784 304 149 473 190 21 98 475 491 26 211 635 676 794 800 848 849 859 861 863 934 996 685 242 776 554 
336 269 197 655 459 311 28 591 506 780 127 640 212 144 91 495 746 53 44 818 864 867 873 883 887 941 188 745 463 
788 227 226 662 402 279 110 32 983 865 
22 765 189 724 411 49 391 437 398 684 908 922 948 557 807 
790 676 95 285 304 294 38 651 335 714 473 245 475 607 146 800 848 849 934 996 127 531 384 
246 208 704 375 527 472 677 613 654 857 961 997 77 465 
724 282 360 726 684 602 290 94 411 228 115 66 307 23 802 847 877 891 972 977 842 843 910 
598 425 133 442 778 306 25 36 573 774 277 569 105 2 533 521 420 11 163 283 406 443 514 713 701 814 830 854 872 874 896 897 980 994 199 730 705 451 
685 366 757 505 250 664 709 725 679 585 73 395 154 13 148 620 55 700 82 340 682 350 450 805 850 879 924 955 461 290 48 982 
436 642 637 570 448 292 648 120 338 207 262 865 936 953 763 617 
146 790 676 245 714 427 475 335 784 651 794 405 670 607 473 171 95 149 304 285 491 294 98 635 848 849 863 934 372 640 440 79 
702 207 618 262 574 292 57 501 376 865 536 10 
22 305 796 62 291 81 785 390 314 605 730 66 474 72 469 411 228 441 290 471 167 69 710 107 109 809 847 891 908 948 977 689 118 10 831 
559 551 74 16 79 303 656 825 866 454 
763 646 636 185 528 453 123 231 389 625 65 80 172 535 138 597 923 943 945 958 999 178 694 195 
576 260 395 19 136 154 350 129 760 538 709 340 27 664 82 505 13 329 764 733 685 52 745 798 720 725 657 366 705 55 682 840 850 879 924 928 955 270 390 666 218 169 
480 217 341 770 666 392 9 322 223 752 184 
44 100 174 31 506 737 269 543 655 97 495 640 589 48 459 781 247 466 400 846 860 864 883 887 892 898 941 793 635 857 988 
618 452 642 432 292 333 674 574 541 78 376 431 262 199 831 852 876 901 189 567 33 
49 602 605 398 802 454 411 471 992 558 
405 146 211 245 714 676 38 335 934 996 352 99 
333 243 570 56 67 758 501 623 852 894 534 41 
604 661 474 515 261 107 726 444 877 616 451 
505 664 136 73 395 82 55 685 843 850 879 907 955 643 514 
713 598 133 36 797 778 442 830 854 404 
162 595 128 99 583 238 18 397 79 975 
606 519 689 558 240 530 331 468 407 166 346 479 24 652 111 914 255 
401 482 54 183 445 198 251 381 423 719 408 624 221 739 77 669 647 768 509 222 564 88 5 738 7 767 844 909 915 988 639 258 754 908 
400 213 48 621 100 791 485 396 506 44 640 460 459 975 503 925 
355 614 517 692 321 457 717 188 403 858 871 638 112 
148 40 154 260 620 760 585 744 340 136 73 720 693 874 912 
749 41 608 787 327 313 302 244 51 940 767 204 
638 378 412 688 180 264 160 426 839 920 946 959 990 369 477 
525 677 248 17 536 567 545 15 295 139 673 59 704 64 393 613 83 546 472 208 507 857 926 383 859 
199 108 438 120 645 292 431 574 555 102 204 
370 711 235 581 656 377 369 386 803 320 128 18 162 559 385 885 906 956 982 106 334 54 
459 53 511 210 466 44 640 860 903 975 471 242 
45 6 577 615 233 673 567 536 613 70 256 375 181 295 472 83 184 971 581 584 
788 12 658 32 402 286 542 226 691 110 927 392 858 
68 205 253 9 10 392 480 132 365 473 532 
797 713 598 425 133 778 442 306 573 36 25 701 420 774 521 2 105 533 569 277 814 748 634 514 443 406 283 163 11 854 872 874 896 897 980 994 594 147 722 640 154 
494 388 721 376 555 754 170 752 348 207 78 501 296 808 502 438 623 325 865 605 235 802 
196 429 89 416 176 539 297 195 756 239 680 596 526 43 156 665 512 271 588 842 899 944 991 679 846 
41 169 42 313 410 579 327 362 869 618 
683 207 357 388 702 296 168 856 865 257 781 
683 502 541 574 570 292 330 865 876 953 218 996 
639 458 68 465 101 575 10 480 440 868 85 864 
696 341 205 9 371 10 349 440 537 518 741 493 257 71 365 932 553 927 
17 150 375 15 295 159 384 613 926 154 
638 358 180 160 264 563 412 688 378 426 106 224 194 633 298 610 534 532 186 822 317 85 920 946 976 985 990 119 676 963 
505 104 55 395 73 760 20 745 733 682 705 329 112 805 850 907 955 475 869 
250 13 136 395 417 131 585 744 682 345 154 19 73 760 757 414 40 383 745 576 82 733 329 843 850 928 955 183 322 357 925 
429 196 832 89 416 176 539 297 195 756 239 156 596 680 665 512 271 43 588 540 526 899 944 991 368 796 308 478 
73 841 813 119 760 329 679 340 383 878 796 887 
7 509 126 769 650 731 221 63 222 423 482 77 401 182 584 768 817 334 915 988 634 75 946 
327 42 41 237 749 556 121 776 161 787 51 557 622 869 886 952 542 782 
210 781 807 336 97 299 543 404 31 600 789 53 400 197 506 127 707 737 496 873 883 887 893 975 995 832 757 661 
379 590 3 730 444 107 49 602 413 578 411 342 471 364 802 69 724 398 282 291 796 164 891 916 993 619 946 
146 790 676 794 714 800 26 475 98 607 285 245 861 863 934 996 779 8 
146 790 676 149 21 335 794 800 714 475 467 199 
580 685 538 19 620 131 73 329 13 203 82 841 260 840 813 798 805 505 679 757 576 664 154 129 104 395 27 907 928 960 630 409 402 16 
659 559 698 162 128 235 209 79 982 690 723 
359 808 168 502 668 494 574 702 262 388 177 811 78 555 338 752 243 452 147 865 894 918 953 973 756 552 
649 94 469 398 578 413 282 891 908 916 948 584 108 
830 797 133 25 814 521 598 701 573 163 897 994 107 967 
559 218 476 753 209 117 508 583 79 128 963 455 857 
78 432 120 262 834 348 637 702 645 376 582 865 182 212 
823 795 150 472 248 363 712 83 184 456 45 536 59 545 399 356 613 242 70 15 295 384 704 393 527 462 881 926 997 807 122 855 5 
355 614 517 692 742 321 717 403 599 667 188 762 280 435 157 35 96 457 113 75 372 116 819 102 464 489 871 605 748 828 459 
146 790 171 38 714 405 670 294 211 95 934 823 361 
44 323 781 396 48 153 466 543 400 737 31 772 127 655 782 826 807 600 707 210 544 487 459 531 867 873 883 887 892 903 941 964 975 995 546 785 209 333 
146 790 21 245 714 651 171 607 670 848 491 341 756 
654 462 363 150 15 747 45 536 193 248 704 61 83 577 295 582 568 
146 790 784 800 171 245 335 670 473 190 26 676 714 95 848 98 651 285 934 996 2 263 332 
459 495 197 323 686 311 807 791 466 789 589 446 781 873 893 898 964 975 995 836 342 408 
834 835 348 120 114 78 502 758 831 254 124 376 168 438 87 338 243 501 799 541 721 645 8 461 752 130 618 674 292 177 76 852 67 330 754 856 4 683 801 147 199 889 894 918 953 430 276 792 
79 559 192 659 99 803 708 904 987 519 665 
459 269 791 628 495 53 860 466 686 210 174 621 485 594 873 964 975 981 653 195 528 
341 205 836 409 145 486 434 750 349 922 
41 362 787 169 410 608 776 202 121 161 265 622 749 433 326 134 552 833 557 237 734 845 327 42 244 313 520 92 880 884 886 912 919 937 940 984 840 363 652 917 
386 29 175 561 583 568 524 595 18 451 735 609 551 751 370 771 956 354 470 
355 102 517 692 742 321 717 858 403 819 267 435 762 372 157 667 113 188 457 968 70 702 594 
830 442 598 797 425 11 133 778 896 615 
97 860 466 867 746 791 48 44 460 846 594 781 782 543 718 496 589 446 31 707 864 686 941 975 492 661 537 
830 797 442 598 425 420 36 713 283 701 366 820 
755 222 481 221 408 183 592 719 915 86 220 
292 325 432 835 78 574 338 808 438 895 936 308 437 
379 398 474 454 796 360 661 307 812 921 992 527 423 
720 505 40 843 82 757 924 942 955 356 546 
20 55 805 250 798 664 148 350 620 813 505 733 928 476 246 
579 433 869 617 622 41 787 749 557 313 265 161 734 626 262 403 
525 159 61 577 184 83 181 15 857 365 
480 86 71 666 318 465 341 392 46 537 932 541 382 
807 594 31 459 467 511 299 860 772 400 404 144 323 846 213 791 506 197 495 887 892 975 995 616 346 
41 869 161 608 313 694 326 787 302 622 42 297 117 
128 18 74 33 386 524 559 656 825 309 
244 869 787 845 550 121 41 134 749 433 608 579 265 327 626 313 408 
544 336 44 212 883 400 487 299 91 543 53 511 781 485 210 846 591 460 621 459 589 495 807 600 197 466 655 174 446 791 860 736 594 746 903 941 964 975 981 995 742 843 248 333 604 
441 382 342 562 604 324 469 661 290 578 411 1 394 724 921 948 972 567 
618 168 199 555 262 120 114 147 754 501 865 67 87 623 575 939 
416 196 429 539 271 89 195 756 176 156 543 413 
62 853 268 164 49 342 437 107 189 785 802 394 796 578 604 724 710 398 72 424 515 602 730 411 847 629 81 413 908 916 922 948 972 974 479 944 964 
807 640 883 269 53 860 600 506 718 543 975 564 961 
718 459 197 495 144 846 864 772 400 299 100 127 780 628 177 407 
574 502 432 754 777 207 330 348 570 431 177 170 865 752 376 333 120 130 811 683 852 895 933 936 538 700 518 
642 339 555 357 501 484 894 120 777 4 876 152 207 128 692 
830 797 2 598 442 105 774 713 425 872 514 25 778 133 533 569 980 994 674 98 205 
830 797 634 701 425 133 854 105 306 521 713 598 514 420 406 36 994 639 
864 600 210 197 807 400 781 621 31 396 120 942 
842 196 429 176 832 89 297 195 416 156 539 8 155 
527 567 384 64 70 242 615 456 525 15 577 83 643 393 375 536 6 925 971 240 691 603 
57 120 241 357 668 501 438 78 808 207 574 637 645 648 147 338 494 152 124 754 582 376 168 683 170 933 734 24 188 
727 381 143 289 77 766 767 554 423 719 722 572 401 909 915 942 
498 707 826 746 144 466 487 299 127 269 31 860 97 737 467 459 311 640 174 887 964 8 387 662 
568 175 209 128 266 30 866 956 963 724 138 
346 308 258 558 463 229 723 786 468 606 354 240 166 914 949 369 505 
272 128 825 595 259 728 583 524 987 741 92 
685 260 764 850 813 148 366 55 73 693 329 580 20 136 700 760 664 840 82 709 657 950 955 209 767 
290 424 398 515 109 94 802 853 22 471 590 793 661 629 261 107 382 441 469 437 413 724 605 360 305 282 167 3 891 730 228 916 921 922 972 992 393 817 522 195 
767 408 572 647 423 731 766 381 481 401 739 817 251 54 482 592 678 125 624 126 88 564 93 289 738 7 301 63 215 740 722 902 915 237 116 329 
206 440 328 341 537 465 351 141 236 9 518 486 548 392 796 394 
699 166 24 331 606 308 346 151 111 783 675 288 530 703 689 201 513 354 463 949 954 511 128 18 
869 42 749 202 787 244 237 579 415 622 134 92 603 626 161 265 326 734 820 466 355 
652 166 240 24 519 111 354 332 308 530 346 407 606 914 949 979 136 49 
346 166 513 743 913 652 816 558 783 905 675 158 660 556 
481 63 678 817 706 909 768 767 624 222 439 727 77 660 289 251 221 126 215 183 650 301 739 401 5 225 125 902 844 592 509 690 445 766 875 584 669 84 88 182 447 722 381 988 440 168 567 80 288 
261 382 81 189 22 891 398 471 167 413 847 629 853 908 922 948 993 65 277 
788 227 691 565 110 232 12 586 927 132 869 
852 574 120 865 645 177 501 262 4 78 207 642 56 618 359 432 124 8 582 338 596 161 37 
749 326 787 42 92 869 622 327 302 262 391 
839 638 358 180 160 264 593 688 378 194 106 224 822 298 422 186 532 563 610 633 85 412 946 959 985 990 206 61 
437 908 107 382 471 877 888 649 661 948 767 351 
94 421 908 469 189 411 891 793 916 398 730 3 441 667 868 
763 804 528 646 287 389 636 374 185 428 172 625 931 943 945 958 999 234 378 
131 329 154 395 73 136 798 805 745 878 960 426 282 
613 242 536 45 456 70 900 61 615 951 971 841 818 
673 857 248 375 823 527 838 363 536 59 490 161 
788 12 279 110 402 917 586 616 716 263 691 470 477 662 32 310 828 286 775 232 319 542 565 989 383 837 509 
414 805 850 879 841 693 55 585 82 104 329 450 664 154 340 20 136 700 73 685 112 764 337 760 955 519 32 
355 614 321 667 113 517 372 403 717 435 742 188 692 489 75 970 350 699 
79 209 771 320 29 568 175 377 58 708 956 987 321 354 
763 172 646 625 374 428 287 923 528 958 523 150 
341 696 205 204 523 882 537 418 549 837 353 46 392 434 86 935 965 378 192 
645 894 339 901 758 78 754 170 574 26 
146 790 676 800 714 863 491 245 335 171 427 285 848 211 670 475 859 38 794 810 21 405 375 515 647 
10 204 392 46 696 101 932 9 967 35 
799 618 57 199 894 8 147 668 876 540 716 
92 869 42 244 327 214 579 313 169 984 508 107 
141 575 537 529 409 365 380 967 986 82 636 
767 669 571 584 509 221 222 423 447 408 727 889 645 
41 787 92 327 202 622 51 749 608 734 433 579 42 869 821 603 121 161 452 722 379 
887 53 873 791 97 746 807 860 981 321 217 
82 340 13 878 657 52 760 329 745 73 693 955 902 898 
763 428 65 453 923 804 625 123 999 441 
842 196 429 89 832 416 271 297 596 539 195 891 678 
763 804 65 172 625 535 80 453 287 231 389 528 374 123 597 138 646 923 958 999 17 459 676 
839 638 920 160 358 378 264 186 822 106 180 426 688 412 194 532 317 959 985 990 513 847 844 
166 430 354 675 258 24 308 463 142 558 346 979 171 1000 
726 115 765 72 81 364 66 290 793 891 398 424 921 602 94 282 649 802 437 390 22 413 421 23 661 604 853 49 710 167 888 916 966 131 104 211 626 
346 463 354 240 743 723 759 513 111 606 407 675 699 519 308 652 558 151 468 566 703 644 229 166 786 689 332 905 913 911 783 258 954 618 241 76 959 
366 505 55 345 764 350 709 19 82 250 907 685 340 413 171 
45 70 546 673 15 393 375 181 925 61 83 733 285 
121 327 42 244 579 313 433 845 557 237 41 51 706 760 
574 835 668 852 152 865 570 799 108 559 421 
606 24 407 911 463 346 949 566 332 166 587 602 
585 664 709 82 840 841 383 136 505 366 154 928 260 907 250 757 329 693 720 90 580 798 760 813 417 104 350 395 685 745 450 733 942 73 878 148 805 960 539 46 451 238 289 
870 220 259 58 735 904 559 370 397 583 284 930 320 209 266 711 234 504 451 218 751 128 303 99 708 165 595 118 503 79 825 275 386 761 173 697 561 74 235 963 982 987 747 396 83 367 
124 120 494 114 461 78 130 388 330 413 
763 804 636 945 80 65 597 389 923 931 428 374 535 123 999 983 
822 638 920 160 563 180 85 378 946 186 688 317 534 106 358 532 412 264 990 548 949 488 
82 685 395 955 924 154 505 850 20 73 40 432 688 
462 546 677 242 15 375 184 70 356 208 795 613 643 892 424 
738 706 624 93 447 766 77 509 592 583 209 
99 771 275 583 551 30 192 559 619 581 904 284 300 753 18 609 488 956 855 1000 618 252 839 
511 707 640 860 903 737 460 210 466 336 467 591 887 53 867 44 446 718 594 655 780 97 864 459 975 981 500 235 891 
9 365 353 253 101 770 10 932 46 392 480 518 537 223 666 967 986 129 
387 391 49 562 66 421 69 726 948 10 569 
440 86 409 434 537 9 318 465 750 145 529 523 217 518 458 349 696 10 351 392 141 630 965 770 480 935 101 365 938 261 464 709 854 
355 614 372 35 276 321 717 742 871 435 667 157 762 729 692 403 707 
346 332 786 463 759 158 513 354 979 980 
355 614 517 321 742 35 403 692 929 96 188 693 989 
627 83 356 525 827 613 184 900 248 536 246 925 704 997 724 746 
796 398 661 908 360 888 189 167 891 162 
8 752 702 501 316 147 339 683 114 87 852 4 754 739 40 
730 342 69 602 471 413 424 49 23 107 360 268 164 891 992 993 703 
446 336 53 887 655 746 846 964 531 864 782 826 591 212 466 210 873 100 718 400 153 487 883 127 860 396 892 736 818 506 867 144 495 213 459 256 642 753 815 
358 180 563 194 638 298 839 85 990 103 454 
802 394 724 290 69 140 411 730 22 398 796 314 379 624 518 
104 585 576 505 55 203 685 350 450 73 250 712 598 
346 606 500 913 723 308 675 288 111 519 969 479 361 407 947 786 680 81 
830 778 713 598 133 443 896 425 442 797 105 969 151 
247 867 127 964 197 97 459 210 336 941 48 594 640 707 887 385 724 
16 559 234 595 697 79 192 568 293 33 488 99 18 708 235 490 275 851 508 451 209 370 956 753 524 825 583 653 551 34 659 987 418 798 313 773 
227 110 402 788 12 279 286 792 691 409 958 
41 749 787 608 937 869 557 622 161 265 626 652 141 
839 160 638 180 534 264 920 358 946 626 
135 537 205 10 938 523 741 965 204 508 298 
14 595 930 235 728 559 218 192 259 79 583 581 99 373 609 568 982 735 508 866 162 377 551 906 524 29 476 293 956 677 44 691 788 
915 817 624 844 727 221 660 560 54 39 143 706 554 225 408 266 807 
110 927 470 32 178 788 227 12 616 724 970 
839 422 920 160 610 180 946 264 85 412 688 638 959 976 534 194 298 317 822 358 130 95 400 
842 429 297 832 416 195 196 176 156 364 631 
974 809 469 23 421 602 908 877 578 73 442 
724 916 604 307 107 413 471 602 382 360 730 379 49 847 974 183 
830 797 713 533 598 36 406 442 25 897 425 133 854 634 306 778 896 774 82 199 
466 487 860 299 864 887 44 736 707 400 718 144 153 48 53 404 589 594 621 460 269 628 883 780 846 691 285 393 
475 790 784 245 146 810 335 676 794 294 848 863 427 714 563 835 
248 356 615 179 6 83 536 184 159 673 472 295 45 795 70 971 857 418 249 
183 381 706 37 641 755 592 215 564 408 738 683 1 
763 804 943 945 958 231 453 287 389 535 138 636 528 65 597 923 428 185 28 718 
663 386 963 761 320 568 728 369 490 947 608 
