1000 9861 0
22 140 189 360 437 661 710 793 908 154 787 
36 133 306 443 569 598 701 713 797 830 872 980 994 309 865 
107 115 167 228 282 390 391 398 421 437 444 515 730 847 908 451 
108 147 168 262 296 330 338 388 431 438 448 452 461 501 582 618 648 683 721 752 799 835 852 894 901 936 318 909 978 
39 88 215 423 447 738 766 767 939 556 979 
45 70 155 248 295 356 375 393 456 472 546 615 712 823 838 862 926 997 66 665 770 
37 126 182 183 251 252 315 401 439 447 481 482 509 564 592 624 678 722 727 738 739 755 767 909 915 988 524 788 791 
76 124 147 152 199 292 325 339 359 376 388 431 432 436 570 618 645 681 702 754 777 834 835 852 865 894 895 918 933 936 973 198 619 687 995 
10 46 68 132 187 200 204 205 253 273 278 328 341 351 353 367 409 418 440 465 480 483 486 499 518 548 549 630 639 666 696 741 750 770 779 806 837 868 910 935 938 965 967 986 565 712 826 864 968 
9 71 101 132 145 204 206 257 273 312 341 351 353 365 367 371 392 409 434 449 458 465 480 483 486 493 523 548 549 575 611 630 696 750 779 806 837 882 932 935 965 967 986 18 207 605 626 711 
25 133 425 442 598 713 797 830 994 785 
32 110 226 227 232 263 279 286 310 319 402 455 470 477 478 542 547 553 565 616 658 662 671 691 716 773 775 788 792 828 917 927 989 559 596 708 
20 40 52 55 73 82 136 250 350 383 395 505 510 580 705 720 733 745 757 760 805 850 928 978 356 591 728 
117 219 377 656 663 672 708 815 870 859 
17 61 64 70 139 159 184 193 248 256 274 356 384 393 399 527 536 545 577 613 654 687 704 747 827 838 258 537 756 
34 99 118 128 209 284 488 559 581 583 672 904 403 822 
15 159 248 274 356 527 536 546 613 615 632 795 857 997 303 533 
30 33 58 74 79 99 118 122 128 162 192 259 275 300 320 347 385 451 503 508 568 581 653 656 659 771 803 825 885 956 10 112 817 939 
82 90 154 255 329 350 497 538 580 585 685 720 733 760 805 820 841 850 907 924 928 955 435 655 724 
13 82 112 154 260 329 395 450 585 664 682 709 841 928 955 960 929 
38 146 149 294 651 670 676 714 790 794 800 861 124 353 
1 81 164 291 382 411 424 469 471 602 661 724 802 847 891 908 948 972 992 677 869 900 
360 390 411 413 471 726 796 802 847 853 993 293 433 
60 111 151 166 258 308 331 346 354 463 468 479 519 530 558 606 644 652 675 689 699 723 759 947 954 199 621 791 
11 133 425 443 573 598 713 748 778 797 814 830 896 897 980 994 393 998 
38 95 146 171 245 294 651 676 714 859 76 176 
55 73 82 119 131 136 340 366 585 685 693 733 924 336 967 
31 48 197 299 400 498 640 737 818 883 887 975 995 78 714 
235 370 559 568 583 595 761 771 963 82 
18 79 173 219 272 320 370 377 561 568 656 659 735 930 956 982 713 
28 53 127 269 400 459 466 467 531 543 589 594 791 892 903 981 683 
12 103 110 226 227 232 263 279 286 319 402 455 470 477 542 547 553 586 616 658 662 671 691 716 773 788 792 828 917 927 989 49 91 207 804 
18 58 218 230 293 476 595 711 982 871 
16 79 209 218 488 551 583 708 866 136 159 
102 157 188 267 280 321 355 403 435 517 599 614 667 692 717 742 762 858 425 465 841 
2 277 306 425 442 533 573 598 701 713 778 797 814 830 854 896 332 540 
7 183 221 225 564 727 755 768 817 902 909 915 210 842 
26 21 146 171 245 285 294 335 475 635 670 676 714 790 800 863 934 166 199 
5 183 222 289 381 408 423 492 690 706 719 722 767 768 817 915 962 207 344 
13 73 82 148 250 329 366 395 620 693 709 757 798 850 950 955 111 461 
42 51 92 121 169 202 214 237 244 265 302 313 326 327 362 410 415 433 550 552 556 557 579 608 612 617 622 626 694 734 749 787 821 845 869 880 884 912 937 940 952 984 133 280 548 891 
41 51 92 121 134 161 169 237 244 265 302 313 327 410 433 520 550 552 556 557 579 608 612 617 622 626 694 749 776 787 821 833 845 869 884 886 912 937 952 984 173 224 268 448 584 
89 195 196 239 416 429 756 832 842 300 384 
48 100 127 144 197 210 269 299 311 336 396 400 459 467 485 495 506 531 543 594 737 746 782 791 807 846 860 864 867 873 883 887 903 975 995 483 608 624 957 
6 61 70 139 159 181 248 356 375 456 462 472 527 536 567 613 615 632 673 704 747 823 862 900 971 997 146 449 908 
9 101 132 145 206 223 318 328 341 351 365 440 486 537 548 611 741 770 829 910 967 618 624 887 
145 205 351 392 440 480 486 499 575 910 478 984 
44 28 127 210 396 400 446 707 718 736 781 860 887 893 941 349 532 
69 81 115 167 290 291 305 314 382 398 411 441 471 578 602 605 684 724 730 796 891 916 921 948 977 32 102 416 
64 155 193 363 393 536 567 827 862 73 329 
42 41 161 202 244 265 313 326 327 410 556 557 579 603 622 626 515 693 
13 73 154 329 395 505 585 685 720 725 733 745 955 124 706 
31 97 100 127 153 174 197 210 212 247 396 400 404 459 467 485 495 506 594 600 655 718 746 780 789 791 826 883 964 242 438 837 940 
183 222 225 301 401 408 564 584 650 706 731 767 85 547 
27 13 73 82 119 129 136 154 203 260 329 337 366 383 395 414 417 505 510 585 620 657 664 679 685 709 720 725 733 744 745 757 805 813 841 850 878 879 924 928 950 955 978 226 444 915 929 
114 130 147 199 262 338 339 348 461 484 494 618 642 674 777 953 143 353 
67 147 168 262 325 376 438 574 618 642 801 933 155 392 
18 33 79 192 209 230 504 581 659 866 906 987 132 759 
61 70 179 208 248 295 613 615 673 704 210 945 
24 111 151 308 332 354 463 675 816 626 
59 15 45 83 181 184 193 248 363 375 393 399 456 462 536 546 567 613 704 838 857 881 951 971 382 879 953 
140 282 290 314 324 469 661 730 888 760 
401 408 439 554 564 592 650 706 722 738 767 939 243 709 
50 15 70 150 155 159 242 246 295 393 525 536 546 577 613 673 712 857 620 723 
172 185 231 535 763 804 923 945 999 68 930 
290 314 391 411 441 471 515 710 724 785 793 802 888 6 647 
57 147 177 292 388 501 618 642 758 801 831 835 865 876 889 894 933 957 652 727 
9 101 145 206 236 341 440 458 750 770 836 932 938 65 846 
49 167 249 261 342 391 411 413 441 562 602 847 948 392 702 
45 15 6 64 59 83 159 179 184 193 208 242 246 248 270 274 295 356 363 393 456 462 472 507 527 536 545 546 577 613 615 643 673 677 704 712 823 857 862 881 951 961 997 387 485 535 583 800 
10 205 206 253 392 486 537 666 837 882 938 451 580 
94 107 167 249 360 454 469 602 726 483 
52 27 40 55 13 82 104 112 136 148 154 203 329 340 395 414 417 497 505 510 576 585 620 664 685 693 709 720 725 733 745 760 805 813 820 841 843 850 907 924 928 942 955 978 50 191 468 858 975 
18 79 99 162 192 209 218 238 293 320 347 373 451 524 568 583 609 663 711 753 904 956 982 987 239 466 664 
188 321 355 403 435 517 522 614 692 729 742 858 416 637 
8 78 199 207 333 431 438 461 541 555 574 683 752 754 799 808 895 901 26 212 
84 93 125 126 143 182 221 222 251 252 289 401 408 423 439 445 447 481 554 560 571 624 650 678 706 719 722 727 738 766 767 768 769 817 844 909 915 696 728 830 850 905 
76 114 120 168 170 207 241 243 254 338 348 431 438 484 570 618 642 645 683 702 754 799 831 852 865 894 901 918 933 28 80 142 245 
34 30 58 18 74 162 175 192 209 218 220 275 281 377 451 488 551 559 595 619 656 659 698 751 815 825 851 885 956 982 987 431 654 884 961 
287 453 535 636 763 804 923 931 958 78 509 
49 22 107 261 382 398 424 454 587 604 724 922 948 155 934 
40 55 19 27 20 13 73 104 112 119 129 136 148 154 250 260 340 345 395 450 505 576 580 585 664 679 685 693 705 709 745 760 764 798 805 840 850 879 924 928 950 29 97 166 420 588 
70 61 137 139 159 193 242 246 248 256 274 295 356 363 375 384 393 399 456 462 507 536 545 546 613 615 627 654 687 795 827 857 925 926 971 997 516 688 689 756 
77 126 183 423 439 447 509 624 722 727 767 817 915 988 151 653 
160 180 194 358 412 638 920 985 990 54 164 
101 141 145 204 206 257 322 341 349 365 367 409 434 465 480 639 932 967 133 899 
199 254 338 502 555 752 777 811 856 283 849 
5 183 191 221 222 289 343 408 423 447 564 669 678 727 767 915 189 568 
43 156 176 195 196 239 271 297 416 429 512 526 539 540 588 596 665 756 832 842 890 944 991 434 604 955 
19 154 329 366 395 505 664 679 700 744 841 955 978 298 465 
174 323 400 459 495 544 628 707 718 860 887 892 964 32 982 
41 42 121 161 237 265 302 313 326 327 410 552 557 579 608 612 622 749 787 821 833 869 880 884 952 205 292 386 
77 215 221 222 401 408 564 571 592 624 641 650 719 722 740 817 844 875 902 998 319 536 803 
72 107 228 382 398 411 413 590 602 796 802 847 908 948 974 325 
26 146 171 285 635 676 714 790 794 800 863 934 996 632 830 
113 116 157 188 321 355 403 435 517 614 692 742 871 929 237 491 
53 127 144 213 323 336 400 459 466 495 496 544 589 807 873 887 964 975 995 82 256 295 
146 171 245 335 473 607 670 790 794 800 848 859 372 444 
16 18 74 122 128 175 192 209 216 218 238 300 370 373 397 488 524 551 583 619 659 663 735 753 803 855 870 885 904 956 982 987 195 404 505 741 
44 53 197 210 213 269 400 467 511 594 628 737 860 887 995 646 675 
86 68 10 46 135 200 205 223 257 273 278 341 351 367 392 465 480 483 486 523 741 910 932 935 967 986 175 766 788 
35 321 355 403 435 457 517 599 614 667 695 717 742 858 871 49 663 
32 110 279 586 616 658 788 792 983 116 388 
82 73 250 337 340 395 450 505 664 700 705 757 798 841 950 718 
133 420 425 442 514 573 598 713 797 830 897 994 213 939 
160 180 194 264 358 378 610 633 688 839 946 959 985 144 375 
72 3 81 94 164 167 189 290 307 324 342 364 379 390 398 413 421 424 454 515 562 578 590 604 629 661 710 765 802 812 847 853 891 916 922 948 966 972 993 141 289 440 753 920 
4 120 124 199 207 262 357 376 452 618 831 852 876 895 901 536 
314 324 398 411 413 602 629 724 793 847 908 615 717 
12 32 103 178 226 227 232 263 279 286 319 455 470 477 547 553 565 586 601 616 658 662 691 773 775 788 828 983 989 427 441 781 926 
60 24 151 201 240 258 288 308 332 346 354 361 407 463 468 513 519 558 566 606 675 699 703 723 816 905 914 947 949 40 425 494 616 
73 20 82 337 350 505 576 709 733 843 907 924 960 18 910 
96 280 355 435 457 517 614 667 692 695 717 742 762 858 871 968 210 472 
56 78 147 431 432 811 901 953 973 182 374 
3 49 390 411 421 471 602 730 948 121 131 
96 157 267 321 355 403 517 614 667 692 742 762 858 929 103 824 
14 128 293 369 370 373 551 568 866 352 558 
16 18 128 303 369 370 373 397 524 568 583 609 697 825 870 956 597 704 
82 55 27 129 148 576 664 805 843 850 165 914 
78 108 147 168 170 199 254 292 325 388 431 438 452 484 501 541 555 574 645 648 681 683 702 758 777 831 852 865 889 894 901 933 973 666 917 955 
41 42 92 134 161 202 302 313 327 368 410 520 552 556 579 608 617 622 626 694 749 787 845 869 886 940 115 128 905 
18 99 209 218 266 373 619 672 982 827 
172 231 389 428 763 804 923 931 943 945 162 327 
8 108 152 199 207 241 243 254 262 292 348 388 448 452 501 570 668 683 831 865 894 918 21 52 467 
77 126 143 183 251 381 401 408 482 509 650 817 915 199 397 
125 77 7 84 183 221 289 381 408 624 660 740 767 902 915 988 169 773 
97 31 44 53 48 144 197 247 269 396 400 459 460 466 495 498 589 686 718 807 826 860 883 975 981 349 603 699 
16 99 18 118 117 162 165 173 192 209 218 234 266 281 284 293 303 320 370 377 419 488 490 551 559 561 568 583 609 619 656 708 728 751 761 815 870 885 906 930 956 963 982 987 1000 121 242 602 900 
82 119 55 260 350 679 700 709 805 928 955 204 900 
56 152 177 494 668 683 777 801 831 865 918 190 255 
27 154 337 340 585 664 720 757 841 879 928 115 287 
9 10 46 253 273 392 486 499 611 696 58 479 
11 25 2 105 163 277 406 420 425 442 514 521 533 569 573 598 634 713 748 774 778 797 814 830 872 896 980 994 86 41 456 888 
42 121 161 237 244 313 327 433 579 603 622 626 734 749 787 869 937 243 296 
101 204 206 318 351 380 409 529 696 741 882 624 659 
73 13 55 82 27 148 154 250 260 329 340 345 350 383 395 450 505 510 538 580 620 664 679 682 685 700 720 725 757 760 798 805 820 840 928 955 960 978 34 202 247 480 749 
83 193 242 246 356 375 384 399 527 536 567 577 615 643 712 862 961 614 
172 185 453 597 625 646 763 804 999 248 757 
45 15 83 242 274 295 456 472 525 827 206 397 
1 62 189 342 562 578 602 724 908 992 797 937 
86 187 204 205 236 273 309 328 341 351 365 367 418 434 440 465 486 611 696 741 779 806 829 837 932 967 107 527 893 
166 229 308 346 352 354 468 530 644 675 689 783 954 78 335 
125 77 183 289 401 445 584 641 647 706 722 768 769 909 915 56 684 
127 44 97 197 213 247 299 400 404 446 466 495 543 594 621 737 746 780 807 818 860 883 887 898 903 964 975 981 995 106 281 403 492 
86 46 68 47 10 200 204 206 217 318 328 341 351 367 440 480 486 548 549 630 806 882 938 172 260 908 
98 38 95 21 26 149 171 190 211 245 285 294 304 335 405 473 475 491 607 635 651 670 676 714 784 790 794 800 810 848 849 859 861 863 934 996 45 209 719 762 
114 4 8 120 57 56 67 168 170 243 348 376 431 461 501 541 582 623 702 811 824 852 865 876 918 304 584 919 
119 40 136 82 73 383 395 620 720 733 745 757 760 798 805 840 955 741 996 
146 21 171 245 285 335 475 607 676 714 790 800 810 295 875 
64 256 356 363 462 525 527 536 546 567 677 857 925 234 300 
60 111 24 166 288 308 352 354 407 463 513 530 558 566 689 743 911 949 84 424 736 
130 124 8 177 296 484 623 637 852 393 964 
53 210 400 466 531 591 686 860 864 883 678 760 
73 82 131 20 136 55 52 90 19 250 260 329 395 576 580 585 657 679 685 700 720 733 745 757 760 805 841 850 928 942 955 1 355 442 524 
6 64 50 208 295 525 527 567 615 687 712 827 925 961 57 81 
89 176 195 196 239 297 429 512 539 540 588 756 832 842 899 860 918 
96 35 116 188 321 355 372 403 435 517 599 614 695 717 742 762 858 871 241 
166 308 346 463 606 652 675 783 911 914 456 585 
70 64 15 83 17 45 181 184 193 233 246 256 295 356 375 384 393 472 527 536 545 546 567 613 632 643 677 712 747 795 838 857 900 951 961 971 34 596 707 810 
106 85 180 186 194 224 264 317 358 378 412 422 532 534 563 593 610 633 638 688 822 839 920 946 959 976 168 293 338 852 
42 121 92 51 134 202 237 244 265 302 326 327 410 433 579 608 622 626 694 749 776 787 869 880 884 912 937 940 341 569 758 980 
79 74 18 128 165 218 219 234 266 320 385 451 488 490 503 508 524 559 583 595 659 697 698 728 732 735 753 761 803 825 906 963 982 123 270 683 745 
133 306 406 425 442 514 797 830 854 787 
22 107 189 282 290 398 444 469 474 578 605 724 796 802 891 966 977 85 511 
128 162 209 488 559 653 956 963 982 119 466 
151 24 158 142 201 229 240 308 331 332 346 352 354 361 407 430 513 519 558 566 606 644 652 675 689 699 703 715 723 743 759 816 905 911 913 947 949 969 979 38 82 168 504 839 
3 107 69 72 49 307 342 441 444 471 474 629 802 809 891 908 948 992 869 
4 57 147 120 78 199 207 241 262 333 388 431 438 448 452 501 574 623 645 683 754 758 777 811 852 953 973 166 160 599 749 
42 41 302 362 415 433 520 552 608 622 749 787 833 869 940 984 126 775 
147 78 120 199 207 438 494 501 502 642 702 752 808 894 201 301 
146 26 149 95 38 98 190 211 245 285 294 335 475 607 651 676 714 784 790 794 800 859 863 934 399 720 886 
65 138 123 453 646 763 804 945 999 145 873 
128 30 218 397 524 559 619 653 987 42 
91 53 299 400 466 531 594 640 846 883 887 486 745 
99 79 230 238 377 488 551 619 956 101 749 
89 156 195 196 239 271 297 416 429 526 539 588 596 665 756 832 842 890 899 991 26 791 919 
152 67 130 262 494 574 623 683 865 197 306 
110 227 286 402 616 662 691 773 788 480 
70 59 181 295 527 536 545 613 615 687 795 585 713 
160 106 85 224 264 298 317 358 412 422 426 532 534 563 593 610 633 638 688 822 839 920 946 959 976 990 384 428 944 
61 179 45 159 184 356 546 567 613 615 627 673 900 926 997 473 729 
7 77 183 221 334 401 408 423 447 592 624 650 706 727 755 767 768 817 909 962 114 618 707 
7 88 39 126 37 125 54 143 182 84 221 222 301 315 343 381 408 423 481 560 564 572 624 678 706 731 738 766 767 817 902 909 915 962 988 998 356 372 486 507 557 
15 61 159 70 181 208 242 248 256 270 295 363 375 384 545 567 613 615 747 823 857 410 594 771 
65 138 287 389 428 625 763 804 923 945 958 999 317 561 
160 264 358 534 638 839 920 946 959 244 767 
9 141 204 205 351 480 639 696 986 820 915 
35 75 96 157 267 321 355 403 435 457 464 517 599 614 667 692 717 729 742 762 858 871 968 197 843 997 
140 107 164 1 228 282 398 411 421 444 471 661 724 730 847 877 891 908 88 915 949 
146 171 335 405 475 676 784 863 934 130 
88 251 289 381 481 509 564 647 719 727 738 740 766 915 73 794 
99 18 74 58 128 79 209 238 259 275 293 377 386 451 476 524 551 559 568 583 656 698 708 711 732 825 851 956 963 987 301 375 638 726 
50 15 137 70 83 61 159 248 375 384 393 462 536 567 577 613 627 677 838 997 308 453 811 
85 160 106 358 412 532 638 688 839 920 946 990 543 639 
89 176 156 43 196 239 271 297 416 429 512 539 596 665 680 832 842 890 899 99 362 622 
89 176 195 156 43 239 271 297 416 429 512 526 539 540 588 596 665 680 756 832 842 899 944 991 755 790 
53 144 127 44 28 100 213 323 336 396 466 467 511 594 600 628 640 718 736 737 746 772 780 781 807 826 846 860 867 887 903 964 975 177 188 258 
251 315 381 509 554 647 678 727 738 739 767 768 915 8 585 
168 8 108 124 120 87 56 76 170 207 292 316 344 388 448 494 501 618 645 674 752 754 758 831 865 894 895 24 125 38 360 
9 101 145 318 341 365 392 434 440 480 750 882 965 967 571 602 
166 111 308 346 354 463 558 606 699 743 949 979 170 883 
41 51 121 161 237 327 362 433 557 579 608 622 626 694 749 776 869 136 
73 55 329 337 505 576 798 843 955 559 930 
10 135 9 86 187 141 145 205 206 253 309 322 341 365 392 440 480 518 537 548 549 575 611 630 741 779 836 882 910 932 938 967 129 781 839 897 
204 187 141 9 101 71 47 236 257 278 309 341 351 353 392 418 440 458 465 483 486 493 518 523 537 575 611 639 666 696 741 837 932 965 92 425 509 709 
135 71 68 145 204 10 46 86 236 257 322 409 434 480 523 631 741 770 837 868 965 139 955 987 
78 199 108 124 170 168 76 241 243 262 330 339 359 376 388 431 452 574 618 637 645 668 674 683 702 758 808 835 852 876 894 901 918 936 10 39 32 592 
184 155 59 70 256 356 545 546 632 687 823 857 937 987 
99 58 74 16 79 34 192 165 128 122 218 230 293 303 370 386 476 504 524 551 561 568 595 656 659 663 815 855 963 982 987 146 664 830 894 
53 153 44 100 48 311 446 459 466 487 506 543 686 707 782 807 860 883 903 964 113 37 59 
146 171 245 294 473 676 714 790 861 934 500 674 
53 299 400 466 467 485 495 594 628 686 737 781 791 867 964 76 652 
97 144 197 100 467 495 589 791 860 887 105 307 
41 237 326 327 410 552 608 622 749 787 833 845 880 886 912 991 
93 5 401 408 624 678 731 817 909 700 
99 281 508 559 619 659 751 753 866 612 618 
145 223 236 257 341 351 367 409 440 480 696 770 935 393 998 
33 122 74 79 128 173 162 34 99 209 281 451 559 561 595 619 728 753 855 906 963 318 356 676 
30 14 162 266 293 300 451 551 568 583 753 870 796 999 
79 266 320 503 568 595 659 711 987 286 812 
126 77 93 37 183 182 88 222 289 301 381 401 408 439 445 447 481 492 509 554 560 592 647 678 690 706 738 739 755 766 768 817 875 902 909 915 939 311 342 419 501 645 
93 221 88 183 54 77 39 251 252 334 401 423 481 564 572 740 755 767 768 817 844 272 371 788 
101 46 217 253 278 309 380 434 480 483 537 696 829 441 963 
160 180 264 317 426 610 638 920 946 42 
54 37 408 423 509 592 624 727 988 425 
110 12 32 232 279 286 402 542 616 658 662 671 691 716 773 788 927 983 989 55 299 459 
12 110 32 178 263 286 319 402 455 477 478 547 553 616 658 662 671 691 716 773 775 788 792 828 927 983 521 967 
94 189 3 382 394 413 604 730 993 928 
142 166 258 308 346 354 463 519 530 558 675 783 913 947 954 979 477 
58 175 209 33 275 303 503 524 583 595 708 753 866 885 987 398 475 
123 65 528 625 636 763 804 943 945 355 
12 32 110 226 286 402 565 616 658 662 788 927 360 843 
159 356 375 536 546 613 615 704 925 645 
128 162 503 568 672 732 751 825 987 150 
29 259 284 303 347 397 419 488 559 568 595 656 761 815 956 982 987 1000 615 617 762 
205 68 141 206 217 351 537 548 837 963 
41 214 134 161 202 92 42 244 313 327 433 557 617 749 787 919 96 598 
175 99 74 192 377 551 595 732 753 851 346 790 
196 89 176 195 156 43 297 416 429 512 539 596 680 756 832 842 899 944 74 375 925 
166 111 346 354 407 463 500 513 558 249 777 
124 168 207 78 316 431 648 752 811 157 649 
83 139 70 137 64 184 248 356 375 456 507 527 536 615 654 673 712 857 53 128 433 
124 207 78 147 254 292 325 376 431 438 494 618 642 648 811 852 856 865 63 134 419 
41 237 161 51 134 42 313 327 362 368 415 520 550 557 579 608 622 626 734 749 787 845 869 880 886 912 937 940 984 186 402 528 865 
146 171 98 38 149 211 26 285 304 335 405 473 475 651 670 676 714 784 790 794 800 848 849 859 863 934 996 78 781 829 
70 64 137 83 159 356 375 627 632 827 413 608 
53 144 127 311 336 400 459 511 589 594 655 807 860 873 887 975 136 
184 61 70 17 193 59 242 83 6 45 15 256 356 363 384 393 456 472 527 536 545 577 613 627 643 673 704 712 747 823 827 857 862 900 138 619 841 
72 69 290 444 602 605 802 809 877 908 948 240 951 
104 40 13 154 136 82 329 340 505 620 693 700 709 733 757 760 805 879 950 443 546 817 
125 7 191 198 222 77 289 343 509 592 624 647 660 669 755 844 909 915 340 635 
222 77 7 423 509 706 727 738 767 297 901 
132 223 9 204 71 273 341 365 380 392 480 523 537 548 868 477 800 
124 87 78 243 120 333 348 431 973 522 
19 350 395 497 505 585 705 798 805 955 130 582 
159 248 150 83 15 208 184 375 527 673 823 97 378 
206 217 10 101 205 86 309 341 353 392 434 440 465 486 575 696 837 868 692 802 990 
111 229 24 308 346 354 463 468 519 530 558 606 723 905 911 913 914 947 949 954 969 15 197 269 
192 235 18 568 711 855 885 904 1000 534 
20 136 154 55 82 129 395 497 664 682 693 745 805 850 907 145 364 
69 81 290 382 471 724 802 847 908 325 654 
4 177 168 57 124 56 108 207 292 296 325 338 388 436 438 452 461 502 555 570 574 618 637 642 645 681 683 754 758 799 801 808 831 865 876 889 895 901 918 266 289 414 415 686 
110 32 227 12 286 310 470 477 542 586 601 616 658 662 691 773 788 828 927 737 976 978 
186 160 180 106 224 298 358 378 412 426 593 688 822 839 920 946 959 976 985 990 354 550 687 
42 161 51 41 92 302 313 415 579 749 787 821 833 869 952 287 
162 219 128 220 122 293 303 370 595 609 753 956 262 400 
116 35 188 321 355 403 489 516 517 614 667 692 717 742 858 282 979 
282 307 382 421 441 469 587 629 724 726 765 853 888 916 922 42 
44 31 100 127 336 396 400 459 460 466 496 591 594 600 628 640 655 707 737 746 807 867 887 964 975 258 653 894 
70 184 356 456 527 613 643 687 747 971 162 594 
89 196 195 176 416 429 756 832 842 991 295 710 
30 293 347 385 504 551 568 595 761 222 
141 253 132 9 101 10 318 351 367 465 666 294 624 
83 15 17 70 139 456 472 961 997 672 
230 79 192 18 284 451 488 508 559 568 583 698 803 851 855 930 310 
321 355 403 435 517 522 614 667 717 677 678 
133 36 569 598 701 713 778 797 830 896 504 525 
223 205 101 9 486 537 575 639 666 953 
12 32 110 226 103 286 310 402 477 478 542 616 662 927 989 606 
113 35 321 355 403 517 614 692 717 762 858 41 889 
128 216 79 218 373 451 488 559 708 956 144 882 
164 189 3 268 62 290 307 379 382 398 411 471 515 796 888 908 966 977 267 320 
425 443 521 533 598 634 713 830 994 87 760 
16 128 275 235 320 370 386 551 583 672 771 380 887 
146 171 245 95 38 149 335 473 475 491 607 651 670 676 714 790 794 800 810 848 861 863 934 996 326 752 767 
12 232 110 227 178 32 279 263 226 310 319 402 455 470 477 478 547 586 616 658 662 671 773 775 788 927 989 220 400 408 848 
185 80 528 535 597 625 646 763 804 923 945 958 999 131 265 
151 111 332 354 407 463 513 519 530 652 675 703 905 949 335 562 
143 221 126 251 88 77 39 191 301 401 482 492 509 560 564 572 592 650 660 706 719 727 740 767 768 817 844 902 909 988 262 107 407 664 
107 261 249 66 282 164 49 62 307 314 342 360 411 413 421 437 454 474 578 587 605 661 684 724 726 730 793 809 847 877 891 908 916 948 966 974 292 361 589 645 748 
49 22 324 342 387 398 411 421 471 474 730 802 891 921 993 297 850 
67 243 8 262 199 120 124 338 357 376 431 432 501 582 618 648 683 702 721 777 799 835 856 865 876 901 918 92 290 950 954 
117 266 209 219 192 33 74 128 272 377 386 451 490 503 504 595 609 656 659 735 825 855 906 956 963 982 987 23 160 566 681 
146 171 21 26 38 211 405 475 651 676 790 800 863 996 273 840 
155 184 159 70 83 59 6 64 139 179 375 393 525 527 536 545 567 613 615 677 687 747 795 827 857 862 900 971 97 271 149 395 
262 152 4 330 359 376 388 668 674 683 889 933 134 551 
196 89 176 195 239 156 416 429 512 526 539 540 588 680 756 832 842 890 944 252 291 702 
264 180 358 412 532 633 638 839 920 976 990 90 659 
174 28 44 212 144 311 400 459 460 466 495 498 594 640 655 746 791 846 867 975 226 708 730 
99 219 18 397 476 503 524 870 956 150 43 
183 221 54 289 315 408 492 669 678 719 727 844 192 170 
41 92 169 161 265 42 121 313 326 327 362 433 520 556 557 579 603 622 787 821 845 884 940 952 457 555 746 
235 128 118 266 230 209 551 559 561 568 583 732 735 751 866 956 963 987 17 562 799 
146 245 427 607 676 714 790 794 800 848 859 934 147 830 
49 307 314 360 379 394 649 793 921 598 644 
2 36 163 420 425 442 521 533 598 701 713 778 797 814 830 854 896 897 980 177 438 894 
282 268 167 290 107 305 342 360 382 398 411 424 587 604 649 724 785 793 802 888 891 908 974 213 526 915 
166 158 60 142 151 111 229 24 201 258 332 346 354 361 407 430 463 468 479 513 519 530 558 606 644 652 689 703 715 759 783 786 816 911 913 914 949 954 193 338 590 592 800 
204 205 257 223 141 341 486 499 537 666 741 750 806 932 967 2 395 
12 286 279 263 402 477 478 616 716 773 775 788 275 403 
299 44 247 210 459 466 467 746 807 826 867 964 221 691 
10 322 409 434 529 537 741 837 967 638 
51 134 265 244 121 92 41 237 42 302 327 368 433 552 557 579 608 612 622 626 734 749 787 833 845 869 880 912 937 940 952 984 381 445 575 692 
109 66 290 49 62 305 342 364 394 411 421 444 590 724 726 908 921 948 628 826 867 
7 198 183 301 669 706 722 727 767 834 
199 241 325 338 344 501 831 852 865 1000 
224 180 160 638 839 920 946 959 990 185 771 
145 200 46 135 273 349 351 365 440 486 537 549 630 639 696 938 4 218 
32 286 110 227 12 402 691 788 983 93 
30 74 220 18 284 128 162 451 559 595 751 815 282 480 
35 188 280 102 267 157 96 75 116 276 355 372 403 435 464 489 517 522 614 667 692 717 729 742 819 858 871 929 387 434 715 974 
204 86 206 312 341 480 631 639 696 741 910 932 967 337 787 
197 97 91 459 496 736 781 807 892 964 735 795 
62 109 107 291 398 411 424 605 966 393 860 
316 243 262 120 57 8 344 438 484 501 754 901 94 261 
41 161 302 214 51 92 327 410 415 433 557 622 694 749 787 845 869 940 285 669 
313 42 244 161 121 92 326 202 51 237 41 214 134 302 362 410 433 520 550 552 557 579 603 608 622 626 694 734 749 776 787 845 869 880 886 912 919 940 123 658 706 798 855 
9 46 141 145 392 486 529 770 967 455 583 
20 55 250 73 40 203 136 90 19 52 154 340 345 395 414 505 580 620 685 700 733 745 757 760 798 805 813 840 841 878 879 955 960 50 676 947 
296 207 4 333 438 501 555 618 721 754 777 808 831 865 876 889 901 476 
24 166 346 407 463 699 786 816 949 750 
166 288 111 308 60 346 354 430 463 519 530 606 689 743 786 914 949 36 684 
168 76 330 254 484 570 754 865 889 643 862 
222 182 401 423 554 560 678 767 817 662 
146 245 285 98 171 149 190 38 473 475 491 676 714 790 848 849 859 861 863 934 996 288 142 480 
269 44 247 197 97 400 459 591 737 746 772 781 27 541 
104 112 131 55 203 395 585 657 693 850 955 322 400 
78 87 4 292 316 262 56 339 359 376 388 432 574 618 645 668 702 752 758 801 808 834 856 865 894 308 160 385 
56 338 8 207 448 683 754 865 894 686 
27 136 82 131 73 104 250 329 366 450 505 538 576 664 679 682 685 705 720 798 805 841 843 850 907 928 955 251 613 652 806 
205 322 101 257 217 204 68 46 253 10 200 145 309 86 141 9 351 353 367 371 392 409 434 480 483 493 518 523 537 549 575 631 666 741 868 935 965 967 986 161 544 551 793 912 
167 140 314 290 107 307 291 69 382 421 437 515 578 587 590 602 724 726 730 796 802 877 888 908 916 948 977 221 774 903 
183 88 251 439 509 592 678 727 767 768 875 962 828 853 
316 325 199 376 388 574 674 752 801 39 539 
82 136 329 510 664 709 798 813 879 942 742 771 
166 308 332 240 24 331 201 258 111 142 229 158 352 354 361 407 463 468 500 519 530 558 566 606 644 652 675 689 699 715 723 743 759 786 816 905 911 913 947 949 969 979 238 372 636 847 
18 235 272 74 419 488 559 659 728 464 
78 56 147 124 254 555 758 865 901 948 
86 318 392 449 480 493 537 882 935 967 48 127 
255 136 19 112 129 13 395 505 585 664 733 744 760 798 820 840 878 907 402 649 927 
205 10 187 46 341 135 141 101 47 145 217 318 236 273 9 371 392 434 480 486 493 523 611 631 741 910 932 935 967 375 394 517 808 
151 346 166 142 530 652 689 911 949 117 864 
10 341 205 257 9 392 465 518 575 696 965 21 56 
201 166 308 151 24 346 258 111 332 240 288 229 142 60 361 407 430 463 468 479 500 513 558 566 606 652 675 699 703 715 723 743 783 786 911 913 949 954 264 408 564 695 794 
321 188 157 35 113 267 102 116 96 75 280 276 372 403 435 457 464 489 516 517 522 599 614 667 692 695 717 729 742 762 819 858 871 929 968 970 231 154 680 797 
17 137 233 208 181 45 159 270 15 242 83 150 70 248 246 6 363 375 472 525 536 545 546 613 704 827 857 862 900 183 218 13 804 
292 108 376 541 574 645 852 856 894 547 611 
160 180 264 194 298 106 85 186 378 412 422 426 532 534 563 593 610 638 688 822 839 920 946 959 985 990 423 994 
338 8 207 296 388 645 702 865 918 578 712 
307 1 23 305 290 72 471 602 649 726 793 796 802 847 853 888 921 992 199 232 
166 354 346 111 308 463 519 558 652 675 290 802 
327 302 244 169 202 41 622 626 734 787 869 886 195 904 
248 150 83 70 50 184 61 356 375 384 456 536 546 687 823 857 900 926 571 631 817 
314 107 562 578 587 602 710 726 796 809 974 977 260 545 
200 46 318 86 204 141 253 10 367 371 392 409 480 549 639 696 750 882 379 482 903 
40 55 90 340 27 505 585 709 840 924 589 743 
10 9 217 141 341 273 101 86 145 365 409 465 480 486 537 631 696 566 912 
244 313 121 557 622 749 787 886 919 796 
118 117 377 451 504 508 551 581 732 904 531 992 
209 29 117 266 99 284 118 128 30 524 559 583 595 753 825 956 742 805 
365 10 341 351 392 465 523 537 750 222 880 
355 157 321 403 435 457 489 517 522 614 667 692 742 762 819 858 871 929 968 183 98 346 
99 74 122 117 281 118 524 609 956 589 
528 597 625 636 646 763 804 923 945 958 114 667 
246 83 256 61 233 193 295 184 137 159 6 242 356 45 363 393 399 462 472 536 545 546 567 577 613 615 627 654 673 677 687 747 795 823 827 838 857 862 900 926 951 961 997 106 351 192 239 389 
207 57 344 243 108 296 292 147 338 8 357 436 452 494 582 637 642 645 668 754 758 801 808 865 876 901 957 523 866 899 
175 369 238 79 293 30 128 192 14 488 561 568 711 732 735 761 771 803 825 904 930 956 963 982 1000 398 514 959 
160 358 106 264 412 422 593 610 638 822 839 920 946 959 990 256 995 
282 107 305 424 437 578 649 724 730 891 916 948 974 365 761 
253 223 135 434 440 696 750 910 932 284 982 
126 221 198 191 125 183 39 401 408 481 554 564 584 647 650 678 690 727 731 767 768 909 313 520 778 
342 94 282 49 307 228 268 81 22 261 391 394 437 474 602 730 793 948 974 61 554 991 
13 136 148 55 585 620 664 725 841 850 928 777 946 
193 15 184 159 137 363 248 83 456 527 536 567 615 673 823 827 857 925 926 180 43 891 
272 18 162 488 568 656 761 825 956 1000 338 606 
284 209 192 293 419 503 524 559 583 728 753 771 956 982 92 691 
291 398 454 724 730 812 891 908 993 70 321 
120 344 4 207 67 8 199 296 168 338 262 359 124 432 461 484 501 541 623 642 683 752 777 865 918 933 936 957 103 490 764 956 
123 185 428 528 535 763 804 923 945 958 999 375 909 
23 115 107 3 394 421 726 847 948 952 
3 66 69 382 398 471 602 724 993 997 
253 200 204 10 101 328 71 47 365 257 371 341 132 349 351 205 353 434 449 465 480 483 486 493 499 518 537 548 549 575 631 639 666 750 779 806 829 836 837 868 910 932 938 967 57 69 450 623 890 
70 64 193 6 159 61 15 375 50 248 295 83 507 527 536 546 567 613 643 677 712 795 827 900 926 971 997 324 25 217 152 
314 228 305 390 382 515 604 726 891 908 974 993 351 945 
337 255 350 82 40 329 20 136 13 73 104 55 148 260 52 154 90 417 510 576 580 585 657 664 679 685 705 709 733 745 757 760 764 805 840 841 879 907 950 955 960 309 295 486 874 
44 127 48 53 197 269 466 628 746 860 887 964 995 499 603 
118 300 235 99 173 451 488 581 659 728 771 825 870 956 982 139 125 
307 94 81 291 189 391 49 282 3 109 387 324 107 164 413 437 441 469 471 515 578 587 710 724 726 730 765 785 796 847 891 908 916 922 948 974 993 377 230 432 630 667 
83 15 61 375 137 456 673 747 857 951 171 663 
144 48 100 212 247 153 28 269 127 299 31 174 97 44 53 336 91 404 459 466 495 498 544 589 591 594 640 655 707 718 746 789 791 807 818 846 860 864 873 893 903 964 975 995 266 337 286 683 878 
63 334 77 143 215 222 381 93 7 182 221 125 54 289 408 439 445 482 509 554 564 571 592 624 641 647 669 719 722 727 731 738 739 740 766 767 768 817 844 902 909 915 939 988 602 609 802 870 942 
12 32 286 226 279 310 227 178 232 319 455 470 477 478 542 565 601 616 658 671 716 773 775 788 792 917 927 983 989 350 244 463 635 
355 372 276 75 35 188 102 267 96 116 321 280 157 435 516 517 614 667 692 717 729 742 762 819 858 871 929 968 16 144 310 865 
53 400 144 485 498 506 621 780 864 99 764 
190 294 146 245 670 676 790 800 934 411 
133 163 420 425 521 713 797 830 896 564 673 
166 308 288 151 240 346 331 354 111 500 530 689 759 816 913 979 289 
125 182 215 301 401 221 93 183 225 126 54 381 77 39 63 88 423 492 560 584 592 624 678 706 722 731 755 766 817 902 909 915 939 962 998 286 354 812 892 
341 367 135 9 217 206 365 312 10 86 434 480 965 743 808 
41 42 51 214 327 121 92 326 161 433 556 557 579 608 622 626 749 787 869 184 746 849 
189 23 282 69 109 314 94 66 49 22 291 115 324 290 307 413 454 602 605 629 710 793 796 802 812 847 853 877 888 908 948 972 993 405 778 813 
358 180 264 85 298 194 378 160 426 563 610 638 688 822 839 920 946 959 990 418 522 860 
398 23 109 228 290 107 411 69 94 424 469 587 604 649 710 724 730 796 802 877 891 908 916 948 992 993 246 689 768 
55 73 329 497 745 760 805 942 950 955 262 922 
41 326 169 265 244 749 869 884 940 262 
196 89 176 195 297 239 43 271 429 512 526 539 540 588 665 756 832 842 890 899 944 75 49 688 
55 73 395 580 585 664 682 709 760 798 928 640 854 
141 205 9 480 611 696 938 967 412 792 983 
235 386 128 347 451 508 524 559 595 609 663 753 761 963 982 221 243 
133 406 105 306 425 442 573 598 634 774 778 797 830 897 994 82 552 756 
115 291 290 268 390 189 107 314 342 3 661 684 726 796 812 977 778 971 
160 358 180 378 563 638 839 920 946 959 990 481 815 
252 84 334 183 39 5 408 77 88 182 225 222 439 445 447 481 554 560 571 584 592 650 660 727 766 767 817 909 915 988 998 358 478 724 921 
81 324 107 413 22 307 379 578 590 710 802 948 992 151 559 
133 11 306 25 420 105 163 36 406 283 442 514 521 569 573 598 634 701 713 748 774 778 797 830 872 874 896 897 980 994 35 205 111 225 
180 358 224 264 412 563 638 688 822 839 920 990 429 739 
304 473 651 676 790 810 848 859 934 110 567 
123 389 185 763 804 923 943 945 999 180 783 
196 89 416 176 297 195 239 156 43 271 512 526 539 540 596 665 680 756 832 842 890 899 944 991 426 706 884 
166 354 308 332 479 519 530 558 913 437 973 
114 292 78 241 4 147 207 243 8 76 168 254 120 436 438 574 683 702 752 808 824 852 865 894 936 79 655 995 
8 114 338 292 388 438 570 574 637 721 758 801 811 831 865 398 465 
42 41 327 134 410 161 313 326 237 202 302 169 557 579 608 622 626 734 821 869 880 886 912 937 952 23 242 789 
200 380 86 409 141 341 206 392 223 10 351 312 257 465 480 518 523 529 537 611 631 639 696 741 770 779 836 868 89 321 694 755 
355 321 403 372 113 35 157 102 188 276 96 75 489 516 517 522 614 667 692 695 717 742 762 819 858 871 968 19 546 914 
376 8 262 431 574 645 754 835 865 957 538 963 
1 290 382 379 3 398 342 454 562 629 724 730 796 802 812 891 908 922 948 974 977 430 659 832 
325 262 243 4 76 168 330 432 78 57 120 431 170 448 494 582 618 681 702 752 754 831 835 852 865 957 53 306 784 
343 401 7 84 63 221 423 77 509 731 817 844 902 442 508 
46 145 47 200 141 380 257 318 205 204 217 68 9 458 465 480 486 518 529 611 639 666 741 836 938 967 107 869 973 
69 66 167 268 398 49 471 578 802 877 888 891 908 922 948 972 223 110 
36 11 425 163 133 420 306 105 573 598 713 748 774 778 797 814 830 854 874 896 897 154 439 696 
283 25 2 573 598 713 778 797 830 250 
314 249 3 189 164 167 469 661 802 891 55 98 
77 143 423 401 221 554 564 624 722 313 
210 144 48 544 718 860 873 964 975 614 
221 5 77 84 88 182 7 423 482 554 584 592 624 641 669 706 844 915 567 871 
168 4 124 339 438 199 623 668 752 835 957 42 859 
392 349 10 480 483 523 537 829 837 45 911 
20 104 340 136 82 505 664 709 733 760 841 850 878 907 978 392 595 
281 419 74 218 79 275 162 320 369 192 18 219 397 293 488 508 551 561 595 656 698 708 753 870 930 956 963 3 71 902 992 
108 124 207 4 376 262 168 120 618 623 642 752 865 894 729 966 
172 80 138 528 535 625 646 763 923 931 958 193 569 
387 437 81 411 72 290 107 793 796 888 470 821 
227 402 110 12 32 286 547 788 927 328 
45 274 363 83 139 6 70 399 248 242 384 270 61 527 536 545 613 823 857 158 133 642 
355 372 102 188 113 517 614 667 692 717 742 302 693 
68 440 205 10 549 666 696 779 837 932 965 967 876 961 
269 97 323 247 31 336 299 44 311 210 53 91 400 127 460 466 485 495 498 543 589 600 621 640 746 772 781 826 846 864 867 873 883 887 903 941 964 975 226 534 579 790 947 
269 459 127 299 543 589 591 594 600 718 873 887 892 893 665 948 
262 388 4 147 56 76 541 674 683 856 40 666 
83 61 70 150 375 45 193 527 536 567 577 654 677 687 704 961 696 768 
346 60 201 354 240 308 361 111 151 229 158 331 288 258 24 332 468 519 530 558 566 606 652 689 699 703 743 759 783 786 816 911 914 949 969 979 402 511 857 898 964 
355 188 321 517 614 692 717 742 762 858 347 782 
101 205 257 273 10 434 367 353 371 440 86 392 141 9 499 696 836 837 965 967 986 35 432 90 
31 269 299 144 97 311 210 400 127 459 197 396 212 174 153 467 487 511 543 591 594 600 640 655 718 736 737 746 772 782 789 791 818 846 860 864 873 887 893 898 903 941 964 981 165 74 551 965 
44 53 100 213 197 466 212 311 31 594 628 640 686 846 873 887 964 995 124 825 
346 258 142 463 354 308 111 24 519 530 558 566 606 652 699 786 949 73 757 
22 413 444 398 72 62 164 268 471 726 765 785 802 853 891 948 966 993 711 805 887 
402 110 286 12 263 32 565 586 616 773 788 927 454 863 
23 441 261 189 360 469 49 167 398 282 291 391 115 22 66 578 602 605 724 726 730 812 847 891 908 948 974 555 761 879 924 
248 70 274 6 375 159 356 139 45 536 613 654 673 687 712 823 857 881 900 113 505 798 
146 98 427 245 335 285 211 635 714 790 800 863 934 181 887 
167 291 290 382 164 590 765 802 853 615 
146 294 245 171 335 190 149 38 285 491 676 714 784 790 848 861 863 934 230 494 
300 33 209 192 595 711 728 753 956 330 949 
32 263 110 279 286 12 310 227 402 662 691 788 229 253 
12 227 402 286 279 310 565 691 716 775 788 927 423 47 
430 354 24 308 530 675 699 786 905 947 949 969 132 752 
409 434 145 217 349 322 367 47 200 440 86 223 187 392 341 204 101 253 10 206 449 351 365 9 418 483 493 523 529 537 548 575 611 630 639 741 770 829 882 932 935 967 335 136 320 178 867 
222 381 423 7 221 77 183 191 492 509 564 678 766 767 768 817 915 988 422 489 651 
125 401 7 447 289 727 731 738 740 817 909 988 365 788 
9 480 449 101 223 205 341 392 10 493 630 741 910 44 72 
333 388 56 325 120 78 152 702 831 730 861 
459 53 404 44 212 791 826 846 860 864 887 70 738 
367 46 440 257 392 351 328 141 10 318 9 309 132 101 205 47 278 145 71 499 537 696 750 770 986 183 174 395 
210 466 543 594 746 791 867 873 893 975 981 802 827 
377 451 99 397 16 385 347 79 34 128 235 162 175 281 275 165 490 524 551 559 568 583 609 656 663 708 751 906 930 956 987 611 745 805 926 
355 267 321 372 435 517 692 717 858 481 
162 488 293 128 551 581 583 653 659 697 761 825 388 702 
146 285 475 335 670 676 790 794 800 810 863 96 523 
408 221 39 301 481 289 650 767 817 144 704 
392 349 10 351 341 480 483 205 741 800 
199 243 376 438 170 56 130 177 901 475 111 
53 212 44 91 400 213 459 127 144 299 97 498 506 531 589 594 628 707 860 867 883 941 995 513 671 784 
323 269 97 594 707 718 887 903 975 641 
255 19 73 414 260 585 840 907 950 612 874 
400 127 404 28 495 459 299 746 995 595 
9 486 132 309 47 465 392 529 537 666 696 829 910 396 948 
354 407 240 346 513 558 652 689 905 211 616 
120 147 316 4 292 199 67 170 124 325 168 388 330 555 618 623 668 721 754 799 834 865 889 894 901 953 221 907 
262 87 170 570 777 808 852 856 865 580 910 
293 230 386 234 300 162 18 220 551 803 956 841 842 
272 369 293 209 58 559 568 583 753 771 930 277 166 
366 82 136 340 52 203 55 329 13 350 250 255 112 73 450 104 90 510 576 585 620 657 664 685 700 705 709 733 760 764 798 805 840 841 850 878 907 942 955 960 978 99 472 527 553 818 
210 44 53 404 495 628 718 772 781 807 883 887 975 995 754 870 
242 83 393 70 567 615 795 823 862 183 878 
275 369 451 18 162 216 419 559 583 653 656 753 771 815 982 1000 439 530 
401 198 439 481 289 225 343 252 221 251 7 84 125 191 560 564 624 669 719 722 727 740 844 875 998 80 205 
73 345 13 55 505 136 395 538 700 817 
466 197 100 247 531 589 594 772 781 864 883 887 903 964 995 164 463 
156 196 429 89 416 297 239 195 539 832 727 985 
111 288 240 151 500 166 354 308 558 606 644 652 675 689 759 816 911 954 495 808 976 
163 133 425 105 521 598 713 778 830 377 
66 282 107 342 398 394 3 605 730 796 921 948 51 627 
355 403 267 435 614 667 692 762 858 968 83 797 
355 403 321 435 188 372 157 35 489 113 267 102 116 96 75 457 276 280 464 522 599 614 667 692 695 717 742 762 819 858 871 929 970 351 668 763 
205 204 9 440 434 353 341 392 575 965 896 962 
346 166 258 308 111 288 463 361 332 229 468 430 24 530 558 606 652 675 689 703 783 786 816 911 947 949 598 787 960 
302 42 244 169 121 327 579 608 622 694 787 869 381 726 
514 425 133 283 306 406 713 748 774 797 830 872 994 227 675 
355 517 321 75 372 435 276 614 667 717 254 412 
351 449 253 10 480 205 371 101 434 341 206 537 575 639 741 770 932 967 376 491 595 
488 386 370 162 118 300 230 173 373 99 209 192 419 74 568 583 609 653 656 672 708 728 753 761 855 870 906 956 987 7 154 650 934 
155 295 64 356 150 139 536 827 857 997 277 908 
297 89 176 196 429 416 756 832 842 307 795 
179 17 456 270 248 155 256 137 295 242 384 150 70 15 45 462 159 393 545 546 567 613 677 838 141 505 890 
374 389 231 287 453 763 804 943 958 999 244 722 
499 480 135 440 434 328 312 639 666 714 
24 229 308 463 407 288 468 142 352 346 519 258 479 430 151 332 558 566 652 675 689 723 759 911 949 954 508 595 720 
174 495 511 44 153 31 655 718 883 892 369 551 
298 160 358 180 194 534 638 688 920 959 48 623 
306 133 283 36 598 713 778 797 830 854 896 17 767 
160 180 186 358 532 638 688 839 920 990 259 459 
80 453 65 389 287 597 646 763 804 923 931 945 958 70 762 
193 159 45 375 248 356 137 295 83 525 233 64 150 363 15 70 61 242 50 456 462 17 384 179 393 472 545 546 577 613 615 654 673 687 704 795 823 827 857 862 900 925 951 961 971 108 93 594 805 952 
341 499 318 371 236 278 223 309 204 523 349 205 367 480 486 71 312 392 46 449 253 434 549 575 631 666 696 770 806 836 882 965 967 15 821 898 
510 340 136 19 585 745 805 907 955 436 731 
196 429 89 416 176 195 297 239 156 512 588 596 756 832 842 890 899 944 991 344 716 877 
196 429 89 416 156 297 756 832 842 36 
76 357 120 461 388 147 555 645 799 336 713 
12 32 402 279 226 263 658 662 691 716 788 828 917 927 983 924 
466 460 44 487 210 144 31 459 544 594 640 718 867 903 194 664 
97 446 91 543 400 589 594 846 860 883 898 903 995 341 988 
159 15 536 184 527 356 456 375 208 295 83 70 179 248 567 613 615 673 823 862 925 926 961 971 364 799 
363 17 181 159 70 233 6 536 64 83 375 208 61 393 150 527 356 632 643 673 704 823 827 857 862 881 435 250 854 
286 12 455 32 227 110 565 616 788 927 54 357 
204 236 10 253 9 392 145 480 46 575 41 559 
204 458 145 341 365 537 318 10 9 392 575 630 741 616 807 
327 41 42 244 579 608 626 787 869 264 558 
117 128 219 488 490 503 209 99 369 192 79 238 34 175 303 272 284 451 583 653 656 728 771 904 906 930 956 982 987 1000 466 296 531 341 
42 41 327 92 313 214 169 121 787 420 725 
12 227 110 32 658 773 788 828 927 505 
198 221 77 63 381 334 447 423 401 445 719 817 844 915 382 918 
330 262 541 348 501 87 120 76 618 852 901 302 471 
42 410 41 302 121 51 608 787 845 869 5 918 
313 368 41 244 410 42 92 326 237 202 433 51 327 302 579 608 622 626 694 749 787 845 869 919 940 183 813 990 
240 111 166 468 530 463 229 519 24 361 151 308 500 346 430 201 513 258 354 652 675 723 743 783 786 816 911 947 949 550 117 633 835 
79 508 281 29 419 162 218 320 347 192 216 173 275 235 488 504 128 303 386 165 16 370 568 583 619 653 656 697 708 728 753 771 803 825 855 870 904 930 956 963 982 987 203 12 424 548 989 
183 423 408 509 77 221 289 334 564 572 678 731 738 766 768 844 915 962 988 819 842 941 
303 209 30 218 451 128 377 583 753 185 733 
107 140 437 69 364 602 649 730 891 916 922 288 303 
422 358 180 160 426 412 638 822 839 920 652 656 
481 37 381 401 191 222 88 509 7 93 289 63 445 54 183 560 592 706 719 731 740 766 767 768 909 915 988 406 354 
478 232 402 470 110 12 547 616 788 792 9 724 
346 151 463 354 111 530 166 468 644 652 675 689 743 783 786 969 979 293 367 
393 61 181 159 507 545 150 384 193 50 184 155 375 295 462 137 527 45 613 654 673 677 704 712 881 900 925 997 427 447 931 970 
377 18 272 385 128 74 219 220 235 209 192 29 118 504 559 117 275 303 259 524 488 234 30 583 609 619 659 698 728 771 803 825 851 855 956 982 88 580 742 873 
425 133 277 2 598 701 713 797 830 897 161 453 
262 432 78 333 124 8 502 618 668 683 702 777 889 894 895 953 973 606 660 
93 423 401 77 592 624 722 738 769 200 363 
183 289 560 222 624 678 727 740 766 768 988 777 936 
420 36 442 25 425 443 133 105 598 713 774 797 830 854 874 994 903 
177 120 338 432 168 436 344 76 262 431 57 207 357 623 668 683 721 752 777 799 834 865 889 901 918 763 935 
549 353 257 548 480 278 10 518 47 205 204 537 392 341 523 611 631 741 750 313 608 962 
154 505 395 82 119 203 73 340 112 657 664 685 764 840 841 701 
248 536 375 70 15 137 193 64 462 613 687 704 747 827 857 997 779 845 
471 107 424 164 441 49 364 342 379 140 398 290 590 602 710 726 977 992 359 887 
520 42 244 327 557 92 302 550 51 41 265 202 134 121 161 433 313 410 603 608 612 622 626 734 749 776 787 821 833 845 869 880 886 912 937 940 952 459 613 750 757 977 
13 19 417 395 329 136 82 154 585 657 664 685 720 760 805 813 907 950 568 502 71 
16 18 397 490 58 369 583 595 761 956 982 769 820 
147 4 376 292 438 618 702 758 824 973 255 763 
128 162 524 508 230 488 34 192 559 490 386 581 504 219 551 568 561 284 16 99 303 275 118 29 370 74 609 663 697 698 728 761 851 866 885 930 956 963 982 987 1000 70 328 938 959 
408 54 381 143 447 423 624 678 719 727 817 915 42 147 
55 82 73 52 395 417 131 20 505 337 383 538 350 580 497 366 154 255 27 19 657 664 709 733 745 757 760 805 813 820 840 850 879 907 955 179 158 198 614 
103 32 286 263 470 110 601 658 691 788 793 946 
398 307 81 342 268 290 364 413 602 793 673 731 
196 156 176 416 539 297 89 842 944 82 
127 544 213 97 460 459 495 31 511 400 247 594 600 640 791 860 873 975 981 366 290 373 
578 474 314 94 107 342 424 921 977 308 938 
336 153 466 460 400 269 780 781 791 807 826 846 860 883 975 13 934 
401 423 571 289 447 343 251 182 63 7 225 564 408 93 221 624 641 678 690 706 719 727 731 739 740 766 768 769 817 844 909 915 939 207 308 816 
378 358 264 180 160 839 920 946 990 772 
212 31 467 511 44 495 247 589 487 496 197 100 299 544 53 466 400 460 174 543 269 144 600 628 640 686 707 736 737 780 781 782 807 860 887 892 898 903 964 981 184 270 536 839 841 
320 238 230 235 370 29 33 476 162 293 266 220 272 581 451 209 218 419 79 656 659 698 708 735 815 825 855 870 904 930 956 963 987 1000 523 498 530 450 
539 196 429 176 195 89 239 832 842 890 991 12 159 
287 535 374 138 625 763 923 945 999 118 
425 133 442 306 25 105 443 420 11 573 277 533 514 36 2 283 569 634 701 713 748 774 778 797 830 854 872 874 896 897 994 305 519 237 951 
355 517 102 35 188 157 614 692 742 858 168 638 
594 197 269 53 589 466 459 460 628 640 655 718 782 807 846 995 753 
586 110 402 263 658 662 691 788 917 857 895 
72 391 69 562 360 587 94 382 249 411 109 49 22 140 364 578 342 471 115 629 649 661 684 724 730 785 812 853 891 908 916 921 922 948 972 977 128 401 200 945 
134 579 302 327 51 608 622 787 869 396 127 
107 413 81 394 228 307 730 877 891 908 916 922 966 974 89 719 
249 324 471 515 290 411 49 164 710 724 726 802 853 966 10 863 
166 111 308 354 468 513 519 258 24 346 463 158 201 332 644 652 675 689 743 783 905 911 913 914 949 969 979 279 385 570 
146 171 149 98 304 285 670 676 714 784 790 794 800 718 847 
169 42 327 410 579 603 313 556 433 244 41 520 92 202 550 121 557 214 161 617 622 626 749 787 833 845 869 880 884 912 940 952 984 44 246 575 
266 118 524 583 568 373 128 74 293 488 419 753 930 987 401 943 
378 106 180 412 224 160 358 638 839 669 
575 132 480 440 10 141 46 204 434 205 351 418 696 829 488 357 
41 42 579 313 92 734 749 787 912 952 216 497 
545 375 456 248 45 159 181 536 64 577 527 70 83 59 61 295 356 184 17 567 393 270 179 233 472 193 15 632 654 687 704 747 795 838 881 340 579 760 831 
355 517 321 403 435 188 372 35 157 113 599 102 267 96 116 75 280 457 464 516 522 276 667 692 717 729 742 762 819 858 871 929 968 970 585 446 137 830 
6 179 384 83 59 45 536 155 242 184 17 295 545 137 70 375 507 181 233 627 673 857 971 235 474 109 
12 32 286 103 310 227 547 263 110 565 232 279 470 226 402 178 658 671 716 773 775 788 927 500 111 549 
608 237 121 41 42 626 749 869 886 919 235 727 
56 292 57 582 338 262 501 570 4 78 108 555 330 67 452 243 207 438 199 8 623 648 668 721 752 754 758 811 852 856 865 876 901 936 953 46 216 182 988 
216 568 173 99 559 128 218 122 175 79 656 987 8 248 
505 148 40 329 73 383 55 250 136 682 720 760 850 924 955 64 
404 144 459 640 782 789 791 807 898 903 975 24 783 
41 42 202 327 302 608 121 244 161 362 557 579 433 92 214 368 520 410 134 51 313 169 326 603 626 749 787 821 869 880 884 912 919 984 195 765 810 858 
501 452 618 147 448 152 168 177 574 388 642 808 865 532 392 
447 572 183 445 93 182 592 84 77 7 408 584 225 509 571 215 251 401 126 650 669 690 727 739 740 767 817 844 909 915 939 998 46 273 135 44 
138 231 453 597 185 287 374 636 763 804 923 931 945 958 999 694 872 
134 327 622 557 161 362 433 42 608 313 121 410 244 202 617 51 579 550 41 734 749 787 821 869 886 912 937 60 10 932 
375 83 193 246 248 615 181 677 704 515 
91 506 212 396 197 100 495 594 269 600 467 640 707 782 789 807 867 873 883 887 314 912 993 
268 167 437 109 107 411 602 730 812 847 891 908 746 844 
9 549 483 204 318 145 480 10 666 770 910 398 648 
351 206 575 341 367 537 322 434 392 770 806 363 996 
159 45 246 613 546 17 208 881 926 95 804 
298 160 180 106 638 688 839 946 959 558 
598 425 133 420 283 701 797 830 896 871 932 
146 473 95 38 714 790 794 800 861 863 402 251 
80 231 374 625 763 804 931 945 999 346 
152 262 207 376 432 642 777 834 865 75 
160 180 358 610 194 378 426 224 298 532 534 633 563 186 85 317 422 412 688 822 839 920 946 959 976 985 990 312 599 192 855 
9 480 523 434 278 440 86 322 187 318 392 205 365 529 741 770 868 986 194 722 
621 467 174 459 400 594 28 543 197 600 589 299 269 628 466 707 781 782 789 791 807 846 860 864 867 887 893 903 995 417 690 853 922 
447 93 401 592 143 727 767 817 915 496 
57 243 637 67 262 623 56 170 452 78 376 388 645 683 889 894 933 456 911 
137 270 546 70 159 248 393 823 881 951 333 797 
513 166 142 346 308 566 24 606 675 715 743 783 816 947 949 305 
168 199 120 357 541 436 359 376 78 8 262 338 642 207 648 681 683 721 754 758 811 889 894 895 918 221 290 233 
172 535 374 453 138 287 931 945 999 100 
221 381 401 143 191 251 198 727 962 66 956 
645 243 241 292 618 4 120 752 758 824 630 775 
307 602 562 379 305 360 413 724 921 977 350 241 
624 423 125 289 182 77 492 381 93 63 54 678 719 731 740 755 767 875 909 998 524 754 950 
146 294 245 21 171 285 427 26 676 784 790 794 800 849 481 840 
468 288 166 24 354 558 361 308 566 346 463 352 530 519 606 513 500 158 675 703 743 783 786 905 911 914 949 969 340 212 67 563 
508 490 551 173 18 524 559 165 656 982 269 84 
536 375 242 15 472 462 83 613 567 704 827 925 79 261 
531 53 466 400 299 269 247 600 718 867 873 887 903 981 995 431 19 
18 653 551 235 488 209 30 293 128 451 595 524 619 508 192 559 14 385 79 698 732 771 987 563 717 
395 154 55 505 337 576 585 580 664 733 805 843 809 836 
601 103 110 553 402 232 263 586 616 226 32 227 542 286 12 788 327 
568 99 216 490 293 30 595 209 18 162 220 79 58 397 347 672 761 771 987 298 437 135 
251 423 126 289 727 766 767 768 844 909 915 570 927 
421 444 22 290 602 189 107 62 1 730 891 948 829 958 
232 279 110 227 32 601 542 178 263 477 12 286 226 691 716 788 927 334 752 
419 488 99 209 583 14 74 708 771 102 399 
55 82 417 340 345 73 657 136 90 585 350 395 104 580 576 131 20 505 383 119 260 450 679 682 693 705 725 760 764 813 820 840 843 850 907 955 960 978 74 543 209 289 770 
196 429 195 176 416 89 680 756 832 842 460 6 
278 71 205 341 529 273 392 499 440 537 458 9 630 309 741 910 932 120 461 
355 614 517 321 403 435 113 372 516 116 102 35 267 276 457 188 522 692 717 742 762 858 871 929 968 970 398 374 
130 574 618 338 376 570 501 296 448 207 124 752 754 777 865 517 
88 251 401 315 301 509 624 447 678 727 731 739 767 326 610 
146 245 21 38 285 491 607 98 405 676 714 794 800 863 996 744 
616 32 12 227 226 286 402 828 927 495 
659 234 122 14 284 524 16 697 751 274 
545 375 384 472 70 546 59 181 567 248 536 64 615 399 45 256 242 747 795 823 862 900 925 951 961 971 406 587 
344 56 461 207 199 296 808 918 957 211 
346 166 519 361 606 558 354 142 24 644 288 652 513 229 111 530 158 566 479 60 689 703 723 743 783 786 911 913 914 949 979 521 100 845 893 
146 245 26 171 335 38 475 211 607 651 294 285 190 149 670 304 95 427 21 491 405 714 784 790 794 800 810 848 849 859 861 863 996 329 218 738 986 
375 527 295 159 627 462 70 150 567 393 193 881 276 22 
183 343 77 334 198 301 408 669 215 560 584 481 592 572 650 88 221 381 7 727 738 766 767 817 902 915 276 153 703 
664 395 154 55 90 340 136 82 129 760 798 850 907 955 731 861 
196 429 665 297 195 239 756 832 842 355 
8 120 262 645 438 799 865 933 953 293 
340 20 136 417 620 260 664 693 805 840 766 987 
642 120 574 168 431 130 76 207 388 570 461 645 292 4 78 296 124 339 262 177 752 754 777 808 824 831 865 889 936 953 162 31 400 732 
421 602 290 49 726 793 847 908 916 948 332 143 
154 136 73 55 52 340 580 505 576 82 27 329 395 19 709 725 760 805 841 843 850 879 924 928 960 739 975 
594 153 210 467 127 212 707 718 887 975 339 262 
179 15 613 472 295 536 83 155 208 270 375 462 363 577 795 8 264 
638 160 633 180 194 264 106 358 534 532 426 412 839 920 946 959 976 985 83 416 738 
352 166 346 530 463 151 407 142 500 332 606 513 675 566 24 519 308 699 715 723 743 816 905 911 914 949 413 83 834 
39 592 381 624 221 740 766 902 909 640 
263 32 178 477 601 478 662 12 226 227 319 542 110 586 788 917 927 989 311 386 822 
355 614 517 96 403 435 667 188 35 599 113 280 321 267 464 116 75 372 457 489 516 695 717 729 742 762 819 858 871 929 968 970 313 257 923 967 
73 40 664 682 82 27 250 260 337 757 760 798 928 942 457 51 
41 327 520 557 121 326 161 202 42 749 787 869 952 434 625 
355 692 435 113 157 102 517 742 762 354 
458 367 353 611 205 141 217 465 365 499 135 10 318 9 187 132 223 434 257 486 380 418 537 322 741 837 868 882 965 967 77 462 442 850 
162 583 118 672 490 559 825 956 963 925 
568 275 162 192 79 583 656 451 595 982 831 977 
346 166 24 689 468 331 201 463 479 111 354 703 743 759 913 127 981 
250 129 510 104 90 505 154 136 329 733 215 716 
36 425 598 569 306 634 2 277 713 778 797 830 896 897 980 576 983 
207 338 431 582 359 8 120 147 484 170 78 570 292 438 754 777 824 831 865 901 918 973 297 490 69 
519 354 111 308 699 288 463 652 166 675 678 780 
70 627 654 536 577 356 613 61 462 15 546 59 567 45 248 233 900 961 492 118 949 
664 104 82 13 505 395 255 340 907 836 
183 77 252 408 564 39 63 447 143 289 315 592 221 182 54 727 767 909 915 998 327 429 52 916 
210 91 48 496 269 640 495 400 628 594 686 718 818 867 887 893 903 964 975 182 159 811 
14 524 192 451 34 488 595 559 281 128 663 230 728 870 956 987 12 299 
366 395 345 40 505 417 685 585 55 129 20 82 450 250 112 73 745 757 805 841 850 907 955 63 205 
1 578 411 398 364 66 605 424 107 413 724 726 802 271 801 
192 74 476 220 377 259 33 771 956 10 469 
6 472 155 70 242 64 393 137 248 567 159 827 9 359 
598 425 133 442 306 2 406 573 36 25 701 521 277 11 105 283 533 443 514 569 748 774 778 797 830 854 872 874 896 897 980 994 541 179 30 766 
146 676 245 285 171 335 607 475 670 635 149 304 211 95 26 473 21 38 784 790 794 810 848 861 863 934 996 28 529 960 
308 166 346 689 644 354 905 949 954 321 
32 226 662 478 12 227 616 542 310 402 788 828 700 539 
355 614 517 692 321 522 435 667 188 457 157 35 489 113 267 102 464 276 403 280 742 762 819 858 871 929 968 970 109 656 773 949 
400 655 466 460 53 506 543 600 686 127 48 91 446 197 496 531 707 746 781 860 887 892 975 981 104 607 825 
554 509 564 93 584 301 650 77 289 592 39 191 401 915 146 604 
52 73 136 19 340 55 580 154 13 148 131 620 760 798 813 924 942 955 171 530 
501 574 330 4 432 645 618 292 876 747 
315 63 93 571 77 509 143 7 39 401 445 408 84 768 817 909 915 639 528 
346 675 166 558 530 111 689 354 258 24 949 64 732 
314 189 81 605 66 602 164 49 268 471 379 391 22 307 140 649 710 413 290 261 109 398 437 342 387 730 793 802 847 888 891 948 972 974 565 19 423 727 
383 73 55 664 136 685 52 757 760 813 552 911 
578 360 364 390 684 471 290 469 342 710 72 394 398 23 605 268 421 314 785 891 908 977 192 520 851 
252 191 315 641 669 509 706 647 88 584 381 301 401 678 198 84 592 482 624 225 343 289 572 182 660 77 423 7 37 731 739 755 766 768 769 817 909 915 67 617 724 512 774 
128 347 559 162 218 583 708 524 568 386 397 551 476 732 956 13 77 
355 614 75 403 188 692 321 742 762 929 181 452 
387 604 342 291 62 115 471 629 382 602 413 228 189 379 661 562 398 49 437 724 3 290 515 853 888 891 908 916 299 484 846 946 
183 54 401 560 650 439 592 669 482 215 408 381 727 564 766 768 769 915 939 538 679 587 
656 377 303 192 234 728 238 369 162 753 683 723 
505 73 13 450 700 19 27 112 250 329 657 148 395 350 52 154 55 585 757 798 805 843 878 928 955 561 831 999 
134 41 579 433 612 626 362 313 244 327 749 787 869 884 912 919 982 
293 30 595 303 99 377 162 851 963 323 
48 594 197 466 323 826 846 883 975 151 
144 269 197 336 100 594 28 212 466 44 772 780 791 807 873 883 887 975 263 858 
183 63 191 5 221 198 571 77 7 482 678 560 401 252 755 767 768 909 915 988 485 688 676 
592 727 198 669 624 401 221 7 740 755 766 909 685 426 
191 289 572 650 690 93 564 624 509 126 739 401 222 592 482 844 915 998 980 
480 351 205 135 141 341 666 523 206 322 309 483 9 639 312 549 204 493 46 440 101 434 575 696 750 829 965 986 99 148 767 858 
355 614 517 692 435 403 321 717 667 188 457 372 157 35 113 267 102 116 96 75 695 599 464 729 819 858 871 929 968 970 345 370 568 796 
346 606 699 151 644 652 689 675 558 354 566 166 463 332 201 783 786 913 949 366 409 994 
55 350 90 798 805 850 907 928 955 670 
395 73 585 538 414 154 260 709 329 82 13 148 52 55 757 760 798 850 878 928 960 488 174 162 
53 396 400 336 269 311 459 197 144 718 299 487 44 498 466 860 867 873 887 975 410 629 302 
577 15 399 248 45 375 295 613 270 184 673 159 900 961 997 721 
713 521 133 442 598 25 425 797 830 290 
41 42 415 579 617 694 612 214 410 121 134 626 161 608 734 557 169 326 622 237 92 202 265 313 244 368 327 776 787 833 845 869 886 912 984 136 168 175 780 
380 68 741 10 392 9 486 575 309 371 365 200 965 579 331 
128 672 320 488 234 303 79 216 982 850 
338 438 4 87 618 388 199 683 668 76 448 452 170 241 574 431 648 344 754 808 889 894 895 662 479 285 
561 524 504 238 508 230 609 216 386 218 732 451 74 162 559 266 370 219 419 476 99 761 771 825 600 107 
683 339 78 199 76 168 501 436 330 668 438 8 702 752 333 262 645 618 325 376 811 824 831 852 856 895 650 506 956 
251 727 739 650 37 408 221 738 182 222 7 915 196 434 
196 429 89 416 176 156 539 297 239 271 665 680 43 526 540 832 842 944 420 83 15 
725 733 136 13 131 55 148 154 329 585 250 395 104 40 709 693 745 764 955 579 468 138 
376 582 168 645 338 207 262 67 648 120 199 348 618 432 894 936 973 161 
513 530 24 308 166 407 346 699 463 786 905 913 979 58 828 
417 350 414 82 620 693 148 745 73 664 585 13 725 136 329 685 154 19 505 580 250 720 450 395 679 764 798 805 820 840 841 850 907 928 942 955 960 613 62 153 283 954 
128 419 583 235 581 377 659 29 385 490 753 272 524 162 771 866 956 982 987 471 379 807 
355 614 517 692 372 516 116 188 113 435 157 280 717 35 403 695 729 464 667 819 871 970 535 235 146 
625 535 287 185 453 389 528 374 428 172 636 597 65 231 123 138 80 804 923 931 943 945 958 999 517 574 582 920 
576 82 395 760 505 664 757 798 813 841 878 879 907 404 388 
398 107 268 474 469 796 802 888 921 622 
731 191 5 221 690 739 481 408 77 183 678 660 592 401 564 572 560 423 727 767 768 769 817 844 875 915 713 101 682 
126 678 481 54 401 7 77 423 381 706 660 315 182 650 183 343 564 624 641 738 334 63 88 252 669 84 492 39 198 289 5 766 222 768 769 817 844 902 909 939 962 988 741 186 533 285 
560 731 39 289 37 660 572 722 401 77 343 481 221 381 727 767 198 182 222 564 766 592 143 738 902 909 915 413 462 967 
767 77 727 571 592 143 766 731 915 581 
537 68 639 631 9 217 46 523 206 328 480 434 486 630 806 837 910 932 6 664 
377 656 659 397 711 663 284 551 508 761 18 29 386 753 559 568 504 982 987 317 345 184 
197 336 506 466 737 459 511 846 903 593 
470 310 110 227 286 12 616 402 263 32 226 553 178 775 788 917 927 126 717 
133 598 425 420 442 713 521 573 778 797 814 830 897 342 727 
773 110 286 402 310 12 616 227 478 788 792 917 648 169 
202 161 42 327 749 579 869 880 886 990 
388 87 668 570 330 683 637 120 574 56 130 502 8 292 702 168 856 973 572 383 240 
713 598 425 420 442 533 774 701 306 36 25 514 133 277 443 797 830 854 874 897 994 411 381 421 
392 434 10 458 204 9 141 836 967 577 
737 591 144 53 594 404 197 791 860 883 887 703 749 
197 640 336 48 459 591 323 212 506 511 718 594 782 846 873 892 903 995 110 204 245 
628 210 781 640 621 466 44 600 594 860 864 873 975 464 868 
743 558 463 229 142 354 606 158 308 566 519 652 644 675 913 949 979 428 621 
146 676 475 651 245 607 190 171 714 790 800 849 863 934 495 438 
398 726 66 602 469 307 802 812 948 11 
346 479 566 331 519 463 652 759 558 332 675 468 308 743 354 905 911 949 
41 326 327 579 302 214 550 313 244 161 626 552 121 368 92 265 410 556 749 42 622 362 237 169 603 608 557 694 612 520 734 134 845 869 880 919 940 952 322 1 163 519 807 
12 32 402 110 286 227 616 263 226 691 773 662 658 542 547 775 716 478 477 470 310 232 586 565 178 455 601 553 103 319 792 828 917 927 983 989 101 7 482 222 
640 53 466 400 621 628 791 846 873 433 
146 676 304 245 714 285 335 784 171 475 294 651 635 607 427 149 95 21 473 491 98 211 38 405 794 800 810 848 849 859 861 863 934 996 196 238 459 798 
299 53 789 591 400 589 31 44 487 640 780 737 485 213 621 466 212 807 818 846 873 887 892 903 941 964 24 7 176 
788 32 565 402 103 12 227 775 927 418 
411 724 307 454 1 587 382 66 290 684 305 109 360 341 586 
146 790 21 635 676 304 607 95 714 670 285 245 491 98 651 171 800 810 848 996 354 191 942 
687 673 507 179 375 536 393 159 17 613 295 83 323 526 
454 411 23 413 515 765 94 164 49 364 360 398 282 437 421 342 809 847 888 908 742 219 368 
713 598 425 133 442 778 306 748 36 573 420 701 25 521 774 105 277 533 11 2 163 406 443 569 634 814 830 854 872 874 896 897 980 994 355 643 140 516 
148 82 733 40 764 350 340 203 104 255 745 417 744 693 505 136 329 720 760 345 679 805 840 850 928 950 955 978 790 472 327 964 
574 292 501 681 78 76 541 262 4 831 834 865 894 973 303 545 
146 784 676 245 171 651 794 95 473 405 304 285 491 98 294 149 607 790 670 21 38 635 848 849 859 861 863 934 308 493 70 253 
57 130 338 262 67 376 432 344 856 865 710 913 
164 107 413 605 444 249 710 94 291 424 437 411 724 22 474 360 441 765 66 785 167 261 23 342 469 307 877 908 948 992 993 257 487 361 401 
568 377 503 18 162 99 275 559 825 93 
763 535 625 389 287 123 636 428 374 528 65 185 138 172 231 80 923 943 945 958 999 32 632 356 
733 154 760 250 505 685 73 148 255 744 55 329 538 657 709 414 340 580 19 395 136 585 260 119 82 682 13 129 798 820 841 850 907 924 942 950 955 488 536 370 469 986 
10 770 631 537 309 145 9 392 141 340 923 
400 600 44 311 594 791 97 506 127 197 621 640 591 144 247 323 210 737 628 269 818 846 860 893 941 975 995 549 761 787 835 
262 170 76 338 502 207 752 683 431 330 674 623 376 831 835 865 901 973 351 409 513 
167 249 290 364 796 908 916 948 974 657 
146 714 676 491 790 149 794 427 285 934 622 159 
114 243 241 754 618 168 147 87 645 432 707 193 
629 437 602 471 107 387 785 421 411 220 408 
720 55 764 580 73 725 585 329 345 664 820 850 955 557 411 
306 442 133 797 774 36 25 830 896 956 
79 128 235 209 595 320 14 508 885 422 
346 644 331 60 407 166 111 463 519 558 513 308 689 947 949 979 592 
482 182 584 289 183 423 84 93 401 481 39 766 222 492 77 334 221 125 215 408 678 722 439 592 554 767 641 727 624 37 510 250 18 363 
807 791 466 28 707 400 144 846 860 864 893 898 975 981 505 940 
355 614 762 692 742 517 372 321 435 717 403 560 877 
73 350 805 760 813 585 664 19 136 841 850 928 960 581 187 
92 579 41 626 622 302 265 433 42 869 454 537 
378 638 160 358 180 264 426 412 563 839 920 946 990 16 691 
507 6 673 208 256 184 384 363 472 456 546 375 643 536 70 45 545 248 857 900 925 951 961 873 948 
702 147 754 582 648 431 683 852 865 116 969 
803 753 293 397 192 559 162 18 595 118 79 385 697 490 370 377 234 568 870 718 467 895 
736 311 197 591 127 459 53 485 864 887 314 9 
15 712 384 546 525 577 139 393 295 155 356 50 375 83 536 248 654 246 122 487 
788 12 263 110 542 227 716 553 32 671 927 343 759 
499 480 741 392 449 46 611 223 141 245 661 
797 713 598 425 133 778 442 306 573 36 25 701 420 774 521 2 105 533 569 277 814 748 634 514 443 406 283 163 11 854 872 874 896 897 980 994 614 95 304 77 209 
484 67 432 120 124 330 108 130 683 438 78 316 799 199 808 702 754 262 852 698 733 613 
196 429 89 416 176 539 297 195 756 239 156 596 526 680 540 43 512 665 271 842 899 944 991 437 959 
313 42 265 169 608 92 214 579 749 896 
501 574 8 338 799 637 852 865 894 689 315 
4 448 207 808 436 438 292 67 8 901 807 558 
779 68 204 465 434 537 392 440 965 967 705 657 
458 770 9 312 71 449 465 206 257 392 205 236 141 696 10 967 53 901 
159 613 6 375 527 61 15 193 971 970 
638 358 180 160 563 264 412 688 378 298 426 422 194 593 534 186 106 822 633 610 317 920 946 959 976 985 990 166 594 204 
148 505 329 760 82 682 366 576 664 350 497 798 136 585 395 928 942 651 294 
685 55 383 73 131 820 340 90 395 576 329 20 764 505 709 805 450 104 760 154 19 850 879 907 928 950 978 503 594 35 248 
429 196 832 89 416 176 539 297 195 756 239 156 43 665 596 271 680 588 540 526 890 899 944 991 560 503 37 1000 
203 112 340 664 657 119 73 733 685 879 188 232 
77 222 439 740 767 401 554 93 766 592 251 289 660 509 560 624 301 447 875 909 629 913 955 
41 302 121 244 313 608 749 326 42 327 557 556 214 579 787 984 577 675 
544 818 781 772 791 736 299 400 485 174 600 591 640 467 807 459 44 466 197 789 860 864 898 975 995 68 730 848 
684 23 109 261 629 390 290 796 724 398 22 107 189 360 94 411 69 3 471 888 891 922 966 974 992 346 607 
146 790 676 285 714 475 335 427 800 98 304 794 245 849 934 996 846 286 
146 790 676 800 784 245 335 848 651 996 410 87 
813 664 55 154 260 340 685 337 450 709 620 383 841 760 744 40 745 82 805 798 585 820 13 505 119 679 19 73 942 955 77 291 751 696 
568 192 735 238 79 275 583 956 982 726 857 
834 831 8 243 147 438 824 120 431 168 4 357 78 207 555 316 618 108 754 152 502 856 865 901 160 860 
469 23 474 730 411 107 605 268 360 602 891 640 343 
830 797 36 598 306 163 713 778 442 533 573 874 417 546 
209 99 524 259 568 293 559 595 275 218 870 327 638 
801 292 754 461 618 338 852 243 777 502 87 357 862 971 
384 536 242 375 83 615 399 70 248 64 472 356 823 456 184 577 546 208 295 525 363 150 159 17 61 900 926 971 997 601 463 851 966 
355 614 517 692 742 489 717 435 667 188 116 516 372 321 35 267 464 157 102 113 403 75 280 599 871 929 968 73 737 622 741 
146 790 676 427 171 304 26 800 335 98 245 448 14 
144 485 846 446 213 591 153 197 400 44 718 746 780 594 247 466 127 91 782 495 48 100 589 807 818 396 544 210 640 867 873 887 898 975 324 412 852 156 
146 790 800 714 635 21 475 211 676 335 285 679 484 
137 545 375 507 50 70 546 6 45 295 356 248 536 673 951 333 856 
171 790 285 475 714 800 95 190 784 294 635 38 146 335 491 245 676 670 473 934 605 470 921 
466 826 459 511 818 404 782 153 400 44 846 485 640 887 893 964 975 981 995 352 9 881 
333 243 431 67 824 683 574 177 502 120 834 438 801 78 339 452 668 637 388 292 262 376 702 852 338 330 316 799 623 8 359 501 130 348 808 436 618 199 432 147 681 124 894 895 953 2 403 244 
761 117 583 58 34 303 230 216 982 376 933 
746 543 487 197 299 655 269 628 44 640 459 212 495 311 707 860 964 975 314 480 876 
257 696 639 341 392 9 206 434 253 782 
557 42 787 734 579 749 622 608 313 776 161 550 603 41 821 694 415 520 327 202 626 169 121 617 134 556 92 433 265 362 326 410 244 880 912 940 440 167 22 917 
595 524 708 128 559 14 825 99 855 300 219 451 118 397 885 956 963 401 506 
355 614 517 692 742 321 717 403 858 435 667 96 762 372 188 157 113 102 968 970 447 33 634 
830 133 598 2 425 713 521 797 896 625 
860 400 487 737 589 467 44 746 247 460 459 782 97 781 655 789 791 446 628 466 883 903 975 981 823 568 172 
830 797 713 598 425 573 442 778 854 994 395 497 
93 509 343 650 844 221 766 915 998 149 982 
207 330 721 292 262 67 618 108 147 376 918 867 458 
604 249 342 802 189 290 411 441 413 916 922 539 819 
733 350 764 329 55 745 505 450 955 400 507 
250 55 843 395 82 131 841 764 685 585 345 329 955 471 61 
41 622 787 327 433 579 313 214 92 608 161 869 776 244 371 904 
567 613 472 643 546 677 632 70 61 864 
200 349 10 537 204 696 365 145 480 135 71 281 916 
144 873 511 127 780 531 210 459 28 153 53 544 591 737 628 506 44 736 174 495 887 893 995 201 936 
608 41 161 622 42 302 92 415 734 912 984 429 79 
870 79 99 128 230 583 815 18 259 901 
121 433 214 617 626 776 244 327 579 749 42 368 362 937 940 984 171 
640 459 780 485 628 97 100 511 396 860 144 197 213 91 460 655 247 746 48 506 594 864 791 44 174 707 826 686 467 269 737 466 718 883 496 28 941 964 975 981 473 469 46 284 578 
62 66 454 307 441 724 730 360 282 268 847 796 765 411 342 908 972 133 
501 752 330 333 570 120 262 683 67 574 642 296 645 918 280 940 
842 195 429 539 416 176 89 297 596 899 527 392 
49 394 398 847 164 437 291 726 441 413 22 629 730 167 189 661 724 602 387 379 853 604 471 290 107 562 307 444 469 908 922 948 972 974 41 384 989 
460 531 91 323 781 594 31 791 718 893 964 408 928 
400 883 807 640 707 892 460 818 48 487 864 466 964 995 675 141 
431 338 4 199 452 645 78 67 124 207 120 570 339 8 758 834 357 642 501 170 799 865 752 918 209 269 306 
262 865 754 8 645 752 570 76 108 199 901 918 957 825 601 
830 797 872 25 425 406 701 442 306 814 277 634 133 713 533 598 36 897 518 833 908 
830 442 25 713 797 774 701 569 420 598 306 105 778 425 896 980 994 204 
846 818 860 466 621 544 594 144 941 981 463 537 
842 196 429 539 832 239 176 195 890 156 416 376 86 
45 472 363 295 181 673 704 567 356 159 747 248 857 823 536 393 375 951 997 128 22 129 
262 376 895 76 702 618 494 574 4 852 108 835 330 325 78 348 501 808 120 292 555 207 114 918 957 973 837 885 252 
678 37 408 289 439 768 93 690 221 126 401 767 183 909 915 451 
31 144 791 197 707 44 400 655 873 543 544 459 466 621 594 496 210 511 772 640 781 573 365 342 
16 99 369 559 377 259 74 551 595 880 362 
166 111 500 786 715 689 759 346 606 479 258 652 288 949 979 77 121 
488 551 58 218 162 293 128 524 982 955 981 
764 260 112 497 505 805 664 450 744 350 19 340 585 679 841 709 580 395 538 705 73 760 942 501 927 
387 394 314 3 1 290 140 109 411 342 471 441 809 94 413 726 261 888 22 802 167 398 796 249 684 437 602 282 730 629 604 891 189 307 916 993 145 45 896 525 
37 143 660 183 706 727 77 423 902 482 182 564 650 738 722 408 592 251 215 768 624 690 401 844 221 739 7 767 381 289 915 939 998 4 389 975 
380 630 770 9 322 483 47 101 666 204 46 351 392 499 112 502 
346 352 354 258 158 166 652 513 675 606 689 151 308 530 558 519 463 786 914 954 979 449 725 642 
41 42 433 608 884 579 244 869 622 612 161 626 749 313 734 327 214 940 628 367 341 
166 229 606 675 308 699 346 430 743 258 783 759 407 354 969 979 844 801 
332 606 652 689 158 675 463 111 911 308 258 949 119 435 
738 39 769 221 564 198 740 706 727 624 126 143 766 554 183 731 84 768 481 191 909 641 77 722 447 902 401 560 875 88 584 719 7 423 251 660 678 592 125 755 408 37 939 962 187 189 55 307 984 
413 809 602 107 268 342 730 49 684 290 379 562 908 398 604 877 972 706 882 
773 691 402 788 601 775 12 542 32 120 869 
901 702 645 8 124 876 894 388 78 895 359 130 262 292 889 147 674 574 207 936 156 554 556 
734 557 617 237 368 327 622 787 940 176 147 
839 638 358 180 160 563 264 412 688 378 822 298 317 194 422 593 85 186 426 224 534 532 946 959 985 990 763 107 
305 291 649 765 49 602 515 360 314 590 863 423 
847 891 398 437 268 107 604 81 562 602 441 877 993 640 414 
763 804 80 428 65 453 597 535 625 374 185 287 123 389 945 958 999 692 806 
82 27 112 720 366 19 685 805 73 620 55 542 471 
654 567 155 545 233 83 536 823 673 150 384 697 239 
363 83 857 181 632 384 375 545 393 6 110 488 
788 12 792 478 227 232 263 828 32 691 279 547 226 286 553 542 470 662 773 402 616 671 455 983 660 907 350 
383 685 13 744 841 693 19 129 760 154 82 745 798 20 820 840 131 733 136 73 55 340 417 955 978 892 228 
355 614 517 729 742 321 717 403 667 372 692 858 116 96 968 970 20 55 
595 128 609 275 551 488 583 451 559 504 377 30 65 203 
763 535 80 453 625 123 636 646 945 958 567 987 
392 458 205 480 309 380 351 141 86 322 523 10 101 770 666 204 68 634 626 
681 296 642 388 57 67 120 78 8 866 
146 790 427 800 714 475 863 171 335 405 784 38 245 285 211 810 304 190 95 848 473 996 524 81 591 
351 9 349 217 341 101 10 480 967 574 
683 758 4 618 388 918 431 8 207 883 572 
313 134 161 886 244 41 433 579 42 626 140 208 
68 9 392 418 71 318 204 440 145 590 583 
909 767 401 592 624 915 63 731 408 5 221 105 18 
41 886 327 326 302 169 912 557 579 161 608 121 415 869 787 313 919 244 53 818 889 
466 807 459 791 887 48 898 495 975 560 944 
850 720 73 907 805 760 840 345 693 505 414 154 401 794 
763 804 231 123 528 428 945 958 999 609 
842 196 429 89 832 416 239 756 539 297 588 180 941 
763 804 231 428 389 943 931 185 636 597 65 923 172 287 123 535 625 646 374 999 394 59 602 
839 638 186 160 358 180 422 264 920 194 688 106 822 633 412 593 317 224 378 959 586 383 730 
346 479 644 258 558 816 229 166 24 519 111 949 329 459 
167 49 22 424 471 469 441 515 661 390 115 398 809 802 81 413 891 249 602 437 69 314 379 342 94 724 785 684 411 290 382 107 974 460 499 823 348 
346 308 558 914 331 675 201 479 352 111 644 463 783 652 816 468 332 723 354 606 288 743 786 947 530 715 689 151 519 258 905 166 979 189 704 476 717 
414 798 82 104 497 40 395 841 55 250 805 580 955 292 650 
643 823 61 399 536 862 673 900 375 159 70 249 598 
313 612 787 579 42 41 302 608 92 433 694 265 390 536 
683 570 501 865 114 56 618 681 168 61 278 
715 530 24 142 911 513 258 229 354 308 292 760 
395 744 757 52 19 620 505 760 40 805 813 203 136 585 154 879 340 337 414 850 255 129 709 90 720 538 73 928 950 679 733 329 664 878 148 55 20 798 89 906 844 120 206 
266 118 128 18 524 870 235 300 293 851 377 373 281 711 583 397 385 175 386 708 303 192 568 79 30 595 488 559 503 74 761 370 551 697 581 476 165 99 451 728 963 982 754 388 814 647 
674 901 448 436 438 376 67 388 895 44 
763 528 931 185 389 625 804 453 535 374 80 287 923 943 999 661 
839 638 920 160 358 180 264 633 186 378 688 422 532 946 317 106 412 976 990 832 377 583 
745 136 685 20 112 760 505 395 329 664 820 714 519 
137 704 747 462 159 673 545 70 823 155 536 274 375 79 458 
408 183 182 560 39 647 915 343 767 518 575 
165 870 735 29 218 162 209 293 192 956 559 595 377 451 303 583 128 419 697 987 223 236 436 
311 887 466 511 197 864 323 594 707 210 400 97 91 467 893 791 269 53 892 459 144 867 396 212 446 995 463 152 798 
518 353 537 10 458 206 205 341 750 200 9 696 836 741 409 465 967 466 
290 604 164 282 324 469 605 107 847 857 452 
523 322 312 935 341 200 309 204 965 349 351 696 418 779 836 440 101 9 86 10 480 465 537 458 328 837 392 46 141 692 227 768 27 
355 113 372 692 742 929 614 403 858 667 516 871 188 435 717 970 9 
652 913 258 166 346 606 566 479 463 824 
355 614 517 692 742 968 929 871 762 717 667 838 567 
159 857 45 61 673 838 295 545 615 270 536 83 393 997 421 856 
916 411 888 441 22 724 602 891 107 975 
702 582 168 758 570 8 901 114 254 120 808 777 799 430 440 
604 437 847 891 364 307 290 398 724 394 809 948 94 471 379 382 321 
873 818 746 846 28 941 589 496 144 782 621 97 718 247 197 736 400 867 487 591 707 686 446 459 737 887 860 44 127 506 807 864 269 299 995 909 972 685 73 
264 298 959 638 688 160 839 180 990 263 513 
590 421 578 342 49 164 649 282 726 364 437 602 993 698 579 
841 55 505 13 136 90 450 73 664 928 798 4 263 
229 783 911 407 201 759 913 949 816 166 346 675 606 905 463 566 5 267 
830 797 713 133 897 2 25 425 306 701 994 740 161 
655 887 466 864 818 589 873 487 898 594 718 31 144 127 995 699 906 
559 162 906 377 551 293 397 771 851 33 568 209 165 419 235 508 583 79 99 386 698 751 581 653 128 74 761 956 30 122 866 987 380 91 734 875 
927 227 226 103 542 110 402 319 788 701 418 
41 749 169 244 608 886 845 42 622 884 313 915 47 
264 638 920 358 85 839 688 106 990 512 
465 486 187 101 341 741 639 9 10 805 676 
559 488 771 551 524 982 963 659 234 595 656 173 74 235 761 293 58 708 619 209 99 230 303 79 609 583 192 220 128 682 206 931 208 
183 7 289 482 84 225 564 572 423 401 481 738 560 767 126 618 544 
788 691 402 279 12 286 32 226 110 891 559 
264 638 920 412 358 180 822 976 85 317 985 422 378 839 426 298 959 534 593 194 257 557 776 
842 429 89 832 596 539 176 271 196 382 214 
22 802 424 167 360 578 140 847 413 451 369 
291 908 228 411 469 394 391 107 398 977 802 413 922 23 387 628 
830 797 713 598 425 133 105 11 420 2 521 874 573 778 283 897 980 25 358 743 
506 807 846 400 498 44 600 396 100 640 544 28 467 144 883 975 864 655 511 495 981 964 781 97 893 8 378 431 
146 95 676 670 790 245 335 848 794 294 285 849 714 934 631 148 
567 274 577 900 181 193 971 70 393 747 857 83 525 6 375 17 45 391 188 
706 624 650 509 909 875 183 740 93 408 423 217 25 
763 804 945 923 185 138 636 646 958 597 428 65 528 287 943 625 389 172 733 219 
259 385 583 595 235 128 551 377 508 842 316 
