1000 9861 0
109 164 324 578 802 877 891 908 972 129 427 
25 105 133 425 442 443 598 634 701 713 797 830 994 40 377 
22 66 72 94 167 290 364 437 441 471 515 710 724 802 974 185 
57 120 124 170 199 296 330 338 376 388 432 448 452 570 618 642 648 668 681 721 752 758 777 865 918 953 106 189 198 
39 93 183 222 560 767 902 909 988 226 594 
61 137 159 179 242 248 270 363 375 399 527 536 546 632 704 747 823 838 42 183 585 
54 77 88 125 143 182 183 289 401 408 423 445 509 560 571 592 624 706 727 731 738 740 767 817 909 915 324 441 730 
57 67 78 108 120 147 207 243 254 262 292 376 431 438 452 574 645 668 681 683 702 752 754 799 801 852 856 865 889 894 901 191 290 324 361 
10 46 47 71 86 132 135 141 145 200 204 206 253 257 273 318 322 341 351 365 380 392 418 434 465 480 486 493 499 518 523 529 537 548 549 575 611 631 639 696 836 837 910 967 171 248 605 711 899 
9 46 47 86 101 141 200 204 205 217 236 257 273 309 312 318 341 349 353 367 380 392 434 449 458 465 480 483 486 499 518 523 537 611 696 741 770 779 868 882 910 965 967 84 314 767 825 906 
442 443 514 521 598 713 778 797 830 699 
32 103 110 226 227 232 263 279 286 310 319 402 470 477 478 542 547 553 586 601 616 658 662 691 773 775 788 792 828 917 927 983 989 117 158 544 
40 52 55 73 82 104 129 154 250 329 340 383 395 417 505 580 664 693 700 720 760 841 843 907 736 817 927 
34 79 118 128 320 551 568 851 956 557 
45 70 139 150 159 242 248 295 356 363 375 399 456 472 536 545 546 613 615 627 687 747 823 827 862 997 117 321 966 
58 122 128 209 370 508 559 619 672 930 982 987 72 767 
45 61 64 179 193 384 507 536 546 567 577 627 673 862 483 513 
29 74 79 99 117 118 128 165 173 192 209 218 219 275 293 397 476 524 559 568 581 583 609 697 708 751 761 885 930 1000 290 876 977 979 
40 73 82 112 148 154 255 329 340 505 576 585 657 664 685 720 757 805 850 907 955 978 590 727 863 
73 82 119 154 260 395 414 505 576 664 679 760 840 843 879 955 710 
38 95 146 171 190 245 335 475 676 794 800 863 696 761 
3 23 49 62 69 72 115 268 307 360 394 413 471 602 724 726 802 847 948 153 452 618 
22 107 387 411 602 629 661 730 802 891 916 212 255 
111 151 166 201 229 258 308 346 354 430 463 479 513 558 566 606 652 675 689 699 786 911 913 947 949 222 656 992 
2 133 277 306 425 442 533 598 634 713 774 797 830 872 896 897 270 961 
146 171 245 285 676 790 800 848 859 996 118 812 
40 55 136 329 350 414 505 585 700 733 798 820 878 209 567 
174 210 299 336 396 400 446 459 466 487 718 860 995 683 875 
18 128 162 220 281 303 568 851 956 55 
192 209 266 377 386 419 451 490 551 659 698 735 815 825 885 982 493 
44 144 213 269 400 466 467 496 511 594 780 791 864 887 964 995 537 
12 103 110 178 226 227 232 279 286 310 402 477 478 542 547 553 565 586 616 658 662 671 691 716 773 775 788 828 917 927 983 237 376 463 621 
74 79 128 162 451 508 653 708 956 499 
14 128 162 192 209 266 385 551 771 114 887 
116 188 321 355 403 435 517 599 614 692 717 742 762 819 858 929 968 970 476 565 860 
105 133 306 425 442 443 701 713 778 797 814 830 874 896 897 994 197 481 
88 143 183 221 301 401 408 439 554 755 902 915 563 692 
21 146 171 245 294 304 335 491 670 676 714 790 794 810 848 859 934 169 175 
5 63 84 125 408 481 584 592 624 641 767 769 817 844 915 962 988 419 612 
13 19 27 55 73 250 340 395 414 585 664 685 725 757 798 805 2 341 
42 51 92 121 134 161 202 237 244 265 302 313 326 327 368 410 433 520 550 552 556 557 579 608 617 622 626 694 734 749 776 787 821 845 869 880 884 886 912 919 937 984 236 429 716 771 
41 51 92 121 134 161 169 214 237 244 302 313 326 327 368 410 415 433 550 556 557 579 603 608 617 622 626 694 734 749 776 787 833 869 880 886 912 919 937 952 6 200 512 832 930 
89 196 297 416 429 539 832 842 944 437 784 
31 48 53 97 153 197 247 299 400 459 495 496 506 591 594 600 628 655 718 737 772 781 807 846 860 864 867 873 883 892 893 903 941 975 995 45 559 623 802 
15 17 50 70 83 137 159 193 242 248 363 375 393 472 545 567 577 613 615 654 687 704 712 747 925 971 44 561 958 
9 10 86 101 132 145 204 253 309 341 351 434 486 549 611 631 666 696 770 868 910 794 797 909 
10 9 101 200 206 392 465 523 630 932 463 780 
44 144 400 467 495 531 544 594 640 707 860 887 903 964 975 321 937 
22 69 94 107 140 290 360 387 390 411 413 437 441 602 605 629 661 724 853 891 908 916 966 974 993 311 351 903 
45 70 248 295 375 462 527 827 926 362 906 
41 42 121 161 202 313 327 415 579 603 608 622 626 749 787 940 442 598 
13 73 82 154 260 395 620 745 764 798 813 840 850 180 375 
44 97 100 144 174 197 269 299 466 498 511 628 655 707 718 736 781 791 826 846 860 873 883 887 892 898 964 975 981 70 115 542 978 
7 63 183 381 401 408 423 560 564 722 739 768 392 774 
27 13 40 73 82 90 104 131 136 203 260 329 337 340 383 395 450 505 510 576 585 620 664 682 685 693 700 709 720 725 733 760 798 805 841 843 850 878 924 928 942 950 955 29 522 891 980 
114 120 152 170 262 338 339 618 642 674 683 758 801 835 852 918 505 619 
8 4 207 243 555 574 642 683 754 758 824 889 260 378 
16 128 162 235 508 551 559 568 672 711 735 870 292 731 
193 356 399 527 536 577 613 795 857 900 238 451 
111 142 308 463 530 652 703 905 979 952 
6 17 70 83 150 159 193 246 248 270 295 356 393 472 527 536 545 567 613 673 823 857 900 925 121 322 387 
22 66 109 562 602 661 724 847 908 239 
39 54 182 183 221 289 381 408 445 572 719 768 204 701 
17 70 184 233 242 375 384 393 456 472 525 536 545 577 613 615 747 823 459 984 
528 597 625 763 804 923 931 958 999 470 694 
62 3 72 107 291 307 382 391 441 469 578 785 922 73 457 
8 120 147 168 177 292 325 388 574 618 645 801 852 865 889 894 901 933 619 854 
86 141 204 223 392 440 458 523 537 548 696 770 837 822 840 
49 22 107 109 249 290 471 515 602 724 726 922 948 193 592 
61 50 45 64 15 83 137 139 150 159 179 208 242 248 256 270 295 356 363 375 384 393 456 462 472 545 567 613 627 632 654 673 712 795 823 827 838 857 862 900 925 961 997 53 166 406 708 956 
9 145 204 205 206 309 312 318 341 523 741 517 718 
22 66 3 107 360 398 469 602 908 16 
40 13 20 52 55 19 82 104 112 119 131 154 250 255 329 337 340 345 395 505 580 585 620 664 679 682 685 693 705 720 725 733 745 798 805 840 841 850 878 907 942 950 955 978 66 313 356 861 925 
18 33 128 218 230 234 235 238 303 369 377 386 490 503 559 568 583 732 885 904 906 963 982 987 93 170 742 
113 188 321 355 517 599 614 667 692 717 742 929 114 972 
108 170 207 243 262 325 338 376 388 484 541 555 668 683 702 811 831 936 133 719 
7 84 126 143 182 183 191 198 221 289 315 334 343 401 481 482 492 509 554 560 592 641 650 669 719 727 731 738 740 766 767 768 817 844 909 915 962 264 534 663 741 831 
8 108 120 124 207 262 348 388 436 438 461 494 574 618 623 637 642 668 702 721 754 799 834 835 865 876 895 933 973 106 127 321 795 
18 14 33 128 162 218 220 275 284 293 373 385 386 397 451 488 504 559 583 609 653 659 728 732 803 855 870 956 963 982 987 622 762 795 858 
123 287 535 625 763 804 931 945 999 575 752 
109 249 307 360 398 411 590 604 684 710 908 966 993 326 372 
73 20 52 19 13 55 90 104 112 129 136 250 329 350 366 395 414 417 497 505 510 576 585 657 664 685 693 709 720 733 745 757 760 798 805 813 820 840 841 879 928 389 469 631 665 887 
61 45 70 137 150 155 159 184 193 233 242 248 295 356 375 393 456 472 507 525 545 546 577 615 632 687 704 747 823 827 838 857 881 926 951 997 263 351 367 648 
39 77 183 191 198 251 564 584 624 727 738 766 767 817 10 922 
160 180 358 412 563 638 839 920 990 659 724 
9 68 10 46 145 204 205 206 322 365 409 480 529 537 770 829 935 967 640 998 
333 344 357 359 376 494 811 865 901 96 386 
37 7 289 301 381 401 423 509 554 571 727 738 740 767 817 998 469 858 
43 156 176 195 196 239 271 297 416 429 512 526 539 540 596 680 756 832 842 890 899 944 991 589 732 782 
55 82 112 119 154 345 417 450 505 657 679 942 955 135 550 
97 127 144 197 466 495 600 640 867 873 903 975 995 92 183 
41 42 121 134 161 169 244 302 313 326 327 433 520 556 579 608 612 617 622 749 787 845 869 880 919 91 307 899 
5 182 191 221 225 334 401 408 423 447 564 571 592 624 660 678 738 768 939 988 74 169 269 
3 49 107 189 314 324 413 724 726 730 796 809 853 908 916 703 
21 146 171 245 285 651 676 714 790 794 800 849 996 194 375 
188 321 355 435 517 522 614 692 717 729 742 858 871 968 87 341 
53 44 91 174 212 459 531 589 594 640 718 781 789 807 860 883 887 941 964 612 723 760 
146 171 190 245 335 670 676 714 784 790 800 861 209 519 
18 117 128 173 192 216 218 230 238 266 275 284 293 377 451 490 524 559 568 581 595 609 619 697 708 753 771 825 851 870 904 930 110 295 395 664 
53 144 210 212 336 467 487 594 628 736 807 898 975 981 995 442 651 
10 47 46 132 141 187 205 312 318 341 353 367 392 465 483 493 548 575 630 779 836 868 882 910 967 986 284 345 754 
116 157 188 321 355 372 403 517 599 614 692 717 742 858 871 559 955 
12 32 286 455 553 601 773 788 989 148 908 
82 13 73 55 129 250 345 505 733 745 805 813 841 879 928 931 
36 2 133 425 442 598 701 713 774 797 830 872 291 676 
160 264 298 358 412 426 593 638 688 839 920 946 990 78 4 
23 66 69 94 49 72 109 268 290 307 314 342 364 394 398 411 437 441 454 469 515 578 587 604 684 710 724 730 796 802 809 877 891 908 916 922 948 974 992 196 242 522 618 981 
78 76 8 120 124 130 147 152 254 316 438 645 852 894 957 575 
62 1 107 69 81 164 167 261 360 382 629 166 221 
12 32 178 226 227 232 263 279 286 310 319 402 455 470 477 478 553 565 601 691 716 773 775 788 792 828 917 927 989 99 221 779 987 
60 24 166 229 288 308 332 346 352 407 463 500 513 519 530 558 606 644 652 675 689 715 743 759 911 914 949 954 979 410 481 556 691 
19 90 82 73 136 154 329 395 664 745 840 850 955 235 499 
75 157 321 355 372 403 435 516 614 667 692 742 762 819 871 968 294 771 
56 199 262 339 494 618 754 865 953 34 75 
22 228 290 305 421 629 684 891 948 53 614 
35 102 188 321 355 372 403 517 522 614 667 692 729 858 296 907 
18 99 234 272 386 551 771 815 855 15 12 
14 18 128 162 173 209 238 284 488 490 551 609 659 771 855 904 26 915 
90 20 73 136 260 329 679 850 907 950 210 411 
67 56 78 8 4 108 124 168 170 199 207 243 262 330 339 344 359 431 438 501 555 574 618 623 637 674 683 799 831 834 856 865 936 596 809 930 
42 92 51 41 202 244 313 362 368 410 433 556 557 579 608 617 622 694 749 787 821 845 869 880 884 984 61 185 763 
16 230 303 524 559 568 583 595 825 822 
80 287 428 453 535 636 763 804 923 945 230 842 
4 78 120 108 147 168 207 243 292 376 452 501 570 574 618 811 824 831 852 865 894 957 323 580 766 
39 7 191 221 222 401 481 492 592 678 706 909 915 655 887 
77 225 301 343 408 509 592 624 650 706 727 767 769 817 909 915 538 886 
91 197 247 323 400 404 466 496 589 594 600 628 640 686 707 781 782 818 860 864 867 893 903 975 995 78 492 743 
29 79 14 34 33 118 58 16 99 18 74 162 165 209 218 220 238 259 266 303 320 347 369 377 451 488 490 524 551 559 568 583 595 656 659 708 728 751 753 771 825 866 904 982 987 248 465 763 805 
82 104 13 136 585 620 682 760 798 820 942 1 926 
108 147 207 262 330 348 359 501 623 852 894 534 753 
55 73 148 538 585 620 693 745 760 805 850 630 727 
9 101 46 187 205 223 309 392 480 967 551 842 
25 36 105 2 277 283 306 406 420 425 442 443 521 533 569 573 598 701 713 748 778 797 814 830 854 896 897 994 76 630 661 823 
92 41 42 161 265 302 313 410 433 520 552 557 749 787 869 912 940 266 820 
9 145 205 392 440 630 666 829 837 882 910 90 883 
129 82 27 112 55 119 148 329 337 340 383 414 417 497 505 510 538 580 585 620 664 685 705 709 720 733 757 760 764 798 805 840 841 850 924 928 955 960 300 393 397 905 912 
70 6 83 45 150 159 193 248 363 375 384 536 546 613 673 881 961 652 
231 428 625 636 763 804 923 931 945 400 539 
70 15 181 295 356 375 384 462 536 673 666 692 
49 314 360 364 398 411 578 724 812 948 392 747 
101 68 10 9 145 205 236 257 322 341 392 418 434 440 483 548 575 611 630 639 696 741 770 935 965 967 423 495 664 
60 166 201 229 240 308 346 354 519 606 675 911 949 302 532 
37 7 77 191 222 401 650 739 740 766 767 817 844 915 962 350 544 
48 53 91 100 31 197 400 466 467 506 531 589 594 600 628 640 655 686 718 780 781 807 818 846 873 887 898 981 995 401 413 440 571 
9 135 46 86 71 141 187 205 253 257 318 365 380 392 418 434 480 529 549 639 696 750 967 373 511 850 
38 95 98 21 26 149 171 190 211 245 285 294 304 335 405 427 473 475 491 607 635 651 670 676 714 784 790 794 800 848 849 859 861 863 934 996 180 436 717 788 
108 8 130 124 67 152 168 207 262 330 348 388 448 452 501 574 623 642 683 752 834 856 865 876 973 597 955 997 
136 131 19 154 340 350 497 585 664 679 757 760 798 841 850 907 955 103 967 
146 171 245 405 473 475 607 676 714 800 849 863 934 628 900 
137 70 61 83 15 155 233 375 462 507 527 536 926 325 834 
24 166 258 308 331 332 346 354 407 463 468 479 500 606 689 783 786 911 388 813 890 
108 147 56 207 376 645 752 808 865 403 964 
44 174 396 446 459 460 466 640 791 887 22 836 
19 90 148 73 52 20 13 112 250 340 395 417 576 580 585 620 664 679 725 733 744 760 764 805 850 878 879 907 928 942 955 251 412 851 897 
83 150 295 472 536 545 567 577 613 627 823 857 900 961 606 756 
89 176 195 196 271 297 416 429 539 588 680 756 832 842 890 384 918 
102 113 188 321 355 372 403 435 517 614 667 692 717 742 762 858 871 929 459 
166 258 308 346 519 606 689 703 743 783 12 428 
70 83 61 137 45 6 15 181 184 208 233 246 270 295 356 363 393 399 456 462 536 545 546 567 613 615 643 654 673 704 823 881 925 951 961 997 177 311 553 982 
106 85 186 194 264 298 317 358 378 412 422 426 532 563 610 633 638 688 822 839 920 946 959 976 985 990 491 558 649 778 
41 92 51 42 134 202 214 244 302 313 326 327 368 410 552 557 612 617 622 626 749 776 787 821 869 886 912 940 162 354 384 386 
79 33 58 29 118 34 128 209 218 235 259 266 293 347 373 377 385 551 559 568 581 583 595 663 672 697 753 761 851 870 885 956 987 161 558 700 749 
425 442 713 778 797 814 830 872 897 902 
109 1 268 398 424 578 602 629 726 730 812 847 853 908 948 974 993 408 606 
128 18 173 397 524 735 761 870 963 772 950 
111 24 151 158 142 201 258 288 308 331 346 352 407 463 468 500 513 519 530 558 566 606 652 675 689 699 715 723 743 759 783 816 905 911 913 914 949 954 979 109 70 211 293 764 
109 3 189 290 382 411 471 474 605 710 726 730 796 809 847 853 891 993 497 
147 67 120 124 170 207 262 292 338 357 376 461 501 570 618 642 645 668 683 721 752 801 856 865 901 918 936 271 435 530 616 
42 92 214 326 327 410 550 556 557 608 617 622 694 749 787 869 93 38 
76 56 168 4 120 207 243 262 316 357 376 645 895 957 74 753 
146 26 38 149 98 21 95 190 245 285 294 335 473 475 635 670 676 714 784 790 800 861 863 934 9 388 450 
185 389 428 763 804 943 945 958 999 587 961 
99 118 18 165 583 609 711 906 987 683 
97 53 153 28 323 400 544 826 867 887 975 211 731 
230 259 293 397 488 504 583 595 956 38 649 
89 156 195 196 239 297 416 429 512 526 539 588 665 756 832 842 890 899 944 991 518 541 584 
67 376 502 574 618 668 681 799 918 159 420 
32 110 227 319 477 616 716 788 927 432 
70 17 6 242 256 375 384 393 536 545 687 197 830 
85 186 224 264 298 317 358 378 412 422 426 532 534 563 593 610 633 638 688 822 839 920 946 959 976 990 146 52 617 
139 159 242 248 295 375 393 536 673 704 857 881 900 961 997 249 676 
77 7 63 93 183 222 289 381 482 509 571 592 624 641 660 727 739 767 902 915 219 300 370 
5 182 77 84 63 37 54 7 221 251 289 408 423 439 445 482 560 572 592 647 669 690 706 727 731 738 739 766 767 768 817 844 875 909 915 988 6 91 285 308 818 
64 159 83 233 248 270 356 375 393 456 472 527 545 567 615 677 795 823 857 971 997 460 875 991 
172 287 428 453 535 625 763 804 931 943 945 958 121 3 
160 180 224 264 358 412 688 920 990 608 939 
145 101 132 205 273 351 392 696 938 648 743 
102 116 35 157 75 96 267 355 372 403 435 457 517 522 614 667 692 717 742 762 858 871 968 292 306 316 
94 167 290 324 342 398 411 437 441 578 726 765 802 847 888 908 948 974 4 396 639 
98 21 146 171 245 285 676 714 790 821 
77 125 93 143 84 222 251 401 482 564 755 844 915 998 8 792 
30 99 34 18 209 275 369 377 419 451 488 490 508 559 561 583 595 659 663 732 751 753 771 825 870 906 930 956 982 987 203 329 403 917 
17 83 137 59 61 45 233 375 393 399 525 536 615 643 654 673 704 712 857 862 69 592 835 
160 264 317 358 532 633 688 839 920 946 985 990 95 398 
89 176 156 196 239 297 416 429 512 526 539 540 596 665 756 832 842 899 944 408 524 608 
89 176 195 156 43 239 271 297 416 429 512 526 539 540 588 596 665 680 756 832 842 890 899 944 107 610 
53 44 144 127 91 210 212 299 311 336 400 459 466 467 495 511 591 594 621 640 655 707 746 791 807 826 846 864 873 887 903 964 975 36 179 646 
84 77 222 289 381 401 408 423 447 564 650 817 998 4 527 
4 120 114 207 262 296 325 333 338 348 388 432 436 582 645 702 721 752 758 801 835 852 856 865 889 894 953 504 526 528 883 
9 10 47 217 351 392 434 440 458 480 537 666 741 986 42 918 
166 24 142 346 354 513 530 644 652 675 947 949 505 884 
41 51 161 121 244 302 313 327 410 433 557 579 608 622 749 787 952 909 
55 345 383 395 414 620 850 907 978 192 380 
68 9 46 86 10 71 206 257 278 328 351 353 371 392 409 434 440 480 486 529 549 575 611 631 666 696 741 836 837 910 965 967 63 585 678 983 
132 145 135 101 187 141 10 86 71 217 253 309 318 341 349 351 353 365 409 434 449 480 483 486 499 537 630 696 741 750 836 932 935 967 366 566 675 862 
47 86 71 204 9 236 253 257 328 341 365 371 392 440 486 523 575 666 741 750 837 281 609 821 
130 76 170 168 8 199 152 120 78 147 124 57 292 325 333 338 431 438 452 461 501 555 574 582 642 645 648 754 758 808 834 856 894 918 394 679 733 784 
70 159 256 375 384 462 536 546 613 615 795 900 218 541 
128 118 18 30 162 16 34 192 218 230 234 235 293 303 320 370 419 488 524 551 559 568 583 595 653 656 663 672 771 825 956 27 98 624 678 
197 28 100 247 269 299 467 485 498 543 621 707 718 746 780 860 964 975 981 995 119 346 927 
146 294 304 335 475 676 790 800 848 934 166 174 
97 197 100 299 311 459 466 544 594 628 737 781 791 873 975 23 520 
31 400 466 589 736 789 818 873 964 975 556 759 
169 42 161 313 327 410 433 557 579 622 734 749 787 886 940 696 
289 482 560 564 650 727 767 875 939 340 
99 347 370 377 524 698 771 930 956 647 730 
10 200 205 341 351 418 493 537 611 770 882 932 965 233 547 
74 162 18 209 99 128 79 234 235 303 476 503 508 663 672 732 753 771 904 956 982 208 244 900 
18 293 320 524 559 595 708 728 753 851 956 982 182 847 
128 29 79 377 656 906 956 963 982 414 847 
93 63 125 183 37 77 251 301 334 381 401 408 423 447 481 509 554 560 564 571 592 624 647 669 706 727 731 739 740 766 767 875 909 915 939 962 988 109 110 426 903 987 
191 143 125 198 5 182 251 381 408 423 592 624 669 678 738 740 767 768 769 909 915 24 827 965 
132 68 341 351 392 440 449 465 480 486 549 639 750 594 676 
186 180 358 638 822 839 946 959 990 371 
93 126 251 252 423 509 564 650 817 889 
12 110 32 227 279 286 319 402 478 542 547 616 662 691 716 788 828 927 983 5 278 688 
12 178 110 32 226 232 263 279 286 310 402 542 547 553 565 586 616 658 662 691 716 775 788 792 917 927 706 825 
115 307 390 424 726 730 793 847 921 862 
24 111 142 308 332 346 354 361 468 479 519 644 652 675 689 816 342 
99 74 175 209 122 300 303 559 708 728 753 771 825 956 982 123 352 
138 287 374 528 763 804 945 958 999 896 
12 110 32 227 279 286 402 478 662 788 828 927 475 818 
83 64 159 193 150 184 462 673 951 217 
74 117 209 218 488 508 595 659 1000 471 
162 58 74 218 209 275 284 300 377 524 568 595 698 711 803 866 956 987 112 496 801 
206 10 141 341 351 480 518 523 696 41 
41 42 244 327 368 410 557 579 608 622 734 749 787 869 912 940 32 449 
74 128 99 118 373 551 583 751 825 855 59 421 
196 176 195 89 297 416 429 526 539 540 596 665 756 832 842 890 899 991 62 365 777 
142 288 346 407 463 513 530 558 905 250 411 
570 618 642 668 852 865 876 918 973 667 814 
6 15 179 64 83 45 181 70 246 248 384 613 673 687 704 823 857 971 107 494 595 
76 124 170 8 120 57 262 292 316 333 431 555 645 648 702 799 834 865 527 657 954 
41 121 202 42 92 237 161 313 326 327 410 433 550 557 579 603 608 617 622 626 734 833 869 880 884 886 912 940 952 218 547 658 767 
146 171 95 98 190 149 26 21 38 285 304 335 405 473 475 491 607 635 676 714 784 790 794 849 861 863 934 395 923 959 
159 61 242 248 295 399 456 567 673 795 749 848 
210 44 127 466 495 589 594 640 791 807 887 892 893 964 975 995 583 
70 15 45 181 6 50 246 184 61 242 83 137 375 384 393 456 462 472 525 527 536 545 546 567 613 677 687 704 823 857 881 900 925 951 128 9 605 
69 81 290 342 379 413 437 730 891 908 966 181 457 
73 13 104 154 82 40 340 350 383 580 664 679 709 733 745 805 841 850 955 240 399 480 
222 84 225 191 221 183 408 423 447 509 571 592 650 678 690 706 740 962 154 297 
225 381 509 678 719 727 902 939 988 552 782 
205 145 206 46 9 309 341 349 365 480 575 696 938 967 986 397 651 
108 8 431 501 668 752 758 801 808 633 
19 73 260 417 450 580 685 733 798 955 23 289 
208 179 70 295 536 567 613 827 857 862 997 752 839 
206 145 9 204 141 10 367 418 440 465 480 483 486 523 741 868 932 967 332 721 922 
166 158 24 151 308 346 463 513 519 530 558 566 606 652 689 783 786 905 911 947 954 464 471 511 
175 128 162 369 488 656 753 885 956 627 
20 55 52 119 255 366 395 585 664 709 725 745 760 841 928 57 867 
109 398 437 469 515 629 877 908 948 613 788 
76 8 243 78 120 147 130 114 170 199 168 56 330 333 338 376 431 432 436 438 448 484 501 502 623 683 758 777 801 808 811 834 835 852 865 876 894 901 918 409 559 569 755 815 
227 110 12 286 402 470 477 542 547 586 616 658 662 691 716 775 788 927 989 83 598 643 
160 180 186 106 194 358 378 412 426 532 534 610 633 638 822 839 920 946 959 990 77 472 859 
134 41 313 327 362 557 579 622 626 749 787 821 869 919 940 359 
99 128 30 162 34 293 568 697 735 866 956 982 134 837 
188 321 355 403 435 489 517 614 692 717 762 858 871 929 970 318 344 
164 22 107 305 342 398 424 469 471 604 724 891 922 948 966 530 
210 53 31 299 396 400 459 466 467 487 495 496 511 600 737 746 781 782 846 883 887 903 975 981 995 93 420 830 
6 184 61 70 159 295 375 393 857 997 25 944 
196 89 156 297 416 429 539 756 842 991 168 289 
117 293 303 508 583 728 735 982 987 948 
187 9 10 309 371 434 480 529 639 836 932 754 904 
356 527 536 546 567 577 613 827 961 662 
79 18 99 192 235 370 419 488 490 568 595 656 659 855 956 982 773 
321 355 403 614 667 692 717 742 762 475 551 
25 133 425 442 521 598 713 774 797 830 398 660 
204 341 392 440 480 575 741 836 837 226 
227 232 12 110 226 32 402 470 616 658 716 773 788 828 927 791 
355 372 403 517 614 667 692 742 762 858 871 487 558 
29 303 320 370 476 551 559 583 753 987 206 453 
290 305 324 342 364 379 387 394 413 469 515 684 793 802 809 888 891 993 638 849 
133 306 420 425 521 598 797 830 854 525 775 
99 79 235 118 300 347 451 551 568 583 825 101 331 
146 245 26 95 171 190 294 335 405 607 635 651 676 714 784 790 794 800 810 848 849 859 863 996 183 440 828 
32 226 263 110 227 12 232 103 310 319 402 455 470 477 478 586 601 616 658 691 775 788 792 917 927 983 989 393 607 699 947 
123 80 185 231 374 389 453 597 646 763 804 923 945 598 635 
166 240 111 346 354 463 519 530 675 743 759 783 911 949 502 910 
63 182 215 88 7 183 77 198 401 408 439 447 492 509 564 571 584 592 624 650 690 727 766 767 768 817 844 875 902 915 255 271 372 845 
282 249 49 3 167 69 115 189 107 307 314 342 360 398 411 421 424 441 454 469 602 629 649 684 726 730 796 802 888 908 916 921 972 974 977 992 8 18 295 412 905 
66 307 314 360 379 413 441 471 602 730 793 802 908 921 972 105 579 
67 124 168 8 243 207 296 348 357 376 388 452 461 502 541 618 674 683 752 799 808 824 865 876 901 918 933 188 58 425 506 
209 18 79 99 219 272 175 266 162 386 397 476 503 524 551 583 609 619 653 656 728 803 851 930 956 963 1000 166 394 739 935 
146 38 285 171 211 335 475 651 676 714 790 863 934 996 113 341 
83 270 159 61 70 139 256 246 50 181 155 15 356 375 384 393 507 525 527 536 567 613 632 643 673 677 857 900 99 290 645 914 
292 4 199 333 344 359 431 452 623 683 852 957 116 592 
196 89 176 43 195 156 239 271 416 429 512 539 540 588 680 756 832 842 899 251 879 956 
160 180 106 358 412 534 638 839 920 959 976 702 841 
53 44 210 269 212 197 28 459 466 467 495 543 594 718 789 826 860 864 887 975 609 800 817 
235 284 230 419 488 504 524 559 982 136 182 
88 37 221 126 381 439 624 647 719 767 768 915 460 743 
202 42 41 92 161 134 313 326 552 579 608 622 626 694 734 776 787 833 845 869 884 937 940 984 142 342 458 
281 122 128 29 230 272 218 209 74 451 488 551 595 609 732 803 956 982 570 843 910 
146 245 211 38 473 491 676 714 784 790 863 934 517 712 
115 282 268 342 411 562 629 877 908 504 798 
36 283 25 133 420 425 521 569 573 598 713 748 778 797 814 830 874 896 980 188 827 962 
22 66 290 291 81 107 228 364 398 421 437 469 471 602 629 724 765 793 802 891 916 922 948 92 681 788 
166 111 60 229 24 151 142 158 258 346 352 354 361 407 430 463 468 513 519 530 558 606 644 652 675 689 699 715 723 743 759 905 914 947 949 954 969 979 183 537 691 908 995 
46 205 132 253 71 273 10 392 480 537 575 611 770 882 932 602 816 
12 32 110 227 286 402 478 565 616 691 773 927 693 720 
212 197 400 640 707 737 807 846 873 883 892 903 159 49 
10 101 71 328 341 465 480 639 967 808 
42 134 161 121 214 244 302 265 92 202 51 41 327 368 410 415 433 550 557 579 608 612 626 749 787 833 845 869 884 886 912 937 73 337 802 860 
94 291 290 140 107 387 398 454 469 471 604 649 661 710 724 891 916 948 10 706 864 
77 678 719 727 738 766 767 817 915 600 
108 243 170 502 683 777 876 894 901 188 
180 160 194 358 412 593 638 839 959 707 843 
145 9 205 10 71 101 351 434 440 537 639 696 750 770 868 910 267 650 
12 110 226 178 286 658 671 788 927 895 
14 209 281 128 219 377 451 503 568 619 751 753 729 766 
157 113 102 267 35 116 75 96 276 355 372 403 435 457 517 599 614 667 692 695 717 729 742 762 819 858 871 968 48 15 78 830 
9 141 86 341 365 380 392 409 480 499 741 806 938 61 796 
127 174 466 498 544 594 781 791 807 903 124 700 
1 189 282 94 398 411 515 888 908 8 7 
67 76 199 207 338 357 555 582 618 683 894 957 150 402 
169 42 92 244 161 41 302 327 557 579 608 622 694 749 787 880 912 940 81 703 
41 42 313 244 169 265 161 326 51 92 237 202 214 362 415 433 550 556 557 579 608 612 622 626 694 749 776 787 821 845 869 886 912 919 937 940 952 984 567 655 728 756 996 
312 206 204 392 486 575 630 631 779 531 867 
73 136 13 27 119 82 19 55 112 340 345 366 395 505 580 585 657 685 733 757 760 798 805 813 840 841 843 850 878 907 955 960 978 192 581 832 
120 147 262 130 4 376 432 484 555 618 645 674 683 702 777 831 933 416 
151 166 346 354 500 675 715 743 949 284 
229 111 151 346 354 430 463 468 500 513 558 606 699 743 786 816 954 257 624 
296 243 207 87 262 199 431 668 681 375 982 
93 77 221 423 447 509 560 678 766 635 
146 245 211 285 21 294 38 171 98 475 670 676 714 784 790 794 800 810 863 934 996 438 745 976 
28 100 197 459 460 781 782 789 846 867 873 903 489 915 
73 136 55 340 395 685 744 760 850 907 950 313 863 
262 56 207 199 325 168 76 4 339 376 388 432 461 501 541 582 618 645 648 702 799 801 852 889 953 604 707 836 
114 338 120 56 436 448 754 799 865 934 
40 73 250 337 329 19 136 154 148 55 13 350 395 450 664 700 705 709 720 725 745 757 760 805 907 924 928 215 603 946 962 
46 101 9 253 312 278 223 322 205 10 71 141 206 217 236 349 351 380 392 409 434 440 465 480 493 523 537 548 630 666 696 741 750 806 868 938 965 967 986 96 40 294 497 580 
282 189 268 107 305 290 249 360 382 394 398 413 444 471 515 602 605 649 724 785 802 812 888 908 916 948 974 229 302 851 
126 77 408 554 584 592 669 678 731 768 902 909 485 689 
296 120 87 388 431 452 461 808 865 267 399 
104 329 73 90 203 395 505 733 798 928 101 482 
166 308 111 258 158 142 151 332 288 229 240 24 201 331 407 430 463 468 513 519 530 558 566 606 644 652 675 689 699 703 715 723 743 783 786 816 905 913 914 949 969 979 210 402 451 491 
128 284 162 216 370 551 559 698 825 844 
147 199 292 78 130 494 618 637 894 437 
10 205 341 253 365 440 575 631 639 741 835 896 
27 340 250 148 82 505 682 700 705 709 733 745 757 840 879 907 928 955 143 406 887 
318 46 236 187 223 205 200 9 204 217 341 371 392 440 458 483 486 493 518 529 575 611 630 631 666 741 837 932 986 49 83 742 942 
166 308 111 354 468 530 652 786 911 230 638 
204 101 10 205 392 440 480 518 537 965 967 431 975 
151 308 288 201 24 352 331 332 142 229 361 407 463 468 513 519 530 558 566 606 644 652 675 689 699 703 743 759 783 786 816 905 911 913 914 949 954 979 161 409 574 688 963 
321 188 157 35 113 267 102 116 96 75 280 276 372 403 435 457 464 489 516 517 522 599 614 667 692 695 717 729 742 762 819 858 871 929 968 970 431 508 515 948 
83 59 139 15 159 70 61 184 274 295 363 375 384 393 456 527 536 545 546 615 677 687 712 823 862 881 900 926 997 73 478 594 808 
168 170 87 292 325 448 777 808 831 437 477 
85 264 160 106 180 194 298 317 186 224 378 412 422 593 610 633 638 688 822 839 920 946 959 976 985 990 685 986 
296 120 130 87 388 432 501 683 752 265 653 
109 342 290 22 140 291 49 81 72 398 437 602 604 724 847 877 888 948 380 946 
229 354 308 430 463 644 652 675 949 979 8 557 
265 327 121 433 579 694 749 776 787 845 912 984 50 543 
6 70 159 45 15 137 356 375 536 545 567 613 704 747 823 900 925 951 398 904 907 
282 107 307 140 3 398 649 724 730 802 922 972 660 841 
86 206 145 9 253 205 322 349 367 392 440 480 486 499 518 741 935 938 239 675 942 
82 260 329 505 580 733 760 764 841 907 205 516 
10 257 101 365 371 409 418 434 465 486 548 666 696 741 836 932 967 83 381 
42 161 121 41 237 313 579 608 869 387 
74 128 259 192 397 551 559 581 708 987 669 971 
216 281 209 16 275 347 488 524 568 581 583 595 728 761 963 982 182 724 
367 204 351 206 273 409 440 836 967 224 954 
355 280 321 157 188 102 113 116 403 435 516 517 614 692 695 717 742 762 871 289 81 853 
162 79 238 385 386 503 524 559 982 145 
287 231 453 636 763 804 943 945 958 999 432 739 
248 83 179 45 70 193 356 137 181 50 150 139 15 184 363 270 6 208 295 64 384 393 456 462 472 527 536 545 546 567 613 615 643 704 712 823 827 857 881 925 926 971 997 52 333 95 415 471 
168 152 76 8 4 124 292 177 87 262 330 170 338 388 431 438 570 618 642 683 752 811 852 856 865 895 901 32 393 727 
74 128 216 220 235 162 30 192 320 99 397 451 551 581 583 595 609 656 708 711 753 825 866 870 1000 2 546 725 
264 160 358 180 412 422 534 593 638 688 839 920 946 959 990 57 488 
249 282 291 394 398 413 421 602 649 796 802 888 948 582 971 
322 10 341 9 145 434 480 499 537 203 360 
301 182 54 198 63 88 252 222 221 423 439 509 554 624 722 727 731 740 767 769 817 844 367 393 801 
167 66 109 342 394 398 411 469 471 515 578 604 684 726 730 793 908 922 948 676 745 830 
203 136 250 55 13 580 664 685 764 840 928 659 706 
375 179 139 295 137 248 64 356 70 17 208 242 536 613 673 823 838 862 971 156 161 629 
373 162 79 34 551 559 583 803 904 956 414 927 
30 293 74 373 117 79 508 559 595 656 825 855 956 987 87 161 
282 49 314 23 441 724 796 802 916 61 368 
344 67 292 78 4 147 76 338 199 376 359 431 438 461 502 541 582 618 645 668 702 754 777 831 835 865 901 918 151 171 727 940 
172 287 453 528 625 646 763 804 923 958 999 82 654 
49 228 411 437 471 602 802 888 948 663 
66 398 469 602 796 802 877 948 977 535 
353 187 68 141 341 132 328 47 9 200 204 135 365 101 10 351 278 206 145 223 322 309 409 434 440 449 486 493 499 518 529 537 548 549 575 611 631 639 696 741 750 829 935 965 140 54 514 583 949 
375 159 295 83 270 193 181 184 179 356 64 45 248 70 61 507 525 527 545 567 577 613 615 673 704 900 951 136 286 381 376 
342 22 107 382 379 282 398 471 590 602 730 793 207 293 
112 73 337 40 52 203 82 154 345 13 55 20 340 329 260 414 417 505 510 576 580 585 664 682 693 709 720 733 757 760 764 805 820 840 841 843 850 879 924 928 955 99 245 484 1000 
28 153 269 459 543 589 594 846 864 873 892 903 964 189 689 
369 165 79 175 377 18 293 451 488 559 583 659 735 803 956 253 136 
307 261 394 140 391 382 360 72 268 81 290 164 314 107 379 189 364 324 342 413 421 441 454 471 474 602 604 605 724 796 802 809 853 891 974 977 993 194 277 363 588 672 
193 59 15 246 159 6 527 536 673 971 250 344 
31 44 174 311 28 48 144 213 127 269 197 404 446 459 466 495 496 543 589 594 628 640 686 707 718 736 746 772 780 781 791 818 826 846 860 867 873 883 887 893 898 903 975 995 138 507 636 794 967 
37 143 289 7 191 88 54 77 221 93 198 125 408 423 445 447 481 482 509 554 564 572 592 647 669 678 690 706 727 731 738 740 755 767 768 769 817 844 902 909 915 939 962 998 144 486 545 548 914 
12 32 110 286 227 263 279 232 226 310 455 470 477 478 542 547 586 616 658 662 716 773 788 792 828 917 927 983 989 325 346 594 686 
355 321 35 188 276 372 157 102 280 116 267 113 435 516 517 522 599 614 667 692 695 717 729 742 819 858 871 970 152 192 423 999 
127 400 498 589 591 628 655 846 883 557 585 
146 245 149 285 607 676 714 790 800 855 
133 533 598 713 748 797 830 854 896 70 350 
346 354 240 151 308 166 111 463 468 513 530 606 652 699 786 911 486 
221 343 63 93 39 7 289 37 54 401 251 183 222 126 198 423 481 482 564 572 592 624 650 678 706 719 727 740 755 767 817 844 909 915 988 164 195 714 760 
86 341 367 371 392 204 322 205 465 480 537 696 967 262 354 
42 121 214 161 169 237 134 244 202 313 41 520 603 608 622 626 749 787 869 111 555 840 
140 305 324 81 390 189 107 167 49 23 290 382 413 421 437 441 469 471 515 562 661 724 726 730 765 796 802 853 888 891 908 921 948 240 119 467 
160 358 180 186 264 106 298 378 85 317 422 426 534 563 638 688 839 920 990 154 290 551 
398 291 49 94 22 249 379 282 411 342 421 474 578 602 605 726 793 802 809 847 888 891 966 972 977 993 144 536 991 
40 395 27 136 203 20 82 450 585 805 385 220 
313 51 42 327 579 608 626 749 940 375 
196 89 43 195 297 239 156 176 271 429 526 539 588 596 665 680 756 832 842 899 991 330 749 824 
255 395 82 13 90 154 136 664 764 924 955 626 995 
141 145 9 367 257 217 549 696 761 860 957 
30 209 192 300 275 490 524 559 595 728 732 753 761 815 956 39 575 
306 133 283 425 514 521 533 598 634 701 778 797 830 854 994 177 269 580 
411 398 413 115 290 379 307 437 515 587 605 765 847 891 922 948 238 858 
160 358 180 378 412 426 532 638 839 920 959 726 880 
225 251 401 334 88 198 7 381 54 408 183 93 222 221 481 492 509 554 564 592 647 669 706 727 740 755 766 767 817 844 915 141 403 895 989 
268 228 164 290 578 602 605 730 796 802 847 921 948 468 723 
306 36 25 420 163 2 105 133 283 277 442 521 569 573 598 634 701 713 748 774 778 797 814 830 854 874 896 897 980 994 292 519 567 745 
412 264 106 160 180 422 593 638 688 839 920 976 221 613 
146 475 607 670 676 790 800 848 863 1 878 
172 138 185 123 625 763 943 945 999 158 900 
196 89 416 176 297 195 239 156 43 271 526 539 540 588 596 665 680 756 832 842 890 899 944 991 41 931 937 
332 308 24 361 346 519 606 816 949 632 720 
120 262 376 207 344 243 8 296 254 388 333 436 438 501 570 618 623 681 683 702 777 808 835 895 901 355 353 568 
330 359 199 262 4 338 484 574 618 674 702 831 865 889 953 374 178 
41 362 327 313 92 244 134 42 121 202 214 520 556 579 608 622 626 749 787 845 869 880 912 940 952 644 770 798 
200 10 204 205 145 392 273 367 46 9 141 380 341 318 449 465 486 499 523 537 575 630 696 770 932 938 965 967 509 616 831 849 
355 321 403 35 372 113 267 188 157 96 457 464 516 517 522 614 667 692 695 717 742 762 819 858 871 929 968 168 675 833 
262 78 431 339 199 642 645 683 754 973 146 797 
421 390 360 307 411 107 189 261 49 249 3 454 471 661 724 765 785 796 916 922 974 348 43 357 
78 120 388 262 376 207 8 431 108 494 501 541 618 645 681 702 752 758 777 808 811 865 889 933 936 973 335 531 595 
289 381 183 301 37 509 669 731 766 767 817 875 909 680 889 
318 351 349 200 206 141 278 365 204 135 392 353 68 223 371 341 257 548 631 639 666 806 829 932 965 986 285 144 536 
49 189 290 291 411 387 398 107 66 3 471 602 726 730 847 977 7 620 
425 133 163 11 277 25 36 2 105 533 573 598 701 713 774 778 797 830 874 896 994 100 51 817 
2 36 11 133 573 713 797 830 896 669 
342 474 587 661 684 724 730 765 916 922 626 898 
7 401 63 183 481 564 768 844 909 729 
153 28 400 459 594 707 883 887 981 858 
401 93 251 221 198 334 289 560 584 719 722 731 738 766 768 844 915 998 515 707 
262 339 357 4 147 618 623 683 758 808 824 863 882 
205 434 223 392 10 549 639 910 967 237 896 
255 55 340 414 90 510 709 720 733 744 760 798 805 813 928 171 645 
128 192 30 33 303 284 99 397 79 320 377 488 490 504 524 551 559 583 656 708 753 815 855 866 956 982 987 59 346 654 783 
292 8 207 147 4 296 124 344 501 702 752 777 852 865 22 705 
185 374 123 389 287 535 597 636 804 923 945 281 819 
314 437 290 398 107 562 710 724 730 802 487 949 
402 103 286 110 470 601 616 773 788 928 
64 246 356 83 70 15 248 184 375 159 472 507 527 536 546 567 632 747 827 485 871 945 
355 435 188 321 464 517 614 667 692 742 762 66 249 
10 68 200 351 465 480 483 486 493 537 666 806 302 641 
269 299 197 212 28 44 336 97 400 153 396 446 466 467 485 496 511 543 589 594 628 640 686 707 746 772 782 789 807 846 860 873 883 887 893 898 964 995 64 157 502 812 844 
336 153 466 511 589 594 600 640 718 746 846 883 975 995 301 184 
292 168 207 388 78 338 344 754 799 852 568 805 
50 159 208 70 375 248 150 233 139 472 527 613 857 925 926 961 604 684 
346 308 166 111 151 288 240 258 354 361 332 407 60 24 479 500 513 519 530 558 566 606 644 652 675 689 703 715 723 743 759 786 905 947 949 969 47 32 503 717 770 
355 457 435 517 614 667 692 717 742 858 258 854 
458 434 47 9 101 223 409 367 341 10 312 257 523 537 630 639 750 806 837 932 965 128 508 572 
269 299 91 460 212 153 459 400 28 323 127 53 31 213 247 144 197 467 485 487 498 506 531 589 594 600 640 686 737 746 780 781 789 807 860 864 867 883 887 893 964 975 981 995 564 788 804 970 
210 466 299 48 144 459 269 31 100 197 506 591 594 628 707 781 807 981 411 936 
354 151 346 229 332 352 308 166 407 500 558 566 644 675 699 723 947 424 948 
261 268 307 411 290 314 107 66 382 391 72 282 471 590 684 847 891 908 88 82 915 
110 12 263 402 455 286 279 542 553 616 773 788 65 839 
437 342 69 307 411 291 3 314 167 268 469 398 390 22 382 394 441 590 710 726 802 888 922 948 974 992 993 234 375 258 995 
456 70 184 83 248 15 375 155 64 45 462 61 545 577 643 823 827 925 971 264 684 741 
146 171 149 245 304 651 670 676 790 794 848 859 934 480 881 
167 413 398 444 562 602 724 921 974 807 
146 21 171 427 149 335 294 211 245 491 651 676 714 790 794 800 861 863 232 276 
218 281 18 293 559 581 771 803 870 35 640 
12 32 110 263 178 402 286 542 616 691 788 828 357 1000 
12 226 402 232 286 32 310 110 662 775 788 927 356 913 
151 24 463 229 558 606 644 689 715 816 913 949 532 768 
205 204 10 236 309 458 253 353 365 380 9 200 223 278 86 409 273 257 312 132 322 145 341 483 499 537 548 575 611 639 696 741 750 770 829 836 837 868 882 932 935 967 250 473 500 807 872 
77 125 221 401 423 39 408 445 492 560 624 660 706 719 738 768 909 915 36 111 856 
191 215 401 408 77 182 183 560 592 669 727 768 345 850 
141 458 205 10 257 480 101 351 537 666 770 910 965 17 673 
262 330 432 76 681 752 852 894 936 395 533 
459 210 466 495 511 594 707 772 818 887 975 456 343 
458 204 351 328 223 434 257 206 367 365 205 392 9 10 46 537 611 639 666 696 741 836 932 965 967 407 401 894 
100 269 466 28 707 737 818 846 864 887 975 454 280 
118 234 397 209 303 175 451 128 79 275 192 300 259 370 508 561 568 583 609 619 656 659 697 753 761 815 851 906 930 956 963 378 737 762 892 
355 267 517 614 717 742 762 858 929 336 
275 128 118 30 192 451 74 99 419 659 904 982 787 915 
146 475 38 304 245 607 784 790 794 800 934 346 160 
125 481 77 423 289 509 706 875 909 127 797 
458 101 9 341 351 392 217 696 829 30 
87 438 114 78 348 642 811 852 865 242 874 
400 91 269 485 48 197 44 299 247 498 594 600 621 737 746 807 860 873 883 887 964 975 995 141 616 675 
459 269 44 127 400 31 640 707 718 235 
148 82 136 505 585 657 805 840 955 167 341 
210 495 53 466 404 323 887 903 995 546 
205 365 380 322 434 9 10 480 392 639 696 837 932 33 112 
151 111 463 166 332 468 331 911 969 480 771 
262 438 359 254 124 120 431 338 147 207 452 130 168 555 618 623 648 758 831 865 889 894 895 918 953 973 586 787 
177 316 262 292 388 574 752 865 973 459 288 
74 373 218 293 320 583 708 728 761 825 956 463 579 
451 300 79 175 561 568 663 735 855 885 987 199 305 
104 73 395 82 27 350 366 90 55 329 136 20 497 13 19 345 538 580 585 657 664 679 685 693 700 705 709 720 733 760 764 798 805 841 850 907 924 928 955 960 978 56 201 708 752 864 
44 467 144 466 543 591 594 640 718 746 791 860 887 995 292 614 
456 150 17 295 393 83 536 613 961 400 710 
218 234 488 272 16 192 33 386 58 568 583 732 771 930 956 982 465 355 
492 423 334 77 7 252 401 381 225 439 221 126 289 88 251 182 564 584 641 678 727 731 766 767 902 434 758 
395 82 55 450 136 580 850 879 928 614 
459 460 269 53 197 31 485 594 600 621 655 737 807 887 975 258 145 
196 89 195 297 176 526 539 756 842 991 42 941 
407 308 240 354 463 332 24 346 201 166 258 111 519 558 606 689 947 949 17 787 943 
420 11 598 713 778 797 830 897 994 392 
3 411 324 342 69 282 421 107 261 382 649 908 447 355 
355 435 403 113 372 517 667 717 742 929 366 869 
355 403 321 435 372 157 35 489 188 267 102 116 96 75 457 280 516 464 522 599 614 667 692 717 729 742 762 819 858 871 929 968 970 71 304 698 
10 9 353 365 392 351 236 549 696 932 176 599 
346 166 354 308 142 229 158 463 430 513 288 258 111 558 566 644 675 689 703 723 783 905 913 914 949 979 425 98 536 
41 410 433 92 134 550 579 603 608 622 869 937 212 718 
425 277 11 283 133 306 420 598 713 797 830 896 980 652 773 
355 116 517 188 96 403 435 667 692 717 55 107 
465 236 71 47 9 257 10 68 434 206 341 537 575 741 770 868 882 932 566 574 953 
209 300 122 373 370 165 293 219 419 99 18 128 451 216 235 551 568 583 595 619 653 663 753 771 825 870 956 987 1000 195 584 841 923 
83 64 295 193 248 393 527 567 673 677 283 765 
195 196 176 429 89 416 239 512 832 199 952 
59 356 295 61 6 150 50 248 456 375 184 399 525 274 393 462 536 545 567 615 673 857 862 971 198 243 929 
389 65 231 535 625 763 923 945 958 999 199 565 
392 145 351 204 273 86 9 666 967 558 
346 166 258 308 352 60 463 201 111 407 288 354 240 558 566 606 652 675 689 783 816 911 947 949 954 979 268 168 966 
97 144 48 466 544 591 746 887 903 964 328 438 
180 160 422 264 194 638 839 920 959 985 142 479 
406 133 442 420 25 598 713 797 814 830 897 484 562 
412 298 180 378 264 638 688 822 920 946 77 130 
185 80 123 528 453 625 646 763 804 923 945 958 999 391 989 
155 181 248 59 61 384 356 256 6 137 295 64 179 363 456 17 193 375 399 139 208 159 274 507 150 15 527 545 546 613 615 627 677 712 795 823 838 862 881 925 926 951 961 971 997 519 440 413 543 996 
392 523 86 353 9 217 480 483 465 309 10 434 486 200 205 458 318 341 68 409 380 549 611 630 666 770 779 829 837 932 965 967 986 308 31 589 
136 505 131 585 664 745 805 813 907 126 956 
196 429 89 416 176 297 239 43 195 512 156 271 540 596 832 842 890 899 944 138 810 970 
196 429 89 195 539 297 239 832 842 963 
388 438 338 292 76 758 824 889 973 176 208 
263 12 226 470 402 227 32 477 547 586 601 616 775 788 927 53 
459 299 396 400 506 210 594 621 655 737 746 782 826 883 536 362 
212 323 174 48 531 600 781 791 860 873 887 898 975 12 143 
536 393 375 83 45 64 179 184 61 472 159 15 356 248 155 527 363 70 546 567 577 613 823 900 401 650 
137 248 375 545 456 159 208 15 6 83 274 536 356 17 613 615 654 677 704 747 795 823 857 926 951 997 498 377 559 
12 227 226 263 32 402 542 616 662 788 244 217 
101 141 341 392 9 68 440 367 480 770 401 726 
204 449 46 145 518 537 392 9 418 223 696 882 938 807 877 
41 327 520 313 169 42 244 749 869 90 659 
30 238 58 284 347 281 209 128 524 451 162 34 385 377 118 303 117 14 293 369 559 561 583 595 653 656 659 761 956 963 412 132 276 841 
161 41 302 134 557 608 626 787 869 252 819 
32 103 110 227 470 12 616 658 788 159 
77 381 37 423 401 88 343 221 706 738 739 768 817 909 579 949 
325 330 501 76 57 207 120 243 645 852 865 410 704 
92 121 42 433 327 169 41 749 787 869 213 111 
244 42 169 161 41 214 121 327 552 313 265 326 237 202 134 579 608 622 626 749 787 845 869 880 940 14 361 404 
346 479 308 166 332 530 240 468 24 111 513 258 354 519 463 606 652 675 689 703 723 759 783 786 905 911 913 949 979 162 529 280 160 
476 385 192 209 99 128 300 451 16 397 122 18 386 162 369 347 74 58 230 79 419 281 219 551 373 568 583 595 619 656 663 698 708 732 751 753 851 885 956 963 982 987 102 546 44 262 960 
54 482 77 7 221 447 183 334 481 5 215 592 624 660 727 739 766 915 998 576 780 845 
551 504 192 488 568 659 735 761 982 45 569 
454 305 474 411 62 602 793 796 802 847 977 533 798 
85 160 180 412 638 839 920 946 959 990 37 844 
225 408 401 289 84 191 221 445 54 93 198 509 423 215 572 592 624 669 678 706 727 740 767 768 909 915 988 466 714 
32 110 310 227 616 662 691 788 917 927 35 528 
346 166 468 24 463 530 258 354 519 606 652 689 699 703 783 816 913 523 205 
274 155 248 45 456 525 295 527 375 256 17 70 184 545 61 159 246 393 363 613 654 673 712 795 827 862 900 951 27 425 327 591 
162 275 488 561 284 559 14 74 58 18 320 128 266 508 370 504 99 122 209 524 29 235 581 595 609 656 708 728 753 761 815 825 930 956 963 987 461 431 642 748 
425 133 306 598 701 713 778 797 830 994 262 561 
4 241 431 376 168 124 582 637 645 702 721 777 801 852 865 894 901 303 859 
182 93 221 7 88 289 251 624 727 144 826 
564 408 401 183 63 624 669 678 727 768 915 465 987 
442 425 133 306 443 598 701 713 774 778 797 830 896 897 980 994 678 
8 124 177 57 432 207 78 502 147 120 67 618 637 668 683 702 754 758 777 808 831 865 889 933 953 354 523 
523 9 351 206 480 101 328 309 434 349 392 204 141 253 278 631 696 750 965 80 108 419 
19 154 82 395 20 55 664 757 760 805 820 850 907 928 955 560 
472 274 155 64 545 45 17 393 83 59 615 643 654 673 857 997 850 920 
140 107 382 189 413 66 164 1 424 649 661 710 724 877 891 908 948 977 618 783 
41 302 327 433 362 237 121 557 326 92 51 214 265 244 313 368 202 520 415 42 603 608 612 622 626 694 734 749 787 833 845 869 880 884 886 912 984 554 291 503 811 988 
154 383 505 366 395 510 250 73 329 255 13 136 585 664 805 841 850 942 420 341 124 
162 18 476 369 99 377 370 568 583 595 697 329 625 
570 207 199 325 338 388 648 752 831 865 379 586 
581 272 162 284 209 293 175 173 385 551 370 238 79 508 524 451 18 559 192 488 122 74 377 128 503 397 281 595 619 656 698 751 753 761 866 870 930 956 963 982 987 392 247 717 936 
509 343 289 39 84 447 624 740 766 767 817 988 524 176 
19 27 131 414 497 82 136 55 395 129 538 148 40 73 580 329 260 505 154 620 664 685 693 709 720 733 745 757 760 805 813 840 850 942 955 204 404 6 634 
12 32 542 286 402 263 227 662 788 927 582 501 
444 107 421 602 724 891 908 916 948 966 172 912 
196 429 416 156 176 297 596 832 842 398 
127 459 460 400 97 396 466 247 213 144 404 594 772 846 864 887 893 964 975 89 537 802 
81 469 394 471 649 802 847 908 977 19 894 
531 404 506 44 197 467 736 807 873 893 903 941 964 975 981 567 805 
93 343 560 222 7 289 77 251 564 126 125 401 482 182 183 423 221 408 39 624 650 678 690 706 722 727 738 740 767 817 909 915 962 296 69 193 
317 358 378 106 180 426 638 839 920 667 
400 323 459 460 495 466 506 31 247 212 48 299 44 197 446 589 511 396 485 543 467 144 100 97 127 600 628 640 718 772 780 781 782 791 860 864 867 873 893 975 223 402 5 356 656 
209 377 386 175 551 99 219 234 192 581 122 419 568 583 370 275 303 128 524 162 559 235 656 672 711 753 803 815 825 855 870 906 956 982 438 242 664 713 
196 429 416 588 195 89 239 539 756 832 842 120 790 
287 453 65 646 763 804 923 945 958 147 
425 133 420 306 442 25 573 11 105 2 521 514 533 283 277 569 406 701 713 748 774 778 797 814 830 854 874 896 897 980 994 263 287 51 850 
355 403 517 321 102 35 75 614 717 858 518 750 
511 144 269 91 127 544 495 466 460 44 594 640 746 782 887 975 315 
12 542 103 110 286 455 671 691 788 694 757 
398 360 23 49 290 441 379 72 413 291 562 391 62 587 164 390 394 307 342 22 69 424 474 604 629 710 724 726 796 853 877 888 908 916 921 974 309 719 769 978 
244 51 42 579 410 520 626 787 952 340 975 
382 398 314 107 360 81 602 268 724 796 891 908 916 993 338 462 
342 424 413 421 167 49 398 710 802 891 908 948 966 993 9 248 
530 166 258 24 558 346 463 158 566 111 430 513 479 354 142 308 407 332 151 675 689 743 759 786 914 949 979 155 164 731 
427 149 405 491 285 245 146 676 714 790 800 848 863 286 983 
41 327 552 121 410 244 326 313 579 169 433 368 302 520 92 237 557 202 51 415 42 617 622 626 749 821 833 869 880 884 919 952 984 195 186 713 
118 173 377 99 488 18 293 303 568 79 656 663 825 904 206 299 
358 180 264 160 638 839 920 946 990 196 
9 309 204 486 351 10 480 46 537 217 392 141 741 967 683 759 
313 161 579 92 327 622 626 787 869 886 97 39 
159 242 363 137 393 45 545 61 70 567 375 256 248 274 546 208 384 295 536 15 59 64 507 462 155 654 687 704 712 747 795 823 838 857 900 426 261 637 811 
355 517 321 403 113 188 372 35 157 280 599 116 267 102 489 75 457 464 96 435 276 667 692 695 717 729 742 762 819 858 871 929 968 970 510 115 506 925 
527 193 577 45 546 15 356 536 375 208 393 83 159 64 184 627 643 673 704 712 747 838 857 653 768 873 
12 32 402 286 310 263 477 470 565 178 279 226 542 547 455 227 553 658 671 691 773 788 828 495 434 168 
41 121 608 244 92 169 161 42 626 912 180 640 
120 168 388 338 330 78 56 241 4 376 432 574 325 448 124 431 348 438 177 67 114 292 501 637 648 702 721 752 758 801 834 852 894 895 901 107 22 578 873 
99 488 583 559 16 293 320 524 753 815 956 1000 67 56 
136 129 52 131 585 154 73 55 203 664 700 709 841 955 960 441 
495 197 543 511 210 791 826 846 860 898 995 32 762 
92 42 612 327 579 608 302 161 265 51 410 433 41 121 202 557 326 237 214 520 169 244 626 694 734 749 776 787 869 886 912 937 940 984 79 774 820 891 
262 130 501 78 448 296 431 120 147 754 865 876 918 44 652 
584 564 572 84 182 592 93 301 126 571 381 222 39 408 481 289 560 7 221 706 719 722 727 731 738 739 755 766 767 844 909 939 209 332 661 940 
428 185 65 535 389 528 138 80 636 646 763 804 923 931 945 581 751 
41 265 313 612 552 608 244 617 557 433 579 410 327 51 603 622 42 415 161 302 734 787 821 845 869 884 886 417 444 741 
70 615 536 155 17 15 673 862 926 259 
400 594 127 144 404 100 53 44 212 467 459 640 782 846 860 867 873 887 903 975 149 692 733 
305 23 307 290 115 164 602 261 49 109 796 993 384 903 
537 328 47 341 351 205 135 141 101 465 434 133 131 
392 349 440 328 46 9 351 575 204 806 910 82 852 
295 83 456 70 6 687 827 857 925 430 955 
160 264 194 358 180 638 688 839 946 254 
425 2 420 25 713 778 797 830 994 585 924 
146 285 171 245 790 800 810 848 849 934 287 334 
138 374 453 123 625 763 923 931 999 400 
78 348 120 570 574 618 642 702 752 613 
633 160 180 358 264 412 298 106 426 378 85 422 534 610 563 224 317 593 532 688 822 839 920 946 959 976 990 352 282 754 842 
440 145 499 465 141 273 480 392 349 449 486 223 9 312 318 696 910 935 189 946 
600 466 459 127 628 247 197 311 460 594 506 400 91 48 153 496 97 144 718 746 791 807 860 864 867 883 941 964 981 617 86 476 959 
77 39 182 509 755 767 909 915 962 458 
494 241 637 78 207 436 57 376 56 4 147 168 683 777 799 808 894 568 964 
615 193 375 159 472 577 295 900 971 997 263 945 
201 346 468 519 479 354 229 463 361 308 111 652 689 743 913 433 
338 67 555 170 436 108 168 8 570 207 199 330 152 438 388 243 683 754 824 831 856 865 901 918 957 450 295 884 
287 389 535 597 625 763 804 958 999 197 
301 423 221 183 401 739 767 844 909 216 724 
338 501 243 207 4 582 618 752 754 918 83 187 
364 379 578 314 515 590 290 342 661 809 175 160 
592 289 77 198 225 126 143 408 251 215 678 727 740 755 766 767 768 909 915 988 318 545 677 
146 475 473 294 95 285 670 676 784 790 794 800 859 934 100 253 
346 166 354 308 407 111 60 566 361 352 24 530 463 558 229 258 201 644 675 743 783 816 911 913 947 949 954 979 521 137 623 823 
209 79 524 551 33 293 656 761 771 987 615 359 
193 613 567 159 577 45 546 70 704 827 857 961 451 389 
44 53 404 144 511 543 197 737 791 826 860 873 883 893 975 125 327 
259 451 568 275 583 609 377 653 386 128 551 559 293 595 488 209 220 659 698 866 870 956 1000 24 594 
497 505 90 19 82 329 720 744 841 879 955 978 243 730 
12 32 402 227 279 319 263 616 286 553 671 773 775 788 983 989 244 
551 397 656 118 490 128 488 30 275 561 234 79 192 761 771 906 956 963 987 85 383 550 
481 182 93 560 719 722 727 731 767 915 939 364 277 
49 23 444 649 437 62 578 314 411 812 891 948 133 624 
12 227 32 402 232 586 478 263 547 565 226 691 716 773 788 917 927 274 834 
162 609 218 504 524 192 559 209 956 390 77 
395 417 19 55 505 260 82 40 340 154 580 538 576 148 383 73 585 20 136 112 13 620 250 679 685 693 705 709 733 757 798 805 813 879 907 928 942 960 141 595 99 732 867 
196 429 176 416 239 195 756 832 842 944 82 848 
367 529 351 46 483 458 341 537 440 204 135 200 206 486 741 779 829 139 687 
355 517 321 276 435 188 280 403 157 464 113 75 522 116 614 516 457 692 717 742 762 858 871 929 968 970 593 241 
254 8 4 388 76 168 574 78 177 241 333 702 752 901 957 810 
77 401 183 482 439 572 423 222 221 564 343 817 909 443 369 
146 38 651 427 98 335 171 473 676 714 790 810 848 859 934 712 
601 32 616 319 658 775 788 927 983 717 
218 16 58 209 162 595 930 982 987 398 
577 61 393 181 295 627 525 139 242 527 399 17 159 567 193 137 384 70 246 233 615 687 747 827 857 971 483 741 
330 432 56 120 292 754 824 865 901 725 
346 166 468 308 288 201 606 361 24 652 558 111 519 354 142 331 463 229 530 689 699 715 723 783 786 816 905 911 914 949 954 435 205 365 495 
146 245 285 405 335 38 607 475 211 670 171 294 473 149 304 98 21 651 26 190 95 427 714 790 794 800 810 848 849 861 863 934 996 181 382 223 105 
184 295 546 356 525 248 536 687 704 712 827 862 650 713 
93 408 650 572 509 401 343 315 252 564 222 251 125 592 334 722 727 731 738 767 768 817 909 915 988 998 204 573 209 
154 90 250 20 148 505 119 73 664 798 805 879 907 955 207 882 
196 89 429 297 416 156 756 832 842 439 
484 177 333 4 431 438 8 865 895 307 
73 395 55 129 350 745 760 798 840 928 789 870 
147 376 76 56 168 359 574 645 448 8 292 57 262 296 642 330 436 316 120 325 431 702 754 835 865 876 901 918 936 953 173 28 611 868 
469 81 290 282 115 444 382 107 710 724 472 462 
40 337 136 505 82 329 255 55 73 585 19 383 664 693 700 705 745 757 760 805 813 850 907 924 955 358 976 
466 127 400 459 144 718 772 791 887 964 402 926 
356 673 15 248 677 613 83 632 179 242 45 747 900 971 997 666 796 
638 633 106 180 412 160 378 194 186 534 426 358 822 839 920 946 959 990 226 354 744 
530 354 308 513 675 566 346 166 463 24 258 644 519 558 229 606 151 479 111 158 743 759 786 905 911 969 343 396 865 
289 592 251 183 401 722 727 766 768 921 
12 32 601 226 263 662 616 110 477 565 286 310 227 773 788 792 927 989 111 308 951 
355 614 517 321 403 435 667 188 522 35 464 113 276 102 372 96 116 75 280 457 267 157 695 717 742 762 819 858 871 929 968 970 37 139 628 955 
585 685 505 664 131 55 82 73 13 395 840 850 950 955 310 696 
41 121 327 326 362 302 622 579 42 169 749 833 886 601 65 
355 692 321 435 372 614 403 717 742 796 
486 499 10 639 204 46 392 434 68 575 253 493 145 318 341 518 236 418 549 367 9 187 141 409 205 480 741 779 837 967 693 214 21 949 
18 488 581 266 162 99 698 870 982 829 
347 559 697 583 30 216 656 235 963 987 517 842 
566 407 24 332 308 346 675 468 166 354 759 905 913 914 949 286 11 
620 55 340 13 350 685 505 27 709 955 323 162 
573 425 36 442 105 569 133 598 420 2 778 797 830 980 994 63 866 
452 574 330 431 76 243 683 637 570 388 618 432 338 199 438 668 78 8 752 835 865 936 298 737 913 
346 158 354 60 566 558 463 519 786 949 326 94 
546 363 248 159 83 613 654 45 193 181 242 393 615 375 677 6 712 857 555 713 866 
340 350 505 73 685 664 136 924 950 452 
554 624 126 423 125 183 221 251 592 492 564 408 401 481 7 727 738 768 902 988 314 383 227 945 
197 53 467 459 446 485 311 487 496 48 127 400 210 791 807 860 867 883 964 338 317 447 
369 451 128 230 568 503 18 99 33 219 559 377 753 815 870 956 505 70 
620 55 82 136 450 250 340 505 585 664 395 350 700 260 720 733 760 805 813 820 841 878 950 785 817 
605 454 602 167 3 314 107 684 471 81 578 796 908 507 20 
58 377 173 595 235 761 771 930 987 9 911 
677 70 615 536 45 375 567 613 193 704 356 838 304 670 
598 425 133 442 11 514 36 406 306 25 443 573 634 2 105 163 569 277 533 521 748 774 778 797 830 854 872 874 896 897 980 994 608 677 595 704 
146 676 190 245 285 171 95 149 405 38 475 294 607 335 304 98 670 784 790 794 800 810 848 861 863 934 996 564 408 979 
308 331 463 111 479 675 166 346 949 767 
32 226 402 110 178 227 279 662 263 773 788 989 41 865 
355 614 517 692 321 403 435 667 188 464 372 102 516 267 695 96 489 75 276 599 157 522 35 742 819 858 871 929 671 146 583 463 
28 44 640 594 686 400 460 144 506 299 97 496 210 53 737 746 772 781 791 807 846 860 981 995 520 71 997 
408 660 624 447 315 63 481 252 77 301 731 766 767 844 602 76 
340 657 505 13 585 395 709 450 19 55 82 73 136 733 760 798 950 955 310 430 
570 78 168 199 4 618 799 831 895 257 
690 624 660 54 381 447 678 592 727 740 766 767 768 844 875 909 915 777 987 
675 468 558 519 166 308 463 346 759 914 949 97 424 
387 307 140 437 684 314 360 3 49 107 342 602 364 454 444 398 62 474 578 69 411 22 587 604 94 268 726 730 785 812 877 891 916 992 370 85 647 804 
55 260 340 73 40 154 813 843 850 942 674 377 
471 228 69 724 382 167 413 602 290 164 94 441 22 189 411 765 802 809 812 888 908 977 422 548 742 
423 221 77 706 401 572 315 564 660 84 509 182 722 408 381 592 215 252 650 183 624 482 88 126 678 289 690 7 560 571 755 768 817 902 909 915 939 988 131 388 376 19 831 
293 219 568 503 370 272 128 230 419 79 753 761 870 956 963 327 757 
355 614 517 321 96 116 403 742 819 858 445 320 
411 164 249 107 441 228 94 23 291 454 394 364 724 444 382 424 290 167 785 793 802 891 908 948 972 974 992 993 216 657 7 808 
447 660 401 381 719 77 509 183 343 7 439 624 221 678 768 817 902 909 915 606 174 58 
508 303 74 218 79 559 419 192 956 987 664 89 
255 366 27 709 136 250 329 345 104 664 505 73 154 450 350 720 395 55 585 82 760 841 850 878 928 628 207 735 
237 214 41 626 622 302 42 579 244 749 869 884 886 912 937 940 781 
30 561 58 272 266 504 165 397 851 733 
53 591 400 213 100 789 864 883 887 13 
543 212 718 487 44 466 311 269 655 495 511 782 867 883 892 893 975 995 488 702 
706 315 93 401 7 88 84 592 222 624 678 554 481 183 447 77 755 767 909 915 806 839 871 
143 647 183 554 624 182 54 221 560 766 915 998 293 374 
221 77 7 222 143 722 408 564 592 251 650 423 381 401 584 88 766 988 813 
205 278 611 341 200 666 204 365 141 523 10 349 480 696 71 486 367 322 392 206 351 257 779 806 882 910 938 965 673 472 626 77 
355 614 517 692 717 403 321 435 667 188 372 157 35 729 113 96 102 695 276 75 280 457 489 516 464 762 858 871 968 970 74 351 726 916 
166 689 354 652 644 288 111 332 158 346 463 331 308 606 783 786 816 911 949 187 127 301 
450 337 657 154 764 798 805 820 850 688 
73 585 112 340 350 260 52 104 685 682 538 82 131 250 760 764 805 841 850 928 955 335 382 425 
459 466 460 506 600 197 269 531 400 718 210 543 640 495 782 807 818 887 903 964 757 798 799 
45 673 64 456 363 546 15 83 613 615 687 6 827 900 926 140 
713 598 133 406 425 306 797 830 872 568 
41 327 579 557 608 694 734 202 161 362 121 415 92 134 622 51 410 42 214 550 169 326 237 556 433 313 265 787 821 833 869 884 912 937 984 246 416 162 805 
575 318 392 223 145 465 480 206 341 205 770 938 967 599 909 
320 559 128 238 583 192 18 771 885 625 
648 502 452 254 168 199 582 147 359 702 292 637 376 438 8 618 484 668 152 4 808 811 894 256 505 80 
128 595 281 619 259 219 99 524 419 568 559 728 451 708 192 583 488 320 230 377 162 218 982 1000 170 130 
574 648 683 114 78 57 461 207 645 388 623 436 339 8 674 758 808 835 852 856 889 894 895 901 936 953 638 273 101 
727 37 624 401 408 738 650 191 641 423 767 915 262 760 
196 429 89 416 176 512 297 239 156 271 665 596 680 195 832 842 890 944 155 327 876 
82 585 136 40 664 340 350 395 19 576 148 329 685 764 805 841 879 924 955 728 601 746 
448 254 57 56 199 438 574 618 262 501 541 207 754 4 811 876 901 509 
166 354 606 699 558 308 288 723 111 463 689 911 969 213 611 
136 329 366 131 20 154 733 720 505 450 260 148 685 82 745 337 55 709 13 129 576 340 585 682 395 798 805 840 841 843 850 907 928 942 955 960 978 408 97 755 791 932 
165 370 419 162 561 551 711 728 659 568 18 583 653 503 488 771 825 904 906 418 21 964 
355 614 517 692 742 321 489 435 667 188 35 372 157 457 276 267 280 113 858 929 968 970 79 621 488 
138 65 625 535 287 185 80 389 374 123 646 636 597 428 231 172 528 804 923 931 943 945 958 999 128 121 874 993 
745 383 417 757 744 136 505 52 366 395 154 879 955 166 857 
307 437 726 189 411 444 421 888 908 525 
77 739 690 183 584 84 447 334 423 439 740 143 719 560 722 624 221 289 509 650 315 767 769 902 909 998 320 124 852 
509 289 722 221 650 301 88 143 183 564 39 7 77 766 755 624 584 719 439 408 647 592 84 5 182 215 126 660 641 738 222 678 381 423 315 401 769 817 844 902 915 939 16 715 244 10 
343 731 706 183 650 447 63 727 482 401 564 678 54 93 690 289 222 445 301 77 481 572 722 554 909 915 988 615 479 869 
222 401 39 381 126 766 767 817 915 602 
480 434 86 750 68 537 141 548 217 523 309 10 318 483 46 837 967 986 433 463 
128 524 218 230 476 711 761 192 117 99 34 508 659 118 209 216 653 751 987 113 41 500 
594 459 44 485 718 686 400 589 807 165 
279 616 470 691 110 103 310 716 402 662 32 12 658 455 788 792 927 521 275 
598 25 105 442 277 425 573 713 778 797 830 854 994 622 54 
32 671 478 263 286 227 110 12 542 658 788 927 283 990 
41 622 161 42 362 327 302 787 869 901 
452 316 574 330 642 388 570 262 4 431 438 357 824 852 865 901 918 973 239 722 887 
713 598 425 442 306 634 133 163 420 701 11 774 514 569 36 573 797 830 872 874 897 160 824 990 
101 666 328 696 741 537 10 806 967 110 
31 594 210 466 144 400 782 818 846 883 903 47 560 
127 212 323 97 718 53 466 269 44 400 144 594 467 544 336 791 873 887 734 919 984 
269 737 336 127 780 543 628 459 594 600 746 860 981 252 89 
675 158 258 346 354 519 566 530 166 743 558 652 151 288 913 969 979 578 451 
146 98 245 335 714 171 285 304 651 491 790 800 849 859 207 43 
66 342 724 730 437 793 809 891 974 709 
354 258 407 463 24 689 558 352 703 346 151 332 675 743 606 816 911 913 
41 42 327 579 622 749 776 313 202 161 626 121 433 237 410 51 603 557 612 134 265 326 302 214 92 362 556 552 169 821 833 845 869 880 884 886 940 952 513 490 501 803 860 
12 32 470 110 286 227 616 263 226 691 178 662 658 542 478 775 716 773 477 103 232 586 565 547 279 402 671 601 553 455 319 792 828 917 927 983 466 307 261 146 
336 459 299 213 466 736 97 846 860 682 
146 676 714 427 171 285 335 95 294 475 38 651 784 405 670 473 190 98 304 607 491 211 635 26 245 794 800 810 848 849 861 863 934 996 596 915 982 994 
544 707 323 718 212 31 53 686 781 197 506 153 655 621 247 594 400 640 807 818 846 860 887 964 975 995 760 279 794 
788 773 286 110 12 691 227 402 828 191 
282 382 785 228 291 730 413 394 307 562 847 948 977 869 967 
146 38 335 651 245 285 714 21 475 676 790 491 95 473 800 848 849 863 934 996 791 46 400 
59 613 536 246 184 546 70 567 208 838 857 862 78 79 
604 398 387 562 391 437 379 710 167 629 290 107 424 602 94 411 847 908 948 993 687 322 695 
713 598 425 442 778 306 163 36 11 573 420 701 2 521 774 105 277 569 25 133 533 283 406 443 514 634 748 814 830 854 872 874 896 897 46 436 492 853 
73 720 52 345 679 664 136 505 27 129 82 55 40 255 744 682 450 329 148 760 805 820 843 878 924 942 950 955 746 562 305 433 
177 292 721 339 243 338 461 642 8 120 78 831 901 918 746 985 
146 790 676 211 21 607 714 784 149 635 651 491 171 98 335 405 285 427 95 794 26 475 810 848 859 863 934 996 299 856 960 994 
168 199 254 338 56 8 570 618 262 67 381 235 
189 398 471 454 290 726 424 390 1 282 379 730 22 307 413 590 107 364 562 3 342 391 387 411 23 605 291 847 888 891 974 589 313 44 956 
79 293 476 595 385 235 303 397 987 787 
374 138 625 80 535 185 389 123 646 287 231 763 597 172 453 65 923 931 945 958 999 466 724 928 
73 505 395 538 154 250 40 744 329 82 760 136 585 664 340 55 685 745 709 679 576 19 798 757 131 450 414 580 497 104 813 820 841 907 928 942 950 591 461 749 128 892 
779 741 465 341 458 440 322 631 967 738 878 
323 718 511 44 591 746 466 459 100 144 772 97 707 197 495 640 247 467 791 311 864 867 892 941 975 981 995 549 480 474 837 
357 448 262 152 438 754 254 752 344 292 207 642 431 574 811 865 889 895 356 730 312 
785 167 413 107 398 649 726 94 282 120 
790 676 335 800 635 714 285 38 670 861 539 668 
76 752 808 438 262 494 124 758 87 376 613 579 
726 164 661 342 724 140 891 908 921 459 26 
329 538 82 104 709 450 685 585 664 52 805 725 978 740 151 
797 163 133 36 598 425 306 533 830 241 
117 708 595 451 619 488 30 419 568 262 
652 229 530 166 332 566 479 743 354 346 675 786 430 947 949 969 309 
39 183 408 315 731 198 669 225 289 592 84 126 381 678 7 401 584 727 554 423 143 88 767 769 77 439 902 909 915 998 13 299 709 442 
213 780 487 144 127 791 746 400 485 846 873 887 898 964 232 183 
355 614 517 113 403 729 435 35 321 692 717 552 453 
709 129 395 798 805 576 82 27 744 850 928 955 960 134 622 
41 327 787 749 161 121 608 626 265 952 206 190 
638 534 160 358 264 688 180 224 946 959 976 985 990 122 68 
248 61 70 64 155 472 546 536 545 184 613 159 356 6 363 83 242 15 375 384 857 971 997 133 652 
292 645 541 448 777 57 124 674 894 778 416 
192 122 503 609 595 128 568 284 99 524 347 386 209 230 30 377 238 761 963 227 10 973 
543 174 197 299 621 53 400 655 860 898 571 885 
472 15 274 70 50 456 654 677 256 747 567 375 673 83 632 881 951 961 222 306 
788 12 32 402 110 616 477 279 226 792 232 285 982 
480 666 440 392 493 135 86 537 910 697 912 
797 713 598 425 133 778 442 306 573 36 25 701 420 774 521 2 105 533 569 277 814 748 634 514 443 406 283 163 11 854 872 874 896 897 980 994 321 382 269 179 908 
357 330 388 574 432 120 582 799 124 721 76 645 501 834 865 894 895 901 936 727 434 77 
196 429 89 416 176 539 297 195 756 239 156 596 540 680 43 665 526 588 842 890 899 944 991 42 329 
787 42 302 579 313 244 694 608 749 435 
78 618 831 120 243 262 147 207 856 662 150 
78 56 388 262 754 702 683 199 431 865 193 349 
101 371 278 367 486 273 480 204 9 205 338 153 
465 480 206 351 696 499 770 68 135 9 204 278 537 935 965 986 266 807 
6 712 536 384 83 615 795 613 70 955 
610 358 633 160 264 412 688 317 106 224 563 422 378 180 593 532 194 298 426 638 85 920 946 959 976 985 990 256 738 470 
693 112 52 682 82 497 585 395 350 73 329 760 20 136 383 841 928 410 68 
13 505 260 55 73 329 805 136 366 840 620 757 250 82 104 395 657 148 745 760 733 580 709 843 950 960 978 551 524 298 364 
429 196 832 89 416 512 539 297 195 756 239 156 176 596 665 43 271 680 588 540 890 899 944 991 698 638 132 123 
55 13 20 725 395 841 760 329 798 955 317 303 
719 647 183 767 624 447 722 381 408 39 191 423 289 77 401 445 143 875 909 939 459 563 347 
433 362 327 787 579 626 41 313 92 302 557 121 869 912 940 984 289 560 
789 487 780 791 336 628 396 404 197 269 718 53 459 589 400 621 818 144 460 311 44 864 873 975 995 870 934 944 
421 228 360 562 167 796 590 62 793 424 413 802 189 441 164 22 469 877 888 908 922 948 972 977 993 219 220 
146 790 676 800 714 635 211 285 38 670 794 473 427 26 607 861 246 665 
95 635 285 794 676 784 149 790 245 146 282 434 
55 744 131 505 725 693 820 733 148 119 203 395 580 136 112 576 760 19 52 685 337 510 585 745 73 154 329 250 928 960 482 145 598 577 
488 99 219 293 29 559 14 735 162 154 342 
452 376 461 484 754 338 130 124 618 555 241 199 67 570 296 494 108 8 56 777 262 856 876 918 766 631 
164 94 49 602 167 398 411 891 908 921 966 372 797 
830 797 713 283 425 774 420 406 598 133 896 980 67 464 
238 451 79 118 275 117 595 386 504 956 963 405 951 
207 645 120 199 754 376 852 8 168 147 834 865 800 481 
155 577 462 613 256 270 823 632 673 546 70 184 61 83 704 795 295 181 193 59 375 242 654 615 527 248 862 971 997 764 921 947 974 
355 614 517 692 742 321 717 403 435 667 188 762 116 280 157 35 464 267 102 96 729 489 599 871 929 968 970 421 88 446 79 
146 651 784 670 26 38 473 800 285 863 996 264 570 
210 544 28 791 299 621 53 44 495 127 782 459 628 97 594 707 400 826 789 466 506 48 655 718 640 864 867 873 887 892 903 941 964 975 787 35 418 313 
146 98 790 810 676 245 475 171 714 848 934 73 877 
193 677 627 857 256 795 567 70 384 536 15 527 17 356 900 205 228 
146 245 676 794 800 427 171 859 335 607 475 714 285 294 790 149 304 21 934 996 19 448 337 
299 594 31 860 127 736 466 807 487 197 846 589 44 640 396 887 903 964 975 505 314 969 
4 683 432 67 452 388 555 376 570 856 78 168 344 674 502 702 8 835 574 147 87 494 777 681 292 582 241 339 645 831 623 262 152 438 199 124 501 243 120 808 114 895 901 918 973 716 689 869 
583 235 128 377 451 266 656 982 987 704 701 
807 127 594 91 628 707 400 336 44 640 860 737 174 466 883 893 941 995 664 328 260 
46 10 480 341 101 523 257 318 882 683 
41 42 134 626 622 608 313 169 161 612 92 244 557 302 749 327 552 734 433 265 121 845 520 556 550 776 579 237 787 410 368 880 886 919 940 952 793 768 865 516 
583 377 162 697 476 58 79 99 192 656 708 728 165 524 595 963 982 846 682 
355 614 517 692 742 321 717 188 280 858 667 96 403 157 435 113 102 267 372 968 456 738 891 
830 748 105 778 163 25 797 713 897 480 
591 144 213 544 818 400 655 44 212 91 53 628 495 311 846 459 594 197 336 396 781 860 903 981 615 618 888 
830 778 713 598 36 442 425 306 797 896 494 763 
183 289 844 492 221 215 439 722 915 28 184 
292 262 241 623 758 316 147 78 852 683 894 18 756 
107 847 360 724 391 602 305 261 578 1 908 549 861 
55 709 154 73 733 329 798 27 960 427 806 
657 395 664 764 757 350 20 510 154 679 104 82 950 297 963 
41 92 787 326 869 557 244 433 121 42 608 579 886 912 422 898 
248 827 375 159 536 181 137 356 83 473 
549 480 309 868 217 101 10 741 523 135 965 448 679 
867 311 737 640 53 655 736 707 404 780 97 44 495 269 446 460 543 459 466 400 887 892 898 199 135 
41 302 579 734 626 244 313 121 608 749 787 201 645 
559 18 259 162 30 74 504 751 982 826 
41 579 787 694 244 214 869 42 626 612 161 734 622 313 880 327 126 
781 485 269 487 144 31 860 544 818 197 495 466 686 589 531 600 864 791 736 97 446 459 247 153 53 883 299 48 511 400 628 174 746 506 498 892 893 903 941 964 350 34 777 125 82 
602 342 282 413 379 411 290 471 390 726 189 765 360 847 802 324 948 873 
501 438 541 8 199 432 338 808 754 574 57 67 894 901 439 225 
842 196 429 89 832 176 156 756 239 539 151 988 
268 314 587 785 724 23 469 49 812 249 167 413 107 282 421 411 661 730 307 802 115 398 1 578 853 604 605 908 916 921 948 972 974 992 622 871 55 
396 737 247 883 887 44 53 311 860 807 964 805 488 
247 466 655 887 594 867 459 400 589 44 737 591 127 995 940 973 
108 207 570 484 130 876 754 831 8 316 199 348 325 752 124 618 642 889 262 824 67 501 901 933 486 590 975 
865 808 754 618 431 376 78 831 501 681 170 721 957 423 319 
830 874 854 406 25 133 442 598 713 425 36 573 797 306 443 521 897 994 449 231 349 
830 797 713 598 778 514 25 133 896 872 533 36 573 163 425 980 994 154 
144 818 459 400 100 826 621 544 53 883 444 880 
195 196 429 89 832 416 239 842 297 539 176 92 9 
208 295 59 643 545 61 747 862 356 613 155 567 393 181 70 248 363 687 961 428 218 149 
292 889 668 8 865 388 799 87 168 262 754 894 376 570 758 645 777 683 674 618 831 316 431 67 933 973 776 967 998 
727 343 706 182 401 5 766 731 289 767 37 817 509 252 915 163 
873 400 269 591 197 864 860 44 887 323 498 336 127 48 780 531 91 396 628 746 311 221 49 629 
490 218 99 74 118 609 385 128 761 363 273 
258 519 240 463 689 675 60 166 346 354 558 308 699 949 979 136 290 
595 173 74 761 488 659 220 192 956 10 50 
154 350 119 760 679 337 685 13 19 538 576 366 148 664 329 73 805 505 203 340 928 955 978 363 116 
1 515 49 726 324 602 411 291 342 578 796 72 587 605 249 604 382 261 290 765 710 847 469 891 81 590 877 812 305 62 107 189 853 164 94 730 830 103 308 911 
768 722 678 343 221 77 844 592 408 641 817 650 731 445 222 647 766 492 5 401 481 738 564 624 669 126 439 7 183 554 727 125 915 750 202 46 
631 639 829 483 318 449 101 46 135 741 204 10 9 935 303 288 
675 786 142 288 407 258 759 354 166 352 151 111 530 652 24 743 500 689 558 914 949 711 908 999 
41 134 237 362 433 326 749 313 161 42 244 579 327 880 617 734 845 622 829 136 587 
346 644 354 558 24 166 699 652 786 783 519 479 566 947 949 954 702 478 
166 519 354 606 675 699 308 723 346 111 911 979 295 401 
301 564 7 678 183 423 769 447 650 37 727 909 221 39 875 817 401 77 902 191 738 182 755 222 560 739 592 125 126 408 481 767 641 660 731 722 768 143 289 315 572 939 962 998 469 790 490 118 336 
587 724 602 444 604 437 290 891 49 387 314 107 94 342 307 23 966 742 919 
32 286 788 110 662 12 565 402 227 192 980 
4 648 262 865 168 241 683 852 623 292 177 799 388 645 777 56 501 207 957 973 156 200 959 
92 265 327 41 608 869 42 952 984 916 781 
839 638 358 180 160 534 264 412 688 194 85 426 422 298 186 610 563 106 532 378 593 946 959 976 985 990 577 929 
891 853 228 424 812 290 474 411 291 602 690 857 
437 307 847 66 69 421 268 382 364 444 471 107 992 84 257 
763 804 528 389 625 287 597 535 453 65 636 123 138 931 943 945 999 524 245 
685 136 417 340 55 395 505 705 798 757 955 634 977 
45 536 61 70 363 375 632 472 462 159 248 614 73 
627 356 83 546 375 50 462 150 536 747 129 686 
788 32 586 110 232 286 279 263 319 226 178 671 773 565 542 12 662 402 691 310 478 227 775 983 210 13 385 
340 745 576 505 154 55 664 733 395 820 760 383 82 260 805 104 840 136 450 350 907 345 682 510 850 804 455 
355 858 75 692 267 435 517 489 35 516 157 762 717 614 667 968 920 527 
672 16 488 583 293 99 216 711 192 508 568 18 120 42 
763 804 185 923 625 65 80 138 636 999 429 104 
351 217 499 518 465 440 523 205 47 486 367 309 273 257 537 434 480 760 941 
438 78 292 901 67 574 330 894 973 975 
146 790 670 800 794 245 676 473 651 491 863 714 38 171 335 211 861 304 294 635 149 996 339 846 938 
837 86 365 639 205 392 480 141 910 293 
76 702 831 683 438 484 754 120 168 467 583 
520 302 327 313 622 42 734 749 41 952 48 429 
434 341 741 187 750 549 365 322 253 934 953 
660 252 767 915 727 215 221 93 401 624 844 186 981 
51 557 787 845 869 415 134 433 302 237 265 161 622 327 326 244 734 214 624 388 893 
860 887 640 44 591 867 97 807 981 932 512 
798 760 664 725 154 805 585 90 129 55 73 580 365 351 
763 374 923 185 172 428 945 958 999 513 
842 196 429 89 756 832 176 195 539 43 665 846 270 
80 625 943 185 535 138 804 453 763 123 172 428 374 597 528 287 231 923 958 999 706 456 643 
839 638 180 160 264 610 633 358 822 688 194 534 563 920 106 224 378 959 985 990 340 360 639 
816 513 308 463 258 24 530 201 468 913 652 949 857 286 
421 69 391 793 730 164 796 261 22 382 268 424 189 379 578 307 360 605 314 891 471 411 888 847 115 661 140 342 390 587 107 972 992 355 272 468 986 
201 558 354 715 703 913 652 24 513 606 111 816 331 142 675 743 346 430 530 361 911 479 308 519 905 723 463 699 947 166 288 969 979 554 454 392 696 
73 798 119 720 805 705 337 709 55 693 841 879 955 165 968 
567 363 159 393 536 83 233 248 546 827 961 855 691 
608 42 327 869 433 821 603 787 919 244 937 202 60 526 
754 574 114 432 338 683 4 199 501 523 938 
675 111 530 332 258 166 913 652 308 354 243 371 
576 907 505 720 90 154 757 764 620 657 329 685 950 700 255 250 148 136 760 350 395 843 693 19 20 55 745 679 73 497 417 820 924 585 112 798 960 978 102 692 632 838 147 
259 906 568 230 663 175 619 728 29 524 419 508 708 220 235 551 216 275 293 732 583 503 385 79 209 303 659 855 656 219 33 386 559 162 451 488 397 595 14 218 192 266 802 297 70 538 
296 124 668 645 170 918 895 108 325 418 
763 804 945 943 231 389 646 185 597 65 528 374 535 172 999 45 
839 920 160 180 638 563 946 317 688 378 532 298 822 224 422 264 358 985 990 245 918 640 
955 878 620 820 505 850 760 664 841 136 329 559 800 
274 181 462 159 654 137 951 507 155 70 900 827 536 172 25 
251 915 77 641 401 592 221 143 39 306 340 
659 559 293 568 870 728 551 855 583 698 220 370 165 74 825 488 79 982 987 1000 354 879 540 
591 495 213 791 589 210 686 197 707 31 892 396 640 53 466 48 746 860 818 247 887 459 864 531 97 975 642 152 761 
741 486 204 141 483 353 434 392 837 10 537 575 465 217 440 341 882 222 
49 81 268 916 605 413 853 587 249 530 15 
434 141 204 9 371 696 409 449 86 367 353 341 257 750 253 312 779 132 529 611 10 486 770 205 480 145 537 101 806 148 793 400 901 
355 614 517 96 742 321 35 667 871 435 929 188 762 113 692 858 950 
949 463 500 759 308 783 346 816 689 864 
355 667 517 762 742 403 35 267 692 614 858 539 466 
472 673 857 536 823 527 643 399 184 375 384 45 242 687 379 369 
948 847 730 1 364 290 891 413 291 75 
918 933 501 541 436 241 901 147 777 502 438 78 865 825 893 
3 189 164 802 290 891 342 471 785 107 398 49 437 474 602 730 857 
589 213 860 174 807 44 791 299 544 100 247 864 737 487 591 91 269 655 212 600 628 485 846 48 460 495 53 964 400 466 127 210 197 511 594 603 353 933 894 
839 358 160 638 298 822 180 920 426 335 685 
726 391 398 578 290 413 793 441 847 562 590 992 993 18 924 
841 813 329 203 760 657 955 907 19 73 505 53 602 
354 783 949 652 606 519 905 166 346 361 530 914 111 60 308 558 714 18 
830 713 573 598 306 425 521 897 854 701 994 917 55 
941 210 782 53 269 591 807 100 446 467 466 144 873 640 718 107 939 
451 266 583 753 963 192 303 220 370 373 595 128 230 866 508 218 79 559 30 16 672 870 490 272 74 219 561 300 697 885 275 987 159 790 333 828 
788 32 658 226 402 12 671 927 286 204 607 
608 327 579 41 622 749 302 919 121 362 845 781 64 
920 194 160 822 358 839 946 532 959 799 
837 351 200 770 341 440 537 253 101 948 358 
386 803 866 16 963 698 281 711 369 732 173 272 568 659 672 235 74 504 982 583 162 559 128 653 192 771 451 79 524 110 221 572 722 
408 5 740 39 650 768 93 584 727 221 678 706 183 252 564 579 890 
402 716 103 12 691 110 658 263 286 423 535 
839 638 822 224 160 180 85 412 959 920 688 378 563 946 610 194 358 186 264 106 778 775 992 
842 239 89 832 416 176 429 512 271 413 184 
891 977 471 730 290 724 948 922 107 24 990 
977 282 605 604 49 167 398 730 471 847 629 413 81 796 164 763 
830 634 573 897 425 514 598 980 2 420 774 896 36 701 442 713 133 569 790 800 
867 466 100 718 459 460 893 506 127 28 807 247 144 269 737 91 495 400 498 210 621 31 846 44 791 471 417 308 
146 790 285 26 714 335 863 794 294 676 95 859 800 934 536 327 
857 577 536 270 375 159 687 181 643 356 823 15 256 184 70 83 546 718 147 
560 198 739 915 191 817 88 766 447 678 401 86 901 
763 804 945 923 65 958 535 172 428 231 646 528 943 80 636 931 374 389 403 911 
293 377 619 963 524 656 753 234 18 395 477 
