1000 9861 0
3 189 290 398 421 587 793 891 908 250 843 
11 25 133 277 406 425 442 573 598 713 797 830 896 295 466 
1 22 23 49 107 290 342 387 394 411 471 802 847 877 908 652 
8 56 76 78 108 124 207 296 316 338 339 432 438 501 623 642 645 668 681 702 801 835 865 894 895 957 308 836 907 
125 191 334 408 571 678 768 817 988 733 918 
15 17 64 70 83 139 181 184 242 295 456 613 687 823 827 857 862 881 31 141 650 
39 126 182 183 191 222 252 439 447 481 564 572 592 624 650 660 690 722 739 767 769 817 875 902 909 962 172 282 539 
4 67 108 124 130 152 168 207 241 243 262 292 316 376 388 431 501 541 574 582 618 683 758 799 808 834 835 852 856 876 894 590 798 854 921 
10 68 86 101 141 187 200 204 205 206 223 236 278 309 312 318 322 341 351 353 367 380 392 434 440 465 480 493 529 537 548 549 575 611 631 639 696 750 770 806 882 910 935 967 375 411 466 874 919 
9 68 86 101 135 141 145 187 200 204 205 217 253 257 273 309 318 341 349 351 365 367 392 418 458 465 480 486 518 537 549 575 631 639 666 696 741 750 770 806 932 965 967 39 138 290 505 995 
2 133 598 634 713 797 830 896 980 706 
32 103 110 178 226 227 232 263 279 286 310 319 402 455 477 542 547 553 565 601 658 662 671 691 716 773 775 788 828 917 927 983 989 136 307 551 
55 73 82 90 131 148 154 203 329 366 414 450 505 580 585 685 700 760 798 805 841 850 879 955 223 259 827 
79 303 347 370 595 825 870 930 982 401 
6 17 59 70 83 139 193 248 356 363 375 399 456 472 536 545 546 613 627 673 687 704 857 862 925 997 209 531 959 
18 74 162 266 293 488 559 609 619 753 906 956 584 821 
6 15 159 179 248 295 527 536 546 567 613 857 961 971 151 483 
16 30 74 79 99 175 209 218 219 220 230 275 284 303 419 488 508 551 559 568 581 653 659 698 751 753 761 956 982 987 140 267 286 487 
73 82 90 129 136 203 250 395 417 505 585 664 693 700 720 744 760 764 805 843 879 960 165 384 435 
136 154 260 329 510 657 664 679 693 745 757 760 841 850 928 955 424 
26 38 146 245 285 294 335 475 607 670 794 934 621 940 
3 62 164 282 290 291 413 421 441 562 578 726 730 785 802 877 908 974 977 45 127 558 
3 228 342 398 441 605 724 730 796 847 922 381 938 
142 151 166 240 258 288 308 331 332 354 463 513 519 606 644 652 675 703 759 783 816 905 911 913 969 325 668 841 
2 105 133 306 406 514 521 598 713 774 778 797 830 896 897 994 450 490 
21 146 171 285 670 676 714 790 800 934 44 258 
90 260 395 450 664 757 760 798 805 840 942 950 955 359 601 
97 144 269 400 460 466 467 589 594 600 655 864 892 274 724 
165 209 218 235 272 293 370 488 956 910 
18 74 118 192 209 259 272 303 419 508 551 568 583 708 753 987 123 
53 174 212 400 459 466 506 594 818 846 867 873 887 975 981 995 6 
12 103 110 226 232 263 279 286 310 319 402 455 470 477 478 542 547 553 565 586 601 616 658 691 773 775 788 792 828 983 989 112 728 802 835 
128 192 230 559 583 656 697 753 963 114 
74 118 175 419 451 583 595 698 753 501 502 
113 116 157 188 276 280 321 355 372 403 435 517 614 692 742 858 871 929 748 891 998 
105 420 425 521 569 598 701 713 774 778 797 830 854 896 897 994 262 292 
39 77 225 315 408 423 722 727 740 768 817 909 397 881 
21 146 171 211 245 304 405 427 473 475 651 676 794 810 863 934 996 88 823 
37 7 77 215 251 408 423 447 509 592 624 706 719 722 727 766 844 10 199 
73 82 90 136 154 329 340 350 414 620 709 744 760 805 841 879 652 997 
42 51 121 134 161 169 202 237 244 265 302 313 326 327 362 368 410 433 520 550 552 557 579 603 608 612 617 622 626 694 734 749 787 821 833 845 869 880 886 912 919 940 549 775 781 805 
41 51 92 121 161 214 237 244 302 313 326 327 362 368 410 415 433 552 556 557 579 603 608 612 622 626 749 776 787 821 845 869 880 884 886 912 919 937 940 984 232 592 788 850 915 
176 196 297 429 539 596 756 832 842 171 692 
48 53 91 127 144 153 174 197 210 212 213 247 336 400 466 495 506 594 621 628 640 707 746 772 789 807 818 826 846 860 864 883 964 975 995 26 75 366 517 
59 61 70 83 137 159 208 248 274 295 356 375 393 399 456 507 536 545 613 654 712 747 827 838 857 925 22 211 735 
141 145 205 206 257 273 351 365 371 440 465 480 486 537 548 575 630 631 696 779 986 226 243 515 
68 135 278 392 409 434 440 480 537 549 251 393 
44 91 144 197 299 400 460 467 495 594 807 873 883 964 981 89 461 
3 62 66 164 167 290 291 314 382 387 413 421 437 590 602 605 661 724 847 908 921 948 972 992 993 344 543 806 
184 295 356 375 393 462 687 747 838 133 943 
42 41 121 134 244 302 313 415 433 557 626 787 869 886 912 937 165 495 
55 73 203 340 383 395 505 580 685 760 813 850 950 618 674 
44 31 197 213 269 400 460 466 467 495 498 506 544 594 640 686 718 737 772 791 807 826 846 867 883 887 941 964 975 93 542 705 797 
221 289 401 423 509 647 669 727 767 768 817 915 90 463 
13 52 73 82 104 112 129 136 148 154 255 329 340 345 350 395 450 497 505 620 657 679 682 685 705 720 733 745 757 760 798 805 813 820 840 841 843 850 878 879 924 928 955 410 452 665 963 
4 76 78 87 120 357 376 432 438 502 752 801 811 831 835 936 495 741 
130 243 344 357 431 436 570 574 618 623 834 889 421 644 
74 99 162 165 235 370 419 583 672 771 956 963 406 635 
45 15 70 83 181 184 375 536 654 951 324 895 
142 151 158 166 463 519 558 675 954 61 
45 64 70 83 159 233 242 246 256 363 393 462 536 545 546 567 577 615 627 673 747 857 862 997 60 327 376 
49 22 69 469 474 724 888 916 974 84 
77 84 221 225 289 481 564 572 624 731 844 902 405 783 
61 6 70 83 159 193 248 375 384 393 472 536 545 613 615 654 823 971 175 942 
172 374 453 625 804 923 945 958 999 466 756 
49 72 94 107 398 411 469 587 602 730 802 847 948 377 658 
8 108 120 243 262 296 357 376 555 618 645 681 683 702 852 894 901 973 337 934 
47 10 9 141 278 341 380 409 434 449 486 696 741 526 556 
62 107 167 268 290 444 471 578 684 853 908 966 993 276 365 
6 64 61 15 45 59 83 137 155 159 179 181 193 208 233 242 248 256 295 384 393 399 507 527 536 545 567 577 613 627 654 673 687 704 795 823 827 838 862 881 900 925 951 484 574 691 901 975 
204 205 223 253 351 465 486 523 696 836 837 285 713 
66 164 307 342 411 437 602 661 853 778 
13 19 55 40 52 112 129 131 136 154 203 255 329 337 395 414 450 497 505 538 576 580 585 664 679 693 709 720 745 757 760 764 798 805 820 840 879 907 924 928 942 950 955 978 134 509 511 560 697 
16 30 18 58 34 99 209 218 219 275 300 370 377 476 559 568 609 761 825 855 866 870 956 982 124 454 657 
321 355 403 517 614 667 692 717 742 762 858 929 44 419 
56 4 120 170 199 262 292 388 431 484 501 637 702 752 758 777 894 901 755 814 
39 63 37 84 126 143 183 191 198 221 289 301 334 381 401 408 423 482 492 509 572 584 624 641 678 706 727 738 739 766 767 768 844 902 915 988 998 133 449 608 630 813 
56 4 108 120 124 147 207 241 292 296 338 357 376 388 431 432 461 674 683 754 777 801 835 865 876 889 901 933 936 396 439 900 904 
14 18 99 122 175 192 209 218 230 234 266 275 281 293 303 320 369 370 373 377 397 451 551 561 609 771 866 904 956 963 982 182 456 744 940 
123 138 428 453 625 763 804 923 931 358 609 
109 342 421 471 602 605 802 809 847 888 891 908 948 200 376 
19 55 40 13 104 112 129 136 148 250 255 260 329 340 350 395 417 497 580 585 620 664 679 682 685 693 700 709 745 760 805 813 820 840 843 850 907 924 928 950 955 282 334 387 503 829 
70 6 45 64 15 59 61 155 159 179 181 208 248 256 356 393 399 456 507 527 536 545 567 613 615 673 704 712 795 823 827 857 900 926 961 997 201 640 754 804 
77 63 182 289 301 381 401 408 423 564 719 817 909 915 62 551 
160 180 186 358 422 534 638 920 990 536 727 
10 9 101 141 187 200 257 309 349 351 392 480 486 741 770 837 910 935 438 713 
56 147 254 431 452 642 852 865 901 425 716 
222 251 334 401 554 592 624 650 706 727 738 767 769 909 915 939 38 906 
156 176 195 196 239 271 297 416 429 512 526 539 540 596 665 680 756 832 842 890 899 944 991 48 437 504 
19 13 40 27 136 340 505 664 700 745 760 878 942 54 692 
48 44 127 144 323 400 466 640 789 807 846 887 903 321 327 
42 134 169 202 237 302 313 327 368 410 520 557 579 608 622 626 694 734 749 787 833 845 880 884 952 343 440 485 
126 183 221 251 289 401 408 509 560 564 584 592 641 690 767 875 909 915 939 998 53 255 811 
66 107 109 140 290 411 441 469 471 602 684 730 793 921 974 780 
146 149 190 294 473 475 676 714 790 800 861 863 934 402 766 
157 188 267 321 355 372 435 517 614 667 692 717 742 858 585 820 
28 127 197 311 336 446 459 466 495 589 594 640 707 782 791 846 860 864 873 115 140 183 
146 171 245 285 607 676 714 790 800 861 863 934 678 781 
74 79 58 18 117 118 192 209 218 275 281 293 303 369 385 419 488 524 559 568 581 595 619 659 708 771 803 825 870 956 982 987 676 782 805 908 
197 323 400 466 544 594 737 780 781 789 791 818 873 883 975 351 884 
10 86 9 132 135 145 204 257 309 341 351 365 392 434 480 486 493 518 631 666 696 750 806 837 938 967 151 154 694 
113 116 157 188 355 372 403 435 517 614 692 742 762 871 929 768 886 
32 12 110 227 263 542 691 716 788 298 606 
82 55 136 340 350 383 505 693 700 709 764 805 813 841 850 713 
36 25 133 306 425 569 598 778 797 830 897 980 270 798 
160 180 186 194 358 412 638 688 822 839 920 946 959 273 594 
69 66 3 94 164 249 268 282 290 305 307 324 342 379 387 390 398 413 421 424 437 441 454 469 587 602 604 605 629 661 710 724 730 891 908 948 972 974 992 136 320 752 880 885 
78 4 67 8 170 199 296 348 376 618 758 777 799 808 901 527 
94 81 115 282 398 437 474 724 802 891 992 176 536 
32 103 12 226 227 232 279 286 310 319 402 455 470 477 478 542 586 616 658 662 671 691 716 773 775 788 792 828 927 117 412 499 918 
151 166 258 308 332 346 430 463 479 513 519 558 566 606 644 675 689 699 703 723 743 783 786 816 911 913 947 949 969 199 444 467 801 
73 55 82 131 345 350 505 580 733 805 841 928 955 32 433 
35 102 280 321 355 372 403 435 516 517 614 667 692 717 858 871 169 647 
262 388 431 484 645 702 808 894 901 33 293 
109 471 515 604 730 765 812 908 974 97 303 
35 102 188 267 321 355 403 435 517 614 667 692 717 742 470 807 
99 128 192 595 659 708 732 751 956 110 937 
99 34 30 192 209 235 238 259 377 503 508 583 595 771 963 987 435 730 
136 250 350 538 576 664 744 745 850 960 717 851 
67 78 76 56 130 147 207 254 262 330 333 357 376 431 438 501 541 574 582 618 623 645 668 683 702 752 754 856 889 894 918 933 973 246 363 561 
41 42 51 214 237 244 313 327 433 552 557 579 608 622 626 694 734 749 787 821 869 880 884 912 940 952 351 408 823 
79 128 284 488 508 583 751 825 963 207 
80 185 287 389 453 763 804 945 958 999 30 980 
4 8 78 147 152 168 199 338 376 388 438 484 574 582 645 752 754 777 824 865 936 953 74 345 774 
5 182 183 221 222 447 564 592 624 650 678 738 767 184 250 
7 93 77 143 183 191 221 225 334 423 447 481 554 592 766 768 254 948 
97 44 91 144 197 247 269 336 446 459 460 591 594 621 718 736 781 791 818 860 883 887 941 964 981 22 277 922 
33 117 122 162 165 192 209 218 219 220 235 238 266 293 320 347 373 377 385 386 397 488 508 551 559 568 583 595 659 697 698 728 732 735 753 803 815 825 851 866 870 904 930 982 1000 252 416 434 486 
82 55 73 19 154 250 340 345 395 709 928 547 762 
120 57 8 168 292 376 431 438 683 865 918 420 678 
13 112 73 395 685 733 745 760 850 942 955 367 759 
101 141 187 200 204 206 341 486 499 696 263 659 
105 11 2 25 163 277 306 406 420 425 442 514 521 569 598 701 713 748 774 778 797 814 830 854 874 896 980 994 77 50 263 492 
92 41 51 161 169 265 327 410 433 557 579 734 749 787 845 869 919 73 261 
101 47 10 204 205 309 365 639 666 837 932 832 982 
104 82 73 119 20 40 19 90 55 154 260 329 340 395 414 505 585 657 664 679 682 693 733 745 757 764 798 805 813 820 840 841 850 878 879 907 928 955 107 12 146 456 622 
45 70 159 184 193 208 295 462 472 536 613 615 677 704 712 823 900 598 
80 528 535 625 763 804 923 958 999 10 319 
15 6 159 208 527 613 687 747 857 951 475 850 
94 167 307 324 342 469 602 649 891 993 18 97 
9 10 132 68 86 46 145 205 223 253 278 322 365 371 392 434 465 537 611 696 741 770 829 882 910 967 6 321 929 
60 24 288 346 463 513 606 652 675 689 905 913 949 244 583 
126 77 221 423 447 481 564 571 592 650 678 706 740 767 915 335 900 
91 44 48 28 127 210 269 299 311 400 404 466 487 495 543 589 594 600 718 737 780 781 789 791 864 873 892 903 975 245 438 483 624 
101 46 10 141 200 204 223 253 257 318 341 380 449 480 493 499 529 537 549 575 630 770 932 252 638 947 
38 95 98 21 26 149 171 190 211 245 285 294 304 335 405 427 473 475 491 607 635 651 676 714 784 790 794 800 810 848 849 859 861 863 934 996 136 406 619 645 
78 124 120 87 207 262 325 333 338 388 501 541 574 618 752 758 777 811 831 865 876 889 901 918 973 176 414 999 
55 82 13 154 329 340 505 576 657 664 679 725 805 820 841 907 928 669 706 
146 95 171 211 285 335 607 670 676 790 800 934 996 402 986 
246 270 295 356 363 375 456 536 613 632 673 925 951 436 777 
111 60 24 166 229 308 354 361 519 530 558 644 675 689 699 715 759 783 17 101 946 
124 8 243 338 618 683 808 876 918 546 575 
44 299 400 466 511 589 746 791 903 975 444 650 
73 13 55 40 136 148 20 129 250 383 395 417 450 505 510 576 585 685 709 725 744 745 757 760 764 805 820 841 924 955 960 101 354 701 919 
70 83 193 208 248 295 525 527 536 613 643 654 857 926 837 952 
89 176 195 196 239 297 429 512 539 588 596 665 832 842 944 425 657 
96 35 102 188 267 355 403 435 464 517 614 692 717 742 762 858 871 968 191 
60 308 331 346 513 566 606 675 786 913 741 992 
17 70 137 45 64 61 139 83 179 184 193 242 246 248 256 295 356 363 375 527 536 545 546 567 632 654 673 704 712 747 838 857 900 925 961 971 338 354 377 443 
106 85 180 194 224 264 298 317 358 412 422 426 532 563 593 633 638 688 822 839 920 946 959 976 985 990 196 720 830 972 
41 134 42 169 237 244 265 302 313 326 327 362 368 433 520 556 557 579 612 626 694 734 749 787 869 884 912 940 199 370 459 853 
58 128 16 192 219 230 235 238 259 369 377 488 490 503 508 524 551 559 581 583 595 663 672 698 711 735 761 771 855 956 963 982 1000 187 477 522 960 
133 283 306 425 533 569 598 797 830 459 
107 72 49 22 268 360 364 394 411 421 441 587 602 604 726 802 908 583 614 
58 128 29 451 476 490 561 656 753 19 51 
111 151 24 60 201 229 308 331 332 346 352 354 407 430 463 468 513 519 530 558 566 606 644 652 675 689 699 723 743 759 783 786 816 905 911 913 914 949 954 275 333 891 956 1000 
49 140 69 189 268 290 305 314 387 391 441 471 474 562 724 726 730 785 442 
124 8 130 199 207 262 292 330 348 501 502 570 574 645 648 681 683 702 754 758 799 824 865 876 889 895 901 286 517 538 774 
92 41 161 134 237 327 433 550 556 579 603 608 612 622 749 787 113 664 
108 76 207 376 570 668 683 752 777 808 824 831 865 894 586 974 
38 146 149 98 26 245 294 335 405 427 475 491 635 651 670 676 714 784 790 794 800 848 849 934 43 235 749 
65 374 389 625 763 804 943 945 999 7 375 
192 272 583 653 656 771 815 825 963 685 
31 44 197 621 737 781 791 867 883 964 995 441 750 
34 18 79 293 347 476 672 904 982 64 795 
89 43 156 195 196 239 271 297 416 429 512 526 539 588 680 756 832 842 899 944 147 109 388 
484 501 683 754 777 852 856 865 918 342 378 
12 279 478 586 616 662 716 788 927 257 
83 70 17 159 233 242 295 356 375 472 577 327 754 
160 106 85 186 194 224 264 298 317 358 378 412 422 426 532 534 610 633 638 688 822 839 920 946 959 976 503 552 962 
70 83 59 6 248 256 393 456 525 536 545 613 654 827 900 392 894 
7 84 125 183 191 381 401 509 584 592 624 647 678 727 740 755 767 768 817 998 79 420 828 
7 125 182 93 77 126 221 222 251 289 301 343 381 401 423 509 560 571 584 592 624 647 660 678 706 719 727 731 740 755 767 817 902 909 915 962 97 223 687 716 761 
50 159 59 6 137 208 248 295 375 384 393 527 536 546 567 577 613 615 673 687 857 125 306 369 
123 389 428 528 535 597 625 646 763 804 943 945 408 534 
85 180 106 358 422 638 839 920 959 195 338 
10 132 86 9 205 341 418 434 696 162 354 
157 96 35 102 116 321 355 372 403 435 517 614 667 692 717 729 742 819 858 871 929 968 970 459 663 732 
1 167 268 290 382 390 398 515 578 602 661 726 785 793 802 891 916 966 616 637 762 
95 146 473 607 676 790 859 863 934 460 
77 5 126 182 7 289 381 401 560 624 678 738 766 767 157 813 
99 162 128 79 30 118 173 33 117 238 272 275 303 377 397 503 508 551 561 568 581 583 595 656 851 866 906 956 982 1000 379 449 629 997 
155 159 70 64 15 137 208 256 356 363 375 399 462 472 536 546 677 687 704 857 422 602 688 
106 180 160 412 426 610 638 688 839 920 959 990 269 558 
89 176 156 196 239 271 297 416 429 539 540 596 665 756 832 842 890 899 991 186 741 780 
89 176 195 156 43 239 271 297 416 429 512 526 539 540 588 596 665 680 756 832 842 890 899 944 160 242 
53 48 174 100 44 127 97 210 247 269 396 459 466 485 487 544 594 600 621 628 640 780 791 818 826 860 867 883 887 898 903 964 995 219 834 927 
77 221 222 315 343 592 624 678 766 767 909 915 998 230 976 
124 108 76 168 207 262 339 431 432 438 484 502 555 582 642 683 752 754 777 824 831 852 865 876 889 901 918 161 39 111 949 
86 9 145 132 10 217 273 322 328 341 371 480 499 666 81 858 
166 331 346 407 463 530 558 566 606 786 911 949 83 873 
41 92 214 244 265 326 327 410 550 603 608 626 749 787 833 869 952 927 
73 52 19 13 340 585 664 709 879 524 742 
132 135 10 9 71 145 101 205 206 236 322 341 351 367 380 392 434 440 480 486 499 537 548 575 611 630 696 836 868 882 965 967 356 577 625 692 
10 46 187 204 9 135 141 71 312 328 341 349 351 365 392 434 449 480 483 486 499 523 529 537 575 611 639 741 770 829 837 910 938 965 239 245 269 460 
46 9 204 132 223 365 392 434 440 480 483 499 523 537 549 630 696 750 779 836 986 413 521 623 
168 78 120 8 199 170 4 147 254 262 348 388 431 432 436 438 448 501 502 582 618 637 645 674 683 721 752 754 799 831 865 894 901 918 122 341 790 956 
193 137 70 83 45 184 155 139 567 577 971 997 410 899 
79 99 128 18 74 118 29 30 293 300 347 370 377 397 419 451 488 490 551 559 568 581 595 656 708 761 771 825 885 982 987 15 344 606 622 
197 44 144 400 459 466 485 498 506 640 736 737 807 860 867 873 887 898 903 995 515 742 925 
146 38 149 245 335 607 676 714 790 934 45 749 
44 31 299 400 459 466 467 487 589 655 736 772 807 892 903 280 894 
44 53 400 404 467 495 594 655 737 892 316 562 
42 121 202 237 244 327 579 603 608 622 626 749 787 845 869 585 
39 289 401 423 554 592 727 766 988 276 
284 293 385 451 476 488 490 825 956 365 890 
10 200 236 322 341 392 434 611 696 779 806 965 986 285 378 
79 29 18 74 128 99 259 266 272 293 320 451 488 559 568 595 728 732 904 956 982 456 628 984 
128 18 74 162 320 385 503 559 583 728 751 761 197 626 
18 128 275 369 488 559 568 708 956 683 723 
54 77 126 93 143 63 183 125 198 222 251 289 301 343 381 401 408 447 482 560 564 584 624 660 690 727 738 740 766 767 817 875 902 909 915 939 962 265 438 595 889 928 
198 221 125 183 7 88 289 334 381 423 447 482 624 706 738 740 766 767 817 902 988 288 374 522 
206 71 145 9 141 351 365 434 523 696 837 932 965 183 13 
160 180 264 412 638 822 839 946 990 250 
63 126 37 445 481 727 768 909 915 726 
12 32 110 227 232 263 279 286 402 478 547 658 671 691 773 775 788 927 989 46 287 962 
12 103 226 110 232 263 286 310 402 470 542 547 553 565 586 601 616 658 662 691 773 775 788 927 983 989 413 528 
23 307 411 437 602 684 724 948 993 895 
151 166 308 346 354 468 519 558 606 644 675 689 743 786 905 949 718 
18 33 79 162 235 266 272 370 524 561 583 708 751 771 904 198 513 
287 374 625 636 763 923 945 958 999 371 
226 12 110 32 227 286 542 553 662 773 917 989 42 739 
70 179 61 295 375 393 536 613 997 765 
79 347 377 419 508 583 656 987 1000 323 
162 128 58 230 29 118 397 488 490 508 524 559 568 583 659 728 732 825 171 673 762 
9 217 204 434 480 770 779 882 967 308 
42 41 121 161 214 169 92 302 313 362 557 608 622 626 886 912 437 887 
162 128 118 192 373 377 385 653 753 761 313 566 
196 89 176 195 156 297 416 429 512 539 540 665 680 756 832 842 944 991 205 617 649 
24 288 308 346 354 479 530 652 675 360 597 
8 78 262 296 338 623 808 865 876 664 915 
61 6 159 179 70 248 274 375 384 536 545 546 627 643 677 795 862 926 196 473 588 
8 152 57 67 262 292 316 338 339 344 359 642 648 831 852 894 901 918 46 360 994 
41 214 121 202 161 42 51 265 302 313 326 327 362 520 557 579 608 622 626 694 749 787 821 833 869 884 912 940 984 142 567 607 638 
146 98 171 211 21 38 304 335 427 473 475 491 607 651 670 676 714 790 794 800 810 848 849 861 863 934 996 205 144 768 
150 159 61 356 536 577 613 823 862 900 120 606 
44 127 197 269 336 466 511 600 640 782 807 846 867 887 964 975 877 
45 64 242 17 159 181 155 184 70 83 15 274 295 356 375 393 462 472 507 527 536 545 577 613 615 627 673 747 823 838 862 881 925 926 720 771 909 
107 291 324 398 437 684 724 726 908 974 992 439 924 
119 129 19 154 82 329 350 585 685 709 720 733 745 760 764 850 950 955 978 125 1 224 
183 221 88 39 93 289 315 401 408 509 592 624 727 766 768 844 909 915 47 724 
7 289 482 554 560 727 755 767 768 128 145 
141 71 10 145 341 351 353 392 458 483 486 575 630 770 932 652 859 
87 120 207 296 330 623 758 865 901 126 
55 82 73 260 340 585 760 840 850 955 93 296 
61 83 159 193 70 181 270 295 375 545 900 421 544 
145 101 10 86 46 309 318 392 440 480 523 549 666 741 837 932 935 967 178 856 953 
24 111 308 346 354 430 463 468 519 530 566 606 652 675 689 699 743 759 816 947 949 26 266 718 
162 30 218 118 451 659 728 825 982 13 
82 27 255 20 136 329 340 505 538 580 720 760 805 841 978 518 819 
268 398 411 413 444 724 888 916 977 134 506 
147 8 168 67 114 199 76 120 241 243 207 292 333 348 359 388 448 452 501 541 582 618 623 637 642 668 683 721 752 754 799 811 831 834 835 852 865 901 936 36 272 290 488 990 
32 227 226 103 12 286 310 402 478 542 547 616 662 691 788 792 828 917 927 133 132 846 
160 180 224 298 317 358 378 426 532 534 563 610 638 688 822 839 920 946 959 976 279 517 989 
244 161 134 41 202 302 313 327 415 433 579 622 776 833 869 221 
218 230 79 16 128 293 524 559 583 697 751 987 258 863 
96 116 157 321 355 403 435 517 522 614 692 742 858 871 968 18 289 
261 164 69 107 189 167 307 424 602 726 730 802 891 966 992 567 
53 28 144 247 127 197 299 323 400 459 466 467 589 594 707 718 772 782 818 846 860 864 883 964 995 194 205 423 
256 150 356 363 375 536 643 747 862 961 105 817 
196 89 195 176 416 429 539 756 832 842 392 395 
218 192 173 29 230 30 619 930 963 262 
200 46 10 328 367 440 465 696 779 836 965 106 524 
45 248 242 356 375 393 567 613 704 28 
99 74 79 192 18 220 386 397 419 524 559 595 659 663 825 866 166 
35 280 321 355 403 614 667 742 858 69 215 
133 2 306 514 713 778 797 830 854 897 127 605 
9 141 47 68 341 409 458 750 829 543 
12 226 110 32 178 319 402 470 477 542 547 553 616 788 927 264 
276 113 35 321 355 435 614 692 717 762 858 212 811 
79 99 451 476 503 504 524 551 583 771 459 955 
109 22 107 360 382 387 391 398 424 437 469 578 726 730 877 891 921 974 7 82 
163 533 573 598 713 774 797 830 872 679 879 
18 122 216 451 524 559 568 583 771 930 956 468 788 
146 98 26 21 149 294 335 405 473 475 491 607 651 670 676 714 784 790 794 800 810 863 934 996 217 71 981 
12 227 263 110 232 226 32 310 402 455 470 542 547 553 586 601 616 658 662 671 691 716 775 788 792 927 983 168 18 476 843 
231 123 389 428 453 528 535 646 763 804 923 931 999 226 956 
142 240 24 346 354 463 530 644 652 675 689 816 949 979 222 359 
93 252 191 84 221 215 77 63 183 54 222 251 343 381 423 439 481 482 492 554 564 592 669 755 767 875 909 915 988 998 267 307 841 973 
1 94 49 107 167 189 3 22 69 291 305 307 342 360 364 379 382 394 398 421 515 562 578 602 604 649 684 710 724 730 877 891 908 921 922 948 262 10 494 791 987 
249 49 290 22 314 342 364 398 411 469 602 629 785 796 948 669 964 
130 78 243 262 8 168 76 325 330 333 338 339 376 438 461 502 574 668 683 752 808 876 901 918 933 953 957 36 440 581 707 
29 216 16 175 79 99 266 128 209 218 347 377 488 508 524 559 568 581 583 619 659 672 697 753 761 825 956 114 696 845 897 
146 285 21 95 171 651 676 784 790 794 800 848 861 863 727 880 
184 70 17 256 150 155 45 50 179 248 137 233 6 159 375 384 393 527 536 567 627 643 687 704 823 827 971 997 2 328 609 989 
254 108 78 67 241 4 448 574 645 683 852 865 255 508 
196 89 176 195 239 156 43 416 429 526 539 540 588 665 756 832 842 899 991 383 794 929 
180 264 160 358 534 638 688 839 920 946 959 103 622 
48 144 153 212 269 311 323 336 400 459 495 498 511 707 746 846 883 887 892 964 363 579 615 
74 209 451 551 568 656 753 956 982 500 776 
84 77 183 221 381 401 423 641 719 722 767 909 355 591 
41 42 92 51 265 237 244 161 313 327 410 415 552 556 557 579 608 612 617 622 749 787 869 937 341 454 647 
14 192 18 99 79 30 488 524 568 595 609 672 708 885 906 956 982 1000 115 558 756 
146 38 245 335 651 676 784 790 794 800 849 861 472 766 
290 107 167 379 471 515 710 730 888 335 742 
163 133 105 25 277 406 425 442 573 598 713 778 797 830 854 872 874 897 994 184 310 469 
140 290 107 228 268 72 314 342 398 471 578 590 602 726 730 765 796 888 916 922 966 974 993 289 12 861 
166 240 111 24 258 229 151 158 332 346 354 361 407 430 463 468 513 519 530 558 566 606 652 675 689 699 723 743 783 816 905 911 913 914 947 949 954 979 4 236 585 607 865 
86 10 135 101 9 257 351 353 365 449 458 486 537 829 836 400 540 
12 32 227 263 286 110 402 601 616 716 788 927 306 612 
97 144 299 400 485 496 543 707 736 873 975 995 559 758 
9 205 341 351 392 434 440 480 967 915 
237 302 161 121 92 51 42 244 41 265 326 327 362 410 550 556 557 579 608 612 694 734 749 787 845 869 880 886 912 937 940 984 238 382 662 839 
167 49 291 307 360 382 398 413 437 562 602 605 710 847 877 891 908 922 341 825 889 
37 251 198 401 678 706 740 766 915 519 
4 243 8 359 438 642 777 831 894 213 
180 264 160 358 563 839 920 946 990 401 683 
10 257 9 145 341 392 440 480 493 529 549 630 631 666 965 967 708 807 
279 110 32 12 402 477 773 788 917 138 
219 79 128 218 524 551 732 753 761 956 982 987 107 921 
188 35 113 267 280 96 116 75 276 355 372 403 435 457 489 517 522 614 667 692 717 729 742 762 858 871 929 970 91 141 747 948 
141 200 217 204 9 341 440 465 549 639 741 837 932 572 849 
91 299 100 269 459 591 594 864 887 941 234 840 
249 140 107 391 411 629 847 922 948 59 527 
147 292 339 438 501 570 618 642 683 799 894 901 24 611 
41 42 244 202 161 313 327 410 433 579 603 608 622 626 749 787 912 919 808 966 
41 302 313 244 121 169 92 161 134 326 42 214 265 202 362 410 415 433 520 550 557 579 608 612 622 626 694 734 749 787 869 880 884 886 912 919 940 984 61 91 179 339 632 
273 205 200 351 486 518 696 750 967 295 952 
260 20 73 13 55 148 250 82 40 136 340 345 395 450 505 510 580 585 620 664 679 700 705 709 725 733 744 760 798 840 907 928 955 479 721 839 
168 292 120 254 357 388 570 681 702 754 801 808 831 889 894 895 957 828 
24 158 166 201 346 407 675 816 949 790 
166 308 24 111 346 463 468 479 558 566 652 675 703 743 816 911 913 684 872 
292 120 262 147 438 642 721 865 936 166 524 
77 5 222 88 126 564 727 844 909 82 
146 171 21 245 304 149 211 285 427 475 635 651 670 714 790 794 800 810 848 863 996 143 305 565 
299 247 127 97 44 459 466 543 594 655 718 860 592 799 
73 417 450 576 585 685 745 798 850 928 978 67 422 
241 152 124 78 147 243 4 292 344 359 376 438 574 648 683 799 801 824 831 834 852 856 865 876 894 186 159 841 
325 199 243 292 4 388 645 852 865 327 
136 260 104 52 40 82 203 329 129 148 55 90 255 366 383 395 505 510 585 720 744 757 764 805 907 942 955 448 646 763 925 
217 132 312 205 101 278 145 10 9 253 187 68 322 200 204 318 349 351 371 392 418 434 458 480 483 486 537 575 696 741 779 806 829 882 910 932 938 965 967 302 207 314 654 844 
72 107 23 140 81 307 290 291 3 390 411 413 421 424 471 578 602 726 730 793 796 802 847 853 908 974 977 177 570 616 
183 289 198 221 401 408 509 584 592 641 719 731 92 819 
57 243 338 452 555 642 831 876 901 49 209 
129 112 329 55 395 505 664 760 850 955 124 911 
166 288 158 332 258 201 240 331 111 229 308 142 352 354 361 430 463 468 479 500 513 519 530 558 566 606 644 652 675 689 699 715 723 743 759 783 786 905 911 947 949 979 599 702 883 901 
293 128 234 14 175 209 559 568 963 428 
262 168 207 108 388 618 808 852 889 465 
205 10 86 341 434 440 458 480 741 967 570 787 
119 112 104 82 40 55 250 395 505 657 693 705 709 760 798 805 840 878 844 864 949 
205 71 253 46 341 10 86 312 204 223 101 9 309 328 353 367 392 418 465 480 486 549 575 666 696 741 836 882 967 121 100 535 865 
166 346 354 479 519 652 689 786 954 785 961 
351 309 253 9 392 465 493 523 537 639 741 550 923 
166 308 24 240 151 288 258 229 352 346 361 407 463 468 479 500 519 530 558 566 606 644 652 675 703 715 723 743 759 786 905 911 913 914 947 949 969 979 154 159 187 389 429 
321 188 157 35 113 267 102 116 96 75 280 276 372 403 435 457 464 489 516 517 522 599 614 667 692 695 717 729 742 762 819 858 871 929 968 970 301 755 805 946 
159 274 179 45 248 83 246 50 15 270 193 150 363 384 393 399 456 525 545 546 567 577 613 673 677 712 827 857 900 204 451 730 987 
120 57 56 67 78 330 752 918 953 844 996 
160 180 264 85 106 298 186 317 378 412 422 426 534 593 610 633 638 688 822 839 920 946 959 976 985 990 80 981 
243 262 316 338 494 502 618 758 895 288 27 
314 290 164 282 411 424 437 471 710 730 793 796 802 888 908 916 921 972 240 243 
151 354 308 346 463 530 652 689 783 949 537 822 
41 244 237 327 161 313 42 520 579 617 749 869 418 611 
150 61 270 15 159 356 193 375 527 536 567 673 747 795 857 900 951 997 299 120 824 
164 291 290 441 474 562 604 661 724 847 891 916 768 840 
205 223 206 10 309 135 141 46 101 392 409 434 440 458 480 537 741 806 216 69 640 
340 13 538 664 733 805 820 907 955 960 44 803 
9 10 351 273 204 371 392 409 440 480 523 537 575 741 868 910 967 131 883 
41 92 42 161 410 433 557 608 622 660 
162 99 79 220 386 656 711 728 771 963 184 899 
74 230 209 58 79 14 29 373 397 488 551 559 761 803 963 987 161 511 
200 141 341 367 46 449 480 486 770 231 581 
355 321 96 113 188 102 35 403 457 489 516 517 614 667 717 742 762 871 970 375 911 951 
128 370 238 79 377 659 870 885 982 947 
172 231 65 535 636 646 763 804 943 958 222 913 
193 270 248 45 242 184 274 59 159 256 363 179 15 233 64 50 295 150 393 399 472 507 525 527 536 545 546 567 613 615 627 643 654 704 747 857 862 881 900 925 951 971 997 372 172 9 417 754 
8 56 292 338 108 124 67 120 78 170 130 436 452 501 555 574 618 668 752 754 889 918 933 936 953 957 973 81 61 629 
74 79 162 128 373 209 238 293 118 234 192 385 397 583 595 653 656 659 663 672 753 771 803 870 956 159 66 882 
358 180 264 412 422 563 593 610 638 688 839 920 946 985 990 217 177 
290 107 305 411 454 469 587 602 649 802 812 877 891 192 807 
204 145 68 9 392 480 537 548 639 605 766 
221 77 183 84 222 182 289 301 191 408 423 481 492 571 727 731 738 768 769 817 844 909 23 830 848 
189 49 314 282 290 398 411 413 444 471 629 710 726 796 802 809 891 908 972 313 777 956 
52 104 154 340 664 760 764 805 841 928 955 297 723 
64 295 356 184 242 70 393 456 536 546 567 577 654 673 704 795 823 857 925 19 603 737 
377 238 219 216 128 99 451 559 595 982 429 594 
369 128 275 524 551 559 568 583 609 619 753 870 904 987 390 769 
167 3 282 107 49 454 471 602 908 82 860 
330 262 339 76 207 348 8 124 147 78 114 484 501 502 555 574 618 645 683 702 721 754 831 852 865 901 918 953 176 753 942 988 
287 123 172 185 453 763 804 923 945 958 999 354 638 
342 107 189 421 437 454 649 802 993 386 
324 167 282 398 471 649 724 922 993 996 
204 101 257 365 380 318 217 47 353 351 9 341 205 86 367 206 253 141 312 10 465 480 483 486 499 523 537 548 549 575 611 631 639 666 696 741 770 806 837 910 932 935 965 986 181 271 393 896 982 
64 295 70 384 248 61 45 356 233 274 83 184 50 375 181 456 462 525 545 567 613 615 632 673 795 823 862 47 392 487 867 
3 164 290 411 471 724 793 796 802 908 916 993 431 451 
350 82 55 52 27 73 329 19 136 340 131 154 129 345 450 497 505 538 580 585 664 685 693 700 709 720 733 745 757 760 764 798 805 813 840 841 878 907 928 950 955 271 655 773 818 
197 400 466 487 495 544 594 621 640 718 860 887 995 78 757 
128 275 235 370 79 192 377 209 488 551 609 656 711 732 771 37 977 
249 109 382 1 290 282 307 23 261 314 66 107 391 189 291 411 469 471 474 590 602 629 661 724 726 730 785 796 809 812 847 853 888 891 908 948 974 423 676 738 792 905 
15 70 375 356 83 45 193 456 615 643 896 978 
31 91 48 212 396 153 213 44 144 28 311 269 100 210 53 299 404 446 459 460 466 487 495 496 591 594 600 628 640 655 707 718 781 791 807 846 860 883 887 898 941 964 975 995 309 508 592 700 713 
343 315 251 301 88 215 182 54 84 191 183 93 221 77 408 423 439 445 481 482 554 560 564 572 592 624 650 660 690 706 719 727 731 738 739 740 766 767 768 844 875 902 909 915 14 317 403 651 866 
226 32 110 286 263 227 12 279 310 319 455 470 542 553 565 616 658 662 691 716 773 775 788 792 828 917 927 983 989 149 95 432 732 
355 321 188 113 116 372 102 157 35 75 267 276 435 464 516 517 522 599 614 667 692 695 717 742 762 858 929 968 401 409 666 971 
400 213 144 543 594 628 655 781 807 504 833 
146 171 285 38 475 676 790 800 848 63 
25 133 306 2 420 442 778 797 830 58 146 
201 166 331 308 354 463 500 558 652 675 689 743 816 911 949 979 801 
93 5 37 251 77 343 221 39 84 401 381 423 445 447 482 492 554 564 571 592 650 669 727 731 738 739 755 766 767 769 817 875 909 915 962 185 121 521 930 
278 47 367 365 68 440 465 483 548 639 770 829 986 403 976 
92 302 327 42 202 134 313 368 41 326 433 552 579 608 622 694 749 787 884 55 208 689 
382 164 66 394 342 3 398 324 360 72 261 379 228 94 291 413 437 441 444 471 515 578 604 605 726 765 796 809 891 908 921 948 966 9 470 746 
180 194 358 224 378 106 160 532 534 593 610 633 638 688 822 839 920 946 976 110 696 903 
382 411 261 314 22 49 342 107 437 471 515 578 602 605 710 724 726 765 796 802 812 877 888 916 921 922 206 227 635 
73 40 13 136 505 705 760 841 850 907 147 869 
265 302 51 327 42 520 579 622 886 878 
196 89 176 195 297 239 271 429 512 526 539 588 596 665 756 832 842 890 899 944 991 128 779 915 
19 82 154 337 505 576 580 620 760 798 955 375 545 
10 351 341 187 537 611 630 696 362 519 914 
99 58 30 18 34 234 275 209 559 561 568 581 653 851 987 75 634 
406 133 36 425 442 443 521 573 598 701 713 797 830 854 872 130 182 448 
390 49 290 164 22 81 342 1 107 471 765 793 847 888 891 948 256 57 
85 358 160 186 378 180 638 839 920 959 990 337 193 
222 301 381 289 183 126 408 39 143 401 54 37 77 215 84 445 564 592 624 647 678 706 719 727 738 767 769 817 844 909 915 269 398 573 949 
268 360 282 107 342 437 441 730 793 802 888 891 993 20 523 
133 36 420 2 105 163 306 442 443 514 521 569 573 598 634 701 713 748 774 778 797 814 830 854 872 874 896 897 980 994 87 156 458 743 
264 358 180 160 194 534 638 822 839 920 946 990 830 980 
146 335 38 245 171 676 714 784 790 434 864 
185 287 80 763 923 931 943 945 958 347 565 
196 89 416 176 297 195 239 156 43 271 512 526 539 540 588 596 680 756 832 842 890 899 944 991 385 354 979 
346 111 166 258 308 606 675 703 949 797 800 
78 114 57 8 130 120 207 87 76 199 432 570 574 582 618 637 645 683 702 721 754 824 889 895 933 394 434 482 
56 199 207 4 78 431 448 461 645 668 752 754 758 831 852 402 725 
41 42 326 121 161 265 327 134 51 410 169 368 550 603 608 622 626 734 749 776 869 912 937 940 952 112 464 926 
236 349 206 9 365 341 141 312 223 217 101 205 187 47 204 68 458 486 518 523 537 548 575 770 779 938 967 986 427 431 128 898 
355 321 403 35 188 157 113 267 102 96 116 280 489 517 599 614 667 692 695 717 729 742 762 858 929 968 970 118 19 472 
207 376 57 618 623 831 865 889 894 901 150 545 
413 314 282 72 109 49 390 249 228 411 107 424 360 604 684 796 847 908 916 948 966 89 237 584 
333 56 338 292 316 130 325 199 4 207 120 124 452 461 484 501 555 702 758 777 811 831 834 865 901 936 144 86 221 
401 289 7 447 564 592 650 660 678 727 739 766 988 249 78 
47 322 9 273 312 206 349 257 365 367 318 204 46 409 449 480 499 523 529 537 639 696 806 836 938 965 292 92 862 
107 22 424 23 167 164 364 411 94 562 726 730 812 908 948 992 174 711 
2 133 420 406 306 425 533 569 598 634 701 713 778 797 830 854 872 874 896 980 994 167 761 850 
425 420 598 701 713 797 830 854 874 159 
69 411 382 261 469 590 649 888 948 977 111 153 
408 401 423 225 731 767 768 817 915 987 
97 127 400 460 466 628 707 846 892 626 
39 143 221 222 7 125 126 439 408 564 624 641 669 738 817 902 915 988 557 725 
262 296 432 207 501 570 618 777 824 852 865 340 420 
440 145 68 309 371 205 486 523 631 192 77 
395 13 337 27 329 154 55 73 505 576 580 585 685 798 942 25 589 
385 79 165 259 218 209 300 216 284 281 34 488 490 504 561 595 609 659 663 708 728 753 761 855 870 982 987 394 356 868 900 
376 344 438 262 87 494 574 645 683 754 758 811 865 894 55 613 
123 80 389 287 65 535 597 763 923 945 999 791 802 
379 107 387 390 578 730 802 888 908 992 74 302 
110 402 12 286 32 547 565 716 788 505 
384 45 393 399 83 15 181 356 6 150 462 527 545 613 687 747 857 925 926 218 136 79 
355 321 372 517 614 667 692 717 729 742 762 648 967 
278 341 253 309 365 10 434 349 631 666 837 882 425 614 
197 323 299 336 400 210 97 269 127 212 31 460 467 498 506 511 531 544 589 640 686 718 737 746 772 781 789 791 807 818 846 864 867 873 883 887 893 964 188 281 163 161 493 
459 53 446 127 28 400 48 466 531 737 746 782 860 867 190 205 
432 438 78 292 648 668 683 702 754 808 48 740 
248 193 50 137 456 393 61 527 536 567 643 673 677 704 747 827 557 790 
346 166 308 201 288 142 24 361 354 332 258 407 111 60 479 500 513 519 530 558 606 652 675 689 699 703 715 723 743 759 816 905 914 947 949 979 54 578 788 879 928 
355 403 157 517 614 692 717 742 858 871 433 613 
9 141 10 409 353 351 71 46 392 322 273 480 483 537 611 630 770 837 932 965 967 348 802 841 
153 31 212 97 197 44 400 53 269 100 396 446 28 247 336 460 91 210 144 467 487 496 506 543 544 589 594 628 640 655 686 707 736 737 746 782 807 860 864 873 964 975 981 995 2 9 65 549 
269 53 212 459 28 466 213 48 485 600 640 807 846 860 887 941 964 995 111 494 
346 332 258 308 354 229 166 500 513 519 530 606 652 675 689 914 979 284 695 
379 62 398 94 291 66 107 140 444 282 605 649 724 730 853 908 922 948 306 594 917 
32 227 110 402 279 286 478 616 716 788 828 927 116 411 
3 81 94 413 411 305 421 342 360 115 69 394 387 167 391 382 398 307 587 602 710 724 726 730 796 802 922 481 530 582 955 
137 64 193 15 375 248 179 525 546 577 613 615 673 677 687 838 857 862 926 435 304 931 
146 190 245 285 95 38 475 676 714 790 800 859 863 242 476 
109 167 364 62 398 562 602 847 891 719 
405 335 21 38 146 95 245 473 171 285 651 676 714 784 790 794 800 863 139 835 
175 74 281 165 216 524 583 595 732 286 473 
32 12 110 279 319 542 586 658 662 691 788 927 162 479 
32 110 263 178 470 226 542 601 616 691 788 927 531 987 
332 346 352 240 463 354 111 530 558 816 913 949 477 329 
101 200 380 46 392 371 341 86 349 440 365 10 257 351 367 205 312 465 318 204 145 47 236 206 9 483 518 537 548 575 611 631 639 666 696 741 837 868 882 910 932 965 489 624 752 861 869 
401 289 381 7 63 143 225 126 492 592 727 755 766 767 768 817 844 915 471 507 825 
77 221 222 401 252 289 408 509 650 727 909 915 431 683 
205 392 253 341 409 206 480 465 537 630 696 829 967 144 17 
199 124 76 177 114 438 388 856 865 70 684 
467 210 311 197 718 737 781 807 860 887 975 92 598 
392 204 86 341 71 101 309 46 351 449 10 68 371 434 253 328 205 132 537 639 666 741 750 910 967 128 826 964 
212 400 197 144 466 396 718 826 860 883 893 393 18 
128 218 99 303 451 29 209 216 370 16 18 162 293 220 397 122 235 559 561 583 595 663 708 728 761 771 815 825 855 956 987 262 602 760 978 
355 372 321 435 517 614 667 692 717 480 
209 162 165 216 235 451 559 568 583 753 855 963 25 699 
146 285 171 245 635 676 714 794 800 849 863 568 600 
77 408 481 289 381 554 647 722 998 133 541 
101 353 318 9 145 575 770 910 967 459 
359 452 574 618 683 835 865 894 936 290 467 
48 213 400 44 53 144 299 97 396 589 594 686 707 772 807 864 867 883 887 892 898 975 995 56 51 608 
400 311 466 543 628 746 867 873 898 967 
82 395 55 73 585 620 664 942 978 551 800 
210 299 459 53 600 640 772 893 975 523 
205 200 206 204 132 145 392 440 631 750 910 938 967 110 714 
463 407 346 354 468 519 558 606 954 300 711 
207 177 120 325 76 448 8 376 147 438 4 388 168 262 574 618 642 645 721 752 777 799 834 865 894 918 34 640 
168 359 207 199 56 292 388 824 894 34 560 
219 118 281 192 162 524 583 619 659 851 870 180 82 
451 281 524 551 559 583 619 656 698 930 956 404 89 
55 104 112 52 19 148 73 329 154 90 450 13 414 136 395 260 350 345 340 417 510 585 620 664 679 685 709 725 745 757 760 805 840 843 850 878 907 924 928 942 955 10 455 619 631 802 
31 466 459 53 210 44 511 591 640 781 807 887 893 903 261 546 
248 83 375 70 45 546 677 823 951 481 512 
128 122 118 235 192 162 30 234 293 18 559 583 659 708 870 930 296 400 
39 251 182 482 343 77 183 93 54 554 592 650 690 706 719 722 727 731 740 767 768 817 915 939 988 73 698 
20 329 505 340 154 585 657 679 760 812 
506 247 459 153 299 531 543 591 640 655 791 860 873 887 903 370 73 
196 429 89 416 156 239 176 832 842 890 507 553 
158 111 142 308 166 24 346 468 463 606 675 743 786 816 905 911 949 954 230 771 857 
425 133 25 277 573 598 713 830 897 904 
411 290 189 305 413 115 578 587 724 785 972 977 46 210 
355 403 113 372 517 667 717 729 819 871 643 818 
355 403 321 435 188 372 157 35 113 267 102 116 96 75 489 457 516 464 522 614 667 692 695 717 729 742 762 819 858 871 929 968 970 168 44 264 
101 10 434 328 480 611 666 935 965 967 260 912 
346 166 463 24 500 229 258 60 352 308 111 354 468 151 530 558 652 689 783 905 911 913 914 949 969 979 418 315 959 
41 92 327 161 244 415 362 557 579 626 787 821 568 595 
420 425 133 25 36 598 713 774 797 830 872 896 994 408 206 
355 517 321 267 403 614 667 692 742 858 222 162 
223 71 353 392 257 434 440 205 449 206 367 575 611 666 836 837 882 935 424 498 937 
320 162 275 99 281 284 504 503 230 303 386 476 266 235 293 663 697 698 728 753 761 771 815 855 866 906 930 956 982 203 333 273 793 
155 393 375 356 472 181 536 545 546 926 530 782 
196 89 297 416 176 429 596 756 842 68 856 
462 155 184 295 17 375 159 363 70 248 83 456 139 567 577 615 654 673 687 712 795 823 827 857 108 324 985 
185 138 287 597 625 763 804 945 958 999 227 746 
205 440 318 9 145 741 750 932 967 664 
346 240 354 463 361 308 479 201 468 519 288 258 166 151 558 566 606 652 675 723 743 783 786 949 954 979 525 471 926 
459 460 511 589 621 655 860 903 981 995 15 478 
412 160 180 264 593 688 839 920 946 959 536 871 
163 442 283 573 713 774 797 830 897 980 994 589 710 
412 358 426 180 85 264 298 839 959 990 185 615 
185 138 453 374 287 625 636 763 804 923 931 945 999 351 692 
159 181 15 525 248 384 246 295 184 270 150 83 193 363 17 45 61 462 375 155 233 70 64 137 59 242 546 567 577 613 615 673 704 712 747 795 823 827 838 857 862 881 900 926 961 109 532 85 702 915 
483 380 10 9 341 418 367 365 486 392 205 47 141 46 465 204 440 434 480 145 309 353 206 548 575 631 639 696 741 770 932 935 967 361 559 752 
260 366 119 395 73 657 733 798 907 168 727 
196 429 89 416 176 271 297 239 195 43 156 588 665 680 756 832 842 944 991 7 587 733 
196 429 89 195 239 297 756 832 842 309 
8 262 147 120 555 618 637 645 953 492 935 
478 286 12 103 110 227 263 402 477 32 279 232 586 616 788 53 
336 466 144 311 511 496 404 594 600 628 640 860 964 995 278 49 
53 396 197 459 100 466 589 707 718 737 746 887 964 256 832 
61 525 15 181 393 375 83 248 70 64 456 159 45 242 256 356 546 577 613 615 827 862 900 951 417 436 
356 159 242 545 536 525 15 61 472 375 184 17 193 384 507 567 613 615 643 677 687 712 827 900 961 971 152 506 745 
12 226 455 279 286 263 32 227 788 927 129 805 
409 9 204 434 46 392 480 537 380 639 798 968 
392 351 257 145 318 10 206 322 47 9 696 932 938 41 466 
169 202 433 41 327 313 622 749 869 353 634 
504 320 300 281 397 18 30 162 370 128 209 79 386 192 559 568 581 583 619 656 659 672 708 771 803 815 930 956 963 987 497 84 12 645 
302 42 41 121 410 787 833 845 880 180 730 
12 227 402 279 32 232 286 691 788 512 
252 492 88 289 126 509 408 215 401 560 624 678 722 909 598 729 
344 541 376 67 388 438 199 752 852 918 973 675 878 
169 302 42 313 161 579 622 845 912 940 68 738 
41 237 520 327 244 51 121 92 368 313 161 302 42 134 579 608 612 622 626 749 787 869 912 940 952 462 447 760 
407 166 354 479 308 201 111 530 332 151 60 500 346 229 519 463 566 606 644 675 689 699 723 743 913 947 949 969 979 194 22 303 863 
347 275 209 293 508 386 370 419 488 220 235 266 128 99 33 219 385 504 74 18 284 162 16 551 490 218 568 583 595 653 656 659 698 708 711 761 803 851 870 904 956 1000 537 311 613 839 959 
252 221 401 554 93 183 191 564 624 647 650 660 669 706 722 727 738 766 767 73 502 691 
230 488 165 192 419 79 451 708 761 120 830 
364 290 167 474 22 314 441 602 710 916 977 213 596 
317 160 264 378 638 822 839 920 946 990 574 842 
423 125 560 439 84 63 334 401 447 93 143 408 289 7 221 592 624 650 678 706 719 727 755 766 767 902 915 825 892 
402 32 227 455 12 616 658 773 775 788 428 335 
201 158 308 258 166 346 332 111 558 354 530 652 703 783 786 911 947 238 770 
184 61 462 274 208 375 295 70 83 536 546 159 17 393 384 527 363 356 687 704 747 795 823 827 881 900 926 997 244 268 807 863 
220 128 386 303 30 490 284 235 74 209 18 99 300 218 192 293 559 419 347 551 595 609 656 711 735 751 761 771 815 851 866 906 930 956 963 982 491 520 575 773 
425 163 133 442 105 36 598 713 797 830 645 787 
431 57 325 448 168 170 330 574 668 702 752 754 758 777 856 933 973 349 342 
143 5 183 408 381 731 766 909 915 764 808 
7 401 63 77 584 624 650 731 740 755 909 322 869 
425 514 306 420 533 2 283 598 634 713 774 778 797 830 896 994 423 
296 570 57 376 147 120 168 8 124 338 292 452 388 494 431 501 618 648 683 752 852 865 901 918 973 563 70 
205 145 204 253 480 434 537 9 351 493 367 392 523 46 10 341 770 829 910 568 152 998 
73 337 119 417 148 154 450 682 685 693 705 733 760 805 955 887 
472 527 545 208 248 356 536 179 246 184 384 70 61 613 615 673 204 1000 
282 290 22 515 411 454 69 342 413 189 307 724 730 796 877 908 948 977 463 846 
41 327 362 214 556 161 121 557 520 302 410 92 42 313 134 415 169 265 244 326 603 608 617 622 626 694 734 749 787 845 869 886 912 937 940 952 984 299 691 836 888 970 
260 52 73 112 450 13 395 329 417 82 585 682 733 745 757 805 813 924 701 751 855 
99 419 18 551 209 192 293 162 728 825 885 292 371 
124 262 120 199 207 431 8 648 754 808 471 756 
281 30 173 230 235 234 559 551 128 476 219 58 122 377 488 34 118 386 503 508 162 266 293 192 490 284 504 33 595 653 656 659 663 698 753 851 866 870 885 930 987 164 142 618 860 
343 221 183 182 572 93 77 647 660 706 817 915 16 437 
154 255 136 395 337 505 450 73 203 19 329 497 82 340 580 13 510 250 657 664 685 693 720 733 744 757 798 820 840 850 907 928 955 960 978 96 214 308 875 
286 227 178 477 32 110 542 773 788 828 170 816 
515 107 66 1 379 471 164 730 853 993 539 857 
196 429 539 416 297 176 156 832 842 242 
495 459 153 531 212 544 28 97 466 144 269 591 780 791 807 860 887 893 964 533 450 676 
49 307 398 444 726 796 802 908 948 8 794 
589 511 400 323 506 127 594 600 746 789 791 864 887 975 981 301 706 
126 93 7 143 423 408 401 183 343 564 289 251 125 88 215 481 182 198 509 39 439 678 719 727 731 766 767 768 769 817 844 915 962 42 336 400 
532 160 358 412 378 638 920 959 990 731 
97 396 543 144 591 28 127 44 48 269 466 495 100 400 336 404 213 53 31 197 323 600 628 686 707 736 781 782 791 807 826 846 860 873 883 887 893 964 975 995 469 106 385 749 982 
303 128 559 34 275 476 488 385 451 377 162 14 209 583 117 118 218 568 99 192 656 659 672 735 753 761 825 851 855 870 904 956 982 987 221 520 682 706 
196 429 89 416 526 195 156 43 832 842 890 562 745 
528 453 185 763 804 931 945 958 999 240 
425 133 442 25 420 36 573 11 283 2 105 443 306 521 569 514 163 634 701 713 748 774 778 797 814 830 854 896 897 980 994 554 485 137 625 
355 435 403 614 692 742 762 819 858 929 346 903 
543 594 197 28 467 144 247 591 400 498 640 655 707 746 791 867 491 
32 478 310 286 227 12 616 788 927 27 736 
290 342 140 164 94 379 228 413 314 107 562 189 291 398 49 268 471 81 307 66 72 474 387 604 629 661 684 724 730 847 877 888 891 908 916 993 488 193 679 778 
214 169 41 326 433 579 42 202 869 384 954 
115 602 437 290 164 411 107 364 724 726 891 921 948 977 932 950 
23 49 411 413 107 81 469 314 661 724 730 847 891 993 380 277 
558 158 354 308 463 513 166 111 530 468 430 346 24 258 201 500 142 229 652 675 689 759 783 786 914 949 979 246 209 103 
146 245 285 190 211 98 21 149 670 676 790 794 800 308 244 
237 302 327 579 42 557 244 410 202 92 433 313 326 368 169 121 214 41 617 622 626 734 749 776 787 821 833 845 869 912 919 940 952 77 495 908 
386 568 74 303 16 397 79 451 711 753 866 956 987 1000 295 80 
180 358 264 412 378 194 638 839 946 941 
141 9 217 392 518 465 523 480 418 204 205 630 741 868 325 362 
41 42 169 161 327 557 313 302 622 694 310 719 
393 64 375 274 356 70 83 472 6 246 45 181 536 545 577 155 233 546 17 184 456 15 139 150 137 248 615 627 673 677 795 857 925 961 997 452 559 464 722 
355 517 321 403 116 113 372 35 157 102 435 267 96 489 75 188 457 464 280 522 599 276 667 692 695 717 742 762 819 858 871 929 968 970 164 458 757 884 
137 399 83 184 64 536 61 472 375 248 545 527 546 577 393 613 654 857 881 900 926 951 971 534 299 950 
542 110 263 470 565 32 310 478 279 601 286 227 178 402 658 662 671 691 716 775 788 927 983 342 189 682 
41 302 608 579 362 734 749 787 821 937 239 967 
501 574 207 388 57 262 348 359 448 494 431 108 376 436 147 541 8 325 67 152 120 637 642 668 674 754 808 831 852 856 865 889 895 901 973 52 583 660 662 
272 386 504 16 293 99 551 503 735 761 825 987 505 146 
82 505 497 329 417 40 55 664 685 745 760 798 813 907 955 824 
197 127 44 396 531 174 628 780 781 887 975 21 689 
41 42 327 579 556 612 244 608 121 92 326 415 265 557 550 169 410 302 368 214 433 237 626 749 776 787 833 869 880 884 886 940 952 984 136 209 298 746 
262 241 436 4 254 120 57 645 752 754 799 801 865 206 675 
564 7 125 77 572 447 183 182 554 423 191 222 198 221 63 251 401 39 88 560 650 669 727 731 738 740 769 902 909 915 988 998 144 480 927 960 
231 80 535 528 185 138 65 172 636 763 804 923 931 945 999 598 204 
608 520 327 579 202 51 244 433 557 326 161 121 622 237 214 42 92 41 749 787 845 869 880 886 912 940 984 446 219 860 
15 248 61 70 242 613 375 295 704 920 
594 404 44 543 400 446 496 197 466 621 640 655 718 746 781 791 864 887 893 975 218 693 912 
602 107 324 382 291 398 724 726 730 796 802 948 376 192 
46 206 465 145 253 483 318 418 611 204 666 77 700 
449 46 10 537 9 458 392 318 499 480 101 505 659 
159 393 150 673 823 857 862 961 997 327 759 
412 160 180 358 638 688 839 920 946 699 
11 442 573 425 598 713 797 830 897 419 550 
146 491 171 335 676 714 790 794 800 934 58 413 
535 374 231 625 763 804 923 931 999 870 
618 431 207 262 76 541 668 681 683 189 
160 180 358 264 85 412 378 106 194 426 298 422 593 563 224 186 633 610 688 822 839 920 946 959 976 985 990 389 244 145 853 
537 205 9 322 486 135 353 392 548 10 409 380 440 480 696 741 965 967 797 876 
44 466 197 511 97 498 396 467 600 543 628 210 506 91 53 247 459 400 707 718 737 746 780 782 791 846 887 903 975 83 501 365 739 
447 93 77 301 343 766 767 768 817 796 
325 4 243 618 316 501 87 199 344 333 262 674 702 799 811 834 894 804 810 
242 546 399 462 270 375 295 155 857 971 516 933 
229 166 24 288 354 558 151 111 346 652 675 689 715 743 783 57 
207 67 452 4 120 541 431 124 432 168 501 388 114 339 623 296 702 721 777 808 852 865 889 918 953 551 146 569 
374 185 287 763 804 923 943 945 958 340 
560 182 492 54 423 183 584 739 909 302 113 
582 461 243 168 338 574 752 801 811 852 457 653 
379 469 290 390 391 444 140 661 891 966 239 686 
624 401 564 482 7 88 125 509 143 572 439 408 560 719 722 768 844 875 915 988 153 6 949 
146 475 171 38 294 285 304 245 335 714 790 794 800 934 401 854 
166 354 346 463 288 468 352 24 361 142 407 519 240 606 566 644 332 308 258 530 689 703 715 743 759 911 914 979 40 253 3 852 
559 583 173 238 18 419 377 728 753 982 648 969 
59 615 159 181 45 64 384 527 375 70 155 961 341 909 
336 466 213 531 212 404 511 28 400 628 600 737 873 975 981 395 763 
377 173 595 551 369 165 559 300 33 397 234 568 583 504 192 209 711 803 855 906 956 963 987 676 812 
510 136 585 350 538 20 148 55 798 805 841 955 156 74 
12 565 402 110 286 616 477 32 227 226 662 773 788 828 927 989 66 
583 508 559 373 503 128 595 117 451 18 551 377 259 275 235 99 293 753 987 631 132 887 
560 401 221 584 183 7 439 678 722 909 915 618 368 
398 49 602 107 72 189 364 649 605 802 908 922 733 936 
178 110 402 286 232 658 616 263 477 12 227 691 716 788 792 927 989 313 618 
162 377 583 524 488 451 275 956 963 188 857 
148 82 497 505 620 90 383 203 585 136 366 119 27 73 19 395 345 20 329 682 685 709 720 733 745 798 805 840 841 843 850 907 924 928 942 950 955 978 169 529 241 749 946 
195 196 89 416 539 297 156 239 832 890 55 905 
351 480 518 10 486 200 135 458 318 523 257 630 392 101 741 750 938 403 783 
355 522 517 321 403 516 116 435 372 614 96 188 276 113 489 457 75 692 717 729 742 762 858 871 929 968 678 991 
262 570 432 618 292 4 637 376 170 461 120 674 683 808 933 24 
289 408 624 447 560 54 690 706 727 731 755 767 817 148 291 
285 245 21 335 26 149 171 607 676 714 790 800 848 859 996 688 
110 616 12 286 226 691 788 917 927 717 
303 595 175 551 293 58 162 377 956 945 
184 70 577 150 83 527 384 15 462 393 613 356 472 61 248 632 159 363 536 712 838 857 881 951 961 971 235 817 
668 618 642 207 78 754 834 894 973 52 
468 240 354 308 288 530 407 158 644 258 430 463 513 166 606 24 151 331 558 60 229 332 142 111 346 759 786 905 911 947 949 555 623 870 945 
146 245 285 171 190 38 211 670 607 427 473 149 95 26 98 304 635 491 405 475 294 714 784 790 794 800 810 848 849 859 861 863 996 656 398 589 99 
137 356 193 462 507 242 613 472 546 827 857 900 722 858 
439 198 183 143 5 564 315 77 125 660 191 182 592 554 423 706 719 738 740 766 767 768 817 939 962 988 130 98 667 
82 505 73 136 510 148 20 55 329 709 757 764 850 924 602 283 
196 429 539 176 89 239 832 842 899 709 
168 637 330 4 67 721 754 758 852 696 
136 664 576 82 580 55 720 850 907 955 616 595 
292 78 207 637 168 8 452 325 170 388 574 177 461 152 338 494 668 262 431 120 130 296 67 199 811 831 865 918 933 953 220 482 317 955 
94 249 437 602 228 69 290 812 888 948 332 484 
620 52 395 250 664 55 82 505 337 154 131 450 576 585 13 709 725 733 745 757 760 850 924 928 960 173 977 
495 459 53 594 466 707 737 826 846 864 649 738 
184 567 456 6 70 527 50 472 295 193 15 546 139 704 997 183 869 
638 160 358 180 532 264 106 412 194 298 378 633 822 839 920 946 959 990 670 193 938 
352 229 644 361 652 111 463 558 519 288 258 308 606 407 166 142 346 468 151 699 783 786 905 949 969 979 621 410 990 
669 7 93 401 221 509 731 740 817 714 
12 32 110 402 662 671 553 286 478 103 227 616 226 263 477 788 828 983 579 70 560 
355 614 517 321 403 435 667 188 599 35 157 113 102 267 96 116 75 280 522 489 464 457 695 717 742 762 819 858 871 929 968 970 43 535 90 204 
20 73 19 136 395 350 82 576 585 104 709 764 805 978 628 934 
41 327 244 579 410 92 121 612 161 313 776 869 912 101 696 
355 692 517 435 403 614 717 819 968 468 
132 483 223 537 206 9 46 101 187 68 217 639 480 392 351 10 341 71 204 273 440 549 328 141 418 741 750 806 836 868 681 694 293 412 
524 33 266 293 128 761 855 982 987 73 
504 524 162 128 34 18 559 583 751 987 509 808 
689 346 308 258 111 463 166 558 151 703 743 759 905 949 954 633 490 
395 90 13 104 329 82 19 745 805 928 630 400 
443 425 420 133 598 442 36 713 748 778 797 830 874 896 994 154 580 
645 438 330 67 120 168 642 570 431 114 76 461 388 4 835 852 865 895 901 918 936 957 536 346 882 
430 699 652 332 354 463 111 566 24 949 948 963 
567 15 70 159 375 627 295 384 462 137 274 536 193 83 687 857 961 997 708 763 917 
350 576 55 414 329 760 764 924 955 53 
88 143 584 401 678 39 315 77 560 183 669 509 222 564 423 722 727 766 768 915 11 595 591 148 
269 594 97 311 640 495 400 44 544 299 686 446 600 466 746 782 807 860 995 292 712 891 
230 99 451 220 209 117 551 303 30 561 508 559 488 735 956 987 318 704 
505 154 203 679 395 104 329 664 693 73 250 129 82 40 350 685 757 760 841 843 850 928 955 680 961 
382 413 471 562 305 290 314 360 107 724 765 809 992 533 820 
609 162 369 568 559 656 397 987 1000 500 441 
45 356 536 673 83 137 546 527 159 823 857 997 707 873 
598 425 133 442 11 573 36 443 701 521 2 306 283 533 569 277 634 420 514 25 748 774 778 797 814 830 872 874 896 897 980 994 104 86 71 400 
146 676 285 171 427 335 211 26 670 475 651 491 473 95 245 98 635 784 790 800 810 848 849 859 861 863 934 690 499 940 
644 354 151 463 652 346 911 954 969 750 
110 178 402 310 103 662 455 286 470 616 12 788 183 87 
355 614 517 692 489 321 403 435 695 457 157 116 113 667 516 188 96 372 280 75 464 742 762 819 858 871 968 970 119 671 826 924 
144 127 336 487 53 269 485 628 400 396 544 640 459 780 846 860 864 867 873 892 903 964 975 995 258 229 849 
183 592 39 401 343 509 564 650 423 84 301 678 740 915 474 612 
682 55 260 19 664 395 585 340 73 250 725 733 764 798 805 820 841 850 248 160 
681 333 501 388 262 431 645 207 754 329 
706 492 301 7 37 39 650 554 560 660 509 731 767 768 844 909 915 677 613 
346 308 558 463 530 354 166 111 911 949 979 383 220 
364 710 605 290 107 109 515 249 629 398 604 261 413 62 167 469 578 602 394 228 49 391 471 23 726 796 802 847 888 891 908 916 948 974 28 251 805 955 
720 148 154 505 329 685 798 841 928 955 432 447 
604 398 342 441 590 629 411 268 471 724 167 164 249 413 282 189 382 22 307 765 847 891 225 787 983 
401 252 592 482 381 221 182 225 334 439 481 706 423 624 564 215 251 669 37 54 408 509 77 88 39 560 183 731 738 767 768 817 902 909 915 939 988 998 85 538 294 890 923 
218 369 488 235 653 451 128 219 581 524 259 753 956 963 982 32 913 
355 667 517 321 435 516 457 188 742 762 554 743 
94 602 66 605 290 307 23 454 587 360 578 107 441 115 305 398 424 167 342 268 629 471 22 469 282 793 802 877 356 118 552 967 
445 509 381 690 624 571 669 722 183 408 572 63 401 343 592 727 768 817 915 593 975 999 
235 320 128 117 218 476 397 825 885 982 188 402 
366 580 720 395 250 136 576 664 685 538 585 112 329 131 55 760 798 805 841 850 878 928 950 955 960 539 5 661 
617 121 327 579 313 134 92 161 41 608 433 749 787 845 869 984 837 
619 708 595 128 568 162 815 963 987 45 
466 594 127 311 212 210 791 883 995 601 
459 174 460 466 544 53 213 144 655 100 640 210 686 485 781 860 887 893 384 966 
408 88 727 678 447 401 381 77 221 624 191 125 222 423 560 766 767 909 915 939 556 686 398 
647 77 7 408 439 401 740 767 844 875 915 962 232 640 
719 222 739 315 183 678 509 37 572 690 221 624 143 182 401 768 817 915 461 
480 392 696 10 322 341 86 537 353 205 351 611 529 68 367 666 349 639 365 486 141 257 770 779 836 837 882 965 195 56 158 830 
355 614 517 692 464 403 321 435 667 188 372 75 276 157 267 102 116 96 35 729 717 457 599 522 819 858 871 929 968 970 305 210 203 846 
530 166 354 652 513 407 258 699 558 463 229 644 308 346 332 111 783 911 949 425 729 876 
19 585 40 329 340 154 119 745 907 79 
685 700 55 395 154 744 131 136 505 580 664 119 73 90 20 337 620 82 250 760 805 546 596 831 
459 591 460 544 707 628 640 600 299 44 153 466 496 782 791 860 873 887 975 995 411 528 622 
45 50 61 159 456 567 248 375 536 270 462 139 363 795 997 321 
598 713 701 425 133 778 830 897 994 35 
41 42 327 169 622 550 734 626 214 313 433 92 557 161 244 202 326 617 121 579 410 134 362 302 608 776 787 821 869 880 886 912 919 937 940 171 211 664 594 
486 666 9 696 529 278 328 10 499 101 206 770 986 715 174 
698 122 266 568 18 117 219 230 771 580 
570 357 376 262 170 432 574 207 124 623 555 120 648 501 56 76 292 147 199 799 808 865 957 537 480 107 
293 16 451 490 524 377 34 128 320 30 609 659 595 300 33 165 583 238 728 18 386 653 803 956 388 831 
388 376 330 78 432 207 452 177 674 681 618 721 461 431 124 262 168 623 120 582 199 570 777 808 865 973 179 375 83 
564 289 408 252 183 669 182 481 572 767 844 939 355 76 
196 429 89 416 540 43 526 297 195 176 271 239 539 832 842 890 899 944 303 65 582 
27 154 685 136 395 73 679 505 585 20 709 55 580 340 798 805 841 950 960 396 614 958 
438 8 254 432 108 147 681 76 452 168 570 359 777 831 865 894 895 311 
166 652 354 699 606 675 463 151 346 258 24 911 913 131 632 
395 709 733 82 13 20 705 383 745 350 255 345 329 510 19 55 414 260 52 620 40 131 73 417 27 250 154 685 576 505 90 798 840 850 907 928 960 557 488 809 867 991 
293 488 568 238 619 162 209 219 370 451 559 697 561 320 524 74 18 595 982 442 183 838 
355 614 517 692 75 321 403 667 435 717 372 102 599 457 280 157 729 819 858 871 929 968 129 235 189 
428 625 535 287 185 453 389 528 138 374 123 646 636 597 172 231 80 804 923 931 943 945 958 999 655 704 340 908 
720 693 705 19 104 250 340 395 73 383 679 154 136 571 847 
726 307 413 710 115 421 411 891 948 233 
564 315 560 126 39 439 641 401 221 408 592 191 251 481 215 571 738 706 678 198 77 222 767 768 909 915 380 95 304 
755 191 222 722 77 198 408 289 592 88 54 252 766 564 125 143 183 678 221 509 93 669 560 7 301 401 423 481 738 445 739 641 727 182 769 817 844 909 915 962 988 998 787 795 815 859 
401 126 77 182 54 592 727 481 740 706 445 641 252 381 225 722 650 509 5 766 678 251 37 731 844 902 915 364 245 102 
423 624 381 592 88 7 767 408 915 386 
741 371 434 9 205 141 236 145 537 86 392 493 253 575 409 10 750 465 566 898 
524 281 284 369 230 173 551 488 751 118 99 568 162 397 209 79 377 58 982 248 513 892 
269 212 459 53 498 495 44 860 941 902 
226 12 32 110 227 658 319 402 586 565 232 775 788 792 828 917 927 395 568 
713 598 133 36 25 521 573 283 533 425 797 830 896 124 168 
12 110 402 227 32 773 226 286 616 565 788 927 41 955 
749 622 694 42 433 265 608 787 940 300 
124 170 645 501 199 108 438 76 758 570 754 316 177 448 147 78 865 957 382 150 784 
701 713 598 425 277 442 36 306 105 133 748 25 406 573 797 814 830 854 874 896 994 72 602 953 
434 741 206 341 217 46 273 236 938 416 
621 100 197 640 589 718 144 807 846 860 903 94 195 
404 400 174 100 628 506 737 594 621 127 144 485 459 846 860 887 903 941 98 41 798 
746 247 269 466 594 640 707 97 460 860 883 887 975 99 525 
530 606 689 644 24 743 111 361 346 166 308 566 519 151 786 949 969 63 666 
146 475 294 304 427 714 676 285 171 790 800 848 849 996 777 957 
189 291 167 398 515 22 891 974 993 352 
346 166 689 606 111 513 158 675 229 783 530 352 566 201 354 905 911 913 
626 42 327 552 622 617 41 161 776 579 92 302 410 749 244 214 557 734 202 169 326 520 313 51 121 134 608 833 845 869 880 884 886 919 937 940 952 984 569 767 349 726 887 
12 32 402 110 286 227 616 263 226 691 662 178 542 279 775 716 478 470 310 319 477 565 547 773 658 103 671 601 553 455 586 792 917 927 983 989 463 284 42 874 
459 100 44 591 91 144 807 883 975 866 
146 676 245 714 171 285 427 475 335 670 294 651 784 190 149 473 607 95 405 98 211 304 635 26 794 800 810 848 849 859 861 863 934 996 207 462 331 993 
589 400 591 197 153 628 174 53 127 736 600 97 746 594 640 100 459 144 511 818 860 867 873 887 893 964 453 290 983 
788 32 110 263 662 402 773 286 927 398 
394 342 189 421 730 1 360 424 94 802 809 847 974 524 896 
790 676 304 607 285 38 171 475 491 294 335 146 245 635 21 651 859 863 934 996 590 297 834 
393 83 747 536 527 70 613 384 363 567 242 997 175 767 
411 471 307 413 291 724 398 360 629 437 382 590 23 342 578 394 802 847 908 948 641 894 930 
713 598 425 133 442 420 306 11 283 36 573 701 2 521 774 778 533 277 569 163 105 25 406 634 443 814 830 854 872 874 896 897 980 994 430 53 639 914 
757 136 73 329 395 620 664 725 720 538 760 337 55 417 585 733 450 13 350 657 27 805 813 841 843 850 878 955 105 781 8 548 
623 642 108 501 752 325 168 8 262 338 207 801 901 957 336 995 
146 790 676 26 714 245 473 335 405 285 475 98 149 784 670 294 651 171 95 607 304 491 635 848 861 863 934 996 497 430 903 964 
799 56 623 648 330 4 78 338 865 894 111 407 
661 394 3 189 796 66 382 413 81 22 268 379 424 629 793 164 360 454 730 109 724 390 471 342 590 809 891 948 972 974 992 32 505 465 453 
753 99 128 377 370 656 551 559 963 366 
763 535 172 65 287 138 625 374 528 80 646 389 636 597 185 123 923 943 945 958 999 642 83 916 
27 580 340 112 260 395 148 657 693 366 720 82 55 104 700 73 136 383 757 505 154 13 350 576 664 40 733 798 745 19 813 841 843 850 879 955 978 99 355 41 724 547 
341 10 392 440 696 9 365 101 217 49 864 
707 212 91 210 247 467 53 404 44 589 506 400 485 594 48 495 459 780 789 466 818 826 860 887 893 903 964 318 379 116 567 
645 152 618 668 170 8 348 754 461 330 241 114 292 582 108 752 865 973 571 326 698 
81 802 710 411 793 398 382 948 977 760 
146 714 38 335 790 676 245 285 848 996 642 963 
438 642 683 452 147 56 648 262 824 865 93 280 
379 684 115 413 441 398 853 891 922 656 510 
104 136 55 82 805 798 52 395 580 620 841 850 879 77 191 
713 598 778 797 425 133 830 896 897 76 
128 551 524 735 488 568 173 885 956 767 
332 166 407 308 288 479 24 258 331 463 111 513 911 913 914 947 586 
381 7 592 183 423 727 408 37 84 740 641 54 481 669 767 182 221 731 584 678 509 447 690 445 5 222 844 909 915 998 270 673 858 973 
31 791 269 807 100 44 459 197 127 826 883 903 964 975 395 516 
355 614 188 692 762 517 742 599 516 695 717 343 260 
366 55 585 73 720 154 82 136 148 841 850 878 907 710 96 
608 42 244 121 41 520 617 749 869 952 16 931 
180 638 160 563 358 264 224 426 106 412 688 920 985 361 912 
536 64 137 632 246 6 507 248 83 567 70 295 712 527 393 384 827 838 857 951 961 971 997 121 38 
124 199 168 431 338 502 811 448 170 363 620 
128 732 275 595 235 581 488 259 122 173 216 74 14 293 619 99 209 956 982 314 564 481 
807 53 594 686 818 44 197 487 867 887 717 486 
536 45 295 677 567 462 181 545 546 70 83 823 527 6 356 862 900 961 13 920 
773 12 32 110 402 586 263 658 691 470 927 182 330 
278 341 309 483 141 409 205 575 935 82 887 
797 713 598 425 133 778 442 306 573 36 25 701 420 774 521 2 105 533 569 277 814 748 634 514 443 406 283 163 11 854 872 874 896 897 980 994 741 561 381 426 160 
338 344 618 262 207 147 758 432 199 436 330 243 683 388 56 438 170 316 856 745 753 910 
196 429 89 416 176 539 297 195 756 680 156 596 588 43 665 239 512 271 540 842 899 944 991 544 135 
244 552 622 202 265 787 92 608 41 404 
262 338 8 501 438 674 57 642 856 794 197 
78 8 494 262 4 702 56 856 894 901 32 475 
696 71 741 273 440 206 309 351 523 204 4 579 
465 741 71 205 101 223 392 458 322 86 135 480 523 257 910 986 734 155 
472 536 50 823 45 70 159 248 673 761 
638 358 180 160 317 264 534 412 688 106 426 224 422 298 563 186 532 633 610 378 194 920 946 959 976 985 990 559 329 313 
395 27 329 505 82 255 664 55 350 136 760 73 585 907 928 950 955 323 364 
813 55 757 733 383 154 104 798 13 805 657 20 260 112 414 148 664 725 820 40 720 709 136 395 879 907 928 465 24 289 338 
43 196 832 89 416 176 539 297 195 756 239 429 596 512 271 156 680 588 540 526 890 899 944 991 563 871 875 988 
55 709 798 805 505 82 664 19 942 950 1 286 
768 401 755 767 381 251 39 739 481 334 722 77 817 423 650 592 63 909 915 939 341 357 350 
608 552 734 626 134 214 42 579 41 556 313 787 92 869 880 984 293 893 
91 31 780 781 97 459 400 686 269 594 44 299 53 446 718 247 467 640 860 864 867 873 883 887 975 578 742 263 
796 81 421 342 605 314 474 726 398 364 324 66 437 49 793 3 724 602 23 888 891 908 948 966 972 764 939 
146 790 171 784 714 810 335 670 676 405 245 294 800 849 863 934 381 918 
146 784 790 491 304 714 676 848 171 245 718 322 
20 679 805 414 104 798 250 664 709 55 733 131 685 337 760 345 13 505 813 82 682 255 119 136 585 820 720 52 928 978 139 442 42 970 
419 559 595 128 192 503 583 568 956 119 995 
199 618 574 67 296 243 681 339 262 177 555 648 645 388 702 432 348 8 448 338 87 865 876 918 652 911 
469 69 587 398 812 72 342 891 908 916 977 638 161 
830 443 442 598 797 277 425 778 133 420 36 306 651 8 
595 656 697 451 488 162 524 490 74 906 987 580 945 
618 177 8 831 834 484 338 570 120 835 895 957 257 526 
375 159 193 456 356 472 6 184 823 17 704 632 139 643 527 155 615 677 83 363 45 712 15 384 61 613 673 536 971 513 663 587 975 
355 614 517 692 742 464 717 403 280 667 188 762 276 157 75 35 321 522 96 267 113 435 599 871 929 968 970 817 200 677 916 
146 790 676 190 794 670 714 473 861 863 934 767 253 
210 466 44 97 791 127 781 336 807 707 594 467 487 746 782 197 511 543 772 718 269 737 460 396 400 780 531 846 485 589 873 893 975 981 387 583 626 862 
146 790 294 676 245 859 714 304 98 95 800 307 480 
536 6 472 70 242 61 15 246 827 545 375 632 270 248 393 440 860 
146 800 676 473 95 335 98 794 190 848 475 714 285 491 245 38 859 294 790 934 567 558 266 
628 459 97 44 144 323 269 718 495 591 686 28 846 466 887 898 964 975 981 806 427 350 
147 808 752 4 777 574 338 296 702 811 448 683 388 436 241 168 199 754 623 618 124 78 852 801 177 438 494 758 170 339 452 484 262 645 254 501 333 87 130 207 895 901 918 933 973 351 308 984 
524 128 609 74 192 275 79 583 568 401 789 
174 600 718 197 460 826 247 31 459 496 210 495 846 53 791 873 903 981 760 393 948 
696 367 611 480 204 932 965 967 986 451 
41 42 214 749 433 202 362 161 626 845 134 787 302 694 550 734 121 579 622 603 608 821 313 265 327 51 244 557 880 884 886 919 937 940 952 984 480 414 687 572 
583 595 559 99 128 451 386 74 14 377 503 508 373 885 963 982 987 675 636 
355 113 517 692 742 717 321 858 464 667 102 762 516 372 614 188 35 157 267 968 532 842 944 
830 442 521 420 306 283 713 425 797 332 
144 511 466 791 459 48 496 655 311 718 860 210 594 97 31 846 100 867 746 883 887 903 975 995 712 201 877 
830 797 713 443 425 701 133 442 306 778 788 9 
739 221 650 7 289 401 408 93 939 585 842 
292 199 147 152 344 168 852 338 8 241 78 743 639 
379 730 282 314 3 413 578 22 602 290 948 873 247 
55 395 733 505 798 136 350 820 90 555 415 
841 40 203 55 805 73 136 813 13 19 928 955 960 283 463 
845 41 313 121 787 552 626 327 92 622 869 749 42 886 107 294 
248 615 70 567 6 673 375 536 900 37 
236 458 741 141 341 523 204 480 9 351 932 702 377 
789 127 594 100 400 736 299 174 487 459 818 44 48 269 846 53 873 782 495 197 898 903 995 346 367 
622 42 327 121 161 244 92 410 787 869 886 100 614 
583 815 732 581 303 870 373 209 956 107 
41 787 622 327 880 237 749 51 313 579 884 42 626 415 869 952 102 
864 31 621 299 495 846 506 746 511 781 400 791 544 323 467 247 91 594 127 640 591 396 485 826 873 782 589 459 737 197 628 210 807 53 892 898 903 964 975 981 659 787 237 576 829 
444 360 413 602 398 684 424 847 81 724 307 305 261 454 62 421 922 579 
618 168 376 436 330 120 348 199 431 57 147 78 645 895 221 314 
842 196 429 89 512 195 416 756 665 596 216 727 
268 1 107 726 109 379 605 282 189 602 724 424 847 398 140 364 290 81 785 314 382 649 474 421 604 802 411 853 765 812 908 916 948 966 707 35 166 
28 446 495 887 212 144 299 718 213 964 981 771 564 
498 506 589 628 807 487 737 860 459 791 594 941 981 995 845 944 
207 8 325 674 501 758 114 494 642 452 801 243 170 4 76 338 120 330 436 67 835 316 502 895 212 181 796 
618 702 4 758 894 856 865 330 359 168 889 431 953 228 59 
830 573 713 598 25 778 701 797 425 133 36 774 442 2 814 521 11 897 392 399 793 
830 797 713 598 105 306 748 277 896 36 634 25 514 533 425 814 994 293 
197 864 210 887 400 496 883 495 964 975 434 770 
842 416 195 89 832 196 176 429 297 756 680 208 369 
83 615 70 256 363 181 375 545 356 827 246 536 137 677 567 546 881 159 971 143 78 451 
618 702 147 292 108 114 835 388 76 262 67 207 168 436 78 865 799 325 243 344 574 87 254 199 438 973 346 70 971 
221 447 183 768 77 222 7 727 401 564 624 63 915 962 988 772 
780 197 144 818 887 883 511 506 212 153 867 781 91 531 807 718 873 210 640 975 995 599 800 412 
386 128 595 79 559 230 218 175 982 78 514 
699 166 675 346 786 308 229 513 519 142 24 354 689 463 949 398 665 
855 656 16 568 192 524 303 930 956 88 908 
682 820 620 82 395 136 505 664 366 73 585 148 744 840 841 340 414 329 760 538 942 950 955 4 932 
164 578 394 314 441 724 49 360 853 411 115 107 3 81 382 342 249 1 847 398 590 290 796 469 454 387 661 69 891 437 602 22 921 974 977 993 906 99 763 608 
225 401 572 93 571 84 722 660 766 301 183 767 37 289 738 647 88 334 251 408 817 7 482 381 423 727 221 844 624 554 198 939 998 248 654 982 
9 480 575 499 86 837 141 205 486 392 341 493 367 967 831 29 
111 166 566 715 759 723 346 407 816 24 786 675 513 519 743 201 332 652 308 354 914 372 345 852 
41 608 244 327 579 313 326 694 237 42 121 557 161 626 749 433 51 556 628 822 518 
786 332 816 558 519 166 158 759 142 111 308 24 354 479 914 947 374 728 
468 166 354 519 913 606 308 652 463 816 911 949 797 418 
251 731 143 660 225 183 447 445 88 592 767 564 719 740 722 401 315 93 706 584 624 844 902 423 77 766 509 738 727 768 739 482 54 198 84 289 650 221 408 769 571 481 817 988 416 312 241 536 42 
602 189 724 261 437 891 413 853 364 394 562 62 360 307 922 948 977 804 858 
788 402 232 263 319 773 671 12 983 704 469 
357 243 292 501 376 120 555 702 388 852 865 152 645 130 199 147 683 207 177 574 848 5 110 
787 327 134 41 608 326 749 42 869 9 154 
839 638 358 180 378 317 264 412 688 593 106 532 194 633 298 85 186 160 822 563 422 426 959 976 985 990 827 627 
49 290 94 908 282 413 360 604 411 972 8 320 
391 413 23 469 812 888 290 916 471 307 324 314 661 127 986 
763 625 428 646 636 535 804 231 389 65 80 287 453 138 945 958 999 353 727 
505 73 685 664 55 679 82 705 580 154 955 717 249 
15 375 150 159 456 384 45 613 248 70 971 210 340 
472 155 83 536 242 456 248 525 615 567 530 433 
788 12 828 773 402 286 616 671 279 226 792 477 775 658 662 478 263 227 601 547 470 310 110 178 202 197 624 
700 585 20 148 505 879 73 129 685 725 55 709 733 760 112 337 383 840 329 82 136 841 664 395 850 221 463 
355 614 102 692 742 75 188 517 599 435 667 858 762 321 35 403 297 141 
583 906 14 128 568 284 504 524 272 508 551 956 796 408 
535 636 625 80 763 428 287 597 945 999 821 472 
882 392 145 253 537 868 257 223 549 529 465 480 322 10 341 135 967 907 604 
376 431 683 570 78 668 292 120 865 643 
146 190 800 149 714 245 171 859 863 211 651 26 98 285 794 790 38 21 635 95 848 996 693 67 990 
523 518 392 829 537 257 86 9 967 541 
124 494 333 56 438 702 78 376 262 661 965 
302 42 749 51 433 617 313 869 787 579 117 523 
101 666 499 434 205 440 549 779 341 688 23 
875 93 509 909 844 738 755 678 727 221 88 847 975 
41 313 557 622 244 579 433 42 608 787 749 776 121 327 626 556 161 869 714 79 21 
467 772 127 53 400 893 323 781 975 610 979 
131 497 450 90 907 340 664 27 505 73 843 955 388 64 
763 646 804 374 428 185 172 945 958 50 
416 196 429 89 832 756 156 842 539 239 176 893 871 
763 804 923 931 625 535 646 453 172 428 65 389 185 231 123 597 943 528 958 999 675 672 855 
839 638 378 412 358 180 298 688 563 426 532 610 317 633 160 106 224 264 959 990 151 664 355 
111 816 308 675 558 258 354 463 346 566 913 949 145 373 
877 684 421 629 765 81 49 891 228 916 724 411 809 604 444 290 437 802 847 578 324 66 107 441 291 796 469 398 590 972 974 977 993 126 321 867 703 
346 142 723 308 689 914 111 361 947 407 530 201 430 258 558 703 354 513 463 479 743 229 675 783 606 288 699 166 331 905 519 954 979 650 199 350 423 
27 843 73 82 907 395 840 52 664 757 250 733 960 604 615 
823 139 507 375 673 59 615 545 363 150 70 372 954 
557 608 622 869 821 202 92 886 787 121 579 433 328 155 
376 895 683 357 124 388 645 292 541 778 257 
530 513 715 308 500 60 166 352 949 699 603 951 
709 154 942 250 329 664 82 73 136 585 725 682 112 805 20 657 131 417 13 576 55 366 620 907 798 383 879 255 840 733 27 340 924 395 505 345 705 978 724 281 775 471 683 
303 79 753 885 74 162 656 930 663 284 728 524 29 504 192 568 672 488 851 16 708 99 218 595 216 559 320 220 609 18 293 58 377 551 300 906 117 825 815 982 987 1000 207 382 287 166 
292 330 799 702 752 4 856 777 376 784 
123 945 943 763 923 389 65 528 428 231 646 138 597 804 374 757 
106 638 920 532 358 180 593 839 194 160 688 298 534 186 422 946 264 985 990 15 559 519 
19 685 585 950 366 733 760 757 119 154 879 624 162 
83 823 17 654 536 673 546 613 632 159 704 270 827 352 709 
221 7 767 678 592 408 739 902 183 180 226 
118 58 663 347 33 370 272 162 369 870 568 656 728 79 173 490 122 735 803 551 55 703 810 
197 299 807 718 269 887 544 543 589 467 892 48 174 791 466 400 864 53 459 594 44 247 818 898 127 975 486 291 800 
341 868 465 741 318 273 639 518 10 223 392 204 217 440 205 480 967 936 
437 69 268 891 189 649 847 307 411 737 326 
932 910 101 529 499 328 868 351 141 257 9 465 493 367 349 312 486 434 204 341 537 10 965 935 518 236 318 483 639 457 496 617 730 
355 435 517 692 188 742 667 403 762 157 614 695 858 871 267 717 548 
558 783 111 24 519 715 354 689 979 653 
355 614 517 692 188 742 435 717 321 858 372 579 850 
615 159 546 375 17 295 925 208 823 643 857 900 64 673 901 403 
948 802 847 382 921 360 49 107 515 160 
376 555 865 120 808 901 574 570 67 618 754 674 147 289 817 
948 115 307 249 107 342 908 94 793 22 62 724 398 785 802 282 170 
640 846 466 964 100 903 594 400 718 789 898 621 628 655 144 873 498 887 247 153 311 864 941 746 53 495 591 782 485 818 31 44 860 981 995 857 70 731 939 
839 920 638 180 160 412 358 264 990 198 409 
578 809 562 515 908 916 948 444 853 261 342 22 604 397 685 
805 850 585 497 664 955 250 260 337 693 73 399 488 
346 652 723 308 558 407 354 530 288 969 949 463 606 689 519 468 941 429 
830 797 713 598 533 105 11 425 442 133 994 426 123 
887 864 893 531 892 591 975 31 867 655 127 466 48 860 995 285 358 
79 568 259 451 732 697 192 761 373 904 14 595 524 175 728 99 956 74 653 320 825 870 128 162 771 18 385 218 303 209 300 987 392 594 135 909 
286 616 402 12 917 788 32 227 691 791 726 
734 42 327 626 313 869 622 579 787 845 244 865 218 
839 638 358 920 160 822 959 378 990 527 
868 434 217 392 206 409 46 750 837 922 149 
451 583 320 370 870 30 855 488 609 956 551 209 708 735 619 386 659 698 711 656 266 18 99 697 595 419 118 234 982 478 356 445 290 
439 767 77 509 447 289 624 727 650 678 5 222 915 902 215 388 842 
226 658 402 788 227 12 232 662 32 295 264 
920 534 85 160 358 563 946 839 593 976 638 378 985 317 426 688 959 224 194 422 262 934 689 
416 195 89 832 842 539 297 239 429 760 667 
249 107 441 109 268 49 710 802 454 158 994 
785 605 390 69 394 424 948 391 49 307 140 228 908 602 587 790 
830 797 713 598 306 521 748 442 778 533 980 897 36 573 701 25 425 133 243 992 
531 31 594 903 893 311 197 396 883 467 269 466 543 495 736 975 44 707 400 174 210 873 746 718 981 799 10 851 
146 38 676 790 934 784 800 794 670 245 335 285 810 149 391 357 
795 375 15 61 567 823 233 613 687 208 83 747 632 295 712 704 363 40 192 
93 817 182 492 909 727 289 624 767 198 77 575 35 
763 804 945 923 231 535 138 597 636 65 453 528 931 172 287 123 389 625 147 731 
956 162 234 609 303 128 192 711 559 577 166 
