1000 9861 0
49 314 382 602 605 847 877 908 974 568 770 
133 306 406 420 514 598 701 713 778 797 830 874 896 198 290 
107 167 290 314 342 382 424 469 562 605 629 649 726 796 853 800 
8 67 78 120 124 130 262 316 431 432 448 484 501 582 618 637 674 702 754 808 824 831 856 889 933 936 335 613 763 
88 289 423 447 509 564 669 909 939 136 144 
45 50 70 83 375 456 462 472 525 527 536 546 673 687 712 823 862 926 406 500 767 
77 126 182 183 401 408 423 445 554 560 592 641 650 678 722 731 739 740 766 767 769 817 844 909 915 939 91 293 945 
4 108 120 168 199 292 296 316 333 338 359 431 432 438 448 555 570 618 623 645 648 752 754 758 777 824 834 852 865 918 957 369 583 612 712 
10 46 68 71 86 132 145 204 205 206 253 273 312 328 341 349 367 371 392 409 418 434 440 449 458 465 480 486 523 529 537 549 611 631 639 666 741 750 837 882 935 965 967 986 487 725 742 920 987 
9 46 68 71 86 101 141 145 200 204 205 223 253 309 322 341 349 353 365 367 392 409 434 440 465 480 493 523 537 548 549 575 611 666 696 741 750 836 868 935 938 965 967 70 92 181 401 719 
425 521 598 701 713 774 830 854 994 652 
32 103 110 226 227 232 263 279 286 310 319 402 455 470 477 542 547 565 601 616 658 662 671 691 716 773 775 788 828 917 927 983 989 585 955 967 
55 90 131 136 154 260 345 395 414 450 505 538 576 580 664 682 700 733 745 757 760 805 850 978 85 197 387 
117 293 524 583 659 732 751 753 987 774 
45 61 83 155 159 193 242 248 295 356 375 462 472 527 536 545 546 577 615 627 632 654 823 862 971 997 43 148 670 
58 99 128 266 275 303 369 419 488 659 761 904 483 521 
61 70 155 159 179 193 295 384 456 462 536 546 677 823 269 397 
29 74 99 128 218 259 284 303 320 369 373 377 397 451 476 503 504 524 551 559 609 653 697 761 771 803 906 956 982 987 227 431 537 783 
55 73 131 154 203 395 497 505 620 657 679 685 709 733 745 760 764 805 850 907 955 978 302 428 842 
55 73 112 148 154 203 395 576 585 664 693 709 840 850 907 955 189 
26 146 190 475 651 670 784 790 800 810 848 934 130 561 
94 167 268 290 314 379 398 411 437 469 578 602 796 847 908 916 922 972 974 176 191 566 
164 291 398 421 454 562 602 724 908 974 992 180 292 
60 111 142 151 158 166 308 354 407 463 468 558 606 644 652 689 699 759 783 786 816 911 914 949 979 77 465 579 
36 105 133 163 277 425 573 598 701 778 797 814 830 854 896 897 147 474 
21 146 171 245 491 670 676 714 790 800 586 912 
73 82 112 329 395 414 744 757 798 805 850 955 960 172 221 
153 197 269 299 400 459 640 718 737 782 860 867 883 288 290 
18 162 275 284 370 451 551 609 663 495 
33 99 175 192 377 451 503 559 583 595 619 656 698 728 753 982 867 
97 127 144 197 212 269 400 459 467 780 864 867 887 892 975 995 820 
12 110 178 226 227 263 279 286 310 319 402 455 477 478 547 553 565 586 616 658 662 671 691 773 775 788 792 828 927 983 989 141 222 436 693 
30 34 209 218 275 370 559 963 982 839 
33 118 128 209 218 451 583 595 825 764 884 
102 267 321 355 372 457 464 517 522 599 614 667 692 717 742 858 929 968 356 688 903 
25 133 163 306 406 425 442 598 713 774 778 797 830 854 897 980 340 960 
77 88 126 225 401 481 624 641 706 755 817 875 95 360 
95 98 146 245 285 335 607 635 651 670 676 714 790 794 800 863 934 199 756 
54 222 289 401 408 481 492 554 560 592 624 660 678 719 767 768 962 528 832 
55 119 129 329 366 395 505 538 580 585 685 744 805 928 950 955 571 703 
42 51 92 121 134 161 202 214 237 244 265 302 313 326 327 362 368 410 433 520 550 556 557 579 603 608 612 617 622 626 694 734 749 776 787 833 845 869 884 886 912 952 153 329 649 844 
41 51 92 161 169 202 214 237 244 302 326 327 362 368 410 520 550 552 557 579 608 617 622 626 734 749 776 787 821 833 869 880 884 886 912 919 937 940 952 984 382 454 502 702 895 
89 156 196 239 429 539 665 832 842 15 918 
53 100 144 197 311 323 396 400 404 459 466 485 495 506 511 531 594 600 640 736 780 781 789 791 807 818 860 867 873 887 892 893 964 975 981 161 749 801 922 
6 15 61 70 83 150 159 193 208 242 246 248 356 363 375 536 577 615 627 632 673 795 823 827 961 997 446 565 866 
9 10 71 145 205 223 253 257 273 341 349 351 365 480 523 666 770 836 837 910 965 498 615 860 
71 217 223 341 351 365 371 480 575 967 452 622 
53 153 269 299 495 589 594 655 707 772 791 846 860 981 995 616 724 
1 62 290 307 314 360 364 379 387 411 437 469 602 604 661 724 726 730 793 847 853 877 908 916 922 105 346 535 
6 83 184 242 356 375 536 546 567 624 787 
41 42 92 161 202 244 313 327 410 557 579 608 622 734 787 984 413 546 
55 82 154 250 329 395 682 685 720 725 850 879 942 226 400 
48 44 100 127 197 213 336 396 400 446 460 466 467 543 594 621 640 718 737 772 789 791 807 818 860 883 887 903 981 125 327 340 759 
39 183 191 198 221 509 572 624 738 817 875 915 638 726 
19 40 13 52 20 73 82 90 136 250 260 329 340 366 395 450 497 505 580 585 657 664 682 685 693 700 705 709 720 733 745 757 760 764 798 805 813 820 850 878 907 928 955 553 567 846 946 
76 108 120 130 168 262 338 388 574 618 645 683 754 834 852 889 117 981 
67 168 388 618 668 721 799 808 852 865 901 918 205 880 
16 99 165 192 377 551 595 732 771 825 956 982 180 827 
242 248 256 536 567 673 795 827 857 961 204 972 
24 111 166 258 308 519 606 675 949 852 
17 15 45 83 137 159 179 184 193 242 246 248 363 375 456 536 545 567 577 613 673 747 900 971 768 812 923 
49 107 167 290 444 454 802 847 948 135 
88 125 183 251 301 401 564 592 624 719 731 844 67 968 
70 159 179 248 375 384 393 536 546 567 654 673 712 795 823 838 900 971 112 611 
123 185 374 535 625 763 804 945 999 379 794 
81 107 140 164 228 282 291 382 604 724 793 891 908 168 402 
4 57 87 108 168 199 359 438 448 501 574 674 702 721 758 865 901 918 63 354 
9 10 141 200 205 257 278 523 548 575 696 741 868 264 595 
107 140 314 342 382 394 398 469 629 661 730 796 977 292 427 
45 17 64 6 83 137 150 155 159 181 184 208 248 256 270 295 363 375 384 393 456 462 472 536 546 613 615 632 643 654 673 677 687 704 747 823 827 857 862 900 926 971 997 10 202 464 817 903 
47 10 9 46 145 322 371 392 575 696 967 221 520 
282 290 360 398 411 437 602 724 948 161 
55 20 27 19 82 119 131 136 148 154 203 250 329 340 350 395 505 510 538 576 585 620 664 682 700 705 709 733 745 760 764 798 805 813 840 843 850 878 879 924 928 942 955 978 128 161 221 354 362 
18 79 99 118 128 165 173 216 220 234 235 303 451 559 568 583 595 732 761 825 930 956 982 987 299 309 739 
102 113 116 355 403 435 517 614 692 742 762 970 82 642 
56 78 241 330 338 501 574 582 681 752 754 777 808 824 852 865 889 953 247 480 
7 37 88 93 126 182 183 221 222 225 251 252 289 334 381 401 408 423 447 592 624 650 660 669 678 706 719 727 739 755 766 767 768 844 902 909 988 24 85 138 419 898 
4 76 108 114 120 147 207 254 292 296 333 388 448 494 502 570 618 623 642 648 702 721 752 831 856 865 889 894 901 488 505 762 877 
74 99 162 192 218 238 259 272 293 300 303 377 386 397 419 490 508 551 559 595 697 698 711 728 735 753 761 815 885 963 987 257 444 623 766 
123 138 453 597 646 804 943 945 958 391 893 
66 115 398 411 421 469 724 802 809 888 908 948 993 183 919 
55 27 73 52 104 129 136 260 329 337 340 350 395 450 505 538 576 580 585 620 664 685 709 733 744 757 760 764 798 805 820 840 841 850 878 907 924 928 950 955 978 75 341 631 645 906 
45 61 6 15 50 70 137 150 159 179 181 184 193 208 233 248 295 356 375 472 507 525 567 613 615 627 643 654 687 704 747 823 827 862 900 925 761 869 893 906 
182 183 222 401 423 492 560 584 592 719 740 767 909 915 290 917 
180 264 358 412 638 822 839 920 985 13 77 
9 10 200 204 309 351 365 371 392 537 549 575 639 666 741 836 837 967 593 805 
67 147 168 170 262 618 702 856 973 303 978 
5 77 37 63 125 143 183 401 509 554 564 624 641 706 727 988 223 938 
43 156 176 195 196 239 271 297 416 429 526 539 540 596 665 680 756 832 842 890 899 944 991 152 257 730 
13 55 131 136 154 203 345 395 450 576 585 657 700 301 458 
197 212 247 299 400 459 531 591 628 772 867 892 995 7 648 
41 51 42 134 237 244 265 302 313 327 362 433 557 608 617 622 626 734 749 787 845 869 880 940 984 10 279 539 
77 126 183 221 251 289 408 445 669 722 727 731 738 740 768 769 817 902 909 915 459 460 831 
22 107 290 342 364 394 398 413 454 562 888 891 948 974 977 234 
38 146 190 285 294 607 676 714 790 859 861 863 934 37 713 
116 267 355 372 403 435 517 614 692 717 742 762 858 871 451 900 
31 197 299 459 466 495 531 543 591 594 640 707 718 781 883 887 898 903 964 128 156 451 
38 146 211 335 475 670 790 800 848 849 861 863 100 321 
58 30 79 16 74 18 122 192 218 219 220 275 284 303 373 377 385 419 524 559 568 583 595 619 708 732 753 825 851 930 963 1000 123 203 463 712 
53 44 153 311 396 466 640 707 746 860 864 887 893 981 995 98 910 
10 135 141 187 204 205 206 223 236 312 328 458 465 480 483 486 529 537 575 666 750 806 829 932 965 967 348 584 850 
35 75 157 321 355 403 435 517 614 667 692 717 729 762 871 175 377 
12 178 402 586 662 691 773 788 927 138 812 
82 136 329 345 417 585 620 664 693 760 805 841 907 928 955 146 
25 163 306 420 425 598 701 713 797 830 854 994 49 908 
160 180 358 593 610 633 638 688 839 946 959 985 990 482 754 
3 66 69 62 94 109 164 189 290 291 314 324 382 387 390 398 411 413 424 437 441 444 469 471 602 605 649 724 726 785 802 809 847 853 877 888 891 908 916 258 388 429 547 981 
8 78 67 56 241 262 338 432 452 502 758 799 801 824 933 911 
107 282 307 360 413 444 471 605 785 809 812 281 846 
12 32 226 227 263 279 286 310 319 402 455 470 477 542 553 565 586 601 616 691 716 773 775 788 792 828 917 927 989 377 707 757 950 
24 60 151 166 229 308 331 346 354 407 463 468 500 513 519 530 558 606 652 675 689 699 743 759 786 913 914 949 969 192 208 531 766 
27 20 250 329 585 693 725 733 745 757 805 841 907 64 572 
75 157 321 355 403 435 517 522 614 692 717 742 762 858 929 968 194 603 
78 120 124 130 207 438 645 721 894 425 614 
81 379 398 441 454 587 590 726 730 372 702 
96 75 188 321 355 435 517 614 667 692 717 742 762 871 504 646 
14 128 162 173 259 369 397 551 1000 56 323 
74 34 128 216 218 272 293 377 451 490 559 698 761 771 956 982 691 817 
73 40 154 350 395 580 620 760 850 955 169 524 
4 114 56 8 78 124 147 168 199 207 296 325 338 348 431 436 438 461 494 555 618 623 754 777 799 801 808 831 852 865 901 918 957 235 353 678 
41 134 161 169 202 214 244 302 326 362 410 550 552 557 579 608 622 626 694 787 821 869 884 886 912 940 718 746 967 
99 162 235 259 419 656 659 982 987 361 
80 65 172 428 763 804 923 931 958 999 99 363 
120 4 114 243 254 292 325 357 376 431 438 452 484 494 642 645 674 683 758 831 835 889 329 402 819 
88 63 221 222 251 289 401 423 481 564 650 678 768 53 849 
93 37 77 7 221 401 408 572 678 690 727 738 767 817 902 909 341 964 
31 53 144 247 269 299 400 467 495 511 543 544 589 594 628 718 736 791 826 846 860 864 883 975 981 226 380 529 
118 74 34 16 117 18 162 216 219 230 235 259 281 284 293 300 320 385 386 397 451 488 490 504 524 551 559 561 568 595 609 619 656 698 708 728 732 751 753 761 771 803 815 956 963 97 73 308 408 
82 40 136 203 340 350 585 664 720 879 955 280 836 
56 4 114 243 325 438 555 570 702 865 889 21 713 
73 13 90 19 136 154 255 395 580 757 907 253 413 
9 204 205 341 367 434 440 449 529 537 551 598 
25 36 2 277 283 306 406 425 442 443 521 533 569 598 634 701 713 748 774 797 814 830 854 874 896 897 980 994 193 219 867 990 
41 121 92 169 214 244 302 410 557 579 608 622 734 787 869 884 940 162 296 
101 341 365 392 409 499 537 741 750 806 967 62 399 
73 131 55 104 13 129 82 90 148 260 329 337 340 345 395 450 505 585 657 682 685 693 700 705 709 720 733 745 760 798 805 820 907 924 928 955 960 978 5 392 698 711 795 
70 61 83 159 184 295 356 363 375 393 462 536 545 577 654 687 823 935 
80 287 389 453 535 625 763 923 999 77 103 
179 295 375 472 527 536 546 577 613 823 760 933 
66 69 164 411 413 602 724 730 812 908 285 987 
68 10 101 204 236 278 328 341 349 365 367 371 392 409 440 480 486 499 523 548 575 750 806 910 935 965 32 716 900 
24 166 332 346 354 430 513 558 644 675 689 743 786 496 888 
88 183 221 251 343 401 564 624 650 660 731 755 768 844 915 177 828 
31 44 127 174 197 210 269 400 404 446 459 466 495 544 589 594 600 628 718 736 737 781 860 864 867 883 903 981 995 5 346 624 798 
46 9 71 10 217 257 341 349 353 367 392 418 449 480 486 499 523 537 548 639 806 910 967 170 732 844 
38 95 98 21 26 149 171 190 211 245 285 294 304 335 405 427 475 491 607 635 651 670 676 714 784 790 794 800 810 848 849 859 861 863 934 996 104 415 696 974 
78 120 87 168 199 254 292 388 431 438 448 452 502 555 574 623 637 642 645 668 681 702 754 876 894 25 412 843 
73 136 20 154 340 366 620 664 720 760 840 841 850 879 907 928 942 15 435 
146 171 245 285 304 335 427 473 491 651 676 790 800 330 539 
70 45 83 184 193 270 462 536 704 823 838 857 961 212 505 
111 24 166 229 346 352 407 430 463 479 513 530 652 675 715 759 783 786 608 776 854 
199 207 243 262 376 388 618 645 754 89 536 
48 28 100 336 466 495 640 781 846 860 41 580 
52 90 73 119 19 13 131 148 20 203 250 255 329 366 497 505 585 664 679 682 705 709 725 745 757 805 840 841 850 928 955 192 626 677 984 
70 17 15 184 363 375 384 567 632 677 704 823 827 857 266 311 
89 43 176 196 239 416 429 539 588 665 756 832 842 899 944 97 823 
102 113 188 276 321 355 435 516 517 614 667 692 695 717 742 819 858 968 536 
24 166 201 240 346 463 689 905 911 949 400 735 
83 70 17 61 64 15 137 45 181 248 363 375 384 393 399 462 472 525 527 536 545 567 613 615 627 654 673 704 795 827 862 925 926 951 961 997 417 483 500 792 
106 180 194 224 264 298 317 358 378 412 422 426 534 563 593 610 633 638 688 822 839 920 959 976 985 990 432 585 705 741 
42 121 51 41 169 214 244 302 313 326 327 433 552 557 579 603 608 612 622 626 749 787 833 845 869 880 886 940 72 73 44 737 
117 29 79 128 122 165 209 218 219 230 235 369 373 377 397 451 488 508 524 551 559 581 583 595 656 753 771 815 825 851 930 956 987 134 545 643 682 
25 36 105 425 598 713 797 830 994 714 
23 107 140 66 167 282 290 307 342 387 411 454 604 802 847 891 974 524 939 
58 74 162 275 524 551 583 672 851 274 570 
151 158 142 60 24 111 229 240 258 288 308 332 346 354 361 407 463 468 479 500 513 519 530 558 566 606 644 652 675 699 715 743 783 786 905 913 914 947 949 244 478 499 777 956 
22 3 164 62 228 268 305 391 424 602 684 730 802 916 922 948 974 992 722 
67 57 8 120 56 87 147 170 199 241 254 262 330 376 388 431 432 502 618 645 683 752 777 811 865 901 957 66 366 464 523 
134 161 121 42 237 302 313 327 410 557 579 603 622 749 869 880 119 432 
87 168 207 262 292 338 359 484 570 574 623 752 754 953 145 771 
146 26 149 211 304 335 405 473 475 491 607 651 670 676 714 790 794 800 848 849 861 863 934 996 423 703 821 
123 528 597 636 646 763 804 945 958 27 411 
117 74 192 272 559 583 732 904 987 431 
144 247 400 459 466 589 594 846 864 867 995 201 595 
30 234 386 559 568 583 595 851 982 102 282 
89 156 195 196 239 271 297 416 429 512 539 540 596 756 832 842 890 899 944 991 22 501 644 
262 292 431 683 754 777 831 856 918 143 456 
32 103 232 286 616 716 773 788 927 515 
64 61 83 17 139 295 356 375 472 567 712 293 940 
85 106 160 186 264 298 317 358 412 422 532 534 563 593 610 633 638 688 822 839 920 946 959 976 985 990 23 58 471 
83 70 159 233 270 295 393 527 545 577 613 712 827 857 926 10 544 
77 7 84 183 289 401 408 423 439 481 509 592 650 660 678 722 768 817 844 998 687 707 829 
84 54 93 182 7 143 77 63 88 191 221 222 251 289 301 334 381 401 408 423 445 509 584 624 647 678 706 719 727 738 766 767 768 909 915 988 81 303 455 536 800 
61 83 155 137 150 70 50 248 270 274 384 456 527 536 567 673 677 687 857 862 951 327 341 447 
65 231 287 428 453 597 625 763 804 931 945 958 497 768 
180 264 358 426 563 638 839 920 959 322 752 
101 257 341 392 409 434 611 696 910 293 955 
157 116 267 280 321 355 372 403 435 457 517 599 614 667 692 695 717 742 762 858 871 929 968 399 436 613 
107 268 282 305 307 382 391 398 411 454 515 602 726 802 908 948 974 992 20 381 545 
146 95 21 245 285 670 676 790 800 990 
183 54 221 401 408 423 509 592 624 727 767 844 915 988 22 589 
58 173 30 79 99 209 220 266 281 293 377 386 488 524 551 559 561 568 583 595 656 711 751 771 870 906 930 963 982 987 154 111 270 547 
15 83 45 150 61 17 208 375 384 536 545 567 577 613 615 687 827 838 900 951 133 439 681 
160 264 298 358 412 426 638 839 920 946 959 990 113 365 
89 176 196 239 297 416 429 512 526 539 588 665 680 756 832 842 890 899 991 518 604 953 
89 176 195 156 43 239 271 297 416 429 512 526 539 540 596 665 680 756 832 842 890 899 944 991 441 997 
97 28 91 144 44 53 31 210 212 247 323 336 396 400 459 466 467 496 506 544 594 600 621 628 640 707 746 864 867 873 887 898 975 13 376 530 
54 221 315 401 408 423 439 592 624 660 766 767 768 2 625 
8 168 152 120 147 67 262 292 357 359 376 438 484 570 582 618 668 721 752 824 856 894 895 901 918 953 957 38 210 286 855 
68 86 10 204 253 309 318 328 365 434 440 537 639 967 613 772 
158 240 258 308 346 354 463 519 558 652 905 949 174 304 
42 41 51 121 214 244 265 302 327 415 433 557 787 821 845 869 940 70 
19 20 129 154 90 73 620 840 960 99 994 
141 200 10 132 86 9 101 205 206 217 236 253 273 309 322 351 392 409 434 458 465 480 499 518 537 575 639 696 910 932 965 967 59 271 324 551 
68 10 204 9 46 132 101 206 273 322 351 367 371 380 392 409 418 434 440 465 480 483 493 518 537 549 575 631 639 741 779 882 910 932 57 337 375 894 
9 101 205 204 217 236 253 328 341 392 418 458 480 548 696 770 779 836 965 967 986 308 648 940 
120 114 170 152 78 241 254 262 292 316 330 338 344 432 438 452 494 501 570 582 618 642 645 674 683 702 777 799 835 865 894 895 936 957 304 583 690 757 
70 83 45 193 375 393 399 536 567 673 961 997 111 618 
162 192 33 34 216 218 220 238 293 300 320 347 373 451 488 503 551 581 583 609 663 672 697 708 711 735 753 771 855 866 956 411 416 723 918 
197 144 323 336 466 495 496 511 589 594 640 707 791 860 864 873 883 887 893 903 199 738 830 
146 171 98 285 405 473 714 784 790 863 327 423 
197 91 31 400 466 487 506 589 594 600 873 883 941 964 975 150 728 
53 589 628 686 707 746 772 791 893 903 357 767 
161 42 121 134 41 202 244 313 327 433 579 626 787 912 940 392 
289 401 560 572 727 731 740 768 909 245 
209 128 74 118 218 238 303 451 551 375 541 
204 47 206 145 312 392 434 458 483 486 537 666 932 619 659 
79 34 162 118 216 33 209 18 99 220 320 369 419 524 559 568 583 753 771 982 1000 535 742 898 
99 162 128 230 369 561 568 595 619 870 956 982 133 794 
218 209 99 74 192 559 568 659 956 262 919 
54 125 126 183 198 143 77 93 191 289 334 343 381 401 509 560 564 572 584 592 641 647 650 690 706 719 722 727 738 740 766 767 768 817 909 962 998 27 71 73 589 689 
77 183 39 125 84 315 334 408 481 509 592 650 706 719 766 767 769 817 844 909 915 32 368 435 
101 46 47 10 392 434 440 480 548 630 631 750 910 88 848 
160 358 412 593 688 839 920 976 990 749 
37 77 423 492 592 678 731 766 915 745 
110 32 12 227 286 310 402 477 542 601 616 658 671 691 775 788 792 828 927 127 52 749 
12 110 226 32 232 263 279 286 310 319 402 455 470 478 553 565 586 616 658 662 671 716 773 775 788 927 18 590 
66 167 307 379 390 413 562 661 724 773 
111 166 151 258 308 468 519 558 652 689 723 783 786 816 911 949 375 
128 162 219 293 300 303 385 476 559 568 771 815 956 982 987 709 917 
185 389 428 625 763 804 923 945 999 355 
178 227 12 286 402 478 586 616 658 671 788 927 845 990 
83 181 246 248 546 615 673 857 925 269 
74 175 386 524 561 568 825 956 982 94 
162 128 74 122 275 386 488 508 551 561 568 583 735 870 956 963 987 1000 120 511 941 
204 101 141 206 341 353 480 631 696 282 
42 41 169 92 244 313 326 327 433 557 579 608 626 694 787 886 338 966 
209 79 216 272 275 370 419 583 595 815 401 944 
196 89 176 43 195 156 297 416 429 539 540 588 596 665 680 756 832 842 602 915 960 
166 201 158 258 354 463 606 743 783 713 982 
108 207 168 76 262 674 683 752 777 671 850 
15 45 59 50 61 248 256 356 393 462 536 546 613 673 677 687 747 900 622 952 980 
124 130 152 262 292 296 333 338 436 484 668 752 754 808 831 856 901 973 499 580 887 
41 42 51 202 161 134 92 121 214 237 302 313 326 327 410 433 550 556 608 617 622 626 694 734 749 787 912 952 984 166 321 630 660 
146 149 26 190 38 285 294 304 335 475 607 635 651 670 676 714 784 790 794 800 810 848 859 861 863 934 996 215 299 494 
61 45 233 375 393 462 546 687 747 997 272 556 
174 91 127 197 336 459 466 495 543 594 600 686 780 791 964 975 76 
59 70 233 64 242 61 45 15 159 184 83 270 274 356 363 375 456 527 536 545 546 567 613 643 673 712 838 857 862 900 925 926 961 971 329 754 973 
282 390 413 441 454 587 710 796 891 916 977 327 695 
52 154 55 73 112 255 260 340 395 505 510 693 733 760 798 813 843 850 955 430 609 884 
63 93 183 143 77 125 289 408 439 572 584 592 624 678 766 768 817 915 370 995 
77 564 572 690 727 731 766 817 915 746 756 
9 200 204 46 206 10 273 351 367 380 480 639 696 741 779 131 534 
168 207 147 124 78 296 799 865 894 731 
131 154 250 340 383 505 679 798 805 841 338 979 
242 59 70 295 356 536 545 577 615 857 900 392 606 
68 46 187 145 322 341 349 351 367 465 480 523 537 611 696 741 770 932 89 79 425 
166 60 201 240 229 308 332 346 354 519 530 566 606 675 689 723 783 786 914 949 954 107 790 988 
122 128 18 117 79 419 708 956 987 572 
136 55 250 13 82 329 345 395 414 620 709 733 764 798 955 599 689 
398 421 437 469 602 730 793 891 916 552 689 
241 207 56 243 87 170 4 177 108 199 152 168 316 338 348 357 376 388 452 484 541 570 574 623 637 645 683 702 752 758 799 808 831 852 865 876 895 933 953 220 342 403 738 803 
12 32 110 227 279 286 402 542 547 553 586 601 658 662 773 775 788 927 983 619 683 813 
160 180 194 186 85 317 358 378 412 426 532 563 593 610 638 839 920 946 985 990 68 469 924 
92 41 202 327 368 579 603 608 617 622 626 869 880 937 984 395 
16 192 293 419 488 508 524 551 595 656 711 753 155 575 
188 96 35 321 355 372 403 435 517 522 614 692 717 858 871 295 732 
189 22 167 307 324 391 394 424 469 474 590 793 853 888 993 979 
48 28 144 127 31 299 323 400 459 485 495 496 531 544 594 600 718 737 807 846 873 887 893 964 975 17 233 925 
181 150 248 184 70 375 472 673 795 857 192 580 
196 89 176 297 416 429 539 596 756 832 204 717 
79 173 238 118 583 656 672 732 761 246 
205 204 253 46 9 318 367 392 434 666 779 359 824 
184 248 363 507 545 615 643 654 997 165 
238 16 29 235 165 33 99 281 397 476 488 559 568 595 663 708 667 
157 355 517 614 667 692 717 742 858 743 977 
133 25 425 533 598 778 797 830 896 897 431 805 
68 141 341 380 483 486 518 537 575 922 
12 263 110 32 227 286 455 542 547 586 616 671 788 828 927 92 
188 321 355 403 435 517 614 667 692 762 871 129 672 
128 275 192 370 524 568 659 698 728 956 109 393 
109 72 249 66 164 189 290 342 382 391 398 602 684 726 877 888 891 948 175 236 
133 425 573 598 778 797 830 897 994 319 534 
128 29 18 99 293 397 451 568 619 855 987 492 602 
146 211 95 38 149 190 245 294 304 335 473 475 607 676 714 790 794 800 848 859 861 863 934 996 140 564 614 
12 32 110 227 232 263 226 279 178 402 470 477 542 547 553 565 586 658 662 671 691 716 773 788 792 927 983 199 557 592 625 
185 138 389 428 528 535 636 763 804 923 945 958 999 448 549 
166 308 346 354 407 500 513 519 689 699 743 783 911 949 28 457 
215 5 221 93 39 251 183 182 125 77 315 343 401 408 482 509 560 592 624 669 678 722 727 740 766 767 768 902 909 915 577 683 807 816 
22 72 94 3 107 282 49 164 62 307 314 394 398 411 413 421 424 437 441 444 454 471 602 604 605 710 726 730 765 796 847 888 891 908 977 993 28 2 84 331 359 
23 107 66 307 379 394 411 413 471 474 515 602 710 724 726 936 988 
177 124 199 78 207 8 170 243 147 325 344 348 388 452 501 541 570 574 618 668 683 754 811 835 865 894 953 69 23 313 930 
14 118 128 192 230 266 284 79 209 385 386 488 490 504 524 559 561 568 583 595 653 659 753 803 906 956 963 187 179 7 970 
146 245 95 285 427 491 676 714 784 790 800 863 934 996 351 565 
139 181 70 137 17 256 179 15 83 356 375 393 456 472 527 536 545 577 613 615 632 643 673 712 857 925 961 971 267 307 410 480 
243 254 8 78 120 325 555 618 752 754 865 953 134 506 
196 89 195 239 176 271 416 429 512 526 539 540 588 596 665 680 756 832 842 600 624 742 
180 160 194 358 378 638 839 920 946 959 990 579 727 
28 269 127 48 97 91 311 323 400 511 544 589 736 772 780 781 782 846 883 964 74 245 582 
128 230 209 79 385 397 663 698 771 384 747 
63 183 401 584 592 624 650 706 738 740 909 915 90 854 
41 169 161 42 121 92 202 134 244 313 326 327 410 433 520 579 608 617 622 626 749 776 787 869 19 824 864 
18 16 216 99 74 230 79 320 419 488 551 559 595 656 732 855 956 982 87 183 338 
146 245 285 171 149 335 475 676 714 790 800 996 207 201 
167 189 379 398 471 730 765 908 948 645 862 
105 2 36 133 420 425 442 569 573 598 634 713 748 774 797 830 874 980 994 461 463 519 
189 291 164 109 49 268 290 228 342 379 387 394 413 578 590 602 724 730 847 908 922 948 972 295 400 575 
166 24 258 60 111 229 288 201 331 332 346 352 354 407 430 463 468 479 500 519 530 558 566 606 652 675 689 715 743 783 905 911 913 914 947 949 954 979 206 128 594 826 992 
86 200 10 204 351 365 392 418 483 499 537 549 639 666 741 74 621 
32 110 12 227 226 402 601 616 788 828 927 983 317 751 
299 44 100 459 466 496 594 818 887 893 898 903 155 700 
217 101 9 322 480 518 696 836 837 387 
51 92 302 41 169 214 244 237 161 326 327 415 433 520 552 556 557 579 608 612 617 622 626 749 776 787 833 845 869 912 919 940 292 375 916 982 
3 69 1 290 22 49 107 411 421 441 629 710 724 802 847 877 908 921 423 660 791 
198 289 222 381 401 650 678 727 767 462 
4 8 207 262 376 461 674 808 936 560 
264 160 180 358 593 638 920 959 990 310 860 
200 273 349 351 434 465 486 493 499 523 537 639 750 770 837 932 442 880 
32 12 227 110 402 616 691 773 788 283 
303 128 209 18 218 397 488 504 508 524 551 559 852 891 
188 35 157 102 267 116 113 280 355 372 403 435 457 464 489 517 522 614 667 692 695 717 742 762 858 871 968 970 98 244 641 838 
257 10 71 312 205 204 341 392 440 449 537 639 750 186 676 
210 269 197 299 44 737 846 887 964 975 117 403 
107 268 342 387 394 562 602 891 908 204 701 
296 130 124 120 292 338 502 582 618 824 894 973 486 525 
41 302 161 313 237 244 121 42 579 608 622 749 787 821 880 886 912 952 907 999 
41 42 214 92 161 244 302 237 202 265 51 313 169 362 368 410 433 557 579 608 612 617 622 626 694 734 749 776 787 821 845 869 880 884 886 912 937 940 184 53 211 249 445 
141 206 9 200 101 341 367 480 750 374 568 
27 260 55 82 104 52 136 73 112 40 154 340 395 414 505 510 576 585 664 685 709 720 725 733 757 760 764 798 805 843 850 928 955 248 124 41 
207 76 168 376 388 438 501 570 574 702 801 824 852 856 865 894 953 149 
308 111 352 463 468 530 558 689 911 290 
166 308 142 258 346 407 513 519 644 652 689 703 723 914 947 949 969 381 778 
78 243 8 388 438 501 645 683 702 569 959 
221 222 77 183 560 719 740 767 939 557 
146 245 285 171 149 38 304 98 427 473 475 607 635 670 676 714 794 800 848 863 934 4 503 664 
210 247 153 197 53 487 498 594 686 782 893 975 798 959 
82 136 366 505 585 664 725 733 841 928 955 205 582 
243 76 170 120 108 325 56 8 262 207 376 438 501 618 637 645 668 683 752 754 758 876 889 918 973 237 303 255 
388 452 574 618 702 777 865 901 918 485 
82 55 148 329 73 136 255 129 250 345 350 383 395 505 510 576 664 685 700 733 757 760 841 850 907 942 955 53 36 616 787 
187 206 46 9 132 145 47 328 141 135 278 257 322 10 236 351 353 365 380 392 434 440 449 465 480 483 486 537 549 631 639 666 741 770 910 932 938 965 967 184 126 82 596 870 
307 94 3 69 324 282 164 364 398 411 413 469 471 474 515 578 602 629 724 730 796 847 853 908 948 966 993 262 467 612 
143 221 289 482 492 509 706 738 767 768 817 998 364 557 
207 292 376 388 570 637 865 894 901 371 976 
13 136 104 340 90 260 395 505 657 924 358 652 
166 308 111 142 288 258 158 201 151 332 352 354 361 407 430 463 468 479 500 513 519 530 558 566 606 644 652 675 689 703 715 723 743 759 786 816 911 913 914 949 969 979 144 49 481 761 
209 488 508 583 656 708 851 982 1000 412 
262 292 120 376 388 431 574 642 901 101 
318 46 141 257 9 10 145 480 611 770 567 661 
82 129 340 73 119 505 538 585 657 685 720 745 805 841 850 907 950 960 694 913 991 
46 341 86 204 205 47 253 318 309 257 392 480 518 529 537 549 575 611 630 631 666 696 779 806 829 910 935 938 967 294 472 904 927 
346 308 151 331 463 468 566 743 949 503 546 
145 341 10 236 392 434 440 483 486 499 967 120 788 
346 240 166 24 258 201 142 111 288 308 361 407 430 463 468 500 513 519 530 558 566 606 644 652 675 689 699 703 715 743 759 783 816 905 911 947 954 979 73 67 451 466 889 
321 188 157 35 113 267 102 116 96 75 280 276 372 403 435 457 464 489 516 517 522 599 614 667 692 695 717 729 742 762 819 858 871 929 968 970 231 433 530 741 
50 295 248 83 15 45 242 137 256 179 363 375 399 456 507 525 527 536 545 567 613 677 687 704 827 857 900 961 997 35 634 958 994 
124 199 262 501 668 752 811 865 973 213 603 
160 264 180 106 194 298 85 186 317 224 378 412 422 426 534 563 610 633 638 688 822 839 920 946 959 976 345 873 
170 67 8 199 438 452 501 865 957 290 273 
109 49 72 391 398 441 469 471 515 587 684 724 726 802 891 922 948 974 37 456 
354 346 166 558 644 675 743 913 947 949 122 510 
41 92 327 42 121 520 556 608 622 845 880 952 73 664 
159 137 356 155 248 70 45 61 274 393 456 472 507 536 546 613 654 838 123 401 781 
342 94 49 382 398 413 471 809 908 916 921 922 343 743 
141 10 47 309 46 200 341 86 135 440 480 486 537 666 741 932 967 986 194 718 871 
148 55 337 40 154 417 505 798 879 924 168 477 
132 328 10 9 253 257 141 273 145 205 434 440 523 575 666 779 806 761 766 
327 41 42 265 579 608 749 880 886 222 
117 16 162 18 219 218 488 559 728 987 8 775 
281 29 238 33 451 490 561 583 609 656 659 753 855 885 956 987 251 858 
141 9 47 205 86 71 392 696 837 344 781 
355 321 96 188 267 35 435 489 517 614 667 692 717 742 762 858 871 929 968 115 472 543 
18 209 162 99 581 619 753 825 885 675 
65 389 453 597 763 804 923 945 958 999 328 783 
155 139 61 64 83 356 246 208 295 159 248 45 15 137 70 270 50 179 6 193 384 393 456 507 525 527 536 567 577 613 615 632 654 673 747 795 823 827 857 881 900 961 997 216 313 229 205 587 
199 168 330 152 262 316 344 348 124 338 431 432 484 570 582 618 623 648 752 777 799 831 852 865 876 901 957 197 378 763 
99 162 30 192 118 18 58 79 490 508 524 559 568 583 595 609 619 663 672 753 761 803 885 956 1000 110 102 447 
358 264 160 298 412 532 534 638 688 822 839 920 946 959 990 376 435 
305 49 115 307 228 22 291 398 437 471 793 948 992 65 481 
205 253 278 341 480 537 741 806 965 127 501 
183 77 221 315 401 408 423 481 509 564 592 624 719 727 739 740 766 767 817 902 909 915 189 332 830 
107 3 66 69 364 282 1 189 411 437 441 469 471 649 710 809 847 891 916 42 579 698 
340 255 395 417 620 664 725 760 805 928 978 490 571 
17 159 64 70 155 184 375 193 399 456 536 546 613 615 673 677 823 827 997 300 726 867 
128 230 293 300 99 559 663 825 956 987 525 807 
128 235 175 293 79 234 192 419 524 551 583 595 659 761 473 762 
49 107 164 324 307 562 602 765 853 13 312 
147 292 344 262 56 78 330 333 168 339 348 57 152 432 436 461 501 502 574 642 752 758 811 835 852 856 901 933 107 517 533 727 
287 231 374 138 453 535 625 763 923 945 958 863 914 
107 249 228 441 454 602 730 916 921 563 
189 268 167 360 282 411 578 891 921 80 
217 353 205 86 206 309 273 141 341 71 145 187 204 135 223 322 10 351 371 9 440 449 458 480 483 486 493 523 529 537 549 611 630 639 666 696 741 750 770 829 868 910 935 965 256 214 136 398 628 
246 363 208 159 242 64 181 295 375 70 137 472 525 536 545 546 567 673 687 704 747 795 823 862 951 961 971 281 484 562 965 
69 268 307 290 291 324 94 444 710 724 908 922 548 694 
13 136 340 119 40 345 90 55 27 20 82 329 19 260 73 52 131 250 383 450 497 505 538 576 580 585 620 664 682 685 720 745 760 798 805 813 840 850 907 955 960 265 443 676 892 
44 53 100 197 459 466 495 498 791 864 883 887 981 458 934 
300 117 162 320 18 275 284 128 79 488 559 583 663 866 870 17 818 
261 94 342 22 81 23 282 360 107 69 379 189 72 305 290 115 364 411 424 471 578 590 605 724 730 765 785 796 802 812 847 888 891 948 974 992 993 392 585 618 638 692 
384 356 159 208 546 613 677 704 900 951 135 188 
269 174 91 53 144 44 299 197 28 31 212 127 446 459 460 466 467 485 487 495 506 543 589 594 600 640 655 686 746 781 791 807 826 846 860 864 867 883 887 898 903 941 975 981 158 52 307 731 764 
289 301 126 37 125 315 63 182 215 198 77 381 221 183 39 143 191 88 7 84 408 439 445 447 509 554 564 571 572 592 647 650 669 678 706 722 738 739 766 767 768 817 844 915 10 238 363 416 708 
12 32 110 286 227 319 226 263 232 103 310 470 477 478 547 553 601 616 658 662 716 773 775 788 792 828 927 983 989 66 124 892 1000 
355 321 267 280 113 75 188 102 96 435 457 464 516 517 522 599 614 667 692 695 717 742 762 819 858 871 929 970 323 262 657 715 
44 144 459 466 746 867 887 941 975 412 652 
146 211 171 475 676 714 790 800 848 771 
133 2 36 425 598 778 797 830 896 6 856 
346 332 354 166 24 288 308 151 111 468 519 558 652 703 723 783 615 
198 401 7 251 381 93 191 222 289 183 182 77 39 126 423 447 481 554 560 584 624 660 678 727 738 739 740 755 766 769 844 909 915 939 962 128 623 829 993 
204 135 9 187 205 141 10 440 465 480 537 631 938 706 889 
42 121 51 169 134 41 302 244 327 415 433 550 579 603 734 749 787 869 919 295 478 909 
140 398 291 72 81 290 164 382 107 49 314 22 189 391 342 424 444 474 578 604 724 726 765 785 802 812 847 877 888 891 916 922 992 209 172 957 
160 358 180 224 264 378 85 194 422 532 638 688 822 839 920 946 959 976 990 147 347 404 
249 109 107 140 291 94 228 290 364 307 342 437 441 471 661 710 724 730 812 891 908 916 921 948 972 993 51 131 817 
27 13 260 329 585 664 685 705 841 879 622 770 
313 202 410 433 557 622 749 787 884 146 
196 89 176 156 297 239 271 195 429 512 526 539 540 588 756 832 842 890 899 944 991 401 209 949 
383 366 104 497 664 693 709 760 805 841 878 159 668 
205 309 9 206 145 465 480 486 533 647 719 
238 266 79 122 303 16 218 99 259 386 508 568 583 753 870 77 894 
2 306 105 425 442 514 533 573 598 701 713 778 797 814 830 567 568 750 
81 290 261 314 23 437 587 684 785 793 802 809 891 908 974 993 527 894 
358 180 160 412 563 633 638 839 920 946 990 429 748 
408 191 5 182 84 198 77 225 125 183 7 381 482 492 509 554 564 572 592 624 678 722 727 731 767 768 817 909 915 988 998 314 211 171 752 
167 3 290 268 107 411 398 578 710 724 802 948 977 466 869 
133 11 283 420 406 306 163 25 36 105 277 442 443 514 521 569 598 634 701 713 748 778 797 830 854 872 874 897 980 994 114 257 740 989 
160 358 264 194 186 534 610 638 688 822 920 946 653 876 
146 294 149 335 676 714 784 790 794 69 579 
123 287 231 185 453 763 931 945 958 19 870 
196 89 416 176 297 195 239 156 43 271 512 526 539 540 588 596 680 756 832 842 890 899 944 991 107 422 679 
308 346 151 142 354 463 606 675 979 250 585 
177 8 168 120 147 4 124 348 376 438 484 501 541 582 618 645 668 721 752 754 758 799 834 865 894 18 277 173 
168 388 207 8 4 376 108 436 438 501 642 683 702 754 865 169 160 
41 237 244 92 415 313 327 202 161 302 214 410 557 579 603 608 622 626 749 787 845 869 884 912 940 355 569 762 
132 187 9 223 204 200 341 205 217 318 273 367 10 353 440 458 465 480 523 537 548 696 741 829 837 882 932 967 451 771 804 835 
355 321 75 188 116 280 113 267 403 102 157 96 372 464 489 516 517 614 667 692 717 729 742 762 858 871 929 148 222 378 
432 388 120 243 541 648 702 777 808 865 32 188 
382 72 413 107 261 290 22 421 49 379 471 515 578 605 629 684 796 802 853 948 992 450 799 865 
147 207 199 432 67 130 359 124 8 120 431 114 333 330 338 452 555 618 648 668 777 831 852 894 895 918 476 559 998 
198 182 251 401 447 706 731 739 740 844 909 915 998 193 586 
341 367 322 223 200 365 205 353 141 9 392 434 10 132 409 458 465 523 537 549 611 741 836 837 965 986 742 763 929 
390 360 382 249 290 413 115 107 314 604 649 724 793 802 908 948 196 835 
425 420 306 36 133 443 521 533 569 573 598 713 748 774 778 797 814 830 896 897 994 318 729 791 
425 133 442 573 598 713 797 830 874 395 
394 411 109 290 107 62 578 590 891 908 79 524 
93 7 401 183 447 706 738 767 909 327 
400 144 53 459 466 544 655 782 864 45 
445 401 77 408 5 439 509 554 560 564 592 647 650 690 766 817 844 915 377 184 
67 78 8 147 4 645 668 758 811 865 933 287 802 
322 132 9 392 145 341 483 741 836 513 597 
82 90 55 395 136 13 510 585 664 709 720 745 798 879 960 437 865 
34 128 162 284 29 216 370 209 30 18 74 118 476 488 551 568 595 656 659 697 711 728 753 803 825 906 930 96 354 97 434 
262 207 147 438 108 339 124 359 292 642 754 799 808 973 47 505 
185 80 389 428 138 374 625 763 804 923 945 863 977 
23 290 62 189 94 164 249 390 115 877 42 797 
12 110 279 32 227 691 788 927 989 183 
70 295 184 363 375 248 61 384 356 6 17 472 527 536 545 567 613 704 795 360 177 655 
355 321 403 35 188 517 614 692 717 729 742 288 578 
206 204 217 440 101 392 434 9 465 480 741 986 396 90 
404 44 197 311 269 28 174 31 97 91 396 446 400 144 247 496 511 531 544 594 600 640 686 707 718 746 772 781 789 807 818 846 860 883 887 898 941 995 93 520 796 834 948 
400 53 466 496 498 628 707 736 737 860 873 964 975 981 93 800 
316 120 388 574 618 702 721 865 918 933 306 607 
159 242 150 15 137 70 17 246 6 536 546 747 823 857 881 951 315 967 
346 354 308 352 111 151 158 166 24 430 240 201 331 468 479 513 519 530 558 566 606 652 675 689 715 723 743 759 783 786 816 911 947 949 954 979 306 99 486 782 841 
355 435 403 321 35 517 614 667 692 762 70 168 
205 204 257 440 418 409 10 341 458 434 9 318 101 523 630 741 770 868 910 932 967 24 831 984 
197 174 400 396 311 44 100 247 144 53 97 212 460 404 446 153 210 467 506 511 544 591 594 621 628 640 655 686 707 718 737 746 781 782 789 826 860 873 883 887 892 893 964 975 424 354 706 755 
197 400 466 53 127 31 498 591 594 640 781 846 860 887 893 964 975 981 342 857 
111 331 354 308 24 407 352 166 346 463 229 519 652 689 715 743 954 726 739 
81 49 268 22 107 3 69 360 382 261 342 471 605 661 710 908 972 993 264 811 955 
12 110 286 227 402 542 565 616 662 716 788 927 676 708 
382 290 109 342 413 291 437 398 360 379 107 305 364 469 602 604 629 661 765 802 888 908 916 922 948 974 977 180 507 626 857 
15 83 270 363 179 6 393 295 70 159 456 139 507 567 613 857 862 961 997 351 372 697 
171 149 211 335 285 607 651 676 714 790 794 800 849 386 887 
268 291 411 342 602 605 730 802 922 25 
146 285 245 405 21 304 171 98 335 491 635 676 714 790 794 800 934 996 594 875 
230 18 275 451 503 508 708 956 963 438 845 
12 32 110 226 286 402 478 586 616 658 775 788 366 624 
402 227 232 477 32 547 565 616 662 691 773 788 166 410 
463 346 308 151 166 530 652 675 689 743 913 954 662 741 
392 328 312 409 46 351 365 145 458 101 418 205 204 223 349 434 141 341 9 257 206 253 380 10 47 236 483 486 493 499 537 575 630 639 696 770 868 882 932 965 967 986 295 76 675 754 927 
381 182 408 222 125 37 39 492 509 560 571 592 641 739 766 915 962 988 379 346 784 
423 343 289 564 727 766 768 769 817 902 909 915 106 684 
341 392 353 205 449 101 480 309 217 278 770 779 932 16 159 
124 4 431 376 199 262 170 243 831 393 504 
44 400 269 495 621 718 737 782 791 846 903 339 778 
318 145 341 9 141 480 278 353 365 392 217 101 418 518 548 549 575 611 696 770 829 837 882 967 986 325 463 556 
336 212 400 506 736 746 791 867 873 883 887 9 911 
320 275 266 397 347 303 192 162 235 209 128 369 451 16 293 504 508 524 551 559 568 583 653 697 708 728 825 870 930 956 982 78 512 806 997 
355 435 321 372 517 614 667 742 858 931 
377 128 293 370 118 79 503 551 559 708 870 956 383 515 
146 171 26 149 294 475 651 676 790 800 848 541 946 
481 343 39 225 423 84 690 719 767 284 904 
392 10 205 480 318 631 666 882 965 853 
207 124 78 120 574 683 811 835 894 245 866 
269 127 153 485 97 48 210 44 144 400 396 247 506 511 621 640 686 781 791 807 860 873 975 29 678 882 
311 210 197 459 269 460 781 873 975 142 
154 55 417 19 395 505 705 757 955 185 647 
460 336 396 467 544 640 737 887 964 46 
145 353 141 204 135 318 480 309 518 537 639 868 967 166 243 
346 288 354 166 111 308 530 606 905 6 159 
67 4 357 338 432 330 359 388 76 207 431 333 292 570 642 681 683 721 754 799 808 865 889 901 936 973 380 176 
108 78 325 147 388 168 582 824 834 42 982 
490 209 18 30 476 551 568 656 659 855 866 352 335 
293 488 128 18 320 595 609 653 656 698 904 484 116 
136 73 250 329 395 337 255 366 19 55 350 82 154 13 497 345 340 40 538 576 580 585 657 664 700 709 720 725 733 745 757 760 798 813 840 841 879 928 950 955 960 150 78 452 551 936 
495 487 197 400 212 466 44 543 640 807 860 873 887 893 296 874 
363 472 83 375 274 356 527 536 827 471 592 
377 266 162 488 235 79 320 476 347 419 559 656 753 771 870 904 588 674 
88 183 423 222 182 381 481 5 191 289 447 54 343 401 221 564 592 706 727 755 766 767 817 909 962 842 987 
250 73 329 340 450 709 840 841 960 361 
210 44 466 459 127 299 495 594 640 718 780 781 807 860 873 235 548 
176 196 429 297 416 195 539 832 842 944 488 848 
346 463 288 142 354 111 151 166 332 530 558 644 675 689 723 783 816 954 449 733 753 
425 2 420 598 713 778 797 830 896 833 
342 189 360 291 437 602 649 891 916 922 948 993 178 490 
355 403 435 157 517 614 667 692 717 742 524 566 
355 403 321 435 188 280 489 157 35 113 276 102 116 96 267 372 75 457 516 464 522 599 614 667 692 717 742 762 819 858 871 968 970 388 579 734 
205 499 312 278 204 351 486 537 967 986 195 706 
346 166 308 354 258 288 468 463 201 229 407 332 111 60 530 558 644 652 675 689 759 786 911 949 969 979 306 523 956 
42 41 313 302 362 579 608 626 749 787 869 952 71 459 
425 11 133 442 569 573 701 713 778 797 830 897 994 16 767 
355 321 517 267 35 403 113 692 717 858 673 709 
145 46 141 257 367 10 440 9 392 68 434 318 465 529 537 611 630 829 519 168 802 
165 281 99 234 218 14 128 386 192 162 18 377 320 266 488 293 551 559 568 583 595 609 619 672 708 825 885 956 963 516 164 119 444 
393 83 375 6 356 159 536 577 643 827 385 325 
196 297 416 195 89 429 832 842 944 613 793 
456 248 159 356 6 507 295 139 15 184 375 181 536 613 615 643 654 673 712 795 857 862 926 971 421 558 809 
172 287 535 763 804 923 931 943 945 999 39 640 
523 9 101 392 351 132 696 750 932 127 
346 151 308 331 166 463 519 354 500 258 111 479 513 558 566 606 644 675 689 699 723 816 905 911 913 954 355 197 628 
91 269 44 97 459 594 655 873 975 995 111 842 
412 264 180 378 638 688 839 920 946 959 805 901 
420 133 277 442 573 598 713 797 830 897 980 418 388 
378 180 160 426 358 638 688 839 920 959 253 283 
528 138 287 389 65 625 646 763 804 923 931 958 999 49 218 
256 17 248 527 193 393 363 137 64 6 61 45 150 356 525 50 208 59 139 242 384 15 159 70 507 295 375 456 462 184 545 567 577 613 615 632 654 687 712 823 827 838 862 951 997 183 157 152 550 560 
365 523 257 318 86 10 200 132 341 409 217 309 351 135 145 480 204 322 9 518 205 101 499 278 392 380 434 440 575 696 741 836 932 18 645 946 
505 395 350 40 73 82 13 805 840 915 949 
196 429 89 416 176 195 297 239 271 156 512 43 596 756 832 842 890 899 991 92 149 711 
89 429 176 416 239 297 196 756 842 945 
431 262 292 436 574 637 683 852 865 216 491 
226 279 12 286 470 110 263 547 601 658 662 788 792 828 917 782 
400 53 247 127 97 506 591 640 718 807 887 903 975 995 372 608 
446 466 127 299 269 197 144 459 498 628 864 964 975 181 973 
137 456 181 15 193 393 536 61 295 256 356 248 274 159 546 567 613 615 673 677 712 857 926 951 162 189 
462 64 363 6 393 50 233 242 545 384 399 15 248 246 70 17 139 613 673 687 823 827 857 862 881 971 352 51 750 
12 542 263 279 402 32 478 286 788 927 107 192 
141 68 223 486 10 145 434 206 630 837 511 394 
341 351 440 10 309 392 9 86 205 486 611 630 741 287 983 
244 410 41 121 42 557 579 622 787 536 574 
117 209 490 524 162 303 29 320 451 79 503 58 18 235 216 488 386 165 266 128 192 559 568 581 595 672 711 753 825 987 204 132 505 570 
161 313 121 42 557 579 612 787 984 261 775 
110 32 263 402 227 286 662 773 788 55 
447 7 88 408 423 401 39 564 592 727 766 767 902 915 574 788 
120 8 296 147 130 438 637 645 835 865 957 636 796 
41 362 313 244 557 608 622 787 845 869 246 486 
41 552 327 556 550 161 202 415 51 42 134 92 433 169 237 313 121 579 608 734 749 787 919 952 984 334 343 286 
354 407 331 229 463 346 361 201 24 308 519 166 513 142 111 530 566 644 652 675 689 699 783 816 905 911 913 947 949 527 745 928 948 
369 397 218 18 74 162 320 128 220 33 508 385 303 99 79 377 192 230 275 524 30 118 293 551 490 488 173 175 568 581 595 619 672 751 761 771 803 866 904 930 956 987 438 755 817 887 913 
447 7 481 334 408 84 221 289 39 215 592 624 719 722 766 767 902 909 915 316 536 702 
370 235 128 192 293 234 219 825 956 21 886 
3 324 23 387 94 228 602 796 888 891 921 393 970 
180 160 358 186 422 264 638 688 946 976 390 787 
221 252 88 423 554 401 447 509 482 5 143 125 381 63 678 722 727 731 738 740 755 766 767 817 844 875 909 285 823 
12 32 286 470 478 227 110 601 691 788 294 45 
352 354 558 166 308 258 530 346 463 606 644 675 689 699 913 949 979 516 22 
179 83 456 248 193 356 159 393 184 61 208 536 59 155 375 64 472 545 50 577 613 627 673 687 838 900 971 997 55 349 420 606 
219 234 377 99 524 175 235 281 192 230 293 419 503 284 488 275 451 551 128 559 218 220 74 583 595 653 656 698 708 761 825 855 866 956 982 987 420 1 328 934 
425 442 306 521 133 713 797 830 896 897 333 433 
292 501 262 207 78 130 330 170 344 376 8 199 645 754 777 852 918 551 165 
401 481 641 727 738 767 769 875 915 40 383 
126 54 215 423 401 252 251 221 624 727 915 112 259 
442 443 283 521 306 533 25 420 598 713 774 797 830 872 897 994 882 
461 67 76 541 56 348 262 147 339 388 170 330 292 494 623 645 683 754 758 777 831 852 865 933 936 550 554 
71 367 480 47 141 10 204 86 101 351 68 278 486 205 537 696 750 770 932 307 266 987 
329 395 20 505 340 13 90 73 82 585 733 745 760 805 955 676 
525 567 15 375 181 45 61 193 139 536 137 295 256 747 823 900 289 897 
342 22 391 424 437 411 398 307 444 604 684 724 730 796 888 891 908 974 457 631 
41 302 327 214 265 161 520 557 326 552 42 410 550 433 368 169 51 134 313 121 237 608 622 626 694 749 776 787 821 833 869 880 884 886 912 937 952 382 517 427 24 298 
55 505 40 131 13 395 119 82 585 657 685 693 760 805 843 850 907 924 270 243 153 
559 162 551 209 373 583 656 855 870 956 963 701 887 
199 207 76 502 325 431 376 4 901 973 299 337 
165 377 238 74 192 419 397 209 14 524 173 175 293 162 34 235 568 30 488 218 386 581 99 347 370 272 609 619 653 656 659 672 708 711 728 855 870 906 956 963 982 207 8 599 887 
183 221 84 251 408 301 641 678 706 727 731 767 101 677 
112 350 129 580 90 73 136 104 154 395 82 450 55 414 40 337 20 505 329 576 664 679 682 705 745 798 805 813 820 841 843 850 950 955 960 160 430 12 398 
477 279 32 286 227 103 263 232 110 662 26 439 
249 421 115 360 649 726 765 812 888 948 375 956 
156 429 416 297 239 195 832 842 944 508 
400 299 210 212 127 48 144 213 174 628 780 818 826 846 873 964 975 981 995 221 191 756 
115 307 398 268 444 602 793 847 891 227 650 
91 543 466 467 97 594 621 628 746 780 782 807 864 892 903 634 874 
77 225 251 222 381 447 7 39 509 191 554 84 63 560 182 481 423 221 301 198 401 289 624 647 650 727 755 767 768 902 909 939 962 507 286 744 
224 180 106 317 160 264 638 839 920 86 
127 591 269 212 53 197 144 247 336 210 48 531 459 400 44 174 97 511 467 466 311 600 640 686 718 737 772 780 781 789 791 807 846 860 864 887 903 964 975 995 475 308 595 963 980 
219 386 79 128 34 275 238 293 568 74 551 266 303 99 524 58 504 30 559 451 175 162 377 192 656 672 708 728 735 866 885 906 982 987 594 68 174 811 
297 429 89 271 176 539 239 196 756 832 842 341 806 
172 374 185 80 625 763 943 945 999 449 
425 133 306 11 420 36 514 163 2 277 105 25 443 442 573 406 283 533 634 701 713 748 774 778 797 830 872 874 896 897 994 132 606 688 921 
355 517 188 35 403 614 667 717 858 929 260 583 
459 44 212 247 197 144 594 400 269 707 737 746 860 883 887 975 297 
12 110 565 542 226 263 402 310 788 855 945 
107 290 1 140 474 22 307 189 282 390 291 72 387 515 167 562 590 49 342 471 23 261 324 629 649 724 726 785 802 847 877 891 948 972 974 977 284 239 901 923 
410 169 161 265 41 433 612 734 869 357 113 
290 441 578 66 164 49 411 471 802 847 891 921 948 966 195 878 
107 398 290 109 1 469 3 437 474 629 710 796 802 948 686 909 
240 354 308 463 430 24 346 566 166 111 530 258 60 500 644 652 675 699 715 743 905 911 913 914 947 949 954 567 256 598 
146 245 473 38 171 335 285 95 676 714 800 848 859 461 746 
121 42 51 433 327 244 92 265 579 520 368 556 134 557 41 326 302 313 362 161 237 612 622 626 694 749 787 821 869 886 937 952 984 543 151 983 
209 504 370 377 128 29 18 583 524 753 761 771 904 987 250 947 
160 358 180 426 106 264 822 839 920 675 
392 351 9 187 523 10 257 440 349 549 486 696 770 868 64 830 
41 608 313 552 161 603 327 734 749 845 8 342 
61 375 363 456 527 356 546 159 399 545 536 242 295 70 384 193 248 139 181 472 83 567 615 627 643 687 704 747 795 857 881 900 925 926 997 4 526 200 188 
355 517 321 403 35 188 96 372 157 113 516 489 102 435 75 280 457 464 267 599 116 276 667 695 717 729 742 762 819 858 871 929 968 970 285 114 908 911 
15 527 274 45 536 83 193 375 295 545 70 384 233 159 613 256 673 704 712 747 838 857 862 407 46 638 
12 110 310 470 232 227 279 478 477 319 178 226 32 402 658 662 691 716 773 788 917 927 989 340 48 847 
313 42 244 41 327 265 92 302 749 869 693 955 
325 207 339 78 199 120 461 87 152 376 438 4 296 431 8 56 338 292 168 57 642 645 648 668 721 752 754 758 834 856 865 894 895 936 953 398 208 629 951 
583 99 524 559 128 30 373 219 284 377 653 698 217 263 
148 395 19 82 383 104 73 119 203 260 745 760 820 841 924 717 
591 197 485 495 466 53 791 846 860 941 995 309 963 
41 433 265 556 42 415 92 313 550 244 161 121 134 302 362 327 51 608 169 579 326 626 694 734 749 787 821 845 869 884 886 912 937 940 47 414 242 765 
8 376 170 120 78 574 262 147 648 683 856 865 876 408 79 
408 301 381 39 423 37 560 143 289 88 77 183 592 572 198 54 63 251 191 647 650 678 731 738 739 766 767 768 875 915 939 988 50 297 144 477 
185 138 231 535 597 389 65 453 636 763 804 923 943 945 999 198 286 
41 42 214 265 622 608 313 244 579 161 433 92 327 237 520 121 302 749 776 787 833 845 869 880 912 919 940 471 154 928 
613 567 83 45 15 159 900 971 997 830 
589 466 144 197 544 213 91 127 591 460 655 791 807 826 860 883 892 898 975 995 392 530 790 
471 3 314 602 605 69 437 342 724 730 888 948 618 696 
523 480 351 548 392 549 223 465 631 696 910 244 914 
9 341 223 351 236 630 493 205 409 837 965 578 82 
375 70 45 295 15 155 536 857 925 941 995 
160 180 358 106 422 638 839 920 959 773 
598 425 133 306 713 774 797 830 896 356 591 
475 245 38 146 335 676 790 800 859 934 683 915 
625 172 287 646 763 804 923 945 999 555 
4 147 338 555 262 344 541 835 865 858 
160 180 358 264 412 378 633 194 426 298 422 532 563 534 186 85 317 593 106 688 822 839 920 946 959 985 990 398 615 54 659 
341 322 86 205 9 309 318 145 392 253 499 480 204 200 806 829 836 882 760 781 
467 100 498 153 28 466 400 210 97 506 44 543 459 594 495 53 197 511 707 718 746 807 818 860 867 887 903 964 995 528 685 729 851 
7 481 221 88 571 584 37 678 915 321 
147 452 432 124 348 618 388 501 207 78 758 777 801 808 834 852 894 75 961 
83 248 527 274 70 613 295 525 881 971 162 940 
346 166 332 566 142 513 354 558 361 606 24 519 530 786 913 176 
555 168 147 56 8 207 114 152 574 338 570 333 431 448 124 618 262 683 702 752 754 835 865 876 895 82 305 537 
80 636 172 535 763 804 945 958 999 116 
592 183 401 624 221 447 678 727 817 497 418 
8 436 618 78 623 376 438 808 901 933 91 206 
382 602 107 515 3 441 587 724 922 993 41 896 
7 221 182 401 143 447 624 77 592 301 222 315 125 690 706 722 739 768 909 915 590 661 863 
473 491 171 245 38 149 21 146 676 714 790 800 849 859 665 796 
151 166 308 407 558 332 229 201 111 479 519 346 468 354 24 606 463 675 689 699 703 715 759 783 786 816 949 979 404 345 11 725 
619 488 583 293 504 568 18 855 885 987 426 951 
70 536 375 83 64 274 159 137 15 363 527 961 664 666 
466 48 531 400 446 628 737 746 780 807 826 860 892 903 964 456 722 
581 303 192 162 583 128 595 122 508 451 503 347 370 30 266 568 504 272 663 753 870 930 982 794 916 
505 55 350 90 19 345 580 136 664 733 850 942 403 663 
477 32 542 402 263 286 232 226 12 227 616 788 792 828 917 927 778 
370 16 293 386 281 503 122 451 220 583 14 698 708 735 761 870 956 982 987 638 217 836 
143 182 198 77 39 408 727 738 768 902 915 244 314 
228 471 69 49 413 469 710 724 793 908 948 977 650 349 
12 478 286 103 470 616 542 402 227 553 32 263 586 691 773 788 917 479 966 
397 385 29 377 209 300 656 275 825 657 802 
383 657 20 148 505 585 329 417 82 414 395 73 13 55 340 154 337 450 129 104 679 685 709 720 733 744 757 760 805 820 841 843 850 907 924 928 950 955 335 654 362 837 961 
196 89 239 195 297 156 43 756 832 842 651 942 
341 365 217 367 101 493 392 351 273 9 86 10 309 46 741 837 938 654 857 
355 599 517 321 614 435 489 464 116 157 35 276 372 188 102 516 280 403 692 717 729 742 819 858 929 970 275 862 
199 448 357 438 57 431 147 338 243 292 618 754 799 876 901 417 
289 93 401 77 5 678 727 738 767 768 769 817 988 675 685 
146 171 190 26 245 98 335 21 38 676 784 790 794 863 934 15 
227 279 286 226 12 32 232 691 788 241 
595 272 551 583 377 165 524 559 209 280 
295 6 61 615 384 70 59 159 545 567 233 375 208 45 546 248 184 527 393 270 242 64 677 704 857 951 522 915 
67 316 241 124 207 4 683 831 895 508 
361 166 354 308 463 566 479 151 60 513 258 111 519 430 652 346 606 530 558 142 699 703 723 786 816 905 913 914 949 969 979 669 480 610 373 
146 245 285 427 171 475 38 335 95 149 294 607 473 26 304 405 491 190 670 651 635 714 790 794 800 810 848 849 859 861 863 934 996 576 322 395 470 
545 384 184 673 155 70 17 242 356 399 827 971 154 584 
126 182 584 624 39 7 423 125 641 183 564 251 401 77 225 669 289 315 408 647 731 767 768 817 844 915 495 120 861 
585 255 154 19 664 685 693 709 744 760 841 850 907 955 429 821 
196 429 89 297 239 195 832 842 890 937 
501 76 147 865 894 895 901 936 973 193 
395 13 585 73 52 55 154 136 805 841 162 804 
432 574 494 124 541 292 56 674 333 177 623 338 207 262 241 168 501 645 702 777 799 808 831 835 852 865 876 889 894 901 289 263 635 900 
578 360 437 282 421 167 726 802 888 921 482 797 
40 52 19 82 136 329 414 340 55 350 395 679 664 580 693 700 709 744 760 764 798 841 878 907 955 669 640 
213 400 495 459 247 466 594 336 772 867 605 861 
393 246 137 70 193 83 6 184 242 536 567 356 613 546 704 182 996 
638 378 358 180 534 106 426 412 224 563 532 160 839 920 946 959 976 990 35 598 820 
354 288 142 111 513 158 566 463 530 468 24 652 519 229 346 558 332 308 479 331 258 699 743 911 949 969 260 221 261 
447 221 126 252 492 650 738 766 909 207 
455 565 32 286 12 103 662 319 226 616 110 478 671 775 788 917 927 989 118 955 998 
355 517 321 403 435 667 188 280 35 116 372 157 113 102 276 267 96 522 75 457 464 516 695 717 729 742 762 819 858 929 968 970 398 730 869 932 
250 685 112 136 417 104 580 20 679 55 798 805 850 978 617 32 
41 579 244 608 327 622 121 237 749 845 912 937 940 394 350 
355 692 403 614 321 188 157 742 968 249 
204 253 236 206 312 434 537 392 575 71 351 486 257 529 10 68 630 611 371 187 480 741 806 837 868 932 935 938 965 967 629 146 841 937 
18 488 209 79 451 708 825 906 982 472 
281 300 79 619 128 30 568 504 118 659 136 382 
689 652 288 530 566 111 24 675 354 606 558 166 816 905 949 872 978 
505 90 136 13 73 685 340 55 813 907 311 714 
2 11 420 133 521 25 105 425 598 713 748 778 797 814 830 581 324 
147 333 683 436 87 330 645 339 262 130 461 432 207 67 78 4 752 808 834 865 889 901 42 115 560 
407 652 332 354 346 675 743 786 913 949 171 40 
393 673 70 613 399 356 687 83 615 159 155 456 150 827 857 862 925 997 805 860 905 
136 73 154 497 55 414 585 805 950 160 
439 509 37 650 183 401 222 221 445 584 77 88 301 343 722 727 766 844 909 988 409 466 518 799 
48 210 640 213 197 460 600 459 466 97 100 846 860 864 867 883 903 964 975 110 182 784 
568 583 488 524 259 128 697 595 659 476 490 99 347 209 275 1000 470 401 
82 20 679 19 55 417 154 329 510 505 664 73 450 136 685 260 745 760 841 850 924 928 960 522 230 
291 382 661 413 394 314 424 249 290 605 469 726 796 767 849 
583 192 551 209 266 451 79 761 982 136 539 
64 527 536 295 615 179 181 6 248 545 823 951 99 8 
598 425 133 163 442 306 573 36 420 701 443 521 11 105 533 569 634 514 2 748 774 778 797 814 830 854 872 874 896 897 980 994 95 240 130 962 
146 676 475 245 171 427 38 285 607 95 304 651 26 335 211 294 473 405 784 790 794 800 848 849 859 863 934 163 700 797 
151 308 606 166 468 354 346 463 652 403 
12 616 110 227 178 402 470 286 773 788 917 927 141 793 
355 614 517 692 321 599 435 667 116 188 157 35 96 516 267 102 372 403 276 457 522 113 742 762 858 871 929 968 271 620 745 859 
28 543 127 511 269 53 485 640 466 459 144 97 594 746 789 807 818 860 873 887 893 903 975 995 121 365 926 
560 84 77 492 334 63 39 222 221 183 381 767 915 988 10 418 
55 129 329 664 52 450 505 395 136 350 148 757 798 813 843 907 928 978 971 991 
114 431 199 67 78 501 618 461 57 954 
560 289 7 93 564 423 182 401 221 650 706 727 731 740 755 769 939 655 167 
346 463 258 530 675 332 229 407 513 947 949 209 967 
140 629 394 578 66 441 398 342 314 661 424 291 411 81 413 107 23 228 49 649 72 307 602 360 726 730 802 809 847 891 908 948 966 977 48 733 780 883 
52 112 329 337 154 383 505 760 928 955 9 652 
49 115 3 189 710 724 282 587 291 107 684 602 360 290 411 785 793 796 802 891 966 972 384 54 468 
252 669 554 572 571 408 215 706 289 77 564 722 191 482 183 221 584 315 423 647 660 93 592 126 509 88 381 740 767 768 817 844 875 902 909 915 988 998 298 388 733 873 876 
79 595 583 369 488 451 281 128 30 735 761 825 870 963 987 212 948 
355 457 435 692 614 102 667 742 762 970 442 640 
305 390 398 474 724 578 413 307 140 49 261 629 69 290 115 167 342 785 793 796 802 853 877 888 891 908 948 977 89 692 759 797 
63 252 143 423 678 439 215 93 722 564 584 7 624 225 739 755 767 915 998 400 254 929 
128 14 272 99 173 74 303 58 982 987 267 145 
13 337 576 505 260 82 73 112 55 19 664 250 329 657 136 340 760 798 820 843 850 907 942 950 955 724 727 513 
42 92 244 557 622 41 51 410 134 603 327 612 787 845 869 886 517 
659 235 209 79 728 595 870 904 956 158 
44 144 487 299 460 127 887 898 975 963 
323 144 269 600 498 28 460 53 466 594 485 655 746 807 867 887 964 981 161 879 
408 54 343 126 221 93 660 571 183 301 445 690 564 624 669 401 767 768 962 998 210 262 825 
381 731 439 408 77 624 481 7 401 650 755 915 74 468 
439 408 727 84 301 334 215 381 221 93 722 7 289 564 767 817 909 939 425 
10 458 465 434 666 135 365 9 86 380 392 537 253 449 696 68 257 549 205 309 440 341 770 837 910 935 938 967 479 355 160 909 
355 614 517 692 717 403 321 435 667 188 516 157 35 113 276 695 116 96 75 729 372 457 489 762 819 858 871 929 968 970 297 218 9 440 
352 703 479 240 606 308 468 288 361 354 689 111 346 166 463 142 914 949 979 364 276 942 
685 27 82 664 40 679 760 850 907 592 
73 620 395 576 505 13 154 112 350 19 55 136 585 450 709 805 840 841 928 942 955 717 558 225 
197 591 100 404 459 655 718 640 600 466 213 400 737 487 789 807 846 864 892 995 121 607 252 
577 615 393 462 61 83 70 242 375 613 246 823 857 925 961 300 
713 306 133 701 425 442 598 797 830 422 
41 327 368 557 520 244 579 92 433 42 694 410 326 161 313 302 622 612 415 169 626 617 608 776 787 821 845 869 880 912 919 937 940 952 984 224 44 226 890 
10 141 318 392 529 101 135 328 322 9 223 575 882 546 420 
559 128 14 192 825 885 930 982 987 310 
168 702 376 78 199 338 241 388 8 170 357 645 76 296 243 262 431 618 777 865 901 918 973 186 423 859 
370 218 30 128 266 162 419 209 656 451 508 14 609 377 293 99 551 373 79 815 866 956 987 1000 513 865 
177 243 668 432 170 147 501 570 338 120 4 296 574 645 152 292 8 452 76 618 56 431 758 801 889 895 480 248 106 
77 722 739 37 509 408 592 143 564 731 767 939 466 559 
429 89 416 176 195 539 297 239 156 596 665 271 540 196 832 842 899 944 589 38 252 
664 329 340 27 82 13 131 112 720 505 497 154 55 760 798 805 841 928 942 110 207 953 
642 754 8 124 388 431 108 338 574 262 67 448 618 811 894 895 918 825 
346 519 354 652 151 111 24 463 783 786 911 914 949 730 53 
340 329 73 395 744 383 620 505 13 136 757 709 679 664 725 104 82 685 250 55 733 148 580 576 417 119 19 764 798 820 840 841 879 907 924 928 955 139 639 763 891 952 
559 18 711 377 74 609 16 568 128 659 79 118 386 272 728 904 956 982 987 346 367 83 
355 614 517 75 742 321 717 280 435 102 96 116 372 464 403 729 692 188 113 858 871 968 78 386 433 
287 625 535 138 185 453 636 528 389 646 374 597 65 231 172 123 428 804 923 931 943 945 958 999 760 376 4 440 
685 73 82 329 19 760 260 55 798 840 878 879 942 34 400 
305 411 587 471 398 387 290 847 992 622 
7 560 381 447 198 289 251 401 564 690 408 183 221 706 624 482 77 481 554 222 252 225 509 767 844 915 367 79 111 
624 740 315 289 584 669 126 731 84 492 381 738 334 7 560 445 191 727 571 766 222 509 423 401 719 77 678 39 554 755 183 198 221 564 343 592 769 817 875 902 909 915 6 710 213 521 
624 678 401 423 482 251 39 143 669 77 343 650 125 93 289 738 215 727 198 182 660 221 183 592 915 988 998 185 61 932 
669 7 722 571 222 93 482 408 767 890 
392 46 486 257 465 575 341 349 480 318 206 741 611 483 829 868 882 967 414 1 
559 118 609 209 300 128 230 508 218 192 162 18 58 815 851 870 904 963 982 434 170 405 
594 91 213 53 48 459 686 299 826 200 
478 227 263 319 716 402 32 616 662 178 12 553 286 110 103 775 788 228 633 
573 713 36 442 133 306 11 634 598 797 830 872 896 14 930 
263 226 110 691 477 227 773 32 12 402 788 983 369 552 
302 749 626 41 42 327 313 579 869 151 
683 438 76 642 570 339 376 177 241 574 752 120 207 8 436 168 831 918 166 813 826 
277 598 283 713 36 701 514 2 406 25 420 442 425 521 797 830 854 872 896 980 994 485 658 332 
205 483 273 351 367 253 206 836 967 825 
655 589 591 594 31 299 511 247 44 791 975 724 827 
400 594 153 495 467 511 44 97 459 144 466 496 299 807 846 864 873 887 371 639 363 
336 591 446 466 28 485 299 791 807 860 873 887 995 542 463 
463 407 308 240 759 652 151 354 24 229 513 258 558 166 288 816 949 18 374 
146 294 670 211 714 21 245 427 790 794 810 848 863 934 707 481 
730 602 109 411 726 398 107 421 802 1000 
703 166 644 24 346 759 229 142 652 151 258 675 519 463 111 905 949 979 
41 42 327 579 622 749 608 313 244 433 134 557 556 326 302 626 121 237 92 410 734 214 51 161 552 520 202 415 550 869 880 886 912 919 937 940 952 984 50 563 340 962 992 
12 32 402 110 286 227 542 616 263 226 691 773 662 658 279 775 716 478 477 310 232 319 565 547 178 470 671 601 553 455 103 792 828 927 983 989 554 353 915 943 
459 746 718 53 466 594 44 818 860 944 
146 676 245 714 171 491 294 670 26 38 651 405 784 285 21 149 473 304 427 98 475 95 211 190 635 794 800 810 848 849 861 863 934 996 258 628 924 925 
487 247 210 628 400 396 621 782 594 53 495 48 127 780 485 44 213 826 860 873 883 887 892 898 941 975 314 442 795 
658 32 110 402 226 788 542 286 927 159 
268 66 441 730 726 421 379 49 661 590 261 853 993 526 716 
146 790 676 714 245 285 171 473 335 475 427 38 784 670 800 810 859 863 934 996 656 219 65 
159 456 45 527 270 393 59 375 64 613 857 881 791 136 
710 562 3 730 249 290 437 578 605 69 726 342 398 22 847 853 877 891 908 972 555 459 651 
713 598 425 133 442 778 306 774 25 36 573 420 701 2 521 105 533 277 569 406 163 283 443 514 634 748 814 830 854 874 896 897 980 994 730 714 454 684 
366 505 82 733 685 693 760 764 450 73 757 255 395 136 720 329 585 55 260 27 250 805 840 878 879 950 955 960 144 336 938 982 
452 431 57 501 207 108 683 668 376 262 254 120 831 876 706 437 
714 790 676 245 171 285 405 190 794 21 475 38 491 651 26 149 473 294 607 98 146 304 335 635 810 861 863 996 3 460 183 864 
330 108 120 642 754 831 852 865 894 901 44 802 
441 411 421 107 604 785 81 684 602 314 62 730 726 424 167 724 437 189 471 474 605 398 164 360 809 812 888 891 908 916 974 663 801 523 448 
559 293 128 451 18 377 956 963 982 262 
763 80 287 535 528 65 123 646 374 453 636 625 172 231 185 923 931 943 945 958 999 682 434 879 
55 417 757 82 693 585 682 154 73 745 705 112 395 13 664 27 40 383 255 19 538 104 798 580 576 136 350 329 813 841 850 907 928 942 950 955 978 86 277 532 704 986 
639 141 351 696 367 101 135 145 380 596 488 
269 628 543 44 459 782 737 506 594 718 781 495 746 591 640 655 400 53 511 818 883 887 892 941 964 975 995 385 289 822 885 
76 702 683 642 4 57 120 648 452 501 436 316 243 262 852 895 901 918 903 910 995 
81 109 724 364 421 802 382 107 921 527 
790 784 676 21 800 146 794 245 848 859 871 939 
448 494 357 388 292 168 758 824 835 865 595 469 
411 587 140 398 109 802 413 847 966 103 61 
720 505 73 805 250 55 585 395 700 820 843 878 955 263 777 
713 25 797 701 420 133 442 830 874 840 
79 753 128 771 238 162 230 956 963 899 
513 530 229 558 675 783 652 24 354 463 346 699 911 913 947 979 289 
93 423 221 678 647 447 727 509 343 37 767 401 564 740 182 251 126 7 669 222 54 381 252 482 844 902 915 939 962 988 70 118 413 559 
640 311 589 459 789 807 53 44 718 846 873 887 893 964 397 843 
355 614 692 742 667 517 403 157 858 871 929 124 896 
55 620 733 136 585 664 82 813 760 840 850 924 928 688 31 
121 42 579 326 327 202 749 622 608 869 679 171 
610 638 358 426 160 378 180 85 412 839 920 946 990 807 934 
6 70 45 747 150 17 536 375 462 137 546 712 393 577 64 83 384 139 15 155 857 862 997 564 156 
811 4 8 502 325 108 330 199 76 273 302 
551 451 728 488 74 663 751 34 568 561 58 373 162 524 385 234 99 697 956 779 758 738 
589 127 772 628 400 655 791 466 903 975 308 777 
677 546 45 536 155 375 193 384 525 59 83 159 507 704 181 356 70 900 780 58 
788 310 110 402 12 542 279 658 32 226 927 143 975 
351 523 101 434 392 639 486 770 910 182 408 
797 713 598 425 133 778 442 306 573 36 25 701 420 774 521 2 105 533 569 277 814 748 634 514 443 406 283 163 11 854 872 874 896 897 980 994 210 627 381 611 948 
177 799 777 124 243 78 376 484 674 683 801 120 262 438 4 574 834 901 973 465 93 996 
196 429 89 416 176 539 297 195 756 239 156 588 596 526 680 665 512 271 43 842 890 899 991 39 869 
42 41 626 579 161 313 869 912 919 514 
702 618 56 502 831 642 8 431 933 459 871 
207 388 645 494 683 637 555 811 292 124 434 441 
206 779 440 46 86 639 449 10 537 312 659 129 
9 486 741 312 631 318 434 46 86 440 371 666 548 696 938 967 664 908 
150 248 363 536 567 615 64 193 926 321 
638 358 180 160 264 412 688 378 298 224 85 194 186 422 822 534 532 633 610 593 106 920 946 959 976 985 990 33 857 969 
760 798 820 395 745 510 154 148 73 82 203 505 764 538 20 843 879 814 956 
417 510 154 685 620 340 585 337 350 255 760 82 679 682 112 148 664 745 505 805 414 709 757 104 850 928 955 696 463 873 883 
429 196 832 89 416 176 539 297 195 756 239 156 596 665 43 512 680 588 540 526 890 899 944 991 19 531 509 908 
840 250 329 73 813 664 580 585 733 720 147 818 
191 408 678 766 63 817 143 182 7 706 447 77 401 439 222 727 564 909 915 988 145 41 985 
41 202 749 734 161 694 622 313 626 362 556 327 612 433 92 869 476 232 
467 323 594 485 621 174 400 153 299 127 781 818 707 589 269 459 746 48 867 873 883 887 903 964 981 109 55 920 
382 604 765 796 290 1 411 342 602 724 398 62 812 107 307 164 314 49 22 590 891 908 948 966 974 616 976 
98 245 676 714 21 405 790 810 491 171 784 285 146 607 335 934 223 512 
146 790 98 473 171 714 651 676 934 996 125 710 
13 585 20 744 820 329 340 52 805 733 119 709 82 27 580 19 148 350 679 664 841 657 73 693 154 250 55 395 955 978 241 101 875 986 
99 162 175 771 347 165 930 956 963 640 868 
438 57 262 642 801 76 388 570 376 574 8 330 541 56 808 683 120 865 889 894 901 918 936 973 320 60 
268 342 796 107 3 793 437 49 730 387 908 493 881 
830 797 713 425 25 778 105 133 11 36 896 994 301 151 
653 583 568 209 303 284 581 503 370 906 956 199 601 
618 78 388 87 199 330 243 177 4 623 865 894 406 899 
527 270 545 248 155 823 795 256 70 462 150 615 472 632 295 59 673 356 704 546 613 233 184 375 747 181 881 900 925 467 666 471 839 
355 614 517 692 742 321 717 267 435 667 403 762 372 522 35 599 113 188 489 96 819 276 157 871 929 968 970 370 637 891 964 
146 651 676 810 794 607 714 95 635 245 285 752 717 
594 628 28 144 600 466 44 782 467 655 459 495 718 53 707 210 48 153 789 127 621 640 460 100 400 506 791 511 887 898 964 975 981 995 704 46 317 878 
146 790 95 245 800 98 171 285 676 863 934 678 686 
527 615 159 70 184 248 472 15 536 393 83 6 704 823 546 667 305 
146 245 676 335 670 294 171 800 95 794 211 38 861 285 714 790 784 98 934 996 650 389 453 
396 591 174 446 781 544 707 127 210 746 31 197 144 594 400 100 867 887 903 800 302 918 
448 57 78 292 168 207 262 296 330 645 67 856 357 618 339 432 130 683 254 344 702 76 801 461 541 637 120 436 752 555 501 811 8 359 852 431 574 623 376 681 889 894 918 953 973 450 753 437 
595 397 209 568 559 503 753 956 982 45 494 
44 144 707 31 737 864 91 686 197 487 400 846 404 28 640 174 887 964 133 30 384 
696 611 465 10 770 68 392 499 480 851 
42 734 520 749 608 556 92 161 833 626 265 622 579 134 433 410 776 202 41 313 603 617 121 787 845 327 302 169 821 880 884 886 912 937 940 984 424 832 83 692 
219 235 735 419 192 656 728 581 488 397 490 583 508 659 771 956 982 341 428 
355 614 102 188 742 280 717 321 858 819 372 762 267 116 435 96 403 517 929 968 834 810 365 
830 713 598 573 778 774 425 980 994 699 
487 212 511 782 818 269 460 781 210 44 197 466 791 846 718 506 531 496 589 495 893 903 941 995 358 841 727 
830 797 713 306 133 814 2 425 443 598 591 506 
624 54 767 727 37 571 564 902 915 850 475 
338 799 262 668 147 683 376 645 623 894 895 727 426 
411 314 730 107 1 454 602 796 282 49 966 78 999 
798 417 55 73 685 82 764 813 950 604 860 
760 764 798 148 840 73 52 366 505 414 129 450 928 737 804 
92 787 161 327 626 749 579 869 265 362 169 326 42 368 57 318 
857 613 643 795 375 462 546 900 971 853 
639 486 493 434 770 480 9 205 750 965 967 495 573 
97 299 791 212 459 600 466 707 127 144 628 53 210 846 400 487 396 807 28 887 964 975 995 841 724 
415 622 121 869 41 327 579 134 42 433 919 34 250 
751 524 373 653 377 79 595 370 963 807 
42 368 121 787 734 161 622 41 326 608 579 237 327 869 940 952 561 
404 867 506 782 498 100 269 311 818 543 97 791 400 459 594 487 31 467 737 600 466 44 864 846 396 860 883 718 323 197 640 736 210 53 807 781 892 941 975 995 473 581 583 243 559 
802 411 629 578 94 282 587 730 290 471 107 684 398 268 81 562 908 142 
338 501 683 865 124 56 78 702 76 754 852 130 4 895 354 409 
842 196 539 89 832 416 195 429 680 176 749 769 
282 290 413 444 324 602 726 590 802 847 382 724 391 261 107 562 66 604 411 730 421 398 578 796 249 515 360 94 164 908 921 948 972 993 320 760 858 
807 746 44 591 91 791 31 887 628 655 466 395 402 
466 506 210 213 718 467 100 44 269 311 873 336 818 903 83 80 
207 254 876 642 330 801 856 147 852 325 292 865 681 199 438 758 78 683 344 114 431 494 618 918 205 421 419 
889 754 199 808 207 758 674 645 876 262 438 681 618 42 954 
830 854 713 598 774 133 277 406 442 514 797 2 25 569 634 778 897 980 819 649 947 
830 797 713 896 573 277 521 283 569 25 442 425 36 598 533 133 994 577 
459 400 197 860 97 736 311 628 791 995 218 77 
842 196 429 89 832 156 176 195 416 539 756 815 856 
193 248 61 827 613 627 256 567 70 399 356 375 83 64 577 857 242 881 926 683 96 141 
681 668 243 702 582 388 199 339 376 752 120 67 801 501 78 648 168 683 348 57 808 852 344 831 918 936 602 532 975 
767 592 727 93 554 381 660 482 289 875 817 126 77 560 909 907 
707 640 97 655 144 210 846 591 594 213 485 311 826 400 53 543 718 864 873 893 975 808 70 35 
508 735 771 16 761 559 504 609 173 492 351 
158 606 675 500 201 354 786 308 166 530 558 699 911 947 979 704 926 
293 595 697 583 451 855 18 192 963 82 83 
700 744 20 760 55 685 679 350 19 580 733 82 104 136 664 805 148 395 720 340 112 131 955 326 902 
342 394 853 847 444 364 802 469 22 290 140 661 441 891 314 1 730 888 23 49 421 578 305 307 189 81 413 724 107 796 324 66 471 948 977 993 842 614 837 105 
727 5 183 7 222 77 767 560 126 706 93 84 844 509 592 301 408 690 215 289 564 902 381 650 439 482 423 445 740 221 915 988 998 605 741 410 
341 204 392 187 829 351 465 741 630 145 141 205 46 223 100 808 
463 331 816 346 354 288 759 530 308 24 606 905 689 229 158 558 519 913 949 969 979 614 108 487 
326 42 787 327 579 749 622 244 869 833 313 41 694 214 433 626 121 940 26 921 964 
644 566 479 361 346 308 911 816 111 166 703 606 675 558 530 969 559 350 
24 111 759 332 346 258 166 606 308 743 675 947 389 630 
482 447 439 481 301 875 739 624 768 641 225 660 191 909 84 767 183 572 54 408 423 678 650 719 731 401 844 251 560 766 252 7 289 93 143 222 817 554 571 727 381 939 962 998 239 788 673 538 635 
411 49 515 390 107 22 364 471 249 167 261 802 413 382 966 972 993 313 656 
616 716 662 658 542 12 691 110 927 84 230 
865 8 852 808 777 57 752 570 438 901 338 177 461 894 120 67 199 339 758 957 43 864 209 
410 833 749 313 42 626 884 557 787 81 220 
839 638 358 180 160 378 264 317 412 688 822 593 426 194 422 298 85 186 224 610 534 633 532 946 959 990 846 9 
314 809 684 390 413 364 391 604 891 562 912 598 
167 411 474 364 22 471 649 307 360 515 394 49 948 278 44 
804 453 389 636 763 535 123 528 625 374 231 287 138 931 943 945 958 61 602 
620 709 73 366 664 82 345 820 760 580 136 790 264 
83 632 233 747 159 248 613 295 857 704 951 790 269 
6 613 181 527 70 248 159 838 545 900 905 718 
310 455 32 110 402 917 286 226 470 263 828 103 12 658 547 792 227 788 616 178 716 691 279 232 351 480 931 
841 805 760 154 725 136 40 73 505 709 820 383 55 337 329 82 879 148 720 757 104 745 664 942 955 558 626 
355 614 188 692 742 113 403 717 858 372 871 667 35 599 435 819 731 440 
559 451 656 162 99 74 488 192 851 751 956 987 774 292 
763 535 185 428 804 923 123 528 945 999 927 489 
480 205 217 101 465 537 529 483 318 575 257 434 204 696 341 365 938 692 768 
108 574 448 262 461 4 388 834 648 139 
863 245 790 171 714 146 21 285 848 794 475 784 670 861 849 635 676 335 95 38 294 996 822 568 396 
696 10 9 741 141 351 392 965 967 137 
852 681 901 4 618 574 316 501 207 505 291 
787 42 622 579 694 265 749 327 608 869 696 680 
409 932 666 837 696 10 351 341 741 798 88 
755 722 334 5 408 817 7 915 592 740 624 810 164 
327 626 42 92 313 869 749 622 912 433 121 202 787 886 214 161 694 134 206 643 179 
404 621 807 791 459 887 400 212 873 632 235 
73 928 805 340 745 657 764 52 757 148 733 955 743 665 
763 597 923 804 625 528 80 958 999 788 
842 196 429 89 588 756 176 416 512 526 156 238 789 
763 804 80 231 636 287 923 185 453 172 389 931 625 374 597 428 65 646 528 999 540 601 7 
839 638 378 264 358 180 106 298 422 412 688 532 426 822 194 920 563 959 985 990 491 55 537 
463 308 354 332 558 606 166 816 361 914 723 905 896 609 
167 72 437 471 605 724 441 922 62 342 604 891 908 94 629 398 189 282 730 305 661 515 847 81 587 413 307 379 360 424 602 992 993 728 459 830 558 
606 652 308 463 675 332 229 786 689 166 288 24 258 699 361 911 759 566 519 558 352 783 158 111 201 346 743 723 60 703 954 969 979 538 416 950 975 
350 733 40 664 805 705 505 798 585 878 82 955 978 110 949 
925 399 462 536 673 545 184 193 393 712 159 653 618 
886 520 608 579 244 326 41 42 557 787 362 749 760 242 
618 199 865 330 262 296 170 292 76 757 195 
479 258 606 949 463 354 513 530 468 308 721 895 
928 40 136 798 129 745 664 154 19 27 950 733 576 250 805 119 685 725 329 55 20 260 337 841 82 497 813 395 760 942 73 679 585 907 505 850 104 340 469 691 12 187 617 
293 234 855 559 803 866 259 209 488 58 476 219 870 377 930 370 490 851 753 235 220 118 735 761 561 581 583 385 128 74 568 524 281 815 825 659 303 162 18 230 963 982 840 587 519 166 
199 555 376 120 207 8 918 168 359 411 
763 804 646 428 943 389 172 374 185 80 535 123 923 287 999 356 
839 638 946 160 358 180 412 688 920 186 633 106 317 378 298 534 194 532 990 333 336 971 
136 798 510 709 395 585 27 450 203 505 350 239 36 
45 654 393 208 472 150 248 747 356 295 375 59 159 664 642 
221 509 915 592 738 817 408 39 481 787 713 
803 524 815 235 33 99 728 476 851 128 583 906 771 956 581 885 79 293 192 1000 621 594 736 
97 299 640 707 44 212 269 589 807 655 460 846 467 883 737 247 498 860 544 466 818 323 867 594 975 995 126 858 912 
206 46 480 935 493 696 141 9 341 101 440 631 380 882 10 204 392 393 
916 877 604 812 342 724 847 726 977 237 662 
145 480 206 741 341 499 837 696 365 135 351 9 779 935 204 518 486 200 353 434 10 882 465 770 101 71 86 47 986 12 462 121 723 
355 157 695 188 742 762 717 614 858 517 321 35 372 692 871 113 63 
911 519 675 332 913 689 111 346 949 839 
355 614 75 692 742 403 729 667 321 517 858 562 293 
881 295 567 64 15 248 546 527 643 393 677 627 70 61 959 720 
413 891 469 916 307 726 796 602 22 59 
865 325 357 338 243 501 831 87 452 752 852 681 582 248 544 
847 167 421 360 23 602 164 471 578 94 189 22 802 1 398 977 146 
531 887 594 964 903 589 496 400 780 543 807 718 336 544 791 883 127 197 826 466 31 247 460 269 467 323 860 212 495 44 404 707 600 628 736 828 901 949 989 
839 412 563 160 180 224 688 358 990 847 344 
724 94 661 249 730 290 908 966 602 424 471 69 974 276 453 
19 73 850 383 136 13 720 82 950 805 693 87 699 
786 905 308 675 816 430 911 949 24 354 519 566 743 463 346 652 268 255 
830 797 713 306 872 778 133 533 425 896 36 594 242 
100 127 589 860 44 467 396 737 144 400 846 460 48 53 995 56 107 
303 803 175 659 18 122 347 761 956 771 33 732 58 230 192 656 595 488 870 568 583 234 866 711 751 30 118 697 74 219 218 987 313 240 502 798 
788 286 402 775 310 12 263 32 989 608 549 
749 42 92 787 265 552 869 51 557 244 608 154 465 
839 160 180 946 85 264 106 638 990 844 
458 967 206 518 9 365 440 486 480 850 805 
369 751 370 559 173 595 761 385 982 753 79 230 609 930 551 192 653 235 284 74 122 732 659 728 18 568 259 162 14 9 509 575 140 
706 909 669 77 844 727 817 183 624 423 88 191 719 481 768 258 291 
788 402 455 12 983 691 616 110 32 975 425 
839 638 920 160 298 180 959 264 946 317 688 224 985 106 378 822 976 194 412 422 190 133 232 
195 429 89 832 416 842 196 176 539 350 720 
411 948 189 398 765 167 379 437 23 308 787 
916 81 515 413 793 891 649 268 398 290 342 948 908 421 469 408 
830 797 713 425 521 306 778 442 163 897 283 598 11 872 105 854 133 573 203 356 
746 873 964 531 589 640 718 48 860 621 898 31 782 883 594 91 459 174 628 887 807 543 144 981 100 808 632 251 
146 863 676 849 934 304 285 171 794 790 294 475 800 245 687 831 
704 159 356 384 567 823 274 246 208 536 45 375 15 472 613 627 70 488 196 
439 915 909 182 768 221 423 731 343 738 727 438 691 
763 804 945 625 636 958 931 535 65 138 231 374 528 287 943 123 597 646 326 877 
347 377 218 99 963 117 708 235 753 402 785 
