1000 10052 0
21 47 85 107 117 168 169 276 279 356 444 503 508 576 598 673 688 705 728 805 809 811 837 844 944 215 735 
124 212 273 338 365 434 446 539 820 62 
13 56 108 320 350 379 418 450 616 644 660 694 810 812 979 1000 748 983 
44 99 111 126 167 226 301 348 433 472 512 562 600 720 794 891 915 990 838 916 
19 53 157 326 366 592 654 696 800 910 
49 140 179 247 542 590 648 785 875 882 954 279 700 
33 143 225 289 305 340 386 402 606 653 692 726 770 784 798 874 919 928 132 423 
40 100 265 268 278 312 333 349 394 413 511 584 698 802 825 902 975 977 117 236 266 
15 594 675 715 807 862 876 883 917 192 
38 54 150 216 473 556 771 778 927 176 356 
124 316 338 365 434 446 457 680 781 899 946 973 812 
148 280 426 572 611 662 824 854 878 967 976 310 972 
3 108 158 418 537 613 660 694 810 856 980 1000 491 541 
124 316 403 434 437 446 839 946 973 633 907 
9 34 251 327 482 490 554 643 716 777 796 851 860 869 883 917 983 991 127 742 889 
234 367 475 518 665 776 779 858 930 374 
19 53 82 89 157 240 288 291 326 366 592 633 654 659 661 696 703 793 800 895 938 971 397 527 991 
49 75 110 190 331 373 590 648 741 875 913 54 521 
17 5 53 89 157 240 288 291 326 592 654 659 661 696 793 800 895 938 578 618 
28 37 57 63 67 102 139 182 242 257 261 302 371 374 385 464 506 507 534 573 619 686 772 797 830 845 853 900 904 931 223 438 481 602 
1 32 85 107 117 168 276 368 404 560 673 688 728 750 809 837 881 944 72 712 
36 76 87 94 115 138 192 209 303 323 393 408 436 459 527 541 550 581 585 640 641 649 650 709 863 898 906 924 985 535 632 662 964 
191 494 497 622 751 818 905 910 966 130 770 
171 580 615 647 671 760 792 836 981 94 757 
93 192 408 440 459 491 513 533 636 641 649 656 745 821 885 898 924 311 704 
156 453 580 647 671 687 714 760 792 836 864 972 
40 59 100 161 222 238 265 268 278 312 333 349 394 413 420 432 445 511 525 557 584 589 602 621 698 802 825 871 902 960 975 977 984 214 660 832 
20 67 182 261 310 357 385 619 686 853 900 904 160 442 
35 65 134 141 149 151 207 208 210 221 252 287 317 411 421 471 519 561 623 632 713 744 789 817 887 888 982 136 720 967 
74 109 112 148 186 342 388 426 529 579 611 662 824 854 878 907 937 951 546 830 
46 98 133 227 248 284 309 380 474 517 697 815 852 963 969 649 993 
21 47 85 107 117 168 169 254 276 368 372 404 431 444 503 508 543 560 570 576 598 645 673 688 690 705 728 748 750 809 811 837 844 881 944 165 224 631 841 
7 52 225 236 258 277 289 305 341 386 478 500 555 606 629 653 692 708 726 770 784 786 798 874 928 935 741 894 925 
15 96 251 327 482 490 495 594 643 675 715 716 796 851 860 862 876 883 320 779 793 
29 165 208 210 221 252 317 411 471 561 623 632 713 744 789 817 888 418 591 
22 71 94 192 408 436 440 527 568 581 640 641 650 656 821 847 898 924 953 273 345 480 
20 57 63 67 102 139 145 182 242 261 302 354 371 385 507 573 597 651 686 797 830 845 853 904 931 79 599 851 
10 48 54 73 150 216 308 397 427 473 566 771 778 783 927 96 612 
74 186 299 579 662 768 822 907 937 278 
8 27 100 162 238 265 333 347 349 394 420 511 526 557 589 621 802 825 835 960 219 250 995 
68 86 104 106 130 213 231 256 297 346 362 384 468 578 620 674 679 766 775 799 833 864 926 933 959 998 537 641 
84 103 173 224 335 376 544 546 677 732 909 974 978 989 93 133 
191 306 391 494 497 553 717 861 892 905 910 966 448 637 
4 83 99 111 125 126 167 226 260 286 301 348 433 442 472 512 531 562 571 635 707 720 788 794 827 891 915 990 993 996 169 344 979 997 
101 262 428 448 536 638 723 753 814 823 834 873 957 205 531 
31 64 121 152 154 166 196 204 205 227 237 246 248 253 270 284 328 332 344 369 377 380 430 469 474 484 485 575 588 603 609 664 697 706 734 806 815 840 855 867 945 963 969 972 999 102 153 908 909 971 
32 1 85 107 117 160 169 276 279 281 368 404 431 444 467 509 576 645 673 705 728 748 750 809 837 844 434 710 777 
38 54 150 397 473 771 778 783 927 284 
6 18 75 78 90 110 131 140 179 190 201 202 211 223 331 373 407 419 435 515 540 542 590 648 658 678 684 741 761 832 875 913 954 956 232 432 457 664 
56 155 159 250 267 405 537 574 596 616 694 980 528 767 
61 100 238 265 278 333 526 589 960 134 918 
33 225 305 653 708 770 786 798 880 928 81 507 
19 5 17 82 89 157 240 288 291 314 326 366 389 592 633 654 659 661 696 793 800 895 938 470 747 
38 10 48 73 123 150 170 193 255 272 308 397 427 473 502 528 556 752 771 778 783 846 927 18 362 588 
100 113 162 238 265 268 278 312 333 347 349 394 413 422 511 557 584 621 657 802 825 902 940 961 158 693 
50 3 158 267 320 574 582 596 613 644 689 694 733 942 964 980 63 496 
37 20 67 102 145 242 261 360 371 374 449 534 573 619 686 830 853 904 355 376 378 
60 112 148 565 824 854 878 907 937 501 
27 162 312 333 394 420 526 698 902 626 
58 109 148 186 299 489 529 579 611 824 854 878 907 937 951 967 976 525 730 
51 100 162 333 432 511 526 557 601 698 447 811 
101 396 398 428 448 569 746 753 813 814 823 834 873 957 962 2 561 
37 20 67 102 122 139 145 146 176 182 242 257 261 298 302 354 357 374 424 507 534 573 619 651 685 686 743 749 762 772 797 830 853 879 900 904 934 56 222 235 576 946 
46 154 204 214 227 275 344 369 474 603 628 795 806 867 325 817 
29 149 151 221 244 252 287 317 411 421 471 519 561 632 713 744 789 817 887 888 982 87 122 464 
282 320 350 418 466 537 547 587 596 660 689 694 733 810 856 964 1000 728 778 
57 20 37 63 28 102 122 139 145 146 176 182 261 298 302 354 371 374 424 464 506 507 534 573 597 619 686 704 711 743 749 773 797 830 845 853 904 369 420 428 472 877 
41 127 130 164 198 213 231 355 362 384 392 468 498 578 583 620 674 775 833 838 998 204 668 845 
79 367 447 521 523 742 755 831 992 735 
72 120 183 199 241 259 400 439 524 530 721 987 433 693 
36 76 115 192 209 219 382 486 513 550 614 641 649 745 925 952 953 173 179 
70 120 183 184 203 241 249 383 400 439 492 524 567 721 754 21 533 
38 54 150 193 216 308 361 397 461 473 528 556 566 699 771 778 783 927 291 480 532 
39 30 148 186 245 426 479 579 841 854 878 907 937 951 226 698 
18 49 211 373 493 590 741 747 913 801 
22 71 329 491 541 808 826 898 985 413 445 
92 98 166 196 204 205 214 227 233 237 239 270 284 290 322 469 474 485 496 501 520 609 667 669 683 697 734 795 816 840 852 867 884 886 941 963 999 387 504 771 844 960 
49 110 179 223 331 419 493 515 542 590 648 741 747 832 875 894 129 933 
69 234 311 367 447 475 516 521 548 665 755 776 779 831 858 930 992 37 830 
173 224 335 504 677 803 901 909 974 978 989 524 529 
91 105 137 175 187 215 232 266 295 296 325 343 353 370 387 406 455 463 481 545 551 593 612 617 624 630 637 693 712 724 739 759 764 787 842 949 950 52 196 526 719 972 
53 17 157 240 326 366 592 696 793 148 
44 126 301 442 454 512 531 562 720 891 990 448 553 
42 103 173 376 499 504 544 546 642 803 909 974 978 989 276 895 
32 21 47 1 107 117 160 168 169 279 281 356 368 372 431 444 467 503 508 509 543 560 576 577 598 645 666 673 676 688 705 728 750 805 809 811 837 844 881 921 944 162 540 635 972 988 
41 127 164 213 220 231 269 346 351 362 392 468 578 620 766 849 933 968 998 168 250 425 
22 93 94 192 209 550 640 656 709 859 985 65 781 
225 258 277 289 305 334 386 653 726 786 798 148 899 
53 19 17 157 326 592 661 696 703 800 388 680 
49 131 140 179 211 331 540 590 741 747 894 913 555 904 
81 105 175 215 266 296 325 343 353 387 406 455 463 481 545 551 593 624 630 637 693 712 724 739 764 787 842 949 950 168 338 707 745 
77 121 166 196 227 253 275 328 344 369 380 501 517 522 575 591 628 664 667 840 855 941 945 969 972 247 549 
25 87 94 116 138 142 144 153 192 209 219 303 323 375 382 393 440 462 491 513 581 608 614 641 649 650 765 801 808 847 924 925 943 952 985 42 623 766 938 
22 93 36 87 116 138 144 153 192 219 264 293 323 393 438 440 459 477 491 513 527 568 585 614 636 641 649 656 709 738 782 808 826 847 898 943 952 953 985 24 256 416 849 951 
250 350 547 733 810 856 914 918 1000 707 
34 197 206 482 495 675 860 869 883 38 577 
116 142 192 209 382 532 541 738 863 349 788 
77 31 121 200 204 227 246 315 369 575 664 758 780 795 867 877 945 958 601 676 882 
44 4 125 126 286 348 433 442 512 562 571 635 720 794 827 891 915 990 734 937 
55 8 27 51 40 61 161 195 265 268 278 312 347 349 445 526 557 589 698 763 802 825 947 184 427 791 
62 45 178 262 396 448 536 638 723 746 753 834 873 957 962 139 275 
37 63 67 20 57 122 139 145 146 182 261 298 302 354 371 374 385 424 449 464 534 573 610 619 651 685 704 711 749 762 772 773 797 830 845 853 904 931 46 270 393 854 989 
84 42 118 173 185 224 335 376 390 499 504 544 552 642 677 729 803 901 909 974 978 989 212 231 616 
41 130 164 269 292 362 384 392 451 468 674 679 775 968 998 219 990 
81 91 137 175 232 266 296 325 343 353 359 370 406 455 463 545 551 617 630 693 712 724 759 764 949 950 126 590 
41 128 130 164 198 213 220 269 297 346 351 362 384 458 468 578 595 620 674 679 735 766 838 849 864 998 379 723 
85 32 1 47 21 117 160 169 276 279 281 356 368 372 404 431 467 503 543 576 598 666 673 688 690 705 728 750 805 809 837 844 921 944 333 351 484 
13 3 158 267 274 466 537 582 587 596 625 627 644 689 694 733 964 979 1000 162 806 943 
30 60 112 148 186 280 426 480 579 611 828 854 878 937 544 741 
18 49 78 114 179 202 211 247 331 373 419 540 590 648 684 741 747 875 894 350 705 798 
4 44 126 301 348 512 571 720 891 124 
58 109 30 280 479 480 854 907 937 967 468 561 
55 162 265 268 278 333 445 526 902 810 
110 140 202 331 373 540 590 741 747 882 913 853 955 
71 22 153 192 209 393 438 527 533 608 636 650 656 863 952 953 988 265 553 
97 93 94 323 459 477 527 541 640 745 821 826 906 925 936 621 832 
32 47 1 21 107 85 160 168 276 281 368 372 444 467 503 509 543 560 570 576 577 598 673 688 690 705 728 805 809 837 881 944 8 182 807 998 
103 173 224 335 504 729 901 909 989 741 
130 231 362 578 674 679 766 838 849 998 331 500 
70 72 147 183 184 203 249 259 271 294 383 400 410 439 492 524 530 567 655 721 754 865 872 987 128 284 546 
92 98 46 152 214 227 233 237 239 243 246 248 270 275 284 290 324 328 344 369 380 414 469 474 501 517 522 558 664 667 683 702 734 780 795 815 840 877 890 903 969 972 547 630 678 885 984 
102 67 63 139 146 176 182 302 354 357 424 506 534 686 762 772 773 830 845 853 931 65 794 924 
54 150 193 272 528 771 778 783 927 941 
2 14 11 212 316 321 337 338 358 381 416 425 434 437 457 505 510 539 605 652 682 737 757 769 781 819 820 839 857 893 899 912 923 946 970 973 994 111 241 409 594 843 
99 44 472 512 531 562 720 891 996 935 
44 111 4 99 83 167 286 301 348 512 531 562 600 635 720 788 794 990 996 105 704 842 
68 86 213 297 417 468 674 766 896 933 959 15 383 
106 130 164 231 362 384 392 468 498 578 679 833 968 998 120 684 
155 274 282 307 320 450 547 582 587 596 625 627 736 810 856 918 980 1000 78 162 526 
68 119 106 128 104 41 164 181 198 213 220 230 231 269 292 297 351 362 384 392 443 451 468 578 583 607 620 672 674 679 700 735 833 838 849 864 933 997 998 23 516 536 725 919 
49 90 179 202 364 590 648 741 875 634 
182 302 360 371 507 573 619 711 830 853 7 271 
31 227 284 344 474 697 706 795 840 963 972 42 513 
29 221 287 317 411 471 561 713 789 888 982 51 164 
250 350 401 596 668 733 791 979 1000 221 511 
225 277 305 386 402 606 770 786 798 29 391 
81 105 187 215 232 266 296 325 359 387 455 463 481 593 630 637 712 724 739 759 949 396 596 854 
94 93 22 153 192 264 329 527 533 636 656 709 916 952 327 974 
102 63 20 67 122 37 145 242 302 310 354 357 360 371 374 385 464 507 534 573 597 610 619 711 743 762 797 830 845 853 900 904 931 101 211 233 
6 49 90 114 179 190 201 202 331 364 373 399 435 493 515 542 590 648 658 684 718 741 747 832 875 894 913 956 143 444 867 928 
29 244 252 317 519 561 632 789 887 249 950 
97 93 323 382 393 513 533 559 656 936 617 998 
7 225 277 305 500 555 653 692 726 770 784 786 798 928 935 140 824 
93 94 219 303 382 393 513 541 608 649 656 924 988 445 818 
63 139 37 67 57 102 261 302 310 354 360 371 449 464 507 534 573 610 619 686 772 830 845 853 900 904 934 500 970 986 
63 102 122 67 371 449 686 762 853 970 
120 183 199 203 241 249 383 400 524 567 721 228 234 
74 60 30 109 12 58 186 299 318 319 342 388 426 479 480 489 529 565 579 634 662 722 822 824 828 829 841 843 854 878 907 937 951 82 88 203 368 
65 29 208 411 561 713 744 789 888 408 
54 73 38 10 48 123 170 172 193 255 272 308 352 361 397 427 461 473 502 528 556 566 699 752 771 778 783 846 889 927 242 656 786 
29 65 207 317 411 561 632 713 789 904 952 
46 121 237 324 469 609 628 697 706 795 816 867 877 886 972 769 
94 115 93 138 192 293 303 323 329 440 513 541 559 581 585 608 614 636 641 649 650 656 709 745 765 801 885 916 988 46 256 347 429 
46 64 204 205 233 246 248 284 322 332 369 470 628 706 815 852 867 890 972 999 578 801 948 
129 50 158 194 250 274 307 401 450 466 537 547 549 563 596 599 616 626 627 660 668 689 694 733 756 812 856 918 964 979 980 1000 199 208 257 702 
26 171 188 415 453 488 580 604 615 631 671 687 760 767 792 836 911 929 981 189 289 739 
53 17 19 89 5 82 240 288 291 314 326 366 592 633 654 659 661 696 703 793 800 895 938 971 254 393 466 
56 13 155 108 229 250 274 282 307 320 339 350 379 418 429 466 582 587 626 627 660 689 701 736 756 856 918 942 979 980 1000 55 696 749 929 
50 267 379 450 547 549 660 812 918 964 1000 222 602 
107 47 85 117 168 444 673 688 728 28 
27 100 162 238 265 268 278 333 349 445 589 601 763 825 902 838 
55 161 59 61 40 113 195 222 238 265 278 312 333 347 394 422 432 441 445 483 511 526 557 584 602 621 639 670 763 802 825 871 902 960 961 975 977 85 108 129 516 972 
250 274 320 596 694 733 914 918 979 1000 711 803 
106 86 68 130 104 128 181 198 213 231 351 355 362 392 417 451 468 578 583 607 620 663 674 679 700 735 740 766 774 838 864 896 965 968 997 998 134 485 862 919 988 
35 317 561 623 632 713 789 887 888 32 
77 46 92 205 227 248 253 284 324 328 430 469 474 520 628 702 734 758 790 795 815 840 855 886 903 941 972 534 641 759 998 
44 4 126 226 348 433 454 472 788 794 990 258 920 
85 32 117 21 160 1 169 254 276 279 281 368 372 404 431 467 503 509 560 570 577 598 645 673 676 688 690 705 728 748 750 805 809 811 837 844 944 86 91 386 580 980 
85 168 107 47 32 1 276 444 509 543 560 570 576 577 598 645 673 676 688 690 728 748 837 844 881 921 944 44 439 989 
54 150 172 193 272 397 771 778 927 854 934 
156 24 188 415 453 456 488 580 615 646 647 671 687 714 767 792 836 911 929 981 221 342 763 
150 170 361 556 771 778 783 846 889 927 800 956 
103 42 84 80 118 185 224 335 376 390 499 504 544 546 552 642 677 729 732 803 866 901 909 974 978 989 71 573 673 
212 316 321 381 446 457 605 680 757 857 946 970 973 612 665 
81 91 105 295 296 325 343 406 455 545 617 630 693 712 229 770 
122 63 67 357 507 534 830 853 904 934 10 338 
191 306 391 497 553 681 818 892 905 908 910 966 524 797 
101 330 396 428 448 536 813 873 957 973 
49 140 131 110 6 78 90 201 202 211 247 331 373 399 407 419 435 493 515 540 542 590 648 684 741 747 761 785 832 875 882 894 913 954 956 71 191 541 
262 428 448 536 638 719 813 873 957 394 
164 130 213 362 384 443 468 672 838 933 968 875 913 
37 67 122 102 28 20 132 63 261 310 360 371 507 534 573 619 797 830 853 117 444 643 
72 147 120 70 184 199 203 241 249 259 271 336 383 400 410 492 524 530 655 721 754 872 987 274 366 816 
183 72 120 241 259 271 336 400 439 492 524 567 655 721 754 865 872 987 100 610 
173 103 224 390 504 642 677 803 901 974 978 989 571 682 
74 148 39 109 60 30 235 280 342 479 480 529 565 579 611 662 824 828 829 843 854 878 937 251 492 
81 137 232 406 455 630 693 712 759 192 
171 156 631 671 687 760 767 792 836 231 518 
316 338 434 446 452 539 605 682 893 899 156 960 
49 18 140 201 211 331 515 540 590 648 741 747 785 875 913 954 265 786 
177 23 43 391 487 497 535 751 861 905 910 966 179 902 
71 87 93 36 153 138 22 97 25 115 94 209 303 323 375 438 440 491 532 541 550 568 581 585 614 640 641 649 656 709 745 821 847 850 863 897 898 906 924 925 952 985 9 187 674 722 
150 54 123 170 73 216 255 272 308 352 397 427 461 473 502 528 556 566 699 752 771 778 783 846 889 927 401 434 660 
155 263 274 379 626 689 701 736 812 856 1000 496 910 
100 162 278 333 511 526 557 621 902 512 624 
92 46 77 218 246 275 332 470 474 522 664 669 840 867 903 999 81 851 
96 251 495 643 675 715 716 777 862 991 231 720 
68 106 164 130 231 256 269 292 392 443 578 607 620 833 926 998 380 
183 147 70 203 249 294 383 400 439 492 524 655 721 865 987 155 768 
98 227 246 284 309 328 469 758 815 867 945 287 907 
140 190 49 179 331 364 515 590 747 913 224 280 
110 179 49 131 140 114 211 223 331 364 515 590 648 658 741 785 875 913 956 379 589 656 
120 183 199 72 147 241 249 336 383 400 410 439 524 655 721 754 865 148 727 
46 154 77 64 98 227 228 233 237 275 284 322 328 344 469 484 485 522 558 603 664 667 683 697 702 734 795 815 816 867 886 890 941 945 963 972 68 250 503 737 772 
46 166 154 77 217 227 246 248 270 275 309 380 430 469 474 485 517 520 558 603 664 683 734 758 795 815 816 852 867 890 969 972 986 45 271 506 859 
96 482 554 675 796 876 883 917 991 284 
29 151 252 287 317 471 632 713 789 218 983 
35 149 29 317 411 471 713 789 888 155 324 
87 97 115 93 22 192 71 293 323 329 393 436 438 440 459 462 465 477 491 513 527 541 608 614 649 656 709 738 745 765 801 808 847 863 916 924 936 948 952 953 985 248 314 458 764 
29 35 252 317 411 421 713 887 888 414 
179 49 202 190 90 110 75 331 373 540 590 741 832 875 913 139 
124 174 2 273 300 316 321 337 338 358 365 381 425 434 437 446 452 457 539 605 652 682 737 757 769 781 819 820 839 857 868 893 899 912 920 946 970 973 995 103 455 522 654 955 
130 86 68 127 181 164 106 41 220 230 231 256 269 297 351 355 362 384 392 443 451 458 468 578 595 607 620 672 674 679 700 740 766 774 799 833 838 849 864 926 933 968 998 274 436 454 808 939 
77 64 121 233 237 284 315 344 609 815 852 963 27 408 
81 91 137 232 387 455 551 630 693 724 1 566 
193 73 38 10 308 397 473 771 778 783 927 675 888 
205 239 284 324 332 575 588 816 852 922 
196 237 284 332 344 380 409 575 588 603 609 664 758 815 867 972 207 
94 93 144 71 285 293 323 382 408 436 438 440 459 465 527 541 559 568 581 608 614 641 649 650 656 745 847 863 916 948 104 40 339 680 
86 106 130 213 355 362 384 468 578 620 674 679 998 658 903 
29 134 65 35 317 471 561 632 789 817 888 171 135 
27 162 238 265 278 333 347 349 420 432 441 483 511 557 670 695 802 871 159 63 295 
78 202 49 419 515 590 741 747 913 954 20 680 
173 103 118 80 42 185 376 504 544 552 642 677 729 803 901 909 974 978 989 201 32 489 
136 33 7 143 52 88 236 258 277 289 305 340 341 345 386 402 478 500 514 538 606 629 653 692 725 726 727 770 786 798 874 919 928 935 309 456 565 597 
167 44 4 286 512 562 720 891 990 74 767 
46 92 205 64 166 77 133 98 204 31 121 200 228 246 332 380 414 474 484 501 575 609 628 664 683 691 697 734 780 815 877 890 963 972 986 348 534 856 949 
227 204 246 248 469 484 815 816 840 999 147 493 
158 320 537 668 736 810 856 979 1000 175 268 
130 213 346 362 384 392 578 674 700 517 
119 86 130 164 128 198 68 213 41 269 292 297 346 351 355 362 384 392 443 451 468 498 578 595 607 620 663 674 679 740 766 774 775 799 833 838 849 864 926 933 959 965 997 998 103 197 188 333 976 
81 215 105 137 187 266 295 296 325 353 359 370 387 455 463 551 593 630 693 739 759 842 950 49 494 641 
204 77 121 154 214 237 243 246 270 275 284 380 430 474 484 517 575 628 664 667 691 697 734 780 790 816 867 877 945 958 972 139 410 688 760 
79 16 283 311 367 447 475 518 521 523 548 665 742 755 776 779 858 932 992 147 284 921 
186 280 565 579 824 854 907 937 967 63 
225 33 305 653 770 784 786 928 935 8 900 
233 46 218 121 214 152 204 77 246 284 322 324 332 344 380 409 430 469 474 484 520 522 558 575 603 683 697 702 855 867 903 972 999 571 606 783 944 
162 161 40 55 51 27 222 265 268 312 333 349 394 441 445 511 526 589 670 695 698 802 825 835 902 940 960 294 740 827 
77 121 217 332 430 484 628 664 667 816 535 967 
157 53 17 82 19 288 326 366 654 661 800 895 727 853 
147 184 72 70 183 203 259 294 383 400 492 524 655 721 754 865 987 124 
63 37 20 57 139 302 371 385 507 597 651 845 853 150 719 
233 121 246 474 697 855 941 963 972 994 
65 141 317 411 561 623 632 713 744 887 982 438 926 
74 426 529 572 579 662 824 854 878 907 967 530 987 
154 243 196 233 205 228 200 121 237 227 98 46 284 290 322 380 430 469 558 588 609 628 664 669 706 734 758 790 795 806 815 816 870 877 972 440 540 705 713 
110 6 179 331 373 407 419 515 540 590 648 658 684 741 747 875 882 92 687 
46 166 205 121 228 31 154 474 628 815 816 840 884 886 890 969 972 209 937 
199 183 203 72 120 147 259 294 400 721 141 507 
158 135 163 155 95 50 263 274 282 307 339 379 401 450 563 582 587 596 616 625 660 668 689 694 733 736 810 812 856 918 942 979 980 1000 204 86 40 919 
34 197 15 495 554 715 777 860 876 991 186 978 
29 141 65 210 207 35 471 561 789 887 888 303 957 
166 46 92 284 377 380 409 669 691 734 963 502 545 
32 168 276 281 368 728 811 837 844 157 
150 54 193 397 473 771 778 783 927 716 861 
41 213 198 351 362 384 468 498 578 620 674 838 998 153 94 
20 63 261 371 424 573 619 704 711 853 904 155 313 
225 33 88 305 334 500 606 653 770 786 798 928 935 167 794 
184 183 70 120 241 249 336 383 400 721 987 340 660 
44 442 512 531 571 600 720 827 990 671 693 
102 63 20 37 257 145 67 57 28 182 302 371 374 385 424 449 507 534 573 597 619 686 704 711 743 797 830 845 853 900 904 931 934 307 694 891 
45 180 101 396 423 448 536 569 638 719 723 746 753 813 823 834 873 957 962 404 503 741 
194 250 274 307 350 412 450 547 549 599 627 694 856 914 918 942 980 1000 279 557 833 
138 94 303 513 541 650 656 709 863 653 825 
113 27 238 55 8 222 40 51 100 162 161 268 278 312 333 347 349 394 413 422 441 511 525 526 557 584 589 601 602 621 657 670 695 698 802 825 902 940 947 955 960 975 977 115 190 648 737 982 
81 91 232 137 105 325 343 370 387 455 463 481 545 551 593 630 637 693 712 724 739 764 950 8 777 990 
159 56 108 50 274 282 320 350 379 418 429 563 596 599 613 626 627 689 694 701 733 810 942 980 1000 592 797 975 
238 100 8 161 27 113 55 265 278 333 347 349 394 413 441 445 511 526 589 621 639 698 802 871 961 977 229 661 967 
104 86 198 106 213 231 130 292 297 351 355 362 443 451 468 578 620 674 740 833 838 849 864 926 959 968 998 551 592 650 
121 46 233 205 77 284 290 469 522 870 102 833 
120 183 184 400 439 567 721 987 132 205 
150 193 123 54 170 352 397 528 556 699 771 778 783 927 371 424 
2 212 321 337 338 403 437 446 457 680 757 804 893 899 946 970 973 36 600 
163 267 250 158 108 194 263 129 155 307 320 379 401 429 450 466 537 549 582 587 596 599 660 689 694 733 756 810 812 856 918 942 964 979 980 213 183 585 731 
205 121 233 196 92 204 64 332 344 369 380 485 520 591 628 664 669 758 790 815 840 941 945 101 338 690 
117 168 32 107 47 21 1 169 254 281 356 372 560 576 577 666 673 688 705 728 750 809 837 848 921 944 84 541 877 
33 136 225 143 88 289 305 334 340 402 476 500 538 555 653 726 731 770 784 786 798 919 744 855 882 
162 51 8 55 265 27 268 113 100 222 161 195 333 347 349 441 511 525 526 557 584 601 602 621 639 670 698 730 825 871 902 940 955 961 977 984 39 436 583 623 
85 1 107 47 168 368 444 673 688 728 809 811 844 944 263 6 
235 109 112 12 186 318 319 460 529 572 579 662 768 824 854 878 937 967 201 942 
168 254 276 117 107 47 85 368 404 560 688 728 805 837 844 848 881 693 990 
158 250 129 267 66 320 856 942 1000 657 
234 311 367 518 523 776 779 831 992 360 936 
270 218 246 233 217 31 237 214 121 166 200 154 46 77 133 253 204 315 324 332 344 409 474 484 485 522 603 609 664 669 758 815 840 852 867 870 890 941 972 999 120 206 234 48 400 
219 440 513 541 568 650 847 898 985 789 
44 126 226 99 512 562 571 720 794 827 891 996 519 730 
207 29 134 65 317 471 623 632 887 982 200 946 
53 17 19 157 240 291 326 366 389 592 633 654 659 661 696 793 800 938 537 686 
277 225 7 33 88 305 341 500 555 653 726 770 784 786 798 880 935 156 
77 121 246 270 315 324 795 867 884 345 935 
157 53 17 288 19 326 366 389 592 633 696 703 73 385 
104 198 231 130 269 362 384 468 578 674 775 998 376 753 
94 219 209 153 491 532 641 649 656 738 765 850 885 916 943 780 
120 249 241 199 383 524 530 721 754 865 987 238 728 
232 175 81 325 359 406 455 551 630 764 222 485 
81 105 175 137 91 232 353 406 455 551 593 612 617 630 637 693 764 842 950 331 579 765 
41 269 213 106 130 127 231 607 679 766 968 574 899 
102 63 67 354 371 374 534 573 619 830 853 768 935 
60 148 39 426 480 579 824 854 907 502 
212 338 365 434 539 857 899 970 995 312 811 
44 4 83 126 111 313 348 442 512 531 562 571 600 635 720 891 990 308 578 
20 102 67 63 261 139 242 37 132 122 145 354 357 371 374 385 424 449 507 534 573 597 619 686 749 772 797 830 845 853 904 320 425 548 872 
144 192 93 22 264 153 323 438 513 581 585 608 618 641 649 650 745 782 916 936 988 252 469 505 
497 622 681 717 751 818 892 905 910 824 923 
225 33 277 7 289 143 258 88 52 236 136 334 340 341 345 386 402 476 478 500 514 538 555 606 629 653 692 708 725 726 727 731 770 784 786 798 874 880 919 928 935 351 648 817 930 
177 43 494 497 553 622 717 818 861 892 905 910 966 679 709 
158 263 155 274 250 129 350 379 401 537 547 596 599 613 627 689 918 980 1000 261 432 619 
150 54 38 193 73 216 361 397 473 771 778 889 927 301 773 
205 31 200 344 474 758 855 941 963 225 334 
145 139 182 28 371 374 507 534 573 619 797 845 12 915 
234 283 79 367 518 665 755 779 992 25 
265 238 162 100 59 27 8 55 333 347 349 394 422 432 445 483 511 525 526 589 601 657 695 698 802 825 902 984 300 367 674 815 
301 433 472 512 571 720 794 891 990 257 846 
157 53 326 389 592 659 696 800 895 209 
214 98 284 290 344 380 517 591 795 969 708 925 
212 174 124 11 189 14 321 338 363 365 381 416 434 437 446 452 457 505 510 586 652 710 757 769 804 820 857 899 912 923 946 970 973 417 568 691 
29 65 221 151 208 35 134 165 244 141 207 287 210 411 421 471 519 561 623 632 713 789 888 982 507 520 938 
280 148 426 480 565 579 611 662 822 824 937 967 736 823 
148 280 480 529 579 824 854 878 907 539 
163 282 274 158 66 229 3 267 56 129 350 379 401 405 412 418 450 537 547 549 596 599 616 625 626 627 660 694 733 812 918 942 979 980 1000 302 34 435 472 
212 174 124 273 316 338 434 446 452 605 781 899 920 946 970 537 
77 246 204 154 237 485 706 780 852 972 999 559 694 
219 153 93 94 22 192 116 209 142 303 382 436 440 477 513 527 541 614 650 656 709 850 924 952 657 753 812 
121 290 166 152 217 237 284 380 795 958 963 972 208 754 
81 175 105 266 91 232 295 137 343 370 406 545 617 630 693 739 759 64 654 
157 53 17 19 288 240 291 314 89 5 82 366 389 592 633 654 661 696 703 793 800 895 971 397 532 994 
34 15 495 594 716 777 807 851 883 138 
92 46 166 200 121 204 395 469 474 588 664 790 816 840 903 963 468 506 
153 76 209 138 393 614 649 924 985 409 
178 448 638 723 746 753 823 873 957 993 
18 202 190 201 110 114 78 90 247 140 49 211 179 373 419 493 515 540 542 590 648 678 684 718 741 747 761 832 875 894 913 296 119 347 405 
237 217 227 218 154 196 284 275 46 239 344 603 691 806 572 854 
51 162 278 312 55 268 8 61 222 113 27 40 59 265 238 161 195 349 394 413 420 432 441 483 511 526 557 564 601 602 621 657 670 695 698 730 763 825 871 902 947 960 975 984 107 231 392 514 747 
305 277 88 258 386 402 500 514 653 726 770 784 786 798 928 309 643 
173 103 42 118 80 376 390 504 544 546 642 677 729 803 866 909 978 989 453 484 766 
184 259 203 183 383 400 524 721 754 873 
212 124 273 446 819 899 946 970 973 772 
212 124 316 11 189 273 321 300 2 358 365 381 403 416 434 437 446 452 457 505 510 539 586 605 652 680 710 737 757 769 781 820 839 857 868 893 899 912 923 946 970 973 994 275 91 176 695 950 
250 158 401 547 694 733 810 942 1000 219 568 
305 277 7 225 500 606 653 786 928 259 
305 225 33 289 500 538 555 692 731 784 786 798 928 426 870 
30 186 148 489 579 634 854 878 951 171 850 
81 105 266 91 175 325 387 406 455 545 551 630 712 759 764 544 643 
133 284 204 64 214 121 46 218 92 332 309 237 275 315 380 414 469 485 520 575 588 591 628 664 691 697 702 758 795 815 840 855 886 941 969 999 44 615 745 
305 225 386 402 653 726 786 928 935 290 36 
231 41 106 230 86 362 674 838 968 605 
312 55 265 268 40 222 100 278 162 349 394 511 602 730 802 871 955 984 331 153 860 
44 126 301 4 99 167 111 433 512 562 571 600 707 720 794 891 990 993 996 227 716 831 
161 333 55 40 278 312 265 347 268 100 27 238 222 8 394 432 445 483 526 557 589 601 602 621 639 657 695 698 802 825 835 902 947 960 975 977 984 97 435 614 733 751 
135 320 95 307 267 158 3 263 66 450 466 537 547 549 574 587 596 599 616 644 660 689 733 810 812 918 980 1000 110 624 742 886 
106 269 130 231 164 86 256 213 362 392 451 468 578 620 679 766 838 849 864 926 965 968 998 305 107 364 
150 272 193 461 528 771 778 783 927 589 
232 105 296 81 91 359 406 455 463 545 551 630 693 764 950 450 
139 37 302 102 67 145 63 298 122 371 374 385 424 506 507 573 597 610 704 749 762 773 830 845 853 879 904 616 706 1000 
220 213 68 164 231 269 384 468 674 679 775 833 933 57 875 
107 276 1 85 404 673 688 844 944 10 359 
28 302 176 122 63 139 371 507 830 853 613 696 
212 124 338 365 434 437 446 452 539 586 680 899 970 649 676 
105 232 137 353 295 406 463 630 693 712 724 764 356 467 
145 57 132 182 139 371 424 464 507 534 573 597 619 651 762 830 845 853 283 434 
150 308 73 172 566 699 771 778 783 927 842 922 
181 213 351 106 230 130 220 164 86 346 231 104 256 292 41 119 269 68 128 384 392 417 498 578 583 620 663 672 674 679 740 766 774 775 833 838 849 896 926 959 965 968 998 54 365 375 757 
316 365 434 446 539 680 899 912 946 973 596 809 
201 140 131 202 515 590 741 875 913 351 404 
316 212 300 338 11 358 363 2 381 434 437 446 457 505 605 680 737 781 820 839 868 899 946 973 994 362 722 927 
157 240 326 17 5 53 82 291 288 389 592 633 654 659 661 696 793 800 183 432 684 
234 79 311 283 69 16 447 475 516 518 521 523 548 665 742 755 776 779 831 858 930 932 939 992 312 714 877 
32 254 117 47 168 85 279 281 21 107 404 444 598 673 688 705 728 805 809 837 844 848 881 148 834 
154 64 98 46 275 121 92 575 758 806 963 67 953 
105 266 325 232 81 387 406 455 545 617 630 693 712 759 764 870 
102 242 261 139 302 20 354 37 360 182 298 57 132 310 257 357 67 145 146 374 385 449 506 507 534 573 597 610 619 651 685 686 704 711 743 749 762 772 773 797 830 845 853 879 904 272 473 679 751 837 
85 117 276 107 32 168 404 444 543 570 688 728 750 805 837 844 733 981 
331 18 49 211 110 114 179 247 75 140 493 515 540 590 648 658 678 741 747 875 882 913 954 756 827 933 
371 67 102 298 139 63 302 20 354 57 310 261 507 573 711 772 797 830 845 853 904 16 563 844 
192 93 382 440 459 513 614 618 649 656 850 885 924 362 815 
173 103 224 335 42 84 499 504 546 552 803 866 901 909 974 978 989 57 292 
46 253 380 395 469 628 815 855 999 728 
453 580 604 615 647 671 687 714 760 792 836 57 881 
3 158 250 267 159 194 320 307 274 401 429 537 547 563 582 587 596 599 627 660 689 694 733 756 791 810 812 856 918 942 964 980 1000 106 202 555 835 
46 205 121 324 246 218 31 227 233 275 377 344 315 253 237 92 430 474 496 588 609 790 806 840 870 941 972 198 640 798 
338 212 124 365 174 316 416 434 446 457 539 899 946 970 973 944 
219 71 375 142 97 323 144 93 649 709 738 826 847 952 985 795 978 
241 120 336 199 259 183 147 72 203 294 400 439 524 567 655 754 872 987 127 614 616 
104 213 292 362 181 106 41 68 256 355 231 230 128 220 130 392 443 451 468 498 578 607 620 663 674 679 735 833 838 849 864 896 926 933 959 968 998 406 446 584 675 792 
371 102 28 261 302 20 139 37 354 242 507 534 573 619 686 704 743 830 853 879 934 291 815 942 
305 225 136 88 33 345 334 7 402 476 500 606 653 692 725 726 770 784 786 798 874 919 928 168 863 
81 91 370 232 343 266 215 137 406 455 463 545 551 593 617 624 630 693 759 787 949 77 604 627 
30 148 768 824 828 843 854 907 937 89 
53 326 314 366 291 288 592 696 703 800 971 593 884 
173 335 103 185 499 544 552 677 729 866 909 974 978 989 557 766 
43 177 191 497 622 681 892 905 910 136 
213 362 231 130 164 198 230 128 384 68 351 86 104 468 498 578 595 607 620 674 679 766 775 838 849 864 926 933 965 968 998 333 750 859 924 
93 329 115 144 142 22 94 209 513 541 585 618 641 745 801 847 885 906 924 943 985 988 102 157 628 
265 347 312 27 238 268 59 55 162 333 349 40 8 413 420 422 432 445 511 525 526 557 564 589 601 602 621 639 657 670 698 730 763 825 835 871 902 940 955 960 961 975 977 984 180 527 694 913 917 
377 328 469 517 558 628 780 806 890 404 572 
262 101 178 62 398 423 428 448 536 569 638 719 723 753 813 823 834 873 962 137 466 558 
150 193 54 255 272 216 48 73 170 38 308 461 473 528 556 566 699 771 778 783 927 326 17 509 
62 396 428 448 723 746 753 834 873 709 
140 179 515 590 648 741 747 882 913 468 
120 183 259 147 203 241 72 199 271 70 383 249 184 336 410 439 524 530 567 655 721 754 865 872 987 284 875 945 
250 155 274 379 320 339 135 307 450 466 537 547 549 574 596 613 616 644 668 694 733 791 914 942 964 980 1000 193 611 893 
305 386 334 277 7 345 225 136 476 500 538 606 653 725 786 798 919 928 906 985 
273 14 338 434 452 457 857 899 946 973 994 995 515 911 
47 168 107 372 32 356 281 368 21 431 503 508 543 576 577 666 673 676 688 728 750 809 844 881 944 395 262 364 
320 50 429 616 644 694 733 810 812 918 980 331 787 
81 91 105 359 187 175 387 296 370 353 343 325 295 455 463 545 551 593 612 617 630 637 693 712 724 739 759 764 842 950 384 471 781 997 
179 49 247 493 515 590 648 741 832 875 913 505 914 
219 22 36 25 532 618 641 650 656 765 821 916 924 214 149 
218 237 284 253 474 517 522 706 852 855 867 999 329 124 
400 120 203 183 492 524 721 872 987 233 701 
317 35 65 29 208 149 134 151 244 210 471 561 623 632 713 789 887 888 982 437 468 805 
263 320 547 627 918 942 979 980 1000 569 
333 265 55 394 8 268 27 432 526 564 621 639 730 802 825 955 960 977 984 76 517 573 
227 344 121 430 469 609 664 697 840 210 
171 156 453 488 580 604 615 646 647 671 687 714 760 792 836 929 729 848 
338 381 124 316 437 452 457 510 899 970 973 995 94 702 
362 127 164 468 578 595 674 766 968 316 978 
13 158 267 3 320 66 537 574 587 625 660 810 964 980 1000 35 
331 49 179 110 223 247 78 515 540 590 648 684 741 747 832 875 913 474 653 
27 40 394 333 222 59 564 621 902 67 806 
29 210 317 65 519 623 632 713 789 512 686 
312 394 162 265 55 441 511 526 802 825 871 955 800 901 
396 262 428 536 719 746 753 873 957 7 
302 354 122 63 257 102 360 261 67 507 534 573 619 686 879 272 582 
212 124 434 586 652 781 946 970 973 86 302 
148 109 12 318 74 245 299 30 460 529 565 579 634 824 828 841 854 878 907 951 967 341 688 845 
38 193 54 150 502 556 771 778 846 927 100 504 
180 423 178 45 62 398 396 448 569 723 746 753 813 823 834 873 962 67 648 
267 158 405 379 274 587 599 756 964 980 153 839 
380 205 246 414 237 239 233 166 46 795 815 941 652 864 
47 85 107 168 32 404 444 467 576 577 645 688 728 805 809 844 636 
413 162 61 394 222 333 27 312 349 511 526 589 670 698 730 763 825 902 940 960 977 307 49 366 
44 99 4 348 313 167 454 512 720 794 990 996 70 634 
338 124 365 14 189 316 212 358 2 11 381 321 403 425 300 363 437 446 452 457 510 586 605 652 680 757 769 781 820 839 857 868 899 912 946 970 973 994 995 360 47 193 747 987 
179 49 140 515 590 741 747 875 913 320 349 
323 36 22 209 219 477 513 533 559 568 614 618 641 649 745 826 863 925 953 213 278 699 
338 212 434 358 365 14 416 273 124 316 446 452 457 505 539 605 652 680 710 781 899 912 920 946 970 973 995 411 776 796 
303 192 219 115 94 209 462 541 649 738 801 953 244 20 
203 72 70 199 383 184 120 271 400 524 567 655 721 872 169 734 
153 209 93 323 192 25 375 94 219 285 36 462 513 541 568 585 608 636 649 709 821 847 859 863 897 906 985 246 836 
268 162 422 333 278 238 265 222 511 557 621 657 802 825 871 807 952 
44 83 301 260 99 512 531 707 720 827 990 28 908 
231 213 384 198 269 181 130 468 498 674 740 968 698 960 
372 431 169 32 1 279 85 368 160 117 47 508 560 576 598 688 805 809 837 844 944 140 182 769 
27 394 161 349 113 162 312 100 268 238 511 557 621 698 825 871 961 144 76 
338 2 14 316 437 365 381 212 363 358 174 273 321 434 11 189 337 452 505 510 539 605 652 680 682 710 757 769 781 804 839 857 868 893 899 920 923 946 970 973 994 995 384 671 786 980 
367 79 69 234 475 521 523 548 665 742 755 776 779 831 858 932 939 992 61 622 649 
262 428 62 101 45 398 178 180 330 396 569 638 719 723 746 753 813 814 823 834 873 957 962 43 83 677 
57 302 261 371 146 145 102 507 534 619 685 762 853 904 569 606 
274 3 350 263 159 155 320 401 250 129 537 587 596 627 644 660 689 694 701 733 810 812 856 914 918 942 980 353 731 775 
351 231 269 104 164 384 130 213 468 498 578 620 998 562 819 
338 189 212 416 358 403 316 434 446 437 321 457 505 680 737 757 769 781 857 868 899 920 923 946 970 973 599 687 
171 415 156 26 378 580 604 615 631 647 671 687 714 760 792 836 929 981 335 829 871 
83 167 433 562 571 720 794 891 990 213 906 
81 406 91 105 266 232 187 387 296 370 137 343 353 215 175 295 545 551 593 617 624 630 637 693 712 724 739 759 764 842 949 950 212 850 957 1000 
171 580 631 647 671 687 714 760 767 225 
338 11 434 381 273 403 212 174 365 452 416 124 437 316 505 510 605 652 710 737 757 769 781 819 899 946 994 49 522 526 
106 213 468 679 799 833 838 965 998 209 
25 375 116 209 94 219 22 550 906 943 985 510 758 
426 280 529 662 824 854 878 907 937 534 
150 397 352 193 73 556 771 783 927 763 
440 93 438 209 550 640 656 782 885 952 747 956 
353 91 232 81 137 266 105 359 406 387 481 545 551 593 624 630 693 712 739 759 764 787 842 949 950 542 580 
102 20 139 145 360 67 762 797 830 904 65 790 
219 209 541 650 709 745 898 906 985 721 
274 66 108 158 155 350 401 547 549 563 582 596 616 625 694 736 791 810 812 979 980 1000 396 157 530 
107 431 117 168 47 85 543 837 944 359 
231 213 86 256 164 458 41 106 451 392 68 443 127 384 130 292 128 220 355 181 351 269 104 417 498 578 583 607 620 674 679 700 735 766 774 833 838 864 926 933 959 965 968 997 998 112 411 328 399 600 
414 395 205 228 46 246 200 344 166 270 204 77 237 377 328 121 152 484 496 520 522 588 603 609 664 691 697 702 795 815 816 840 867 877 886 903 941 945 972 303 660 694 833 973 
154 196 496 520 575 603 697 795 870 53 
29 317 287 411 252 35 65 221 134 208 207 561 623 632 713 744 789 817 887 982 406 608 662 
313 167 44 4 125 512 562 707 720 891 915 993 996 67 320 
150 193 54 308 397 73 255 216 48 38 10 528 556 566 752 771 778 927 371 809 
328 166 64 196 46 243 233 309 409 77 380 237 31 284 133 121 248 205 227 496 501 517 520 522 575 588 591 664 691 758 806 816 840 852 877 903 941 972 419 652 673 793 899 
367 234 447 16 79 518 523 665 742 755 779 858 932 939 608 615 
305 277 386 402 478 692 786 798 919 783 803 
436 209 323 116 94 513 581 649 745 897 948 539 815 
305 225 33 476 500 653 770 784 786 798 508 998 
186 74 112 148 529 611 822 854 907 603 620 
319 318 112 109 299 148 186 529 565 579 662 722 824 828 829 854 878 907 967 36 73 900 
91 463 266 81 137 630 693 724 950 20 
34 15 206 96 643 675 716 883 983 940 
162 349 222 333 312 511 525 698 802 844 
233 284 227 204 228 46 469 239 237 517 520 758 795 815 870 903 969 972 107 335 891 
46 77 205 322 204 275 284 344 496 691 758 780 815 816 852 884 958 972 295 164 563 
71 527 532 636 649 650 656 863 924 992 
191 494 497 535 553 622 681 717 751 905 966 783 927 
415 156 171 580 647 714 792 836 911 937 
342 60 148 565 579 611 829 907 937 967 224 853 
15 34 554 643 796 807 860 876 983 562 
293 192 209 93 94 76 25 745 988 13 844 
241 199 120 184 183 72 410 524 655 721 865 186 511 
407 78 75 140 373 179 331 515 540 590 648 658 684 741 747 875 228 688 
487 23 306 43 553 622 681 892 905 908 910 232 831 
34 327 197 251 96 554 675 715 716 777 860 862 883 917 922 983 991 569 
380 469 485 470 474 77 517 795 867 56 194 
177 306 43 191 487 23 304 391 535 553 622 717 751 818 861 892 905 908 910 966 554 736 798 
362 468 231 68 451 392 443 256 128 384 578 620 674 926 968 998 649 976 
173 103 376 390 84 677 732 803 901 909 978 989 805 874 
305 341 33 478 277 402 225 289 143 334 258 340 386 555 606 629 653 692 708 726 727 731 770 784 786 798 874 919 928 145 119 598 901 
77 227 92 474 121 664 867 877 903 58 837 
427 150 193 54 752 771 778 889 927 299 253 
85 168 107 32 117 404 1 598 728 809 837 204 262 
173 335 103 185 376 84 80 118 224 552 677 729 803 901 909 974 978 989 427 77 692 
457 452 446 437 124 338 316 365 680 820 899 407 303 
371 67 20 354 122 507 573 619 830 853 879 205 328 
371 310 63 67 261 374 145 182 354 37 20 242 176 385 139 132 302 360 449 506 424 357 534 573 610 619 651 686 711 743 762 772 773 797 830 845 853 879 904 934 52 317 249 825 849 
404 32 85 1 444 560 598 688 750 881 478 937 
117 85 168 47 169 577 598 673 688 809 811 837 397 791 
434 446 124 416 457 316 338 539 652 682 781 899 923 946 970 995 459 756 
394 333 40 278 432 268 55 441 195 27 61 8 347 238 483 445 222 162 422 312 265 526 557 564 589 670 695 698 763 802 825 835 871 902 947 955 960 961 975 977 984 492 135 579 714 824 
44 126 348 4 99 301 472 286 433 83 442 260 125 111 226 313 531 562 571 600 635 707 720 788 794 827 891 915 990 993 996 195 421 597 961 
25 209 303 477 93 94 144 440 323 264 393 285 71 375 436 142 153 527 532 541 585 641 649 656 709 738 808 821 847 850 863 898 924 952 133 604 813 828 
305 225 334 653 708 725 726 731 770 784 798 874 919 928 333 802 
399 49 331 364 179 373 247 202 190 78 223 419 201 140 407 435 493 540 590 648 658 678 684 718 741 747 832 875 882 894 913 954 956 403 567 668 910 
367 79 523 665 742 755 858 930 992 130 162 
31 205 121 409 496 315 92 233 474 484 395 522 664 697 815 884 945 999 413 230 
367 234 283 475 311 16 523 548 755 776 831 932 188 775 
317 141 29 65 421 713 789 817 286 543 
166 275 344 484 237 470 77 474 205 469 664 734 795 816 890 972 317 541 
367 447 69 79 234 548 779 930 992 18 
196 474 409 284 270 204 92 517 469 237 121 877 941 457 212 
367 447 518 69 516 475 234 283 548 665 755 779 858 992 638 688 
400 120 183 184 383 241 203 199 492 336 70 410 294 439 147 72 530 567 655 721 754 872 987 80 177 
27 394 265 278 483 312 526 557 621 940 60 771 
394 333 265 349 162 238 432 100 278 413 113 51 525 40 268 312 61 511 422 59 195 557 589 601 621 657 670 695 698 802 825 871 902 940 947 81 457 129 989 
513 486 36 116 138 209 22 94 323 115 219 533 614 709 745 765 850 859 863 885 906 17 394 904 
150 397 54 352 272 73 473 193 123 556 771 778 783 927 50 746 
148 319 426 460 30 186 280 479 480 245 60 572 579 634 722 822 824 828 854 878 907 937 967 80 981 
294 524 120 183 70 400 721 754 987 245 466 
442 44 301 126 512 125 83 260 600 635 720 794 827 891 915 990 996 45 879 
408 97 513 293 486 192 541 614 656 745 859 952 985 73 326 
436 138 25 142 527 115 541 847 924 72 
371 507 20 67 261 302 424 449 102 57 63 298 385 182 176 360 310 139 145 122 573 597 610 619 686 704 711 743 749 762 772 830 845 853 879 900 904 931 166 227 460 548 586 
497 191 487 553 622 861 892 905 966 22 239 
178 180 396 423 101 45 262 823 834 873 957 962 130 561 
13 418 155 66 229 307 379 350 50 274 401 320 450 108 549 582 587 596 599 613 616 626 627 644 660 668 689 694 733 810 812 856 918 942 964 980 1000 41 321 288 642 681 
305 341 277 402 225 653 784 786 798 928 856 926 
437 446 363 338 124 381 2 358 189 300 510 212 586 652 680 804 819 899 946 970 973 994 477 319 913 
190 211 515 247 331 179 90 373 493 419 114 110 49 542 590 648 658 741 747 832 882 913 954 85 246 667 
219 285 116 97 513 209 153 465 192 264 144 323 533 438 76 22 440 532 393 550 559 585 608 614 641 649 650 738 745 863 898 924 925 943 948 985 988 276 13 179 520 587 
78 140 540 331 49 6 179 590 741 747 832 875 913 463 965 
85 169 32 107 404 372 467 117 560 576 688 728 805 837 844 881 944 519 581 
173 390 103 335 42 84 224 677 803 909 989 109 343 
81 455 406 91 343 463 175 387 370 105 266 353 325 617 630 693 712 739 764 842 949 253 708 941 
173 84 42 376 335 803 901 974 989 30 120 
320 159 263 466 307 412 155 350 379 129 401 95 66 339 549 596 599 613 627 644 660 668 689 694 733 736 810 812 856 918 942 980 121 819 893 996 
367 447 234 79 523 521 518 665 779 858 939 992 302 534 
263 274 159 320 466 155 401 547 350 537 574 660 689 694 812 856 980 92 690 
87 71 462 192 541 459 22 559 847 985 760 866 
81 105 266 455 406 463 296 387 91 215 295 232 353 343 693 739 269 
173 504 103 390 224 376 677 803 989 890 913 
497 535 494 43 177 487 306 622 861 892 905 910 966 83 115 
251 206 495 490 15 796 860 862 922 497 575 
305 289 143 500 277 341 33 606 653 726 786 798 928 379 90 
150 427 461 10 397 473 73 193 528 272 172 54 752 771 778 783 889 927 608 710 883 
394 333 525 265 222 61 278 40 526 445 162 441 195 55 349 100 511 27 589 639 698 763 802 940 961 975 390 263 712 
237 246 205 204 121 395 702 795 890 396 
153 436 142 219 541 550 568 656 808 906 936 322 607 
169 276 117 508 85 32 444 543 281 168 21 598 688 705 728 809 920 977 
29 317 471 411 244 149 141 35 221 134 252 65 165 151 623 632 713 744 789 887 888 982 62 112 536 
512 44 83 125 301 472 286 226 4 454 99 126 348 600 720 794 891 990 993 996 451 490 776 
155 379 466 267 250 660 668 812 918 979 374 485 
420 333 394 511 413 621 657 698 825 947 648 664 
148 489 235 480 318 426 186 58 579 611 662 824 828 854 878 907 967 976 225 943 
150 473 361 73 397 193 38 771 778 215 
400 120 271 147 524 184 439 72 383 655 721 987 515 948 
440 559 436 285 94 219 36 192 640 650 709 738 745 801 821 826 916 316 339 
262 428 396 448 62 753 873 962 412 495 449 
117 169 372 32 168 673 748 750 837 843 
512 260 313 44 111 99 286 454 348 301 600 635 720 788 794 891 990 185 237 
12 245 280 529 611 828 841 854 878 937 967 395 332 
371 507 534 102 67 63 257 261 139 20 354 145 37 385 302 424 182 298 57 360 506 310 374 132 597 610 619 651 685 686 711 743 749 762 772 797 830 845 853 900 904 931 413 173 770 927 941 
549 56 50 350 401 418 587 660 694 812 914 980 297 928 
470 218 217 92 237 227 369 474 344 46 98 233 603 664 697 795 840 867 870 963 554 782 799 
85 117 431 169 47 444 276 404 107 32 1 543 598 688 705 728 844 944 63 698 
85 168 404 117 276 509 169 431 673 728 805 809 837 96 852 
468 231 86 362 220 130 213 392 269 106 41 351 384 198 498 119 128 68 451 256 417 164 292 230 583 595 607 620 663 674 679 700 740 766 774 799 833 838 864 933 968 997 998 301 154 19 619 858 
245 280 480 426 148 186 30 529 74 109 489 299 565 319 235 60 318 342 39 611 634 662 722 768 824 828 843 854 878 907 937 951 967 976 511 296 1000 
171 156 453 415 378 26 24 456 488 604 615 631 646 647 671 687 714 760 792 836 911 929 981 168 463 
36 93 477 22 219 303 192 153 826 850 924 952 543 951 
250 108 274 537 158 56 129 379 466 599 627 644 689 694 918 980 1000 424 653 
130 578 362 468 68 164 674 679 998 278 
8 265 162 278 27 55 589 825 835 384 713 
541 513 393 440 153 192 303 22 94 614 649 656 738 952 274 939 
358 539 425 316 338 434 839 946 973 534 892 
418 108 429 379 537 129 574 350 450 274 158 250 66 596 660 689 694 733 736 756 810 812 856 914 918 964 1000 541 606 930 
344 217 328 474 46 380 469 218 246 603 609 664 691 806 815 855 963 54 962 
27 526 51 312 511 40 349 161 584 238 268 557 265 432 100 394 621 670 698 802 825 871 902 955 975 202 352 750 
179 49 515 331 140 540 373 202 110 419 247 493 190 78 211 542 90 407 114 18 6 223 201 435 399 364 131 75 648 658 678 684 718 741 747 761 785 832 875 882 894 913 954 956 105 743 847 891 927 
92 315 474 344 275 664 815 855 867 35 750 
157 53 326 17 366 5 19 89 288 291 314 389 82 633 654 661 696 703 793 800 938 971 269 267 672 
81 455 137 266 296 387 406 232 463 91 612 630 693 712 739 764 389 834 
327 34 9 675 716 807 851 862 883 124 
417 231 392 106 213 578 620 774 933 998 596 640 
320 379 250 135 274 307 129 56 537 155 108 267 547 587 163 350 66 401 450 466 50 599 613 660 689 694 701 733 791 810 812 914 942 964 979 1000 137 363 595 681 752 
371 360 139 261 354 37 67 242 534 302 573 704 743 762 830 853 225 512 
576 107 168 117 169 32 503 1 508 444 509 368 85 560 645 673 688 748 750 805 809 837 844 944 500 840 852 
320 274 155 429 582 307 379 350 263 596 267 537 547 660 694 701 812 980 452 37 894 991 
512 301 126 562 4 348 531 571 260 720 891 990 468 273 
333 265 526 61 161 394 312 349 278 825 960 98 720 
278 162 265 347 27 333 349 394 698 960 20 159 
588 204 205 64 237 332 470 218 575 46 284 469 664 691 702 790 795 815 816 840 867 877 479 629 902 
580 156 453 415 378 647 671 687 714 792 836 387 513 
174 446 212 434 338 124 437 457 365 321 189 652 680 757 839 946 970 973 994 346 733 879 
305 225 500 7 33 402 340 136 258 386 555 653 726 727 770 786 798 919 928 587 237 449 
468 231 384 578 392 213 164 297 198 130 674 679 833 968 559 816 
115 209 219 93 541 144 153 303 440 614 649 656 709 745 782 847 925 952 471 475 556 
414 284 46 380 469 152 77 214 246 227 588 218 691 815 816 840 855 726 887 
354 145 507 573 371 139 102 534 904 184 892 
109 12 186 489 579 565 479 318 30 60 572 634 662 822 824 828 854 878 907 937 967 401 733 858 
81 406 593 296 630 693 712 764 949 950 38 174 
401 307 56 267 547 537 13 596 660 694 733 980 1000 357 815 
209 71 219 94 93 541 153 436 585 527 329 375 532 323 608 192 618 641 649 656 709 738 745 821 847 897 898 906 916 952 985 383 349 669 764 
580 171 24 453 156 378 415 646 647 671 687 714 792 836 911 475 344 
320 401 537 466 250 155 350 405 50 3 660 689 694 701 733 736 812 856 942 103 354 383 
325 545 406 81 105 455 175 387 370 296 630 693 712 724 739 764 787 950 142 622 914 
436 303 408 393 614 375 650 826 936 948 19 728 
507 534 63 67 145 102 573 139 302 20 310 449 182 257 360 424 298 385 57 371 506 132 28 261 686 704 762 797 845 853 879 900 904 931 934 578 307 928 
86 468 106 578 198 498 384 164 362 41 130 351 392 451 213 269 68 256 231 595 220 674 679 740 766 774 799 838 864 926 933 959 968 479 630 692 717 
420 268 445 195 333 349 526 394 278 525 413 265 589 27 441 55 40 162 564 825 871 902 947 116 1000 
487 535 391 304 553 23 497 306 494 681 717 892 905 908 617 447 
29 317 35 471 244 287 561 421 165 411 632 713 744 789 817 887 888 93 278 
81 455 463 91 387 630 693 712 724 759 950 350 195 
320 466 108 418 250 129 627 660 812 918 980 1000 905 912 
267 320 155 537 158 194 689 694 980 59 
158 108 547 263 582 537 320 450 625 307 129 155 379 267 412 660 689 694 733 810 812 856 918 964 980 1000 387 709 881 
275 154 64 248 395 92 227 152 166 344 239 233 377 246 664 667 815 986 393 861 
305 225 33 500 653 692 708 798 880 603 
81 455 406 91 105 463 232 266 137 387 545 296 617 481 325 187 593 343 353 370 175 359 624 215 295 612 637 693 712 724 739 759 764 787 949 950 620 121 871 
580 456 188 453 156 671 687 714 792 32 674 
29 317 244 561 421 471 221 623 65 165 207 411 35 141 151 287 713 789 817 887 888 22 697 873 
157 53 326 17 592 366 288 291 654 661 696 800 14 970 
426 529 342 579 148 611 662 824 854 937 967 433 131 
512 44 99 531 126 301 571 720 794 827 891 993 85 950 
94 486 115 440 138 25 153 649 898 906 431 909 
81 630 296 91 266 455 406 137 724 739 764 950 43 689 
448 396 101 330 180 45 262 723 746 753 823 873 957 962 523 726 
278 394 268 413 349 557 162 825 960 826 
192 36 116 462 568 22 87 641 649 808 885 898 380 595 
408 640 25 541 192 94 303 22 293 436 71 93 393 36 614 153 513 219 649 650 709 745 765 821 847 906 924 943 952 232 41 166 828 
173 84 224 103 185 335 677 732 803 866 909 974 978 989 537 979 
15 197 482 34 490 675 715 716 807 860 862 869 876 883 917 922 983 991 334 182 343 
401 450 547 56 3 108 537 582 350 405 660 689 694 733 810 812 980 1000 653 873 
85 431 168 598 32 169 47 688 728 798 
580 171 415 615 671 687 714 792 836 697 
604 378 580 171 24 415 615 488 26 453 456 671 687 714 760 792 981 771 846 
590 179 140 399 331 515 49 540 419 131 407 247 493 18 78 110 373 190 202 6 718 741 747 761 832 875 882 913 954 265 428 564 305 
640 192 513 144 440 608 541 153 585 375 219 209 477 382 641 293 636 94 22 329 93 436 438 25 303 71 614 486 656 709 738 745 765 782 801 821 826 863 897 906 916 925 948 952 985 498 358 447 31 992 
641 541 323 465 93 303 618 115 568 153 408 285 264 219 486 22 36 656 709 745 782 821 850 885 897 898 952 985 269 748 787 835 
360 573 242 37 63 507 102 371 830 853 679 774 
124 316 437 338 212 434 605 539 425 446 510 457 680 737 769 781 899 923 946 970 973 994 995 430 474 
305 225 33 500 386 277 478 7 402 258 143 334 289 514 606 340 555 88 629 538 52 345 236 692 726 727 731 770 784 786 798 874 880 919 928 935 419 644 264 582 916 
157 53 326 17 5 288 366 633 240 19 592 659 661 696 800 895 325 212 
400 120 199 524 183 383 567 203 439 241 492 184 721 754 872 987 680 
94 144 142 608 36 153 375 585 209 293 649 192 87 408 513 614 115 650 138 462 264 219 486 25 532 559 323 709 745 782 808 847 859 863 885 897 898 906 936 952 953 985 988 150 202 740 759 923 
312 564 55 526 333 265 441 394 349 698 730 902 282 323 
590 493 49 515 540 202 140 247 373 678 718 741 747 875 913 954 220 
157 53 314 17 19 366 288 654 696 800 971 683 820 
3 587 158 418 159 320 596 549 627 350 450 250 563 274 379 625 13 547 613 644 155 66 616 574 537 599 689 694 701 733 810 812 856 918 942 964 979 980 1000 469 27 259 193 888 
157 53 326 17 592 19 366 288 654 89 240 633 696 800 971 268 847 
12 611 480 39 245 634 579 460 148 318 186 30 565 280 722 824 828 841 854 878 937 951 976 471 22 963 
362 578 164 231 384 674 735 766 926 771 
46 588 227 517 233 121 246 591 92 474 218 204 239 284 328 628 98 575 275 520 414 469 603 344 196 501 205 691 702 706 780 795 806 815 855 867 870 884 903 972 999 564 49 673 837 
367 447 548 79 475 234 516 311 523 16 776 858 939 992 174 729 
85 276 107 404 673 676 688 728 837 944 732 934 
121 239 77 92 204 233 628 691 780 540 
537 563 229 401 135 250 547 155 689 733 736 810 812 918 942 1000 515 68 
284 275 196 253 77 246 734 790 890 614 
394 222 526 511 265 589 238 162 432 333 278 977 711 853 
580 171 156 453 24 415 615 647 604 378 26 646 631 456 188 687 714 760 767 792 836 911 929 981 446 260 785 
213 130 362 181 674 833 933 968 998 592 
85 598 32 107 168 368 276 169 47 577 1 279 117 21 666 404 509 356 570 160 676 688 705 728 750 805 809 837 881 921 944 664 474 173 674 
468 231 213 220 127 130 68 164 292 672 583 578 106 620 41 498 104 392 119 443 417 346 230 362 607 269 663 355 384 256 679 735 740 766 775 799 833 864 926 933 968 998 631 192 673 312 970 
594 96 206 197 9 34 482 495 643 715 796 862 883 917 983 216 384 
169 666 404 168 85 673 688 728 750 844 98 358 
173 552 42 335 504 80 499 544 390 642 185 103 224 803 866 901 909 974 978 989 448 778 898 
590 515 49 658 331 373 684 741 832 913 121 720 
607 620 213 119 130 674 362 384 164 104 468 392 41 106 297 128 458 583 231 578 220 351 355 740 766 775 799 838 926 933 965 968 998 651 306 371 
358 446 434 505 273 452 652 605 365 11 539 174 437 363 338 710 737 757 769 781 820 857 899 946 970 973 994 995 219 89 223 655 
622 304 177 487 494 391 892 905 908 910 537 596 
189 510 212 446 124 769 781 899 946 973 995 185 942 
77 237 227 121 205 204 706 867 877 903 963 972 659 699 
590 49 515 110 331 140 678 419 179 493 247 741 761 832 875 882 913 956 366 128 698 
371 102 573 449 63 686 743 830 931 990 
371 145 534 57 67 619 63 20 146 261 37 424 122 385 573 28 302 685 507 743 762 773 797 830 845 853 879 934 288 421 868 953 
671 580 171 156 631 647 415 615 378 604 26 453 456 188 646 714 760 767 792 836 911 929 981 452 247 786 
85 168 32 107 117 666 169 543 1 560 279 404 598 368 508 444 576 673 281 645 431 676 356 21 372 509 276 160 728 748 750 809 837 848 881 944 523 493 426 233 966 
194 155 587 537 582 108 450 547 549 668 379 267 616 250 66 307 626 274 660 158 627 350 56 644 596 694 701 736 810 812 856 918 979 980 1000 637 798 837 961 
32 169 117 168 107 728 748 750 837 275 549 
227 233 667 485 474 664 253 332 588 469 609 603 344 697 706 734 780 795 840 877 941 986 316 901 1000 
305 653 476 500 341 33 7 386 143 629 225 708 725 726 770 784 786 798 874 928 620 504 810 
81 630 455 215 91 175 463 551 266 232 545 359 624 387 481 187 296 325 593 105 353 406 617 370 612 712 724 759 764 787 949 950 55 260 70 281 
547 274 582 450 596 267 339 108 401 405 379 599 320 613 66 537 627 587 155 574 3 56 13 549 466 660 616 689 163 263 626 644 250 50 733 791 810 812 856 918 942 964 980 1000 469 261 322 394 762 
238 333 265 526 349 511 222 312 825 338 
157 89 326 592 17 366 288 82 654 661 633 291 53 659 389 19 314 5 703 793 800 938 158 357 874 
470 46 237 414 31 204 575 517 227 133 691 243 233 344 469 77 152 758 815 816 941 958 969 972 632 646 718 
394 483 100 657 445 312 526 602 278 27 349 432 61 268 589 8 238 557 265 564 59 511 333 763 802 835 871 576 74 443 684 
150 397 272 73 193 361 771 778 927 436 683 
230 578 130 468 164 213 766 833 959 998 6 703 
689 267 599 616 660 158 194 596 450 733 810 812 942 410 847 
121 558 237 166 204 664 469 603 344 867 870 972 416 155 
157 389 89 592 696 291 17 326 800 700 876 
385 597 534 257 261 354 102 67 619 371 830 879 904 25 126 
85 47 32 576 1 368 107 560 117 673 276 168 728 805 809 848 881 921 110 246 755 
691 322 133 246 664 409 683 46 152 154 354 718 
44 348 442 512 472 720 788 891 990 95 91 
305 33 629 514 500 692 52 770 798 935 315 545 
641 192 513 87 608 527 650 264 614 94 656 209 323 22 649 568 465 440 382 138 153 765 808 821 826 863 948 953 985 398 627 306 810 
338 457 316 446 680 437 819 899 946 973 995 556 47 
573 139 371 507 374 102 534 67 261 257 132 845 670 163 
81 630 617 91 455 463 266 359 545 105 370 593 612 693 137 624 343 406 187 175 724 739 764 949 950 557 21 998 
29 317 207 561 65 632 471 411 35 623 165 134 421 244 210 519 149 151 208 744 789 817 887 888 982 584 246 912 
671 580 646 456 171 453 647 615 687 631 415 488 604 378 26 760 792 836 911 981 367 511 
9 197 643 251 495 675 34 716 777 796 851 860 862 883 991 839 924 
482 197 15 594 715 34 495 643 327 796 869 876 917 983 991 255 348 
497 622 304 306 487 43 818 892 905 910 966 620 797 
590 515 331 658 648 140 747 761 913 697 706 
423 448 396 262 180 723 753 873 962 81 242 
512 44 348 562 126 99 4 531 301 472 635 600 433 286 442 571 83 111 707 454 313 260 226 125 788 794 827 891 915 990 993 996 197 29 678 601 
400 120 524 183 439 184 241 203 655 199 72 147 567 70 492 294 259 271 249 530 410 336 754 865 872 987 465 768 897 
529 579 148 662 480 824 829 854 878 937 967 976 365 192 
448 396 262 428 398 638 101 45 719 330 746 753 813 823 834 873 957 962 106 784 
81 630 693 137 406 91 455 266 105 712 637 624 215 359 481 617 842 949 890 
305 402 514 225 692 386 726 727 770 786 798 928 935 130 883 
305 653 225 500 33 386 692 555 7 88 289 725 334 143 606 514 277 345 727 770 784 786 798 874 880 919 928 935 638 609 755 758 
305 726 606 500 653 725 225 770 798 928 203 240 
168 688 107 673 254 21 160 1 47 276 85 576 368 32 117 705 431 543 281 560 279 372 690 577 169 404 645 503 676 666 748 750 805 809 811 837 844 848 881 921 944 618 66 377 294 
173 103 335 504 390 118 224 803 901 909 989 665 415 
657 432 347 413 278 333 394 825 975 286 60 
305 653 500 341 277 514 770 784 786 798 928 274 450 
173 499 642 42 803 866 909 978 989 666 
668 537 135 596 339 320 701 587 267 613 66 644 350 108 155 450 616 250 401 95 547 660 405 56 274 163 379 694 627 810 812 856 914 918 942 964 979 980 1000 611 349 605 372 749 
204 46 520 166 669 77 253 233 227 205 246 121 691 99 439 
663 106 468 674 164 130 384 864 968 998 69 1 
194 158 587 689 250 616 129 466 229 547 668 812 918 980 497 318 
680 124 652 452 457 365 212 338 899 946 204 265 
438 293 614 513 585 209 649 97 568 541 382 94 745 765 821 952 812 
81 630 455 617 91 637 593 712 266 232 545 463 406 137 551 325 787 842 156 
679 164 213 578 231 674 362 269 443 620 838 933 965 998 238 656 
590 179 49 78 515 140 648 658 373 540 202 684 110 247 419 493 90 190 542 678 18 114 407 223 211 331 75 131 364 399 435 747 785 832 875 882 894 913 954 956 109 33 262 118 980 
367 516 234 475 69 447 779 831 858 930 992 350 15 
685 63 371 385 507 686 261 534 573 139 67 597 797 853 590 794 
29 244 561 149 65 713 35 471 623 789 887 888 277 954 
541 465 219 527 738 116 477 656 614 532 25 641 436 650 192 71 303 608 491 649 393 153 568 209 847 850 936 952 344 91 790 825 
448 423 262 723 428 398 62 101 330 638 813 814 823 834 873 957 962 528 
590 741 223 179 648 515 247 140 110 373 399 75 718 435 419 190 658 493 540 78 90 201 114 331 542 832 875 882 913 954 462 434 333 53 
47 169 690 598 570 168 728 688 32 837 844 650 3 
67 302 354 371 573 534 63 102 904 158 733 
404 85 168 688 32 570 508 598 47 728 690 676 107 673 372 21 276 805 944 589 392 591 
304 487 191 497 23 818 892 905 910 966 349 371 
54 193 150 502 473 556 771 778 783 596 878 
448 396 723 423 428 398 638 62 101 569 45 262 330 719 813 814 823 873 957 292 323 838 
721 400 183 524 120 530 336 241 184 203 383 72 294 655 872 987 324 862 
367 516 523 79 518 447 475 69 311 234 779 831 858 930 992 705 726 
429 155 274 587 158 379 810 942 980 373 510 
338 446 457 434 316 680 273 452 212 124 605 174 781 899 920 946 970 973 362 24 
344 98 218 200 246 166 309 474 369 205 275 697 485 284 484 806 855 867 969 972 726 459 784 
624 325 693 455 406 370 105 630 387 232 81 463 137 343 187 764 787 842 656 166 
671 580 687 24 714 156 453 188 378 456 415 647 26 792 836 911 981 233 550 
590 718 648 179 684 331 49 875 913 952 
371 360 354 449 146 102 122 619 534 63 597 139 686 507 464 573 773 797 845 853 904 931 694 786 880 
432 511 394 162 100 557 698 161 333 802 902 960 461 171 
81 630 693 455 343 612 105 545 637 91 712 359 266 463 353 370 617 296 759 406 593 295 842 950 209 614 932 
641 709 649 209 293 93 527 408 738 153 897 925 296 814 
231 578 468 674 679 620 392 127 164 213 106 417 362 41 297 119 700 351 663 86 775 833 838 849 965 968 998 93 390 335 
671 687 171 188 456 156 836 929 981 50 226 
579 388 280 39 824 854 937 967 721 199 298 
338 316 682 446 212 124 457 652 434 680 452 857 899 946 973 444 152 
305 653 225 692 500 726 33 386 277 7 334 258 606 289 478 514 143 725 731 727 52 236 708 136 784 786 798 880 919 928 935 175 23 573 869 
150 193 54 397 556 473 73 38 528 272 308 216 427 361 172 752 699 566 502 461 352 255 170 123 48 10 778 783 846 889 927 663 647 525 77 
20 374 534 573 371 145 122 63 102 302 507 204 337 
371 507 686 122 67 762 102 354 830 308 
578 468 231 213 362 620 164 595 998 651 
68 104 679 231 766 362 355 392 674 292 41 450 518 
367 234 79 16 665 518 447 283 779 831 858 939 992 437 562 
15 251 715 197 327 495 807 860 876 883 266 47 
771 150 193 54 397 556 473 73 38 528 272 308 216 427 361 172 752 699 255 502 352 10 566 170 123 48 783 846 889 927 677 66 958 985 
367 447 234 548 523 742 755 79 16 776 521 311 475 283 858 932 992 34 885 
667 691 395 227 98 485 233 664 121 322 815 867 877 293 812 
338 446 652 212 457 124 437 510 452 365 425 11 680 682 434 321 757 839 899 923 946 970 973 406 87 
608 462 303 656 649 650 94 821 850 948 575 788 
771 150 778 193 752 397 48 172 73 38 123 461 54 216 352 255 361 556 272 528 846 889 927 237 476 487 
305 653 289 770 500 726 143 386 277 692 478 7 33 731 514 334 341 236 538 786 798 874 919 928 935 758 723 
590 202 179 190 6 741 875 913 954 671 
305 289 225 770 500 726 33 784 476 277 606 538 653 402 731 143 725 52 236 341 692 334 88 555 340 258 345 386 136 478 798 874 880 919 928 935 687 446 190 150 762 
81 91 739 693 630 617 463 387 759 405 650 
720 167 44 512 571 707 126 891 990 996 782 97 
29 35 317 561 149 421 471 411 519 632 744 208 252 141 165 221 207 713 623 65 134 151 887 285 899 
328 603 380 669 233 246 275 166 795 903 745 464 
694 135 596 379 466 401 812 942 980 100 509 
671 580 687 26 171 156 453 760 647 415 615 604 378 24 631 714 646 188 488 836 911 929 981 384 863 
366 53 326 696 157 592 17 19 82 288 800 474 34 
512 44 433 313 562 348 720 454 531 99 4 286 635 167 571 126 891 990 993 996 258 743 122 
575 133 324 496 520 484 290 664 315 558 205 64 603 470 790 430 204 469 166 121 98 152 77 246 691 344 855 903 941 958 986 382 856 857 974 
716 715 675 34 490 206 15 554 860 983 437 947 
371 374 102 762 37 67 63 464 302 261 310 20 743 619 139 507 573 686 182 853 904 717 177 267 
305 653 786 225 770 500 341 33 258 692 277 606 726 402 7 289 708 334 629 386 725 555 514 143 731 88 136 727 538 476 52 478 784 880 919 928 497 380 645 689 110 
213 578 41 674 620 231 458 679 933 575 
157 53 326 696 592 17 366 288 19 654 661 633 240 793 659 389 5 89 314 703 895 938 971 172 422 907 
649 393 438 153 93 568 209 897 953 154 75 
413 347 698 441 589 312 162 557 55 27 238 511 100 763 526 268 40 222 265 483 422 8 349 825 871 961 977 514 897 918 944 
173 103 677 224 335 376 546 642 84 504 185 499 729 80 544 732 552 866 901 909 974 978 989 476 163 907 
316 539 446 273 868 893 920 946 970 963 
728 705 117 368 750 543 281 107 598 444 372 1 85 431 577 168 673 809 811 837 844 881 944 411 499 
395 332 369 758 64 664 380 588 246 46 474 815 840 963 972 420 108 
490 327 594 9 777 643 851 862 876 922 441 117 
559 76 656 709 209 94 513 640 93 885 985 213 973 
705 47 404 688 1 509 598 117 32 85 276 673 560 444 21 107 805 728 503 168 368 577 279 431 944 473 363 825 
405 733 668 627 3 129 418 95 756 339 596 13 379 466 274 689 694 66 250 587 660 229 267 450 537 350 547 644 701 812 918 980 1000 709 692 113 
254 32 805 728 509 279 1 168 85 837 944 61 300 
250 616 694 689 574 596 547 159 599 405 587 627 3 379 736 274 549 644 701 450 563 733 350 466 810 791 668 625 155 660 537 194 320 856 942 1000 11 738 323 780 824 
428 753 262 396 180 448 178 746 62 723 834 873 962 513 973 
45 753 448 746 62 834 873 957 962 765 886 
248 517 284 377 591 246 200 121 154 469 218 214 603 204 228 205 588 780 166 344 697 46 628 806 275 484 430 227 609 664 485 31 816 840 867 870 877 886 890 945 972 999 477 312 613 385 375 
474 469 77 246 248 228 152 520 239 697 815 233 485 204 609 217 603 205 328 877 963 183 607 889 
29 471 65 221 632 623 713 35 519 305 64 
751 306 177 304 23 717 497 892 905 910 144 863 
124 457 212 710 337 539 868 920 946 547 451 
2 212 505 365 680 338 124 434 316 893 912 946 973 659 864 
650 649 709 408 568 36 738 116 440 614 641 192 782 25 513 936 830 
39 611 318 148 529 479 824 854 907 982 
448 723 330 396 262 45 428 536 746 62 753 638 873 318 946 
579 58 235 245 12 662 426 611 480 299 565 634 822 318 722 186 388 319 148 529 30 60 460 768 280 828 829 841 843 854 878 907 937 967 976 812 304 511 143 
601 730 161 511 100 584 621 278 349 40 422 802 55 265 441 394 333 432 526 589 162 695 8 413 312 639 238 445 564 27 835 902 947 955 960 975 977 745 264 507 809 971 
116 618 436 649 581 94 76 568 382 709 906 985 639 878 
720 512 286 99 442 260 44 635 531 891 915 990 993 373 238 
579 480 388 572 565 186 529 426 148 109 662 611 824 843 854 878 937 967 641 513 
722 186 480 148 824 489 854 951 967 453 
371 67 573 145 686 597 63 360 139 261 176 20 506 507 651 534 773 354 685 182 357 385 704 37 102 464 122 302 57 374 298 132 853 931 30 821 79 860 
367 447 283 755 742 776 79 69 518 858 932 348 494 
590 741 78 49 179 331 140 515 419 542 540 747 684 211 678 648 407 875 882 913 116 27 969 
130 766 231 213 578 700 674 672 384 355 468 128 362 198 458 607 41 269 68 926 998 263 469 270 
448 813 45 396 723 746 398 62 536 262 814 101 428 873 957 962 593 368 
394 584 40 238 511 349 825 698 977 379 650 
671 580 792 687 714 171 156 453 760 188 24 615 604 378 415 488 646 26 767 911 981 440 905 931 
728 85 372 688 1 543 254 673 577 666 276 169 168 467 805 47 368 32 811 117 444 598 690 21 748 281 570 509 107 503 844 848 881 921 371 689 501 664 
468 231 213 578 362 68 130 679 620 458 766 351 256 269 392 181 106 119 164 740 384 346 864 896 926 933 968 997 998 753 161 4 880 
14 434 586 338 781 365 124 605 446 212 973 995 715 429 
248 344 603 284 575 806 166 228 46 133 469 328 196 414 275 380 77 121 474 609 815 691 92 855 867 903 972 598 896 985 
572 426 662 74 824 148 843 854 937 32 911 
81 232 463 759 406 739 545 296 91 455 724 764 361 126 
841 148 824 579 828 388 186 854 907 937 124 570 
728 748 168 598 32 281 368 372 576 805 444 85 543 47 1 279 356 254 169 431 107 404 676 837 848 921 944 77 374 491 483 
371 122 573 507 534 762 711 67 242 139 374 102 145 20 360 261 37 619 354 310 302 686 853 931 68 426 
771 778 193 54 150 172 427 783 927 647 313 
393 382 513 94 614 93 209 219 533 656 608 745 192 550 641 36 440 285 863 906 925 948 952 985 701 661 590 
728 844 688 276 837 368 705 281 944 415 
269 766 119 362 384 130 106 351 392 231 86 213 864 968 998 94 507 
650 323 192 375 293 782 513 745 581 527 953 985 455 342 
34 715 327 15 594 807 860 869 876 983 37 196 
154 31 217 205 474 214 284 485 322 409 77 877 884 941 999 598 577 
371 573 507 102 534 63 67 619 132 261 762 686 830 145 37 449 122 743 374 385 797 182 302 57 139 357 257 354 360 651 28 146 298 20 242 597 506 176 845 900 904 931 934 114 240 489 670 968 
824 579 148 662 529 186 611 426 843 828 565 280 30 60 634 74 722 235 58 112 572 245 12 768 480 460 841 829 822 479 388 342 319 109 299 878 907 937 951 967 976 102 332 137 170 
237 46 588 92 758 664 377 309 591 166 243 840 344 609 795 409 277 865 
95 250 158 537 263 450 812 689 13 549 66 194 733 587 379 547 129 155 627 694 229 282 660 616 274 980 1000 795 538 227 
300 338 434 212 174 680 316 124 446 769 403 452 912 946 970 973 795 
367 79 755 779 447 742 475 665 234 548 16 831 776 516 523 939 611 578 
440 532 656 527 87 863 925 952 985 392 205 
34 15 96 554 777 495 796 715 251 851 643 490 862 869 876 883 917 922 347 830 866 
306 497 553 43 535 191 892 905 966 255 628 
594 554 643 715 675 860 807 197 495 34 9 869 876 883 922 991 164 754 
513 486 115 219 264 709 209 97 527 192 649 847 859 22 541 656 436 440 898 916 925 818 792 386 
468 213 578 130 351 269 735 849 41 384 106 164 838 231 620 674 392 896 933 968 998 820 430 26 
721 120 184 400 241 492 203 199 294 855 949 
173 803 677 376 390 732 335 642 909 974 978 989 550 860 
409 591 237 702 64 77 496 284 575 152 200 758 233 204 664 218 98 469 154 205 290 780 603 46 815 683 196 501 840 890 986 140 878 917 964 
819 338 446 452 434 804 212 365 899 912 946 970 686 963 
862 716 96 851 643 860 15 876 883 770 
575 470 380 815 484 664 284 246 270 702 972 370 341 
441 333 27 589 394 278 162 222 621 698 526 422 802 445 268 511 347 960 453 630 906 
721 400 120 754 524 410 183 655 439 383 184 987 302 995 
448 753 396 262 723 746 428 834 101 62 638 823 813 45 536 814 719 423 398 330 180 178 569 957 962 632 336 644 
305 653 692 786 386 500 33 784 7 514 225 726 919 928 935 696 499 
590 364 407 179 49 515 140 747 648 785 761 373 832 202 110 435 419 247 741 331 684 658 211 190 542 131 18 78 493 6 882 894 913 954 355 400 181 944 
716 807 9 34 777 643 862 206 251 851 490 869 860 917 991 703 
152 501 121 469 474 246 603 233 815 691 816 227 98 780 683 852 522 958 969 367 67 276 
854 824 579 245 342 60 319 58 74 662 480 30 109 722 186 529 828 572 611 280 12 426 565 460 148 907 937 951 752 867 826 980 
371 63 686 424 385 704 354 619 506 507 534 900 605 531 
305 786 653 726 770 629 289 798 52 838 762 
705 85 21 688 281 673 404 368 32 837 805 117 169 543 728 508 378 627 
590 741 540 832 875 684 515 6 114 399 179 747 648 373 247 913 277 98 
860 777 206 96 715 482 869 594 495 675 15 327 9 862 34 643 922 725 556 
852 517 485 664 290 77 248 886 969 389 
153 808 393 650 527 656 293 375 25 640 462 952 779 121 
152 815 248 344 204 77 469 166 884 986 350 814 
29 744 165 789 411 65 632 471 244 713 287 252 561 623 210 141 888 609 
29 713 252 165 561 887 744 149 221 623 35 317 134 208 411 210 65 632 216 660 
771 150 778 308 502 783 193 172 556 927 15 816 
284 867 558 395 205 227 815 248 520 121 669 204 154 724 552 
720 512 44 788 827 562 111 794 571 313 226 531 707 348 454 600 472 635 4 83 301 125 99 286 990 996 261 484 590 
497 553 306 717 177 43 494 304 751 818 622 681 861 391 535 905 908 910 966 610 586 931 
446 338 189 273 212 124 804 820 899 973 401 547 
590 140 331 875 110 179 515 741 90 78 913 33 599 
157 53 800 17 314 240 654 326 19 84 
127 362 864 838 384 164 926 968 998 840 
192 440 650 801 477 765 649 614 656 898 943 988 721 802 
25 650 513 897 656 863 192 465 285 94 541 22 76 640 614 636 36 952 677 899 977 
338 446 434 212 124 457 680 403 189 452 710 363 652 510 682 757 273 539 321 781 868 381 505 893 358 337 365 316 300 416 769 737 11 437 912 923 946 970 973 994 88 297 474 898 789 
63 20 534 145 139 619 573 853 879 261 28 236 480 
173 185 103 677 499 224 803 504 376 118 546 729 80 909 974 978 989 422 691 500 
763 59 265 55 394 8 825 195 432 312 349 161 113 657 511 526 589 333 621 420 278 238 27 162 975 977 603 191 
121 484 469 328 790 683 664 166 237 501 196 840 795 474 220 933 
371 853 573 507 534 102 67 354 619 449 63 139 176 20 762 145 37 797 374 464 261 302 257 57 28 610 704 749 931 934 527 151 90 952 
497 892 622 553 306 191 177 43 717 494 487 818 751 681 861 535 391 304 23 908 910 966 625 836 964 
465 614 641 192 527 847 116 22 826 393 559 440 649 459 636 656 943 952 454 402 871 
854 319 579 148 39 299 388 529 58 479 843 235 480 60 611 489 245 426 74 878 822 30 460 824 565 112 937 967 200 803 800 14 
905 892 494 177 497 622 681 910 966 46 442 
173 544 103 677 224 642 803 390 376 504 901 84 42 866 499 118 729 80 732 335 974 978 989 636 46 
905 497 892 177 717 191 908 43 494 304 681 391 553 23 751 306 818 966 515 5 194 
488 580 792 687 836 714 671 171 760 615 156 403 841 
124 363 316 868 437 212 820 857 434 338 899 946 973 625 713 
590 741 179 190 419 515 331 540 648 140 18 747 832 75 223 684 399 875 435 658 202 373 90 542 882 894 407 114 49 678 211 364 201 718 761 785 954 956 552 394 181 539 968 
450 574 587 163 733 95 596 263 401 918 980 407 617 
720 44 512 531 472 827 99 4 990 993 996 310 985 
293 219 863 153 408 209 568 649 303 138 614 653 4 
495 876 716 643 15 206 860 675 9 991 867 394 
158 582 163 736 405 274 914 155 733 250 547 537 668 263 159 129 379 350 587 660 563 627 412 694 450 625 320 95 810 307 689 979 1000 51 802 965 
305 653 225 514 770 784 277 500 476 386 606 874 726 7 402 786 798 928 935 250 130 164 
757 437 819 212 446 321 804 452 946 973 167 560 
107 85 705 276 728 837 844 169 673 234 980 
495 554 862 860 883 643 807 983 991 361 217 
316 899 652 510 446 781 338 124 452 970 973 994 304 656 
144 375 25 36 641 323 541 393 513 533 93 408 209 329 192 22 581 486 985 392 122 715 
541 71 608 863 847 765 436 649 93 116 859 192 985 33 315 
468 213 198 498 351 674 620 269 362 392 384 679 663 41 896 231 833 838 933 968 998 538 244 984 
771 150 778 193 54 783 397 73 473 556 38 272 528 308 216 846 172 361 699 889 10 48 123 170 255 352 461 502 427 590 487 573 365 
305 731 798 786 225 258 340 726 33 784 386 500 692 606 727 7 402 919 143 334 874 514 725 341 555 538 770 236 52 345 653 935 619 574 140 987 
671 792 687 171 156 453 415 767 580 158 945 
367 16 755 521 79 742 516 932 939 305 587 
534 853 845 37 830 573 122 139 20 619 904 685 102 762 261 836 892 
367 779 930 518 475 234 831 447 992 764 
181 674 864 213 578 679 672 86 595 926 468 620 799 130 838 231 355 127 392 740 384 41 968 997 998 373 903 78 
619 145 686 904 176 853 63 507 385 261 666 170 
305 33 874 786 225 928 770 258 726 236 143 345 708 784 653 725 919 289 298 125 290 
618 559 821 142 303 209 656 116 745 283 
854 824 579 489 907 572 39 58 186 611 878 30 529 109 388 60 722 235 634 318 112 768 828 460 280 74 841 843 148 662 967 508 99 488 248 
157 53 19 696 288 800 592 17 971 93 317 
367 447 930 475 548 776 858 665 992 213 585 
265 55 394 278 525 238 432 526 557 482 
522 469 474 284 430 166 380 691 275 852 697 77 204 243 92 309 344 795 963 972 986 123 545 573 
616 274 812 450 537 694 379 412 660 320 401 733 267 756 547 250 263 282 56 339 791 701 596 668 158 980 1000 385 682 280 
906 641 93 94 293 393 897 541 459 565 108 
21 85 688 750 467 107 169 598 276 805 1 168 811 809 673 666 32 117 444 543 848 404 728 356 576 844 279 875 802 381 237 
98 469 92 204 46 815 275 233 517 200 958 929 400 
338 446 920 899 434 212 273 124 680 457 437 11 757 781 510 539 605 737 381 804 316 425 769 14 321 912 820 586 174 857 652 868 452 403 819 710 682 337 365 363 970 973 994 995 287 63 823 969 996 
526 333 349 265 100 825 621 564 511 796 
782 477 649 709 541 219 618 209 847 154 567 
81 455 693 545 137 387 612 105 91 724 712 463 630 227 865 
81 630 481 455 353 712 266 463 617 637 624 406 91 232 105 693 296 764 612 338 635 141 
342 60 148 426 74 662 579 878 30 829 854 581 94 
906 94 209 614 138 898 738 608 513 462 649 323 585 71 115 532 656 650 382 192 859 745 581 885 847 641 93 904 151 441 761 
709 209 656 850 801 36 438 71 94 115 436 369 686 
590 741 913 49 6 658 179 875 515 785 648 540 373 190 223 747 744 958 
825 422 413 265 511 589 394 347 278 975 212 114 
590 179 202 49 741 140 515 684 913 462 172 
873 448 746 753 423 723 330 814 834 101 262 45 62 536 638 178 180 962 252 455 959 
233 877 98 697 945 324 795 485 963 954 778 
700 127 231 384 468 269 620 41 362 957 
432 51 763 349 511 40 162 639 394 238 602 265 333 825 413 871 601 27 975 443 77 189 
278 394 557 445 511 268 55 802 162 512 689 
873 448 723 834 428 814 957 396 813 536 101 62 638 719 262 569 746 588 
816 204 328 214 46 806 324 588 958 31 369 243 227 941 253 77 575 309 683 133 969 662 804 868 
429 274 694 537 379 596 108 401 155 627 159 56 733 418 587 66 660 980 22 905 867 
392 231 164 468 458 766 740 679 351 362 998 542 918 
905 497 892 717 751 861 306 191 910 43 908 535 23 487 553 177 688 
854 824 245 235 937 634 768 318 529 579 572 426 722 280 12 60 829 480 565 489 907 828 611 112 976 29 268 239 
896 86 213 578 104 674 607 384 164 679 417 392 838 297 269 620 766 128 351 672 864 443 933 346 849 468 362 498 926 181 735 997 998 853 913 999 
315 92 344 697 205 877 884 758 248 963 31 46 484 121 972 999 946 832 
946 338 446 899 273 452 605 316 857 437 212 381 321 680 781 416 300 757 539 510 434 124 337 174 923 868 652 358 804 425 973 994 145 633 146 674 
800 157 326 17 592 659 938 389 661 46 825 
702 322 152 121 248 815 154 227 697 806 840 237 380 484 941 474 469 205 233 46 92 243 683 284 758 520 246 324 218 204 166 664 133 485 969 870 986 162 81 85 12 26 
820 338 212 586 11 434 124 316 970 680 437 946 452 273 893 425 605 923 710 839 857 781 381 365 403 363 682 769 912 652 174 416 337 757 899 920 446 14 539 994 995 808 469 813 178 
173 909 390 185 677 80 103 642 546 901 504 866 224 84 42 803 376 989 795 138 
349 333 265 511 394 955 162 960 589 27 825 730 557 902 8 267 
854 12 967 824 662 565 579 60 722 231 498 
349 825 394 162 278 835 902 268 8 670 511 413 265 27 802 432 560 898 
173 909 390 103 901 224 866 499 335 84 376 677 732 185 42 642 80 803 504 989 382 417 251 
660 135 412 250 320 3 689 229 563 274 158 733 163 108 918 596 155 466 642 44 
412 379 660 733 537 429 626 694 56 689 914 320 582 810 263 547 466 350 627 418 250 942 13 267 274 549 599 736 129 964 405 401 307 856 644 625 450 791 574 155 158 756 613 50 1000 168 878 446 741 921 
671 580 792 687 836 171 24 156 453 767 714 760 647 372 529 
244 713 317 134 471 287 561 29 411 65 265 822 
495 15 482 716 490 675 851 922 796 643 207 3 
27 413 278 394 349 333 312 347 511 926 121 
382 285 440 649 465 94 859 329 550 826 209 650 925 924 614 532 93 76 847 709 541 192 22 459 656 850 808 393 87 840 778 402 915 
227 972 867 205 941 628 795 691 886 145 
721 400 120 183 524 184 259 383 241 655 530 754 872 271 294 567 199 410 70 245 434 928 
144 491 303 153 115 393 897 656 541 85 164 
173 909 803 103 978 677 224 974 504 335 901 376 642 390 84 42 866 499 185 729 544 80 732 552 546 118 526 102 169 
720 512 44 454 562 167 126 313 4 794 827 531 600 301 260 915 433 348 571 83 226 442 99 707 891 788 996 281 685 266 104 
206 197 643 715 922 251 716 862 15 876 917 495 599 17 
367 516 79 779 234 939 283 665 523 447 932 548 776 755 742 521 311 69 486 649 
720 512 44 472 635 794 915 562 827 348 31 330 
946 652 446 457 365 680 605 124 973 923 403 338 434 970 899 539 243 326 
510 973 680 300 839 652 434 710 446 403 946 437 416 682 212 872 40 
720 512 44 990 891 348 472 788 126 794 433 286 562 531 125 915 547 946 
968 578 838 468 130 933 164 231 998 406 44 
468 833 578 231 213 674 926 104 119 164 679 198 672 838 766 106 583 351 392 130 451 864 41 774 292 269 896 849 256 362 86 128 968 68 498 220 595 740 965 933 458 735 997 700 384 478 166 117 142 712 
409 196 284 377 517 815 46 664 77 154 322 228 237 344 852 969 968 
942 810 625 267 229 694 250 158 320 582 856 918 13 537 379 733 613 350 3 194 587 129 135 644 627 66 401 418 155 282 660 412 980 108 95 668 812 596 159 339 307 466 689 163 263 455 691 354 579 621 
