42
56
75
117
105
85
192
35
155
135
91
12
47
82
44
146
17
27
14
9
157
128
88
56
19
69
35
17
187
118
158
11
143
107
137
198
196
4
177
4
135
27
188
74
153
164
86
125
99
41
148
195
59
102
189
120
15
124
29
13
98
58
122
157
164
11
29
59
106
36
14
182
67
8
14
132
39
39
198
121
14
54
168
164
199
109
87
97
42
75
42
170
102
117
85
113
159
3
71
22
184
183
88
58
157
154
109
22
51
188
42
34
33
38
56
27
89
35
23
121
85
45
171
118
27
17
4
188
36
43
44
46
109
169
44
88
94
50
34
30
128
74
97
202
195
80
14
155
4
16
131
188
77
98
3
168
160
163
155
32
188
181
141
51
67
173
61
126
97
137
48
178
88
188
194
46
125
103
185
90
152
121
56
105
77
165
106
194
161
172
72
4
140
109
64
86
102
1
162
158
30
1
87
161
181
11
93
106
44
169
69
165
44
93
69
63
199
30
88
51
148
72
50
186
93
8
69
86
127
174
183
80
3
105
100
31
83
33
63
59
23
123
102
33
109
81
76
112
98
93
153
181
18
175
75
132
4
35
178
200
161
173
10
109
24
190
1
47
195
56
200
193
176
2
175
68
74
157
180
6
184
11
85
108
171
90
130
179
74
87
76
81
8
27
113
77
29
91
135
37
86
199
11
63
49
68
148
86
171
96
32
96
77
74
174
137
178
138
103
68
148
151
15
53
139
149
133
200
85
64
113
147
45
59
105
188
174
44
93
22
85
132
4
172
153
162
11
45
156
27
93
145
168
22
11
203
1
126
0
15
87
130
10
116
113
145
114
75
59
162
165
2
145
121
160
55
39
22
10
139
148
170
175
178
11
35
155
161
117
77
160
39
72
105
74
63
13
197
192
193
145
90
168
42
89
171
29
110
11
42
3
75
38
87
22
35
74
88
18
156
131
98
21
85
196
179
57
58
53
133
185
35
164
95
152
24
185
20
37
158
120
136
11
27
133
196
153
50
152
44
64
122
158
46
102
18
17
148
138
127
138
103
119
173
42
47
86
172
170
167
81
44
22
81
68
47
38
118
111
73
9
133
188
6
195
4
37
72
163
132
193
36
162
165
86
91
137
40
47
75
32
68
92
35
30
81
170
43
121
193
131
55
69
12
198
68
77
14
46
63
88
124
161
87
138
49
160
26
80
14
29
37
59
12
194
127
105
174
165
172
117
154
85
160
117
12
202
23
19
194
87
25
62
31
35
124
8
174
168
34
111
75
86
16
57
45
3
146
159
150
165
17
188
109
74
184
14
179
145
188
116
70
52
18
147
104
176
25
180
20
73
47
66
185
62
1
122
186
197
36
55
158
167
102
202
28
50
27
30
132
50
147
133
183
122
196
153
148
193
17
47
36
82
47
120
49
50
38
186
169
86
155
66
17
129
58
129
148
85
148
4
40
172
65
113
143
6
73
59
131
51
116
178
137
26
39
98
33
46
102
34
90
42
50
86
68
10
93
39
169
6
177
30
186
40
157
127
59
6
35
46
14
154
190
103
145
134
196
155
107
123
45
188
188
184
109
50
97
103
200
1
66
10
98
134
80
70
163
157
121
56
21
27
198
116
131
53
134
133
69
196
31
55
145
204
119
174
22
133
81
86
50
138
97
55
169
75
50
197
188
6
5
175
119
188
179
96
20
106
8
73
165
93
19
71
150
126
195
28
74
23
165
103
75
159
197
62
181
18
29
85
98
183
158
42
52
30
9
2
153
36
133
17
97
80
77
136
28
163
106
18
33
118
19
12
187
85
151
178
170
1
112
96
97
195
85
115
3
1
89
88
184
75
113
40
138
89
18
98
114
56
117
67
95
45
181
131
100
156
179
62
199
148
112
44
172
38
35
124
1
134
152
110
167
127
109
128
32
15
172
133
81
196
12
181
93
6
4
93
118
193
148
199
109
117
117
201
21
58
5
137
196
192
118
45
166
4
92
177
153
94
14
204
165
103
95
182
152
72
131
49
147
175
57
97
62
187
14
53
0
3
139
128
129
14
196
88
180
85
86
14
127
131
73
103
69
145
155
177
4
172
53
189
195
68
175
183
109
183
69
48
101
159
94
173
20
56
177
170
33
103
99
75
21
87
138
14
103
46
52
84
27
32
159
93
50
32
178
202
191
58
31
55
167
83
144
172
15
54
76
106
65
156
152
183
6
185
33
4
21
140
196
170
162
196
141
125
169
133
202
116
122
14
14
34
40
196
76
85
123
192
55
83
139
170
56
175
32
38
46
4
178
163
28
60
70
67
32
76
162
55
50
86
63
0
111
140
181
121
137
107
65
173
204
157
11
158
115
27
169
75
2
174
38
12
33
69
26
168
35
1
34
33
148
204
170
132
63
170
94
162
167
44
125
109
128
150
126
99
152
78
44
167
152
134
3
119
36
170
16
11
160
64
178
99
189
62
51
174
57
59
58
188
21
177
36
201
123
87
181
19
178
180
90
15
185
20
168
168
1
26
19
18
197
21
16
14
93
30
111
12
22
109
11
101
131
30
67
38
201
119
18
126
93
116
44
56
26
68
76
103
59
109
168
140
81
157
148
179
142
198
44
80
177
18
116
150
161
169
26
67
121
5
85
1
153
110
11
195
75
92
187
122
69
148
51
2
87
153
148
29
44
81
188
202
94
187
92
51
203
63
186
87
178
113
149
109
34
165
72
26
84
21
75
132
68
68
1
193
129
128
16
133
68
14
169
81
182
138
75
150
114
109
1
9
77
26
179
161
1
6
15
40
106
37
120
146
61
202
87
98
45
129
12
86
41
26
153
1
4
167
127
55
197
142
114
4
1
44
0
6
116
188
95
132
81
133
22
0
87
169
135
171
153
186
28
160
172
180
74
177
39
135
150
203
53
109
113
147
172
128
169
134
5
109
119
166
73
164
68
60
48
58
26
50
18
53
162
1
117
51
77
62
185
1
120
86
124
90
106
120
133
158
38
15
135
114
134
52
188
118
172
170
137
173
147
49
18
103
55
23
75
108
188
68
185
30
147
168
87
11
37
106
203
35
22
132
68
109
36
109
42
131
44
15
143
85
152
20
182
188
177
88
150
196
33
98
105
126
150
61
86
198
5
40
61
76
122
86
50
195
50
44
117
112
98
181
135
33
126
135
33
84
95
201
57
75
19
7
63
175
190
44
75
198
197
46
33
86
121
199
14
22
93
47
172
100
100
139
69
136
137
100
61
30
144
51
107
14
174
133
113
35
35
174
68
67
93
137
52
76
92
110
17
36
148
33
178
5
128
102
150
187
149
131
121
143
147
30
68
72
21
35
79
69
49
187
159
51
38
32
116
144
112
140
35
199
104
141
89
54
160
77
121
146
81
199
164
139
179
94
186
132
111
4
147
21
174
61
72
12
35
175
22
11
51
35
174
91
95
18
156
142
81
180
56
93
190
97
73
198
91
102
96
129
125
178
113
189
159
187
48
42
202
59
53
148
135
158
29
200
107
150
194
135
58
196
83
128
2
125
25
109
197
102
9
111
123
87
74
42
38
149
16
51
157
120
71
168
72
106
133
4
36
139
78
122
173
99
177
14
69
57
50
97
55
171
127
146
67
88
87
181
17
62
62
85
26
147
50
154
38
6
76
188
3
1
171
112
23
123
188
49
135
44
76
140
172
14
190
169
78
86
172
69
188
170
186
9
169
152
164
9
198
155
30
81
63
19
26
70
80
81
111
51
52
59
152
68
174
152
87
195
143
194
182
195
32
113
196
195
113
203
35
0
167
178
81
145
165
164
138
153
81
186
189
179
17
131
154
36
39
4
86
138
9
38
152
61
158
187
74
128
22
150
6
148
1
105
30
133
19
26
97
10
148
61
173
38
98
152
10
51
94
76
122
174
160
180
167
191
0
86
89
44
177
36
121
31
104
7
136
14
94
4
198
76
41
187
15
171
85
113
58
103
153
52
145
78
154
21
96
199
116
185
119
38
185
87
203
179
180
179
99
199
201
40
107
25
35
123
186
88
18
33
9
105
115
64
117
17
120
33
162
40
98
184
197
58
30
98
160
26
160
0
13
103
87
11
40
81
27
160
69
36
98
163
75
42
118
166
47
131
55
195
136
159
151
81
127
9
174
41
178
184
50
93
56
153
103
55
81
179
171
81
42
142
105
17
130
125
166
153
105
175
76
4
131
70
152
143
196
147
54
40
88
114
1
61
142
167
22
49
200
6
3
109
196
79
67
137
27
7
107
158
131
73
69
159
96
66
131
201
173
157
179
183
49
87
167
104
174
58
85
188
79
81
29
138
115
52
25
15
140
62
185
4
86
175
29
171
49
195
105
65
51
174
124
11
177
2
76
32
89
50
121
137
189
87
50
3
162
35
2
125
33
185
139
39
169
125
50
135
9
105
166
170
37
93
34
122
99
62
107
146
181
114
68
82
76
33
51
81
33
163
119
51
68
51
23
168
178
91
104
192
147
121
167
204
180
177
132
43
150
9
154
1
31
133
15
0
15
58
92
112
181
6
46
178
19
168
76
56
44
4
14
110
3
121
32
22
67
168
187
40
186
85
195
163
152
164
14
69
157
23
196
134
86
88
109
195
20
76
69
39
59
174
163
21
114
51
127
171
123
44
103
36
133
59
94
112
88
89
192
93
188
201
59
17
69
50
161
112
26
44
195
188
12
113
148
143
24
72
133
153
115
58
91
31
117
187
44
27
163
120
89
64
38
68
142
11
20
195
4
87
45
176
186
82
139
199
96
101
4
30
15
156
81
35
76
196
127
124
93
12
194
122
88
59
43
43
87
186
33
54
59
12
35
21
65
124
74
167
81
128
1
9
19
123
48
22
97
96
132
39
184
81
157
167
44
71
152
127
103
60
158
61
50
95
34
202
188
135
24
0
26
36
191
137
190
124
196
148
157
75
97
163
93
26
111
109
42
132
74
86
55
145
90
37
14
85
199
85
79
196
4
143
55
178
51
152
101
77
11
79
174
127
160
196
15
139
198
177
189
180
6
105
178
72
69
56
88
199
122
101
12
161
97
177
9
55
76
58
73
1
150
18
164
39
4
157
12
59
99
124
198
5
148
49
106
54
80
22
21
194
38
93
119
180
91
139
22
146
26
31
164
187
49
81
97
159
125
143
167
91
138
62
21
144
91
63
168
36
49
75
150
57
119
84
18
198
132
153
55
85
132
186
114
132
124
129
17
75
29
50
14
93
16
18
134
88
194
120
43
14
51
120
67
15
167
95
161
44
116
37
23
109
153
87
60
30
168
124
26
42
154
147
203
75
137
81
108
69
86
14
101
86
147
112
18
200
18
120
133
188
53
51
96
158
142
32
50
196
169
35
8
51
167
9
87
116
176
174
76
49
198
90
153
33
58
49
35
33
121
35
198
88
111
188
57
34
191
112
172
10
14
65
4
152
30
49
191
106
135
152
83
145
20
176
4
195
97
38
36
15
74
22
128
31
32
59
175
188
201
169
151
171
2
148
186
148
160
181
17
120
181
28
129
65
85
47
53
2
16
151
95
88
85
199
187
72
109
71
195
189
138
99
167
11
148
86
176
159
33
133
35
20
32
132
79
144
69
156
81
143
18
107
33
199
63
86
1
154
137
183
39
52
18
202
109
191
119
185
78
15
17
180
28
132
42
159
55
35
70
85
131
78
188
60
91
45
138
34
28
57
72
16
45
37
85
46
67
203
147
55
20
44
30
126
187
42
111
2
54
138
26
178
159
18
178
23
31
87
162
26
50
56
118
193
40
51
178
118
40
26
11
116
13
172
148
84
85
85
168
109
18
15
67
30
123
46
143
4
27
135
68
174
181
157
67
72
16
196
134
93
195
85
21
89
196
186
36
159
109
148
162
167
67
25
1
43
1
137
3
183
34
150
18
46
147
33
45
107
82
11
56
3
17
198
109
44
26
133
59
162
119
156
121
129
55
142
186
179
181
117
67
187
190
192
195
126
168
76
173
38
7
53
187
95
0
116
86
155
174
201
74
113
76
15
113
33
159
16
12
54
175
109
197
31
152
36
179
61
49
78
86
22
188
93
40
132
77
174
198
68
63
42
24
192
201
9
151
6
79
174
187
22
2
55
36
18
87
97
74
97
180
68
194
165
131
98
11
155
39
135
30
164
96
55
14
73
76
29
12
97
152
75
20
28
85
152
9
68
88
116
44
69
29
81
33
21
143
185
31
60
100
120
54
22
49
27
175
26
73
30
157
98
147
6
81
98
152
174
132
17
192
152
82
133
153
95
117
193
88
199
164
192
4
85
77
177
27
74
88
85
153
33
12
39
88
79
143
45
169
17
175
91
130
99
173
169
17
148
149
11
119
113
126
9
147
137
55
98
105
103
192
96
176
6
18
195
116
188
126
122
4
82
167
44
163
157
195
68
41
168
31
196
103
64
34
75
9
68
5
152
151
3
168
163
47
146
67
75
142
137
29
169
135
72
117
152
186
118
43
192
18
104
39
98
14
152
6
202
75
120
76
52
168
154
33
88
2
180
170
22
130
123
38
171
133
175
0
117
39
45
188
11
85
160
88
118
194
153
107
114
35
164
162
202
18
15
41
68
13
117
79
35
154
180
177
153
139
186
33
57
88
172
13
8
170
189
170
150
114
102
164
109
28
185
44
180
49
104
88
108
70
12
121
26
163
121
114
69
87
168
134
2
83
6
187
186
204
36
204
171
26
174
34
55
182
22
86
1
129
54
188
123
149
83
35
93
95
14
16
169
98
113
166
66
75
165
87
120
18
16
200
17
178
200
76
171
21
74
20
159
87
21
136
200
110
5
160
176
77
38
122
121
122
103
0
9
86
191
103
110
16
64
26
110
146
61
127
165
131
197
56
179
4
102
74
148
55
117
90
158
203
172
60
154
109
2
186
106
52
28
195
93
177
90
160
40
196
44
204
48
88
145
139
119
120
33
29
132
14
166
129
10
9
140
142
84
11
50
126
120
88
67
199
53
202
146
74
69
65
138
199
82
117
98
97
199
130
88
134
164
177
3
27
44
147
40
199
32
189
123
53
130
25
93
159
9
18
87
177
93
123
167
171
16
23
63
15
71
160
129
98
93
22
78
56
70
24
61
151
163
42
104
119
49
14
68
23
42
14
132
152
101
9
148
96
1
173
103
92
44
58
196
66
191
78
131
94
12
147
133
103
70
188
14
30
75
1
96
148
62
6
94
95
116
23
186
177
155
201
177
109
136
138
48
174
115
45
27
39
57
9
180
150
153
190
42
50
124
46
33
115
164
165
125
31
86
110
4
131
29
140
188
1
154
88
105
93
147
93
160
140
153
18
0
130
93
30
140
29
125
11
9
43
74
107
20
117
45
47
11
18
112
6
153
155
48
15
187
74
50
106
130
129
172
71
14
72
112
79
104
32
44
17
98
1
162
122
138
77
199
51
117
32
82
110
7
169
134
81
11
15
44
177
147
105
22
60
31
14
4
178
29
47
167
51
68
74
198
55
100
14
112
22
65
3
105
63
86
183
153
69
53
195
167
131
192
174
138
98
110
50
56
203
190
166
51
158
160
48
172
64
188
76
88
35
69
76
160
93
203
14
104
40
7
199
195
53
107
195
26
127
196
17
5
44
203
17
26
146
87
196
142
56
36
127
19
68
53
187
81
168
145
143
60
100
2
165
81
183
64
105
100
92
188
116
196
1
99
140
85
50
149
151
179
156
139
35
40
137
167
4
20
183
75
73
89
36
76
110
58
160
135
91
88
76
126
144
186
130
43
16
45
125
76
121
144
10
196
35
170
200
102
39
146
80
157
94
64
167
77
119
17
34
39
170
1
127
148
135
136
87
204
36
85
93
56
124
91
44
28
141
187
143
194
188
35
53
106
51
67
109
86
125
53
107
1
84
102
49
98
133
85
18
117
188
81
49
44
76
139
199
9
49
116
143
117
99
42
4
118
91
178
31
59
16
73
28
85
106
91
81
106
117
120
49
57
85
78
74
56
74
186
176
27
10
153
65
152
88
128
17
91
8
23
26
195
152
163
118
154
42
163
166
201
113
56
86
143
76
98
147
18
18
189
131
69
168
63
78
49
53
141
185
195
1
99
109
158
62
188
127
1
144
147
103
26
172
184
202
104
187
44
134
16
98
199
119
88
81
188
63
37
30
60
37
114
0
175
31
120
88
135
156
33
53
74
2
17
155
97
169
28
164
106
159
16
157
128
101
42
34
46
114
35
132
172
32
20
198
122
105
169
160
155
164
175
30
164
113
108
72
74
8
27
55
15
88
53
196
200
119
14
14
159
0
69
160
103
136
0
170
148
93
196
100
133
153
94
56
6
88
114
172
186
75
48
199
9
125
44
1
165
84
93
0
14
101
37
34
164
26
98
6
69
196
68
27
17
91
9
154
180
76
30
113
105
16
125
86
171
50
62
30
174
11
153
69
86
194
21
98
44
106
151
21
59
34
74
78
75
134
61
106
1
102
33
35
171
159
88
142
11
183
26
40
0
144
82
35
6
67
142
153
22
175
138
41
75
145
183
111
45
103
140
17
113
158
155
131
170
121
160
62
30
186
96
167
93
72
178
32
73
81
164
198
76
182
157
76
162
169
18
120
94
74
198
106
133
95
68
181
69
177
187
139
81
137
10
130
191
76
83
45
93
21
198
29
199
50
66
109
76
51
142
53
86
75
71
37
133
65
88
188
187
132
192
109
19
35
203
180
192
6
95
88
187
14
133
109
60
175
120
72
16
199
164
44
86
178
145
100
58
180
58
91
78
73
50
84
51
173
76
77
176
94
81
17
201
179
87
108
175
97
76
29
109
177
197
177
29
15
86
198
148
114
26
164
57
115
179
196
55
53
14
160
121
28
58
154
108
51
16
166
147
158
27
33
120
97
160
19
195
180
107
31
47
55
156
107
18
170
122
24
68
133
70
162
199
15
195
168
52
50
36
153
189
185
3
165
199
195
65
123
58
100
35
97
5
187
74
86
201
198
128
97
138
98
188
7
6
195
36
165
18
7
192
1
177
64
17
25
49
48
153
15
11
58
195
70
192
36
109
44
133
19
30
144
110
194
88
1
5
146
82
148
155
10
153
146
59
57
127
23
195
196
28
44
148
176
137
86
27
118
33
39
50
39
31
1
169
86
154
16
171
101
173
149
140
185
14
43
16
75
198
185
0
18
36
137
112
87
159
32
65
184
185
26
26
109
158
194
202
183
53
189
59
110
156
152
112
199
20
136
198
25
28
184
55
179
163
114
135
113
37
100
149
117
73
70
123
14
168
106
133
15
196
167
51
137
37
28
24
186
176
199
5
148
188
81
176
198
57
57
48
110
186
82
105
16
93
152
167
81
159
49
49
87
36
10
109
75
76
68
152
108
104
75
62
33
85
88
107
151
67
142
78
121
187
168
50
124
35
168
144
11
140
154
147
30
40
9
91
163
3
85
3
37
37
45
6
6
167
21
195
55
143
10
175
183
167
58
195
33
99
85
59
12
80
196
157
100
11
168
148
191
152
170
128
26
187
35
11
162
114
182
20
53
155
102
186
18
26
36
1
16
102
199
172
147
119
139
111
198
34
119
76
3
22
169
65
172
2
157
58
167
40
129
59
119
133
48
141
29
51
194
72
105
171
109
23
1
46
148
97
148
26
97
81
128
106
200
88
199
143
20
186
99
198
81
163
36
51
16
56
120
154
62
176
96
37
41
157
12
103
27
68
54
198
69
30
115
48
32
103
34
30
5
2
1
162
200
32
180
44
18
91
99
26
55
131
167
30
49
62
159
144
30
103
86
169
187
187
193
177
132
21
12
30
14
88
53
152
76
167
44
178
31
107
149
160
81
137
16
120
21
49
44
172
120
1
202
100
146
33
87
24
120
78
30
44
186
180
30
32
160
131
161
81
174
169
122
51
40
51
155
106
169
121
49
26
168
35
1
142
104
32
179
190
177
30
174
165
30
38
172
191
17
132
121
95
144
175
198
171
63
49
162
11
114
188
155
148
70
30
11
49
104
84
122
196
47
22
49
43
4
132
152
29
187
148
154
117
195
92
109
12
19
142
73
199
61
196
180
79
38
103
159
20
27
120
5
1
198
80
154
162
187
149
68
147
138
160
83
113
201
196
85
120
177
109
175
154
23
195
44
157
139
93
26
15
14
119
81
125
58
14
170
132
90
74
139
186
169
49
35
162
158
200
56
12
88
135
175
67
97
172
38
12
195
168
122
136
178
69
135
126
87
14
37
198
186
180
164
124
53
98
195
162
12
27
75
47
21
112
153
105
18
29
148
107
16
16
159
69
72
62
69
169
71
54
121
70
178
130
35
178
44
93
118
40
196
76
188
141
111
157
61
4
56
156
178
164
179
56
154
187
72
196
94
167
2
86
177
26
93
33
38
39
50
162
183
69
29
74
21
91
149
147
192
175
100
185
127
99
156
195
95
166
173
183
61
109
138
80
194
178
14
141
22
122
176
194
75
109
154
28
175
67
147
178
186
88
72
133
4
109
17
93
157
19
15
126
136
174
121
8
103
162
160
74
173
125
82
4
169
72
115
127
79
20
119
33
154
38
177
135
33
9
18
178
100
163
146
44
33
35
148
170
126
11
101
143
4
44
3
99
180
199
15
199
176
109
1
36
135
91
164
51
152
87
9
56
81
49
45
196
195
53
178
46
96
22
196
87
47
169
32
50
180
6
175
11
51
15
195
23
173
72
49
201
157
25
47
103
74
74
86
160
60
15
10
77
73
86
27
177
185
4
49
197
72
107
162
117
42
88
7
17
203
116
179
195
171
74
159
66
168
11
6
191
53
135
146
117
9
2
19
147
188
40
170
115
89
18
49
202
109
4
3
95
142
143
155
128
183
152
1
172
168
20
81
40
97
55
109
3
108
180
124
128
76
17
55
30
18
109
94
199
147
113
35
188
177
43
74
87
148
26
192
2
39
43
132
174
182
119
85
34
162
175
69
185
85
63
167
74
37
49
17
140
179
70
64
30
22
44
122
121
75
84
137
162
33
158
125
94
21
174
93
87
186
37
78
89
22
124
148
186
99
17
170
191
59
198
181
118
31
91
87
37
26
29
185
10
85
175
39
127
195
5
199
14
58
196
162
66
111
128
77
75
192
74
107
93
99
158
169
115
158
194
193
178
177
181
36
55
47
77
68
51
142
68
178
52
178
44
62
46
195
42
169
172
14
68
73
40
39
60
177
105
72
196
29
122
55
17
88
196
81
195
2
99
180
39
74
1
146
174
59
133
119
75
36
168
56
176
44
38
147
19
172
163
122
131
192
33
67
142
93
123
60
41
69
195
47
129
160
9
193
100
107
100
85
88
93
175
50
20
199
88
102
175
33
45
201
189
153
169
178
20
51
140
179
160
109
121
156
175
98
30
45
129
136
119
75
46
116
76
105
35
96
4
30
81
163
145
6
97
35
30
183
23
114
15
139
86
45
31
6
116
195
101
0
75
20
198
17
133
17
122
133
187
14
28
6
115
69
148
26
55
97
61
2
127
81
36
87
186
162
178
11
145
195
18
56
91
43
81
25
33
172
46
148
191
45
126
35
2
110
120
189
117
180
36
109
107
97
122
88
168
53
9
61
70
122
86
8
33
92
132
140
73
106
76
74
33
169
42
190
11
154
94
150
143
11
99
119
98
163
85
44
121
24
36
88
116
191
18
98
49
13
50
44
199
35
11
26
143
166
154
12
128
16
11
14
53
106
193
101
199
196
172
56
168
32
114
108
76
93
155
182
100
74
30
2
153
188
78
119
49
65
180
14
59
38
69
17
72
196
195
77
28
157
60
88
66
11
5
123
12
110
146
178
64
86
135
75
175
182
39
152
76
188
39
147
160
53
96
148
184
50
174
30
177
109
117
39
174
28
91
89
160
85
88
72
37
143
91
174
72
83
199
88
188
181
167
53
199
148
143
33
186
66
76
91
46
108
88
37
62
99
127
152
66
167
133
172
120
67
39
67
179
153
33
138
188
70
69
122
4
39
86
54
75
178
44
135
175
138
163
153
109
132
130
179
22
47
10
183
110
37
178
131
153
178
79
98
99
109
81
76
196
55
196
30
49
116
57
16
76
2
169
172
30
33
149
34
13
190
180
142
11
1
92
122
147
197
188
143
28
18
93
188
121
63
32
176
68
74
15
74
30
153
76
140
84
172
28
123
189
98
164
44
147
21
172
93
130
167
34
180
115
193
11
146
169
170
18
188
156
126
63
71
35
140
62
182
12
95
9
151
11
162
157
136
70
162
2
121
1
164
187
191
186
185
86
193
185
121
162
180
187
172
195
87
138
188
140
201
165
30
44
94
159
149
169
115
51
147
180
94
139
93
20
128
41
155
33
182
107
30
145
76
1
109
188
196
31
54
35
192
78
4
178
167
72
87
173
188
29
98
113
184
131
128
1
100
196
76
59
145
76
124
6
100
189
170
148
67
171
15
185
94
65
106
29
94
87
103
139
172
174
163
123
198
169
37
124
26
163
167
62
166
69
11
141
67
80
44
11
92
51
98
80
49
118
138
187
103
109
177
192
94
9
30
176
44
80
197
113
109
77
180
96
201
113
34
35
54
101
186
136
15
128
81
132
145
107
36
166
42
174
96
74
129
81
163
8
127
84
89
194
51
23
34
143
18
158
76
99
120
70
33
36
11
130
96
130
172
198
34
1
196
204
37
195
18
125
59
143
148
110
200
148
67
87
46
17
195
87
85
6
39
119
129
135
62
186
9
37
130
61
163
68
77
107
70
50
119
179
149
87
85
88
148
81
198
93
139
75
128
125
40
164
128
58
50
104
56
193
60
75
66
133
9
80
42
59
59
81
82
178
81
135
128
152
42
153
39
130
81
137
147
147
194
10
11
188
14
125
56
121
107
154
94
125
17
141
134
33
187
104
73
197
86
0
129
180
68
178
30
75
16
162
189
134
179
25
188
14
136
14
30
3
124
175
18
93
185
22
203
56
29
74
76
26
89
186
17
108
169
31
41
140
45
2
55
174
160
109
67
38
117
79
150
199
190
127
72
178
166
151
42
32
120
47
26
158
35
66
98
198
171
30
132
167
179
135
39
120
177
87
195
75
156
105
50
178
18
90
185
38
27
20
57
101
201
88
127
14
138
142
114
200
113
85
160
77
127
109
148
24
21
109
67
159
175
18
175
152
132
147
147
117
18
188
62
178
109
128
160
177
44
180
17
135
178
186
74
97
52
17
126
99
131
150
196
135
53
100
138
57
199
146
176
76
200
10
30
98
20
117
50
202
87
27
124
145
161
177
86
194
59
147
6
78
99
132
140
163
150
105
102
168
132
110
28
164
55
72
107
43
16
112
50
56
18
138
198
27
168
147
80
111
12
28
160
160
24
64
118
119
145
130
156
43
29
203
85
56
114
18
92
109
88
133
188
70
71
162
76
183
35
135
75
40
76
116
86
180
149
53
152
50
22
171
185
67
56
11
11
137
141
32
38
56
90
112
35
93
3
58
11
18
96
16
177
109
35
98
158
163
115
74
174
34
83
176
176
21
195
91
69
87
74
18
175
113
74
111
92
44
21
44
62
100
35
58
4
109
28
21
63
111
117
95
75
82
169
173
2
64
148
58
185
4
41
67
177
116
171
167
130
17
146
64
117
34
37
27
1
6
47
167
16
23
195
156
55
195
116
147
155
159
44
7
80
67
167
121
17
133
155
152
46
0
61
87
188
199
9
14
86
159
143
107
85
62
169
188
162
200
91
20
120
178
74
113
42
98
75
186
140
178
129
119
64
152
18
50
194
64
40
93
13
85
176
74
198
196
97
173
32
162
46
74
176
63
116
194
106
38
2
130
98
72
107
138
178
85
18
196
62
199
199
70
1
133
119
11
50
35
189
165
12
143
194
123
183
91
58
90
151
47
74
13
117
92
152
12
118
71
169
1
198
88
87
70
176
20
5
31
181
17
14
83
70
132
152
83
169
153
141
91
109
14
81
75
78
23
25
32
183
30
69
183
171
50
33
199
190
103
128
95
62
132
187
48
16
130
128
188
106
152
173
127
148
100
129
166
184
61
24
188
39
106
51
40
167
72
1
196
137
59
38
92
133
155
187
189
186
56
137
134
30
101
137
61
108
74
2
197
56
107
38
28
15
120
114
163
75
183
180
192
7
142
33
114
63
84
49
178
195
18
134
75
134
86
203
94
188
157
103
149
178
174
121
196
82
76
122
124
121
37
133
0
93
109
106
132
3
11
44
51
50
113
29
146
85
194
85
196
1
36
11
142
163
14
117
176
153
5
186
6
155
193
42
99
81
104
121
93
53
87
108
166
146
174
18
141
99
49
88
200
87
115
36
128
1
51
198
63
186
4
58
100
1
198
7
37
135
89
91
14
36
53
199
143
22
88
9
142
196
122
160
25
20
109
70
16
46
132
124
167
103
12
12
190
161
197
107
80
61
35
91
147
160
204
4
81
36
76
68
137
148
116
58
42
115
186
161
29
128
160
84
191
134
3
130
170
49
62
169
153
86
47
18
33
22
91
62
44
104
167
35
146
11
199
79
26
98
81
97
64
171
59
11
132
175
38
77
62
144
128
179
175
169
167
127
45
139
167
170
165
36
149
178
47
177
156
87
153
4
152
84
153
114
39
112
76
18
69
43
70
72
143
0
176
18
62
6
49
119
107
38
87
196
133
139
9
138
116
0
152
48
26
23
98
112
42
148
188
95
106
113
149
120
18
93
148
26
148
150
86
144
159
107
36
86
172
17
54
180
73
158
50
137
199
49
57
140
44
47
113
111
82
30
56
47
33
39
14
80
159
174
195
120
121
31
80
1
190
49
122
99
78
196
195
162
185
18
83
121
18
39
46
111
1
98
15
108
164
93
148
72
105
56
179
41
158
80
158
71
46
1
15
17
165
148
68
113
87
178
69
148
132
74
111
170
97
135
68
116
185
53
42
30
153
158
74
21
181
1
62
138
114
172
93
137
19
94
198
86
72
113
138
6
64
18
93
104
105
21
134
64
4
186
125
26
197
11
198
87
109
98
69
76
0
4
95
87
188
103
182
49
15
74
85
131
164
195
20
12
8
4
172
39
153
39
86
17
3
172
127
20
13
56
165
108
113
137
103
163
107
33
153
30
150
68
187
95
198
85
174
172
28
116
85
75
61
97
60
119
53
34
74
85
150
79
181
171
126
40
157
124
4
126
68
95
195
110
136
19
174
184
109
181
98
13
2
154
24
70
93
87
133
179
51
74
20
83
159
175
74
93
76
139
178
204
106
155
177
33
149
180
36
122
93
53
124
140
97
1
163
122
5
92
93
68
6
103
23
149
26
183
25
67
26
4
93
75
111
33
40
178
160
98
18
176
119
131
172
130
160
121
17
155
35
125
200
141
199
81
137
125
19
174
183
131
55
164
27
12
29
12
36
93
85
125
166
21
199
68
204
29
203
175
154
199
93
204
6
152
38
107
77
186
113
111
125
175
159
51
128
134
179
139
32
9
202
66
44
26
22
29
34
181
61
195
194
55
153
6
178
14
147
76
33
71
182
85
199
33
97
174
55
8
198
68
88
78
199
193
193
44
48
33
22
145
15
204
122
56
7
44
11
94
47
132
167
53
134
122
160
138
148
62
198
23
86
146
171
114
88
196
187
83
72
186
152
77
174
148
157
138
178
196
2
72
153
76
71
44
9
182
166
103
147
125
145
37
152
45
204
3
125
13
15
31
47
153
188
75
83
148
11
179
76
153
182
104
1
40
181
114
11
195
172
164
0
98
185
15
18
45
33
44
169
65
187
148
185
37
186
6
156
148
135
63
132
33
112
164
29
145
22
0
42
22
40
183
11
10
171
101
66
194
22
120
158
160
196
161
92
85
176
17
72
139
17
164
16
172
132
153
181
17
158
197
184
185
6
85
1
81
177
120
62
112
11
15
187
111
8
109
54
120
49
7
84
52
185
44
195
12
95
40
11
175
175
175
157
164
3
174
65
35
110
44
107
178
153
13
43
15
178
80
46
122
139
15
51
135
184
81
105
86
11
22
36
35
126
135
8
26
21
132
88
83
186
98
137
143
167
115
199
87
99
108
81
21
74
26
118
147
195
47
56
31
107
75
4
69
17
123
183
103
171
101
28
109
83
153
33
150
32
4
74
6
176
35
121
26
71
68
183
119
188
73
154
176
74
2
168
121
110
27
128
167
85
194
68
103
128
40
59
69
129
121
11
85
18
178
25
58
13
162
52
31
30
131
157
1
189
45
80
108
93
95
53
53
131
167
87
11
186
124
139
162
131
91
170
64
56
153
201
33
85
83
123
161
175
152
68
16
139
16
76
120
189
191
86
68
76
171
160
29
12
44
121
18
35
177
138
34
57
182
53
147
171
128
176
0
108
69
41
50
144
149
42
33
163
110
61
34
187
95
87
32
155
68
59
16
101
188
114
140
175
147
49
29
47
69
109
168
180
41
159
158
85
201
35
123
11
27
24
16
139
51
74
137
187
165
148
34
136
130
73
91
162
121
14
160
131
195
71
164
161
0
61
104
63
82
187
24
178
169
200
92
199
119
188
12
42
45
179
110
94
153
33
55
128
137
91
97
64
31
159
81
35
85
39
76
66
1
17
198
196
75
12
162
34
0
189
174
1
159
144
56
74
113
170
109
88
98
199
113
125
127
57
135
22
152
12
171
31
175
30
123
185
44
161
53
138
23
8
91
164
187
81
107
44
132
106
50
67
106
28
10
113
98
11
68
74
117
18
72
70
58
11
71
8
133
188
30
85
61
6
74
88
57
74
109
98
117
21
100
4
97
107
121
188
69
164
204
76
175
60
198
171
142
173
106
81
37
148
154
121
116
62
30
137
86
186
45
172
121
153
21
152
178
105
145
174
132
42
117
30
48
119
69
188
147
202
33
49
155
18
26
47
69
180
23
195
185
1
56
90
100
40
56
66
172
195
85
139
164
46
2
0
197
33
9
45
85
189
18
62
180
124
2
88
28
86
45
128
35
135
179
179
14
24
125
107
39
40
153
143
96
17
55
33
13
22
96
176
149
148
134
106
188
45
175
155
204
18
27
107
96
27
86
39
81
17
170
86
132
16
93
7
175
26
109
191
187
86
26
87
127
102
37
69
86
21
186
94
153
42
39
195
138
29
74
172
169
161
37
120
36
33
106
54
74
185
49
175
112
41
198
164
61
76
90
173
92
138
33
4
4
118
195
1
107
79
81
147
148
113
38
132
163
174
127
201
81
48
128
112
177
51
91
188
47
59
32
62
1
6
73
130
34
56
94
27
174
196
105
122
26
75
138
199
159
16
0
97
41
196
106
159
136
30
152
153
115
92
85
73
31
58
28
27
23
131
143
67
158
153
57
57
161
62
111
82
68
18
72
196
163
179
179
186
103
198
152
176
100
152
106
15
37
62
85
113
181
55
130
169
15
97
67
85
6
55
0
190
145
35
146
43
27
79
75
175
74
203
135
12
14
90
56
172
96
32
147
94
199
189
62
17
53
15
24
113
186
56
56
91
14
109
153
4
148
188
85
128
143
18
110
18
3
196
155
163
202
75
12
4
138
95
157
99
88
45
165
76
153
163
19
167
153
29
178
11
101
63
191
21
1
79
132
27
174
103
172
173
64
66
33
182
99
198
50
178
59
154
79
62
120
135
95
134
109
31
1
163
85
14
106
111
85
66
46
51
42
62
83
175
80
100
6
23
28
93
112
55
39
176
86
67
84
173
197
112
100
151
38
49
123
28
196
53
28
195
198
30
167
139
162
186
30
124
178
128
54
64
195
45
86
20
85
118
135
197
38
86
163
84
160
176
80
170
34
98
26
188
42
85
28
77
116
28
160
128
124
78
44
15
22
36
38
122
4
40
170
178
53
130
155
186
119
8
9
95
195
167
14
16
176
93
68
33
98
50
75
174
56
105
7
99
98
70
87
176
180
196
180
91
32
169
166
29
37
29
193
4
88
196
148
91
113
109
93
78
141
87
107
101
39
55
154
90
87
5
55
138
179
121
68
74
58
40
75
127
186
195
183
146
81
32
138
176
12
14
125
0
51
175
138
40
130
194
51
71
62
172
183
50
178
57
21
186
97
45
109
22
152
98
44
138
40
198
10
50
98
69
86
67
142
79
47
61
31
9
199
117
22
45
108
163
5
83
22
160
47
50
39
148
14
72
91
154
2
1
50
153
15
69
22
180
47
199
176
198
143
12
27
67
125
26
109
121
97
4
167
16
109
75
72
124
74
124
157
198
103
79
9
148
15
104
74
16
152
178
188
122
148
187
85
178
88
61
33
199
117
167
39
196
163
73
62
25
111
48
124
153
59
11
165
46
104
30
111
156
82
174
174
51
100
18
128
198
95
156
175
187
44
11
114
94
64
65
171
81
22
119
85
56
87
33
77
196
97
25
175
12
1
154
138
135
76
70
11
164
148
7
11
168
50
127
93
201
154
196
165
103
164
29
177
68
42
23
114
133
40
49
72
76
23
143
107
179
53
159
148
21
120
158
186
1
147
86
68
47
189
41
74
124
67
142
116
39
190
46
1
166
117
120
87
148
32
57
102
88
49
163
148
55
177
81
163
186
132
93
35
17
56
78
86
128
198
153
26
135
157
73
88
173
167
130
98
76
56
23
69
35
81
119
22
119
40
51
11
169
196
6
130
133
59
18
177
127
51
1
117
169
31
132
16
10
112
64
75
11
122
36
76
153
131
31
161
202
147
49
191
155
198
112
203
72
76
69
124
87
87
9
147
192
70
111
162
33
62
143
97
69
35
157
197
34
95
153
30
140
58
128
198
157
196
28
102
60
14
26
23
131
18
81
176
167
119
11
51
186
84
127
164
87
7
94
152
202
130
31
196
187
82
28
58
52
152
127
110
78
199
153
32
15
35
20
138
85
67
30
178
194
151
169
57
132
42
18
155
22
62
9
83
44
172
28
69
172
39
139
56
87
50
170
115
39
155
168
1
169
37
29
117
87
110
74
58
1
111
199
32
32
73
87
138
59
68
61
28
78
81
73
91
199
62
154
75
28
174
174
158
194
38
18
58
86
49
36
152
138
35
93
82
80
4
9
127
14
153
120
165
168
104
86
143
39
68
30
69
69
57
87
22
178
148
180
81
69
197
176
107
124
25
192
167
171
42
152
6
3
163
147
36
177
183
174
162
100
133
196
57
135
87
130
107
75
121
35
35
113
144
68
55
32
146
16
152
89
98
56
44
42
179
35
132
35
0
28
133
158
40
9
38
183
22
180
91
177
195
56
69
74
173
33
82
30
204
87
194
179
22
178
80
175
159
150
33
85
179
162
98
181
1
121
19
148
97
144
40
169
133
159
145
81
198
187
18
163
164
67
32
95
162
38
199
138
83
42
172
12
94
112
105
169
25
51
178
109
160
138
81
21
135
30
56
170
50
122
9
67
131
152
156
141
169
107
204
35
153
18
20
188
130
182
25
158
91
201
68
116
88
148
14
189
184
121
198
118
48
180
131
87
17
179
0
11
74
63
152
119
35
170
116
45
75
192
46
152
22
64
160
86
194
188
186
33
179
3
154
50
194
167
13
131
77
147
64
139
54
34
86
174
199
35
78
187
158
129
185
90
178
76
74
47
122
76
183
11
121
26
60
188
20
183
75
150
196
31
29
7
106
159
95
113
199
178
53
35
172
34
35
135
127
197
44
105
39
53
48
87
111
167
33
172
188
27
14
175
35
97
16
98
163
49
67
30
176
1
135
141
176
204
72
98
176
122
28
2
2
97
172
72
100
11
185
177
150
178
195
120
48
168
128
106
98
198
38
33
91
52
120
46
65
42
132
149
56
41
98
11
51
119
99
176
42
190
61
74
86
93
145
87
124
72
187
97
62
93
109
29
108
184
24
39
178
86
118
171
177
77
32
75
48
77
157
196
187
160
16
59
125
121
80
93
132
159
159
116
107
32
42
159
29
70
82
34
18
62
93
89
58
87
152
30
163
20
114
30
29
33
59
131
149
85
106
74
107
74
49
166
117
148
14
30
68
126
27
72
177
119
14
135
11
72
11
135
162
40
167
174
22
26
107
96
174
4
198
94
33
61
65
194
185
152
72
11
45
12
130
40
12
40
103
30
178
6
124
133
119
33
44
41
57
32
175
42
38
57
114
108
168
33
56
104
200
24
181
83
154
81
9
148
57
62
65
76
55
194
159
116
47
20
15
33
173
187
56
125
30
15
132
44
187
33
136
112
90
85
96
153
44
120
148
188
75
73
155
87
180
56
22
109
115
152
4
45
140
169
27
138
196
13
31
86
43
22
120
199
48
109
98
26
128
49
86
131
20
138
14
86
122
180
127
132
28
49
96
50
71
81
103
1
178
144
100
38
150
152
75
4
143
198
157
159
202
53
123
10
138
132
195
118
105
103
79
42
84
75
115
95
58
171
13
9
101
9
74
68
174
142
37
93
152
180
127
4
113
125
170
92
43
14
39
4
86
57
42
21
14
174
122
128
97
149
105
53
156
139
39
169
11
26
64
22
77
157
129
153
96
9
168
74
81
147
147
159
16
55
170
135
51
85
86
17
25
34
183
19
147
196
85
11
23
61
7
48
11
68
3
116
57
185
188
150
44
20
159
87
75
131
174
111
137
1
17
54
97
91
157
193
36
103
66
100
164
148
99
159
53
138
42
178
197
0
45
193
52
141
87
53
56
122
93
91
185
49
172
38
68
106
17
121
168
94
160
183
130
91
22
160
22
72
89
195
163
20
74
56
0
196
171
44
146
1
0
193
199
38
68
107
64
86
30
126
59
40
57
144
57
14
50
50
15
9
148
5
188
85
31
19
59
87
53
122
132
39
87
20
119
199
145
4
23
11
4
79
98
122
137
86
188
200
187
81
123
74
98
183
81
30
71
54
14
56
39
188
23
22
17
180
119
105
75
6
31
150
94
1
17
101
117
70
97
13
129
53
28
174
49
93
56
88
35
29
39
97
108
81
147
85
162
178
139
105
68
186
117
81
80
80
196
36
81
76
153
169
35
137
173
5
18
24
165
173
175
153
51
158
109
53
87
116
6
133
178
141
40
85
192
173
107
125
125
199
4
187
46
15
122
41
153
49
119
15
50
60
18
108
8
196
2
63
56
51
168
47
77
14
133
135
13
21
163
121
87
186
187
109
193
42
93
195
35
150
1
32
122
21
166
127
148
114
126
180
85
107
60
81
161
198
161
155
148
64
18
49
70
187
181
132
77
51
58
181
123
126
30
152
75
1
136
178
0
12
5
22
75
167
85
14
165
169
15
4
125
157
121
68
162
187
117
148
25
68
39
0
51
70
77
62
137
174
37
49
25
16
166
185
130
117
3
45
21
153
147
1
88
179
173
131
12
26
167
91
68
57
199
5
70
133
73
17
40
35
68
184
172
56
109
173
26
94
29
170
204
151
49
147
199
107
197
128
87
143
6
28
18
131
89
163
93
172
110
186
165
72
75
92
109
63
28
45
139
121
184
134
181
71
30
76
174
5
81
44
58
9
168
89
59
105
113
85
177
85
51
117
178
33
165
45
35
2
99
12
162
78
160
105
90
192
50
116
138
85
12
46
91
18
146
187
172
26
58
107
133
15
147
169
56
171
109
92
74
121
100
38
155
51
26
10
2
161
30
38
168
154
97
37
101
163
49
120
35
51
96
4
175
53
103
53
163
173
103
140
165
138
195
157
81
169
74
44
76
61
91
79
165
14
166
40
40
24
147
138
170
151
152
128
146
160
179
34
35
188
150
109
14
100
47
51
116
154
91
74
4
202
148
31
7
64
67
137
148
50
15
133
27
35
116
51
101
122
55
190
22
37
56
75
172
30
170
153
51
6
196
120
121
195
22
15
72
159
175
116
45
187
159
110
97
42
86
156
55
86
147
4
30
30
33
121
196
163
114
44
11
128
50
17
28
139
84
75
151
108
131
197
163
81
185
14
167
46
158
31
78
162
51
140
115
74
200
159
22
91
198
96
188
119
61
17
17
200
112
44
72
128
19
69
30
178
174
65
19
61
197
156
66
130
22
57
14
186
62
36
117
62
109
6
189
50
49
165
160
107
190
114
103
83
103
97
132
167
83
28
164
4
105
79
135
38
159
102
172
34
122
28
140
121
94
151
135
51
86
93
37
14
183
127
128
42
14
30
61
122
18
6
196
26
9
204
27
150
117
100
199
64
164
133
131
126
132
140
164
196
66
178
33
17
142
28
191
8
176
188
139
135
1
3
199
148
188
61
77
87
104
36
164
123
162
174
170
72
153
163
154
24
69
48
157
93
188
135
55
130
183
75
173
116
35
4
52
21
32
198
185
75
13
186
107
107
81
28
56
150
75
134
181
150
42
40
152
69
103
120
159
32
81
38
177
35
45
199
76
181
14
15
141
125
20
50
150
138
138
64
68
180
121
188
85
86
68
144
59
188
91
30
61
172
147
177
174
51
174
81
202
196
44
163
122
132
104
14
4
11
14
96
87
148
22
162
200
14
193
93
81
148
137
35
198
28
78
80
131
189
128
176
99
135
190
103
129
