1000 9735 0
98 192 200 228 252 379 387 549 697 775 882 897 920 966 446 578 650 657 856 947 
23 44 58 99 123 206 222 224 245 302 307 462 516 560 567 576 588 589 800 808 880 922 988 77 94 124 147 168 205 334 611 773 996 
41 194 209 233 250 378 472 548 649 752 864 944 99 177 239 882 
21 83 110 116 155 157 182 189 215 330 339 416 445 497 498 577 616 826 853 868 873 913 987 23 176 264 404 500 611 619 682 703 829 885 
17 29 105 125 133 225 255 261 411 428 442 483 542 591 601 682 731 791 834 844 845 850 876 41 260 477 480 507 514 519 612 719 
75 77 246 251 297 455 563 612 739 792 841 939 145 427 653 705 
101 117 147 201 381 430 470 527 571 574 732 761 769 779 884 926 52 86 496 497 572 823 
13 19 138 262 271 371 372 443 456 496 540 642 869 947 250 272 337 519 722 784 885 
48 139 169 459 492 701 849 356 641 827 
322 535 600 617 629 636 699 912 916 130 428 464 792 967 
14 68 310 698 784 797 967 452 514 750 
64 115 174 236 238 241 258 404 421 593 620 780 109 200 713 735 946 987 
8 27 65 107 138 193 456 461 496 611 622 637 652 656 678 691 706 760 799 918 919 975 1000 22 41 56 239 349 392 442 513 613 901 907 
11 68 204 306 310 325 332 479 523 698 733 784 827 909 976 76 89 390 431 651 690 783 
27 107 167 181 352 371 431 552 622 663 664 668 678 746 759 831 848 863 869 30 89 320 435 475 483 579 813 949 
42 159 179 292 314 357 424 425 778 787 900 903 983 996 192 322 323 599 725 997 
5 261 601 627 680 731 844 943 999 45 84 139 666 694 
31 53 59 87 128 199 298 323 328 341 380 385 388 415 448 473 494 507 526 590 606 690 883 938 945 971 986 989 990 203 244 280 295 322 463 563 632 644 655 725 859 970 
8 27 36 46 107 124 181 277 417 461 554 668 678 848 71 216 416 425 536 756 925 
89 203 320 365 534 708 803 910 45 223 329 512 
4 143 145 284 296 343 351 391 586 729 738 801 873 913 957 972 23 66 198 241 275 867 914 963 
41 56 233 472 477 519 599 634 644 716 944 991 13 101 182 424 471 774 
2 99 222 390 560 567 808 880 988 4 21 318 417 785 
111 131 285 301 407 491 544 696 929 401 415 495 535 
73 89 129 196 203 260 320 365 412 436 467 562 677 708 763 785 803 978 339 363 368 392 447 650 811 842 856 
73 203 260 436 534 708 785 851 276 560 806 972 
19 13 15 167 181 371 402 438 443 458 461 604 611 630 678 684 799 831 869 41 143 228 288 430 455 464 498 842 
69 109 139 164 168 172 202 240 329 366 370 418 463 464 492 505 513 651 654 701 707 823 849 908 924 949 953 979 29 232 290 345 423 474 555 592 822 876 990 
5 105 120 130 133 255 261 308 395 411 442 483 490 528 542 591 601 627 635 680 682 731 740 791 818 834 844 845 850 876 943 999 28 164 191 229 317 381 500 559 720 736 758 967 978 
52 195 299 333 342 437 657 694 751 756 813 15 357 507 817 918 
18 59 108 223 253 448 473 484 494 507 690 715 886 992 159 242 614 673 697 952 
67 113 141 305 324 353 363 409 468 478 748 750 753 765 798 819 984 87 769 775 799 817 900 944 994 
371 431 611 622 684 770 975 304 511 565 983 
213 244 247 318 408 501 517 720 754 783 815 109 144 258 329 862 
68 306 310 784 797 967 976 543 935 1000 
19 107 537 608 637 642 947 336 606 671 909 
329 464 492 513 580 582 701 823 849 67 161 191 542 668 
165 205 420 451 536 650 669 672 687 725 806 829 885 977 255 297 442 561 690 974 
184 214 449 489 629 699 758 813 951 62 595 605 732 990 
194 234 488 634 644 713 832 65 277 666 
22 3 60 66 185 194 378 423 427 472 519 548 559 610 619 628 644 649 658 713 716 804 878 904 905 928 931 991 993 997 5 27 13 52 67 340 394 395 398 702 770 851 887 972 
16 175 239 283 292 313 314 357 377 386 424 425 482 558 613 711 778 805 824 854 900 903 982 983 996 187 191 219 372 376 505 506 547 725 822 967 990 
98 177 200 257 281 387 541 565 671 697 744 920 966 107 197 244 292 588 851 
2 99 123 206 224 302 307 384 389 390 462 516 567 576 588 598 800 808 880 922 942 955 252 318 339 375 383 463 784 807 842 861 
102 290 345 376 440 447 512 583 745 781 825 17 20 208 248 
19 348 426 456 540 630 642 706 947 423 515 649 824 
113 121 141 363 468 603 964 208 713 829 
9 76 230 459 651 906 998 120 681 971 
113 121 454 520 748 753 765 856 984 375 807 941 
84 88 136 205 300 304 321 392 451 536 638 669 672 687 725 806 810 829 865 877 885 93 349 439 518 519 618 630 733 858 997 
244 247 318 433 501 720 783 599 761 883 973 
30 86 184 190 299 322 355 444 495 500 502 515 629 699 813 820 933 7 41 231 236 563 696 890 918 
18 128 298 323 441 570 817 285 426 929 
81 111 285 286 301 499 522 544 736 862 893 116 325 560 634 804 915 
139 230 272 293 399 464 486 513 581 651 823 849 908 998 223 442 628 698 733 
22 60 66 173 194 393 477 559 610 713 752 832 889 905 928 931 13 254 260 620 675 715 926 
197 219 382 401 413 416 498 586 738 891 235 288 414 784 892 
2 99 206 560 576 808 955 695 836 912 
31 18 128 323 341 388 473 507 550 938 989 250 470 552 595 894 
56 41 142 166 176 250 378 427 472 488 559 644 713 889 904 944 991 993 138 154 178 184 454 498 500 652 679 
306 364 479 698 784 797 976 324 413 441 
98 177 228 257 387 521 615 655 667 671 697 887 963 39 68 551 601 732 996 
184 190 195 437 695 757 858 491 797 904 
12 115 174 241 273 404 421 471 593 620 780 101 131 430 443 517 670 
13 167 271 334 371 410 426 469 540 622 869 947 975 1000 40 202 209 235 472 583 763 
41 56 406 472 559 626 634 644 658 713 864 928 21 316 536 697 750 794 
32 113 141 216 324 468 765 41 37 641 927 
14 35 11 95 152 153 204 218 221 232 306 310 317 325 332 364 422 479 480 523 698 733 772 784 797 827 909 967 976 994 62 74 281 295 387 413 576 617 678 740 872 925 933 961 
28 168 198 230 329 367 370 399 464 486 581 633 707 727 949 979 350 471 530 601 657 744 960 977 
96 159 278 397 425 466 983 375 663 896 
98 200 379 565 697 882 966 19 377 429 696 
378 393 423 427 439 519 626 648 676 752 901 921 178 201 401 636 678 765 
25 26 89 320 709 803 851 139 615 788 
118 388 484 494 564 807 986 68 182 218 657 
6 77 246 297 455 618 703 792 828 151 300 355 374 921 
48 256 329 418 459 463 492 581 701 953 14 180 288 646 678 
75 6 119 246 251 289 297 455 563 618 703 766 792 841 930 939 2 431 678 807 831 873 970 
85 110 157 182 183 219 237 391 498 569 577 586 625 710 726 738 749 774 801 868 946 265 329 390 573 725 809 813 876 
221 306 364 784 797 967 976 359 391 793 891 
161 337 470 529 662 914 926 167 486 954 
54 111 131 285 286 301 475 499 530 736 776 862 893 929 253 494 549 731 761 849 911 
191 276 372 555 572 770 917 285 366 379 712 
4 145 339 375 774 822 826 842 369 519 520 548 
50 91 136 170 267 300 304 451 536 650 672 687 693 725 806 810 829 877 977 17 92 290 568 826 932 980 
78 182 197 227 339 382 391 413 416 498 531 539 547 586 597 607 646 749 774 788 811 822 836 842 868 894 923 957 962 972 98 195 340 454 513 533 608 768 796 816 841 993 
52 208 220 299 319 355 489 500 538 592 600 617 657 666 670 789 875 951 958 969 985 7 94 158 341 372 388 461 850 927 
18 248 419 473 484 526 728 807 986 32 169 280 427 
50 103 304 536 669 672 687 195 796 858 
73 25 20 129 196 259 260 320 349 365 412 434 436 467 534 562 673 679 704 708 709 785 803 839 851 936 978 15 14 199 202 211 488 501 520 558 587 896 976 
157 330 339 539 586 826 868 96 322 372 
84 304 392 420 451 536 650 669 672 725 885 93 113 183 445 511 754 
96 140 159 239 386 397 425 558 735 773 778 854 900 903 982 983 84 339 431 501 617 803 
174 236 241 258 373 566 620 780 835 50 91 139 519 727 
160 235 345 435 440 447 512 514 518 583 665 767 825 830 852 871 2 86 243 456 737 783 784 991 
68 317 325 368 784 797 976 108 286 329 400 
70 92 313 397 424 558 613 743 778 812 824 900 903 981 982 983 90 121 191 447 617 699 928 
117 122 161 226 450 470 529 571 574 795 926 932 263 397 454 663 766 958 
71 62 1 43 177 192 200 252 295 358 379 405 508 541 549 565 615 621 655 667 697 881 887 963 966 85 215 219 313 462 700 717 799 827 912 975 
23 44 2 58 123 206 222 224 245 302 462 516 560 567 576 588 598 800 808 880 922 942 988 3 177 416 480 557 674 817 842 848 
107 124 181 316 371 417 540 622 642 688 974 224 558 610 967 
7 122 337 527 556 571 732 761 890 914 940 64 22 404 735 739 869 
45 282 290 435 503 745 948 108 117 297 
88 212 304 392 638 650 672 687 806 865 885 118 150 409 507 867 992 
244 280 433 501 517 705 783 176 307 671 
5 29 133 483 601 731 844 139 466 586 
113 156 324 353 409 468 573 723 750 765 984 715 902 946 966 991 
36 15 19 13 100 124 138 151 167 191 262 271 276 348 371 372 555 611 642 652 656 678 759 831 870 917 918 975 43 131 156 206 328 341 513 769 821 873 897 
31 118 128 223 298 328 341 446 476 507 526 883 989 102 95 160 592 658 677 
28 139 169 202 230 240 254 293 311 329 346 370 459 486 524 581 609 632 633 701 727 747 814 849 906 908 979 998 34 12 115 158 163 275 335 413 615 739 766 947 
78 4 268 284 481 962 972 688 753 803 
54 81 24 131 285 301 407 499 522 696 776 816 862 893 438 700 752 882 955 962 981 
231 337 340 430 470 527 914 259 408 648 867 
67 49 106 32 47 121 127 141 156 216 242 291 324 353 354 360 409 454 468 478 487 520 573 712 723 753 765 798 819 821 856 879 984 91 124 181 393 580 668 726 746 778 784 814 891 925 991 993 
121 291 324 363 468 645 712 765 819 274 310 381 606 
64 12 258 273 383 421 620 762 874 109 165 562 611 
4 143 189 375 543 586 738 811 957 54 240 688 705 
7 97 326 381 465 529 571 574 732 769 779 914 915 935 102 157 576 592 756 787 
108 74 312 388 415 473 507 564 741 103 139 496 626 834 
77 246 289 297 563 618 703 730 739 766 939 123 231 773 862 
29 442 601 627 635 682 844 855 48 251 611 846 
114 49 113 47 141 216 242 291 324 363 468 478 520 573 645 753 765 771 798 819 964 96 430 461 783 897 931 941 994 
97 101 340 381 556 574 641 761 857 914 940 139 214 655 801 949 
99 44 2 206 307 462 560 567 576 598 808 880 942 955 119 436 646 665 670 727 
19 100 107 181 275 276 309 426 431 438 642 664 688 796 918 947 1000 113 2 427 580 726 778 844 983 
5 225 308 411 442 542 591 601 627 840 250 654 676 908 976 
155 157 375 413 416 586 801 836 913 180 301 617 720 735 
113 242 354 360 363 798 964 320 628 910 993 
59 53 18 108 312 380 388 419 473 690 728 807 883 959 301 322 489 642 929 950 976 
25 89 203 436 624 737 763 174 733 958 
29 255 442 542 601 627 680 791 844 850 10 152 180 497 995 
81 111 24 285 286 301 491 522 696 717 776 816 862 893 929 64 107 211 230 293 381 627 
282 290 400 447 514 724 794 830 837 500 656 850 884 
105 29 5 308 411 428 442 483 528 601 627 635 682 731 740 791 818 834 844 850 943 241 401 448 466 481 569 581 669 857 
161 294 470 529 553 556 641 647 662 732 761 769 890 220 472 537 688 736 905 
244 247 398 501 517 720 815 853 913 918 
50 84 170 205 304 536 638 672 687 725 977 214 374 619 678 987 
154 200 252 281 379 549 697 744 661 776 899 924 
107 8 13 276 279 371 414 443 461 493 555 622 637 688 691 796 869 870 888 918 919 952 1000 60 187 190 234 408 534 646 713 797 844 
109 28 9 55 172 202 293 329 367 370 459 486 492 513 581 582 651 849 953 122 17 118 93 73 105 194 478 487 
92 283 314 357 424 425 452 453 466 482 558 613 702 743 764 773 778 787 812 982 996 221 254 388 390 421 429 604 895 960 
113 121 47 32 67 216 242 360 603 712 765 771 821 984 361 408 470 772 813 830 
60 423 599 619 644 804 838 889 901 925 931 293 534 791 897 
21 116 375 401 504 726 738 801 894 27 373 786 823 939 
255 395 428 442 601 635 844 845 34 462 724 780 
83 21 391 401 738 913 957 6 340 560 688 
203 259 260 412 534 673 803 609 637 937 
7 150 337 381 430 465 574 761 795 884 2 257 504 731 972 
246 270 455 703 730 739 766 792 828 192 365 658 681 
365 412 679 708 763 785 803 851 346 443 506 587 
147 231 269 381 470 527 585 674 761 769 884 103 224 500 567 745 898 
107 193 276 456 642 656 846 975 75 666 790 986 
68 204 218 306 317 325 350 368 479 797 967 976 130 388 398 426 
68 310 317 364 479 698 784 797 902 967 976 542 738 816 817 958 
137 200 281 295 379 508 565 697 882 60 194 454 516 809 
126 4 162 219 330 339 343 375 445 594 726 868 972 187 370 484 667 973 992 
106 113 363 478 510 771 821 107 393 958 
78 90 126 4 197 268 296 330 351 416 497 543 578 594 625 646 726 801 811 826 868 895 934 117 207 223 251 393 515 647 713 816 
213 244 247 280 287 394 398 408 433 485 501 517 681 705 720 783 109 86 196 265 354 914 
70 16 92 466 787 900 983 31 657 679 
94 163 235 266 282 435 447 503 518 583 665 755 861 948 108 275 408 433 887 917 
80 97 134 269 288 294 381 430 732 884 914 37 208 783 873 902 907 
155 416 531 547 710 729 749 521 731 815 
160 290 435 665 767 794 861 871 948 109 601 874 
28 202 418 524 580 581 651 906 908 924 953 998 29 200 679 720 
38 304 451 638 687 693 725 115 186 411 
60 173 209 477 548 644 659 768 921 230 449 625 835 
65 27 15 107 191 352 426 493 552 639 663 706 848 917 80 208 422 532 567 690 795 
69 28 172 293 370 505 513 609 632 654 683 701 823 998 2 301 375 549 843 850 
109 9 187 230 293 311 366 370 463 747 906 949 953 87 255 365 498 506 888 
84 136 420 451 614 672 687 348 521 957 
219 577 586 594 607 801 842 250 314 395 785 
28 168 139 486 492 924 998 413 672 746 
166 56 176 194 229 393 423 474 477 548 628 634 644 648 649 676 689 804 860 898 904 921 928 954 968 991 993 997 197 313 337 338 457 485 592 657 697 780 812 857 916 
12 93 64 236 238 241 258 273 336 373 383 404 471 620 835 874 129 426 534 693 752 794 
42 283 424 613 773 805 950 983 996 193 412 441 814 
60 173 427 519 545 559 634 864 928 4 104 448 829 903 
43 62 98 192 200 207 228 243 281 405 549 595 615 655 697 722 782 881 882 966 99 3 194 337 338 394 770 935 951 
328 484 507 807 817 886 945 72 60 180 
16 397 482 778 812 900 983 594 618 813 
427 439 472 474 519 545 551 626 628 689 790 804 896 898 931 991 126 178 130 76 196 503 637 932 
15 100 27 124 19 277 402 410 414 493 533 540 555 663 678 863 869 1000 113 208 282 503 505 596 614 987 
4 78 85 330 413 569 578 586 594 646 842 872 891 987 74 22 218 302 320 385 798 
78 227 578 616 726 822 868 91 540 552 793 
39 63 52 190 195 214 319 322 344 355 362 374 437 449 460 489 500 502 515 538 592 600 670 695 786 813 847 858 875 907 958 985 60 206 335 420 543 549 656 713 753 849 864 865 957 967 
41 427 472 474 548 626 644 297 459 969 
194 551 559 644 689 904 997 165 337 726 736 
169 329 459 505 513 632 823 849 924 949 42 155 138 358 947 
190 220 374 460 502 858 866 916 958 352 479 795 881 974 
4 116 219 237 274 330 416 497 504 532 543 586 710 726 774 811 826 853 946 256 353 357 392 472 718 765 882 916 
184 188 52 63 195 217 249 299 322 374 500 546 600 657 694 695 751 786 789 813 875 941 958 969 138 229 373 522 725 761 797 823 862 879 880 
167 107 82 348 372 456 533 540 554 555 604 637 642 656 668 692 700 721 770 793 919 947 973 29 37 96 42 195 403 573 689 849 861 875 
177 1 98 200 295 379 508 595 655 671 697 881 882 887 920 966 148 16 237 280 606 699 853 986 
151 13 611 637 656 678 760 175 305 500 931 
186 173 40 41 3 56 233 234 393 406 427 472 599 619 626 689 713 716 860 904 921 928 954 960 997 177 139 154 302 317 507 685 715 808 824 969 995 
30 63 184 190 214 220 355 362 495 509 535 623 657 695 757 809 858 907 912 941 969 970 85 88 191 199 221 282 284 732 792 906 
89 25 260 534 624 679 785 158 180 270 470 
57 157 85 330 339 375 401 497 586 607 726 822 895 957 173 43 626 627 816 988 
69 230 367 370 459 524 633 21 321 530 
18 223 328 356 388 484 507 195 89 363 913 
98 177 43 137 154 192 1 71 207 243 252 257 295 358 379 387 508 521 541 549 565 621 655 667 697 722 782 867 881 882 887 897 920 963 966 164 12 286 302 318 375 393 394 489 499 695 774 868 941 
7 303 430 574 769 779 795 72 385 393 
28 164 139 109 230 254 329 346 367 463 464 581 654 683 727 823 849 949 953 979 998 89 65 330 391 409 638 760 794 803 
146 26 129 25 20 260 320 412 434 467 534 562 624 677 708 737 763 785 803 851 936 18 306 357 555 594 670 696 742 812 
152 68 14 368 479 784 797 827 976 253 293 576 
50 136 38 300 321 451 650 672 687 725 806 829 885 977 2 217 330 423 454 675 
44 58 2 99 123 245 302 462 560 567 589 800 808 955 107 184 672 687 692 902 
177 200 379 405 595 621 882 157 223 801 916 
86 214 322 344 362 437 444 502 657 670 699 756 847 899 47 181 161 167 45 
3 166 427 644 676 804 991 997 65 815 818 831 
213 244 247 394 398 433 501 681 783 234 269 808 860 
214 220 362 538 670 699 958 131 89 780 
103 300 451 672 687 725 829 330 336 527 729 
34 210 158 244 247 280 318 338 394 398 408 501 517 525 681 705 783 334 436 511 539 658 771 798 998 
211 195 208 184 39 217 319 362 495 502 511 515 546 600 657 670 699 809 813 907 912 958 970 122 136 477 503 572 577 729 807 830 849 978 
4 416 498 597 801 853 873 98 329 402 701 
113 121 67 141 324 454 468 478 573 723 753 765 856 19 289 539 646 661 691 
214 190 327 355 437 500 509 538 657 661 685 695 756 758 809 875 899 907 912 916 951 205 351 383 550 642 665 697 726 749 
68 152 325 479 698 733 772 784 797 967 976 74 182 600 911 
57 189 155 171 78 296 330 401 497 569 597 625 822 842 895 957 42 98 439 458 499 550 709 752 
188 211 86 195 319 333 362 437 444 449 460 515 535 592 600 640 657 661 670 695 699 734 758 847 912 916 969 970 134 239 304 363 364 464 498 589 714 784 798 906 
79 68 306 368 479 733 784 797 827 967 976 140 195 420 450 544 683 
2 99 23 516 567 598 808 386 604 900 
31 199 108 253 312 328 331 341 388 415 484 494 507 526 550 570 579 606 690 715 741 807 817 843 945 971 986 990 157 55 20 207 304 348 413 523 539 569 758 797 836 
44 2 99 567 576 598 808 100 150 570 
125 5 428 601 627 844 850 458 708 856 906 
97 294 465 470 761 914 926 304 374 678 
85 183 375 577 594 726 946 477 655 966 982 
62 1 177 257 295 379 405 508 565 621 655 667 671 697 744 867 882 966 27 240 329 607 644 838 900 950 994 
173 427 488 559 634 644 901 190 29 833 
202 198 69 55 48 109 169 254 256 293 329 346 370 418 486 492 505 524 581 632 707 906 949 953 979 166 131 247 262 410 437 507 678 684 744 
112 150 288 303 337 340 369 470 553 556 561 571 662 761 884 926 52 119 323 324 456 559 742 
68 306 325 368 479 797 967 28 406 765 
3 22 194 406 472 474 477 488 626 790 944 317 772 806 875 957 
194 40 378 474 519 644 676 838 944 210 138 276 
94 160 282 400 435 440 447 503 583 714 724 794 825 830 837 871 57 65 474 530 569 953 
12 174 93 241 258 404 471 593 620 52 296 521 547 961 
78 189 416 586 726 729 774 788 822 895 972 192 475 555 980 
12 174 241 258 336 421 471 620 589 592 882 965 
42 92 743 778 812 900 983 220 13 3 
28 109 254 524 823 953 965 228 116 605 672 
93 12 174 236 238 64 258 373 404 471 566 593 620 780 21 133 435 488 533 578 
127 141 113 121 305 324 354 409 487 573 750 753 765 798 821 856 31 295 484 547 681 858 
200 177 295 379 565 782 920 94 374 519 610 
51 158 104 135 213 210 34 247 280 318 394 396 398 408 433 485 501 506 517 681 720 742 783 802 815 859 911 18 43 301 441 461 531 584 690 748 817 901 948 
2 99 206 389 567 808 922 486 594 765 
77 6 119 148 75 251 270 289 297 455 563 612 618 703 730 739 766 792 828 841 930 939 956 402 479 575 706 883 911 915 991 998 
244 34 213 210 51 158 135 280 287 318 394 396 398 408 433 485 501 506 517 681 705 720 742 783 802 815 859 911 230 322 366 414 442 472 524 619 659 695 769 898 947 
87 380 484 690 807 959 986 992 45 459 672 803 
190 263 437 511 515 592 617 847 969 409 769 955 
60 3 393 423 427 477 610 713 864 878 889 901 928 931 125 59 171 8 298 386 399 
246 77 6 297 455 703 730 739 766 792 828 841 930 956 157 120 307 584 687 809 
98 137 1 200 257 541 621 667 697 881 882 887 897 966 44 433 480 497 853 921 952 
31 223 507 526 715 807 986 81 204 438 452 
240 202 109 230 256 293 329 370 418 505 513 581 651 747 849 908 924 953 998 140 56 417 426 476 557 754 766 830 
29 130 5 144 395 442 483 528 601 627 680 740 844 850 855 876 169 38 415 429 541 644 
254 76 230 272 492 823 849 953 979 189 722 997 
252 228 200 43 62 295 379 508 521 621 667 882 897 966 147 298 319 494 658 659 738 
236 12 174 241 115 238 93 273 336 373 383 404 471 566 593 780 835 874 34 310 344 391 500 561 600 607 883 
89 146 260 320 436 785 803 112 282 296 337 
196 89 146 25 259 203 26 436 534 562 624 677 737 785 803 839 910 978 5 56 431 470 587 824 844 896 998 
5 17 29 442 490 528 844 465 503 687 
107 8 431 496 652 688 975 230 477 596 874 
249 509 629 695 699 757 907 933 969 97 398 609 797 852 
280 318 398 433 501 783 802 4 465 953 
340 450 527 553 585 914 915 937 78 158 293 699 
160 282 435 568 665 767 861 574 594 748 
84 451 536 650 669 672 687 725 829 885 359 368 445 571 950 
110 157 330 351 359 375 391 539 822 873 962 281 329 370 761 
161 150 337 369 381 450 470 527 556 584 660 732 914 937 210 362 783 807 808 965 985 
246 148 612 703 730 739 766 792 196 726 863 953 
107 65 8 540 622 642 973 385 650 966 
256 55 311 329 346 367 399 459 492 505 524 581 654 701 727 823 924 953 979 8 455 669 689 743 759 919 
174 115 64 258 404 421 471 780 473 594 667 680 
189 330 375 498 569 596 972 114 610 743 970 
124 438 622 656 746 796 917 918 109 160 21 795 
107 151 138 82 124 371 410 456 461 555 611 663 668 688 721 793 952 26 234 472 503 527 638 702 984 
19 181 352 431 443 540 918 947 1000 40 845 861 908 914 
70 283 313 386 424 453 812 900 983 533 535 954 
138 540 605 639 678 691 759 863 356 479 565 788 
247 244 264 213 158 104 318 338 394 398 408 433 501 506 517 681 705 720 783 802 815 859 911 192 87 18 372 462 508 606 814 855 968 
154 43 177 137 295 387 595 621 697 881 882 897 963 966 68 268 583 687 721 756 829 
266 235 102 132 160 290 345 376 435 447 503 512 514 518 568 583 714 718 745 755 767 781 794 830 837 861 871 948 995 259 195 181 295 344 379 449 481 527 563 655 978 1000 
140 175 42 278 314 778 805 854 900 983 365 565 807 827 928 
110 21 296 391 646 811 972 195 398 918 
111 54 131 81 24 286 407 475 491 499 522 530 544 696 776 816 862 893 53 82 295 339 527 547 593 642 824 
81 54 131 285 407 544 696 776 862 95 200 438 594 907 
247 158 318 396 408 433 501 754 783 378 527 757 997 
231 161 294 303 326 527 529 556 561 571 574 584 641 660 761 769 795 884 890 914 935 27 76 57 355 491 495 638 651 704 996 
246 77 119 563 739 792 930 216 300 340 912 
163 102 282 132 45 447 512 714 745 781 861 995 84 28 430 471 862 990 
121 114 113 363 723 765 984 330 429 568 
42 16 313 314 397 452 773 778 43 436 584 594 
169 168 139 254 230 109 55 329 370 486 505 581 632 701 707 727 924 953 204 131 142 265 500 687 716 948 
161 226 134 288 303 369 403 527 574 769 926 935 399 633 635 904 
192 243 228 257 154 98 200 281 379 387 405 565 621 655 667 671 697 719 744 775 782 881 882 963 966 285 18 68 242 282 312 472 586 626 851 914 
219 284 21 157 351 416 586 646 923 259 236 545 831 
246 6 77 119 251 75 455 563 612 618 703 730 739 766 828 841 38 185 102 404 527 661 
18 108 53 388 473 526 564 590 606 715 817 886 990 992 257 250 439 490 665 852 872 
52 86 190 30 319 444 502 535 538 600 657 661 675 757 809 907 306 358 416 559 678 840 855 966 
212 84 205 50 321 536 614 687 725 810 885 75 289 627 657 
111 131 81 24 54 475 491 522 696 717 736 862 168 128 126 244 411 507 
2 99 44 206 307 462 516 567 576 880 955 194 200 182 361 393 936 
231 201 288 294 335 337 584 761 769 320 330 353 
84 88 50 136 165 91 103 392 420 451 536 631 638 650 672 725 806 829 33 220 223 226 581 585 763 797 862 
242 32 353 363 409 468 478 520 712 765 798 856 964 984 193 374 488 606 657 761 
35 68 79 61 152 14 221 232 310 317 325 364 422 479 480 523 733 784 797 827 967 976 994 299 203 374 448 482 516 647 714 946 
302 2 123 44 462 560 567 589 808 251 104 333 367 878 
29 133 125 411 428 483 528 362 390 802 828 
124 493 555 678 721 760 848 918 975 506 879 945 982 
306 14 68 153 35 11 325 733 784 967 976 258 114 416 649 
109 169 272 329 346 949 998 347 538 566 
128 118 223 328 341 385 448 570 807 817 886 295 478 553 621 669 827 
96 42 278 292 397 711 778 805 983 173 98 510 697 804 
140 42 16 292 283 357 397 424 466 482 558 613 702 743 778 787 812 824 854 900 903 950 961 982 983 171 340 382 393 553 649 739 746 751 763 
390 462 516 560 567 598 808 783 908 939 971 
100 348 493 496 642 688 793 66 942 991 
306 152 153 68 95 350 479 733 772 797 976 233 194 29 577 763 
247 244 280 213 34 51 287 264 338 394 396 398 408 433 485 501 506 525 681 705 720 754 783 802 859 23 200 44 370 372 397 635 686 733 811 906 
299 220 86 214 184 322 362 437 449 495 538 629 640 916 257 400 622 701 740 920 
203 20 25 73 259 89 349 412 457 534 624 673 677 679 708 709 763 785 803 851 910 182 15 127 303 505 538 738 783 861 
205 50 300 650 672 725 806 829 198 360 727 748 
52 184 208 190 10 319 344 355 437 500 515 546 617 657 695 757 833 912 916 941 958 128 18 90 247 16 387 497 681 963 
18 59 53 388 446 484 494 526 886 16 231 726 734 801 
113 67 32 216 114 121 106 242 354 363 454 468 478 487 520 573 603 645 723 750 765 771 798 819 821 856 984 61 231 326 369 470 501 538 543 580 624 764 957 
68 310 14 218 152 95 306 232 332 350 422 479 480 523 733 772 784 797 827 902 909 967 976 980 54 437 546 601 708 723 726 727 732 873 966 
117 288 369 450 465 470 574 662 732 932 324 713 845 
217 342 515 657 666 866 941 522 651 738 949 
223 108 199 312 178 18 380 385 507 526 579 945 107 506 525 581 828 958 
109 37 293 28 230 254 311 187 272 76 139 69 202 370 418 459 464 492 513 524 580 581 632 654 701 727 747 823 849 906 908 949 953 965 998 95 268 78 20 215 228 34 427 471 477 536 541 559 583 923 
90 268 182 189 274 219 4 157 155 197 375 391 481 497 539 577 578 607 726 729 749 801 826 842 868 872 891 894 934 946 972 987 291 212 303 205 202 331 461 503 562 725 740 926 928 955 
223 388 473 728 817 945 986 330 424 437 991 
325 14 68 784 797 967 976 382 493 592 
220 30 374 509 657 847 907 912 969 307 531 663 891 
65 371 372 410 438 458 572 656 691 746 863 918 2 213 454 620 665 903 
303 381 430 556 574 660 884 914 184 109 631 637 
258 238 174 404 421 471 762 780 874 212 36 949 
112 303 147 269 231 101 80 340 347 369 381 527 556 571 584 641 647 914 937 177 8 173 186 259 387 411 689 845 
318 280 213 408 433 501 720 173 177 934 
4 155 85 90 197 83 539 547 710 726 729 873 934 957 987 44 285 92 25 526 628 976 
122 337 231 112 265 381 430 465 470 527 553 571 574 585 647 674 761 769 914 926 932 314 85 145 289 41 367 965 976 989 
108 223 18 312 59 356 415 550 971 986 86 107 544 
30 327 500 515 617 643 813 907 958 622 974 990 
155 21 375 416 445 594 738 826 868 872 873 352 434 501 600 797 971 
184 208 322 500 592 899 912 958 282 258 351 410 
45 94 282 583 724 794 830 852 995 28 495 759 958 
202 230 311 109 272 370 486 505 965 149 417 751 
337 381 403 527 761 892 915 926 940 311 416 588 798 
107 46 316 191 426 604 652 678 746 846 952 223 170 747 855 894 900 
89 320 677 704 708 785 803 978 50 13 616 619 
152 325 317 479 480 797 976 69 538 877 
21 268 296 157 594 596 801 826 895 217 344 456 967 
15 167 277 469 554 642 759 760 793 869 947 343 188 451 614 991 
113 305 32 106 360 363 771 984 303 189 785 874 
242 324 127 113 510 765 856 158 657 672 820 
322 217 52 195 86 184 489 500 509 511 657 907 958 985 288 75 418 450 624 727 979 
341 199 388 448 473 507 715 279 9 540 
42 140 16 314 386 558 854 900 983 30 203 189 586 775 
200 98 379 541 881 882 299 187 403 425 652 
268 375 481 531 569 577 596 788 801 842 972 267 79 437 936 
353 127 141 113 468 478 765 321 482 672 
378 548 648 804 896 931 997 302 141 665 
214 211 208 184 319 195 220 495 661 833 907 308 269 586 612 
324 121 32 156 305 114 47 353 127 291 409 454 468 478 487 573 645 712 748 750 753 765 771 798 819 821 856 879 964 984 220 199 25 381 424 537 540 577 595 669 672 799 847 890 
306 68 153 61 79 479 784 797 976 220 396 584 745 756 
25 149 20 89 434 534 677 679 704 708 763 785 803 839 936 283 148 169 849 869 895 926 
169 28 370 580 823 906 953 82 247 738 802 
272 139 69 202 198 399 701 814 849 949 307 340 649 713 939 
95 221 204 232 152 479 698 733 784 797 967 976 980 267 25 370 582 626 706 
269 294 326 231 337 450 527 571 574 660 732 761 769 926 324 83 487 525 710 877 
346 168 139 109 366 28 230 329 169 293 198 254 69 486 513 581 633 651 701 727 823 849 906 908 949 953 965 998 268 368 155 318 383 396 498 626 664 685 689 785 
276 100 27 8 334 15 33 65 138 107 372 431 443 461 540 552 572 611 622 642 663 688 700 869 1000 398 534 606 634 777 818 868 893 926 934 949 
371 82 334 8 107 191 410 414 438 493 688 691 793 918 947 952 280 42 318 86 90 708 925 
241 93 174 258 404 620 780 835 874 190 143 492 524 738 
184 190 188 333 444 489 509 629 695 757 813 833 916 933 75 305 226 306 243 136 999 
126 268 330 197 343 274 116 155 227 83 359 143 382 401 413 416 497 498 539 547 577 594 616 646 726 738 822 836 853 868 923 946 957 972 987 200 49 44 70 168 436 526 561 565 677 707 905 915 969 983 
282 45 447 503 714 837 861 42 422 540 556 
42 386 854 903 950 983 996 71 678 777 850 
72 41 361 234 3 60 393 406 423 427 472 474 477 628 634 689 713 896 898 931 960 287 499 662 699 778 825 847 963 
137 295 154 192 207 200 98 358 228 71 243 257 1 405 521 557 565 595 615 655 667 697 719 722 775 782 882 887 897 920 963 966 282 82 413 433 499 524 531 555 607 619 801 837 972 983 
328 18 248 128 388 507 526 634 650 800 
147 7 340 161 337 150 335 347 122 117 269 430 450 465 470 527 561 574 584 732 761 795 914 932 940 29 131 363 114 423 734 756 759 844 912 979 
85 57 375 543 594 801 972 332 314 984 
115 258 174 471 566 620 780 874 44 370 217 624 
44 462 560 567 589 880 922 493 548 647 726 
18 312 328 476 606 690 990 201 271 182 
42 278 377 92 357 397 702 250 222 409 913 
62 295 43 1 200 281 549 595 615 667 671 697 722 881 882 887 966 322 337 68 390 407 477 662 813 
380 118 74 59 356 323 298 223 331 199 18 128 441 446 476 484 507 526 550 690 807 843 945 971 986 989 990 992 140 152 86 402 427 574 626 695 763 795 829 928 966 
245 44 390 462 560 589 598 800 808 922 942 712 793 951 958 967 
23 44 315 389 462 560 808 955 988 140 14 387 78 308 
21 78 85 145 268 330 284 586 594 597 646 738 777 822 202 258 79 459 628 647 
103 50 91 304 614 672 806 829 25 189 13 528 
72 173 194 378 250 56 439 474 519 548 587 619 626 659 768 896 921 960 993 113 314 200 156 201 157 302 683 932 
247 318 213 280 244 158 210 398 408 433 501 506 517 681 720 783 802 911 200 41 177 424 524 622 684 700 
29 255 144 411 483 528 542 601 627 635 680 731 740 791 818 855 41 171 404 410 554 714 935 
244 247 287 318 408 433 501 506 517 525 705 783 802 364 370 447 567 710 
96 70 292 313 314 92 179 386 900 903 981 318 97 470 586 709 818 
247 244 318 394 280 264 158 213 210 135 408 433 485 501 681 720 783 802 815 284 152 263 41 371 617 756 893 952 
69 55 367 272 463 505 524 633 651 654 701 747 908 979 250 294 461 477 479 
235 132 435 447 514 665 718 794 871 95 319 885 896 
375 145 219 57 197 143 531 577 594 726 801 811 842 913 24 133 72 479 645 657 
27 181 554 572 605 678 770 388 215 246 
294 347 430 465 470 571 574 358 191 766 
236 174 64 258 12 336 273 241 373 421 471 566 620 762 835 874 4 297 395 101 589 757 
177 207 379 228 295 98 671 697 882 472 532 623 846 
194 233 378 66 427 474 477 599 644 659 676 993 232 536 542 564 
285 286 24 111 522 717 736 776 816 862 929 387 477 536 591 761 907 
247 244 318 280 398 394 213 34 158 396 287 338 433 501 506 517 681 705 742 754 783 802 815 138 112 141 160 594 611 672 683 984 
305 242 363 113 32 106 468 520 765 202 249 386 103 522 
372 276 334 65 181 443 456 533 642 678 770 846 917 947 344 230 395 505 812 983 
29 5 308 125 395 133 442 483 601 682 844 301 165 337 804 882 937 
149 320 25 89 203 146 436 534 562 708 785 803 851 936 175 538 761 829 965 982 988 
126 182 375 85 57 504 531 586 594 607 625 738 774 777 788 801 826 868 946 957 972 223 172 379 61 68 109 418 435 475 968 
138 181 372 461 537 652 846 247 57 486 
118 341 223 18 473 570 579 606 715 807 971 986 24 255 442 460 500 827 
375 189 4 237 126 85 343 157 162 296 215 57 445 481 497 532 539 547 569 577 586 594 646 726 738 822 946 957 299 310 19 347 99 450 612 644 657 671 733 951 998 
19 100 431 622 639 642 831 346 23 254 607 
28 329 254 230 164 76 524 651 707 906 355 413 507 
128 87 446 484 690 807 990 474 839 887 985 
38 304 91 170 614 638 672 687 725 829 865 221 184 586 777 
273 336 64 404 238 115 12 566 620 762 140 464 554 570 889 
68 306 325 733 784 797 976 167 376 534 
142 250 173 378 41 72 477 676 752 790 896 898 927 991 993 997 205 381 46 28 505 947 
16 42 175 96 314 140 278 425 452 482 558 711 743 764 778 805 812 900 950 981 982 983 363 394 22 331 433 455 663 739 759 989 
424 140 42 92 70 16 453 558 812 900 950 358 19 494 760 
348 65 46 124 167 456 554 605 611 642 706 760 863 919 952 973 254 53 174 152 624 679 687 699 
72 229 41 250 378 185 406 194 176 209 60 180 432 439 474 477 488 519 587 619 626 628 634 676 713 896 904 927 928 991 993 388 87 329 124 6 478 479 589 597 674 680 906 933 998 
308 144 5 133 225 483 601 627 731 10 596 628 869 917 
553 641 662 761 914 926 932 71 291 140 255 
112 147 201 335 381 7 403 340 161 450 465 470 527 571 574 662 674 761 769 795 884 914 926 932 935 290 27 64 121 461 618 644 665 699 823 
15 124 262 277 371 417 33 438 469 552 611 639 668 678 688 700 759 799 846 869 1000 260 92 14 77 470 797 912 982 
427 545 619 716 832 901 904 931 954 968 997 480 537 870 967 
247 244 318 280 408 338 398 394 104 158 210 287 396 51 264 485 501 506 517 525 681 705 720 742 754 783 802 815 859 911 424 160 379 252 435 450 611 629 695 734 890 914 
89 203 365 785 803 910 978 343 646 944 
400 282 160 102 266 163 235 94 440 447 503 514 518 568 583 665 714 718 794 830 852 861 871 948 995 413 241 15 433 444 486 574 607 799 847 
129 260 26 412 89 259 25 534 624 708 785 803 851 292 123 213 375 648 950 
319 63 184 220 30 322 208 217 249 444 489 495 500 515 617 623 661 670 685 751 756 757 786 813 820 847 907 912 933 958 985 230 325 359 331 540 560 594 650 662 674 807 842 937 976 
431 275 27 372 124 334 496 611 652 111 253 286 472 723 
180 393 427 72 474 587 628 634 659 752 860 901 921 928 960 991 993 298 219 50 766 803 885 916 979 
45 94 435 235 503 583 665 714 794 540 556 780 829 
388 53 484 507 590 938 971 244 175 61 586 
120 133 261 144 411 255 5 130 29 125 483 490 601 627 635 680 791 844 845 855 876 943 55 38 247 415 13 460 549 629 807 847 
371 138 27 8 410 277 622 799 947 149 64 597 665 932 
220 437 374 52 208 299 489 500 509 515 907 933 435 475 496 697 720 869 
4 343 416 155 481 497 547 594 891 895 923 91 267 720 991 
419 388 323 108 606 989 990 1 509 519 
282 94 290 400 132 160 376 45 435 235 503 583 665 794 871 948 96 25 396 856 910 954 
312 31 18 356 476 715 986 306 133 176 562 
319 220 184 39 500 643 685 751 916 282 166 599 
369 381 269 97 265 326 430 527 571 647 660 662 761 769 355 433 416 221 691 882 952 
50 38 84 212 91 170 205 304 267 165 536 602 614 631 650 672 687 725 806 829 865 877 885 352 480 547 644 777 823 831 864 929 992 
424 292 140 743 778 812 824 900 903 253 11 459 640 
278 425 140 482 764 824 982 996 554 585 739 802 
363 324 49 113 216 468 510 603 645 712 748 753 765 771 821 879 984 85 154 334 97 205 60 802 875 
246 77 148 75 6 251 297 563 612 703 730 739 766 792 956 424 27 272 705 881 906 960 
8 410 46 276 426 13 151 191 461 572 608 611 622 642 652 664 678 691 692 759 760 799 917 973 974 231 351 94 473 492 548 574 623 757 771 809 868 
320 534 562 679 704 708 803 851 173 465 665 726 
334 27 608 622 639 759 793 799 1000 219 225 900 984 
76 187 272 329 9 139 48 109 198 492 524 908 391 248 185 452 567 886 
220 188 184 657 685 699 756 442 415 526 722 
276 371 414 19 138 27 456 13 540 555 639 700 706 848 869 870 975 330 430 399 244 121 86 524 627 
2 99 302 123 315 389 384 307 206 390 44 516 560 567 589 808 942 955 988 98 144 280 555 615 714 877 928 991 
202 76 399 28 169 492 632 651 908 949 953 979 44 18 672 717 801 879 
69 329 55 37 28 202 492 609 701 814 906 10 27 220 421 571 951 
326 430 117 403 147 226 340 381 470 529 571 647 660 769 857 884 914 932 261 457 264 596 627 694 768 901 
314 159 140 70 764 812 982 105 133 680 962 
89 203 25 677 708 785 803 590 635 788 
113 363 114 47 32 216 324 305 454 121 106 409 67 360 478 487 510 520 573 603 712 753 765 798 964 984 508 515 714 738 766 803 837 841 858 868 871 970 
65 431 352 678 688 919 974 825 829 972 
430 80 340 7 231 112 403 150 326 269 97 465 134 381 226 527 571 574 584 660 662 674 769 795 884 892 914 926 932 940 324 397 431 260 196 59 141 503 621 713 886 928 
174 273 336 258 236 238 64 383 404 241 566 620 762 874 69 329 290 22 581 972 
22 60 233 41 378 3 194 66 185 180 619 628 634 644 649 659 713 790 804 864 878 896 904 921 925 944 960 968 189 65 438 405 134 247 295 276 731 737 777 798 919 
18 87 415 331 298 128 118 31 59 356 484 507 570 579 606 690 715 741 807 817 843 886 945 971 986 456 273 497 586 594 623 627 634 868 1000 
185 393 234 378 427 233 439 406 173 180 477 519 545 619 626 628 644 649 713 716 752 860 896 925 991 235 28 419 492 529 554 705 823 862 914 981 
81 285 301 653 717 862 929 444 413 237 15 
385 388 448 108 484 550 690 254 604 774 
423 250 406 427 173 56 474 166 22 233 378 488 519 559 610 626 628 644 648 658 713 838 889 896 901 904 921 931 993 997 5 387 329 227 399 407 262 214 723 769 817 985 998 
216 113 32 324 156 305 468 360 121 363 510 645 712 753 765 771 984 427 312 139 492 540 703 949 981 
364 68 325 306 152 368 61 14 218 153 350 204 317 221 232 480 523 733 772 784 797 827 902 967 976 980 994 188 246 399 401 279 427 507 568 688 726 972 987 
325 350 306 479 68 772 784 797 827 967 976 451 5 99 432 252 
110 359 330 445 416 726 777 282 133 563 
453 424 179 42 140 314 773 812 900 903 961 360 306 534 1000 
29 133 428 442 255 5 395 105 411 308 490 528 542 601 635 791 844 845 943 15 526 610 909 910 997 1000 
323 74 31 441 199 388 223 87 473 178 476 248 419 507 526 564 686 807 817 843 986 242 155 487 516 586 784 953 957 972 
433 247 244 318 398 158 501 783 815 173 585 979 
55 370 139 69 172 230 109 293 346 492 513 654 683 849 949 998 435 414 80 245 801 822 969 
324 113 363 242 468 603 712 723 369 484 139 690 
229 60 477 40 233 427 559 587 644 649 659 713 878 921 928 931 305 241 89 611 759 900 926 
39 374 184 437 86 355 444 500 509 592 623 640 661 757 789 813 820 858 907 912 200 128 528 697 720 765 784 801 946 
29 442 483 261 601 731 844 855 999 298 639 799 
285 131 301 24 499 530 544 696 736 862 63 288 507 564 878 
28 463 256 464 37 329 486 139 230 459 76 9 272 172 505 513 581 683 747 823 849 953 965 979 998 478 373 474 456 520 616 635 672 729 765 795 
181 372 138 309 316 167 611 652 678 384 332 581 
223 323 74 31 18 507 564 579 690 971 992 257 81 425 545 966 984 
362 52 437 195 214 319 515 538 600 623 643 657 756 899 912 916 288 24 345 662 908 996 
438 8 13 316 262 533 663 799 1000 444 7 118 733 907 
445 375 157 197 330 189 4 219 416 498 539 594 596 646 788 811 836 868 873 913 972 322 7 130 252 473 629 708 732 829 888 
78 4 375 215 497 57 274 85 577 738 826 891 220 370 169 60 27 761 
491 111 81 285 54 522 544 696 736 862 929 378 200 379 219 637 931 
86 444 322 184 342 190 355 437 344 449 52 489 217 509 546 592 623 657 666 675 685 695 734 756 786 789 866 875 899 941 958 970 193 415 132 258 293 60 29 4 150 519 559 769 990 
433 247 244 318 408 280 51 398 394 135 158 396 34 485 287 210 104 213 338 264 506 517 525 681 720 742 783 802 815 911 324 89 92 343 518 576 618 635 824 884 959 969 982 
184 299 208 52 188 214 734 757 916 941 958 507 567 614 698 719 807 
235 102 376 160 440 282 435 447 514 583 665 714 755 781 794 830 852 861 871 948 181 261 276 214 180 330 470 574 617 
413 143 189 625 738 822 872 147 517 952 
187 254 272 399 168 230 28 293 492 346 524 581 582 701 727 823 906 949 953 965 998 410 320 181 42 423 620 789 804 896 
408 433 244 318 247 280 501 394 396 517 525 681 705 815 328 42 309 169 149 866 
328 108 380 178 223 31 484 59 473 441 18 494 199 388 253 118 356 579 590 686 690 728 807 843 883 886 945 959 971 986 990 992 479 30 230 103 502 194 5 418 301 491 517 542 565 879 949 
192 98 200 257 228 154 655 280 468 687 
444 263 374 355 489 195 500 333 217 685 916 958 970 446 557 620 901 948 975 
454 468 354 478 156 765 879 313 661 711 
214 355 249 600 670 695 875 213 33 91 519 
290 94 282 45 665 871 995 20 567 841 
254 187 139 28 370 329 486 37 168 55 492 524 581 609 632 651 683 707 727 814 823 85 13 107 750 760 822 832 869 955 
282 132 435 400 503 94 568 583 724 861 995 5 11 548 644 738 764 
52 495 444 214 327 342 437 220 322 249 184 600 617 756 758 809 813 941 468 157 46 529 552 642 703 870 957 
302 222 44 315 462 2 99 567 576 808 880 988 154 484 306 628 876 918 
501 247 394 213 408 280 34 433 104 135 506 158 396 244 681 705 720 783 802 815 911 507 64 504 571 671 711 822 942 969 1000 
435 160 94 282 665 755 852 501 50 622 774 
176 41 234 427 72 477 22 393 474 180 545 559 626 628 648 649 659 752 768 804 864 896 901 904 928 944 960 991 997 511 5 50 83 446 93 243 8 500 541 753 796 801 
324 49 121 468 113 305 409 603 748 753 879 492 89 83 943 
62 257 200 379 595 722 782 170 162 236 904 
54 407 301 111 285 131 499 653 696 862 893 327 190 409 739 806 
325 14 479 306 68 733 784 797 902 967 976 223 750 761 806 908 933 
272 505 418 164 513 240 230 399 329 109 198 459 581 582 701 727 461 247 394 373 379 644 900 920 
213 433 318 396 506 501 720 328 369 749 844 
108 18 298 323 253 484 223 388 328 380 87 564 579 590 807 817 938 990 483 375 460 339 803 841 885 914 
470 101 381 430 265 347 269 340 337 294 7 112 450 150 288 369 556 571 574 584 647 662 674 761 769 857 892 914 935 937 297 282 285 276 212 287 655 792 805 856 903 904 963 964 
29 308 255 261 133 483 395 601 635 740 791 834 844 876 392 489 587 688 701 752 
97 117 134 288 80 465 553 584 769 795 474 515 971 
81 285 491 544 717 736 776 862 929 198 235 69 
85 401 359 413 162 539 586 594 946 987 244 333 379 
416 189 586 607 726 801 822 891 957 167 405 840 988 
410 496 191 181 611 642 759 918 1000 85 241 278 844 
89 146 320 196 436 260 412 203 26 20 365 457 562 624 673 708 737 763 785 803 839 851 910 422 142 138 174 482 371 556 699 859 
195 220 299 10 623 661 757 278 24 619 823 
84 38 136 304 50 451 300 267 88 91 631 638 650 672 687 725 806 810 877 885 977 407 406 19 329 66 639 679 779 937 
414 36 642 656 678 688 799 888 952 1000 363 432 134 674 920 
211 86 184 319 299 217 495 751 958 320 324 311 412 350 
339 268 90 330 416 375 85 531 497 586 597 607 788 801 842 873 957 213 223 216 575 799 854 892 916 
279 100 277 181 371 271 191 8 461 65 46 572 605 611 637 652 678 688 759 793 796 918 919 973 1000 440 478 183 356 363 437 376 583 613 808 979 997 
358 252 200 98 43 595 615 697 882 966 519 255 329 
130 395 29 5 483 125 601 682 840 876 406 507 153 37 823 
116 382 189 157 547 596 726 729 801 873 324 35 184 601 945 
24 286 491 530 54 499 285 653 776 816 862 221 341 562 592 611 794 
176 474 180 432 519 619 634 752 931 296 494 622 
500 214 190 322 600 640 912 325 796 892 
339 162 375 445 416 85 543 569 594 774 853 894 923 972 242 236 451 285 42 701 975 
166 393 361 41 173 185 3 626 644 659 991 83 456 514 384 696 
200 387 177 137 1 98 557 565 655 719 782 881 882 887 184 81 168 442 652 763 
223 59 476 388 341 590 990 217 219 887 902 
186 180 804 904 925 927 991 62 715 978 
15 431 167 371 611 622 668 760 59 515 183 924 
265 529 429 134 231 340 914 932 312 314 729 764 
191 352 19 402 426 604 611 622 668 759 869 918 453 395 421 474 632 808 
82 461 107 309 138 181 276 191 652 700 863 203 379 28 462 237 
527 337 269 122 288 134 231 101 335 574 674 769 892 932 534 440 376 692 709 756 784 
379 549 655 697 722 882 966 254 99 509 
357 314 92 42 140 424 96 425 702 735 773 778 981 982 983 996 100 89 567 601 834 864 905 
519 488 176 229 60 477 186 41 66 56 587 599 626 628 634 713 832 878 896 898 904 928 968 29 231 500 299 329 778 824 877 910 916 
307 2 58 462 123 206 99 389 390 384 315 23 567 576 588 589 800 808 922 955 988 26 54 145 437 619 662 765 801 862 
231 288 381 571 574 662 932 258 375 38 920 
457 412 89 203 260 25 534 679 785 803 851 910 544 115 448 330 594 681 
246 6 77 455 289 119 297 703 739 766 792 841 939 956 18 481 52 282 655 864 
494 118 526 298 484 74 570 728 741 406 491 831 
379 71 228 98 200 43 549 154 243 295 655 667 697 882 887 966 375 283 507 279 33 754 
258 241 421 383 471 93 404 593 620 311 581 857 
315 23 44 560 462 123 222 302 99 2 307 384 206 516 245 224 576 588 589 800 808 880 922 942 955 396 459 558 502 512 150 167 573 913 923 993 
282 514 266 435 665 718 724 767 948 84 291 479 623 695 
274 547 182 416 78 219 359 895 957 235 223 133 659 
564 473 312 415 223 53 686 945 224 421 636 993 
231 337 369 527 288 450 470 117 340 101 7 430 465 403 561 97 647 732 761 769 890 914 915 926 932 935 517 267 464 656 657 695 713 757 993 997 
334 371 540 402 456 82 637 678 214 7 607 963 
106 468 324 363 121 216 242 113 748 78 567 191 585 624 
122 527 369 326 288 201 294 335 147 340 7 561 117 556 97 430 470 403 381 660 761 769 779 795 892 914 915 935 266 435 503 388 456 667 681 682 733 756 785 
587 628 649 898 928 931 997 539 246 807 819 
2 567 302 44 516 99 123 224 560 58 588 800 501 68 117 204 725 969 
78 171 401 227 330 4 416 498 375 359 594 616 738 749 801 842 853 868 957 214 317 363 654 694 708 740 812 896 
157 330 183 182 777 801 957 241 1 612 896 
526 328 494 415 473 223 507 606 807 959 986 990 15 643 646 805 846 984 
164 37 329 366 581 683 823 906 953 113 124 324 776 
580 293 69 76 230 524 139 202 164 505 272 492 254 513 329 55 109 370 701 823 906 908 949 471 566 493 133 328 304 686 771 893 926 
505 524 37 139 633 823 849 368 765 868 
514 94 235 160 435 282 503 440 45 345 447 718 724 745 755 794 948 995 65 329 281 540 862 863 924 958 
303 288 269 337 527 470 381 529 641 660 674 761 769 915 251 364 292 244 635 895 
340 265 150 674 732 769 857 892 914 485 573 453 304 
182 531 78 539 126 171 21 391 237 296 416 189 90 532 85 116 57 197 413 594 597 607 646 710 726 738 801 822 868 895 934 946 441 420 473 397 484 362 357 105 295 611 730 761 953 976 
439 488 575 393 427 559 619 644 648 658 752 790 838 864 905 928 931 993 997 89 149 260 528 602 642 662 788 815 
567 44 99 2 576 560 808 347 43 655 707 
567 560 2 389 462 384 307 206 598 808 220 238 427 404 844 
550 526 18 507 298 441 690 728 883 945 971 467 683 713 875 
125 29 5 601 844 876 943 407 634 905 930 
344 220 184 86 249 489 500 617 694 695 699 813 820 847 866 916 969 544 117 108 238 173 28 332 995 
258 236 64 12 241 566 620 762 835 285 765 804 
577 351 401 157 227 497 445 531 375 586 416 155 413 182 547 171 343 382 391 596 607 616 625 726 738 749 774 801 826 836 891 895 946 562 292 245 266 273 473 408 286 437 203 179 665 715 758 813 
281 541 379 387 177 521 207 192 655 671 719 722 782 867 882 966 59 39 363 704 720 769 916 
497 543 351 359 594 274 646 428 262 465 181 
215 219 85 391 586 539 957 443 427 639 916 
389 222 99 123 44 589 224 315 808 631 737 742 882 
22 194 559 406 142 838 889 904 954 16 51 449 765 
10 220 86 190 515 214 495 511 299 184 546 675 685 813 958 969 258 343 218 602 672 822 827 
395 29 442 255 411 125 428 483 542 130 120 490 144 17 591 5 225 105 133 528 627 635 680 682 731 740 791 818 840 844 845 999 558 62 163 325 69 543 603 622 631 667 825 842 843 953 964 
451 638 672 687 725 806 829 600 587 722 785 
487 468 520 141 47 454 324 819 821 879 601 829 868 
27 554 348 191 642 668 918 476 222 140 781 
279 426 402 540 611 639 652 678 869 240 39 893 976 977 
223 298 385 18 446 473 415 579 807 938 990 192 371 280 114 305 36 
171 586 413 594 532 85 539 330 197 788 853 894 957 972 417 258 572 379 435 228 672 
36 458 456 611 639 688 770 831 918 85 830 904 
513 464 109 168 654 823 949 146 263 774 898 
41 250 477 56 838 864 927 954 993 100 243 483 274 948 
438 193 456 533 27 13 605 554 426 431 371 493 552 276 33 107 608 540 622 630 637 668 678 688 760 770 796 831 918 919 952 1000 488 4 2 408 586 120 433 544 115 614 634 699 728 901 
246 270 455 297 6 618 739 766 956 362 416 578 5 808 
140 314 96 175 42 824 983 13 540 836 
300 451 170 420 392 631 638 669 672 687 725 829 877 885 31 352 611 502 181 652 792 
62 541 177 387 379 98 966 462 73 109 
4 577 183 375 594 726 868 492 349 753 803 
592 322 437 86 342 249 515 10 623 756 866 970 503 96 68 92 398 126 
246 75 77 119 297 612 703 766 828 841 930 939 179 501 430 50 803 981 
432 472 41 393 474 427 194 545 587 142 628 634 644 648 649 658 768 790 864 889 896 921 960 560 247 379 349 136 535 4 914 970 
404 174 115 471 383 238 64 421 12 93 236 566 593 373 241 780 505 56 334 509 625 663 768 948 
98 257 252 228 281 295 207 200 697 722 782 966 312 470 944 999 
458 138 271 371 443 456 13 552 65 275 15 417 100 554 33 611 639 642 656 663 684 688 706 759 770 918 974 975 342 394 319 518 545 601 640 646 712 887 928 998 
195 489 535 500 495 437 617 640 847 907 970 405 568 456 473 
129 534 320 196 436 203 260 708 709 763 785 803 851 936 355 426 573 383 324 782 
157 594 219 78 504 413 826 872 895 166 620 797 
393 233 180 72 559 66 519 474 185 194 427 477 548 634 896 931 993 370 368 388 118 295 197 636 802 
29 395 17 442 225 120 428 255 601 130 125 133 635 818 840 844 850 943 999 300 473 461 131 465 197 725 833 990 
439 41 474 378 427 173 575 477 472 180 559 519 619 634 644 689 713 896 901 904 921 928 931 968 997 428 339 391 127 516 55 719 759 806 941 945 970 
263 319 374 52 10 39 756 907 970 433 497 442 726 778 
46 27 611 678 700 759 947 50 707 797 
304 614 536 451 672 687 806 335 601 598 739 
513 109 293 168 463 230 329 187 953 554 18 662 845 
399 109 582 370 69 198 823 849 924 294 708 882 931 960 
40 626 229 22 427 378 559 66 472 545 628 176 439 173 619 644 713 901 928 954 960 968 993 473 591 611 380 371 54 665 751 868 914 996 
395 120 601 528 627 29 144 133 483 442 731 740 834 840 844 850 943 294 318 501 584 467 492 698 977 
10 661 786 813 866 941 969 626 570 72 914 
540 36 611 191 138 193 13 572 760 796 846 947 180 499 335 146 724 928 
536 602 103 420 165 614 50 136 304 650 672 687 693 725 829 977 288 202 276 671 709 726 887 
622 458 461 167 608 431 605 279 417 642 652 759 490 597 536 800 895 969 
489 319 220 623 546 657 916 622 452 983 
288 584 122 429 134 337 660 884 926 9 67 757 785 958 
371 456 151 417 604 352 100 8 639 622 46 537 36 426 533 410 271 316 107 191 124 678 684 721 759 793 799 848 869 919 952 975 515 217 285 587 128 677 708 730 826 837 899 943 958 
495 449 342 695 809 916 958 579 882 929 
209 234 472 166 41 477 142 628 66 186 488 60 173 40 406 229 548 619 474 185 22 634 587 713 752 804 889 904 921 925 928 944 954 960 997 228 514 416 451 430 255 524 18 678 801 812 842 854 903 967 
454 324 363 478 121 114 765 819 984 401 708 725 792 
497 375 596 182 284 296 85 586 157 416 391 726 801 826 842 895 957 962 987 622 123 216 579 76 434 138 700 871 
527 571 134 337 465 450 340 761 779 795 926 940 306 391 384 157 688 876 
72 619 587 361 477 519 173 649 713 436 112 841 946 
41 474 519 472 3 173 488 619 575 648 804 864 896 997 314 367 310 46 719 769 776 
84 103 267 304 91 321 638 205 38 451 536 669 672 687 693 725 829 977 437 271 1 25 380 678 790 984 
399 139 254 164 28 418 48 370 463 55 513 908 953 965 327 14 288 758 774 
456 438 540 348 262 107 493 414 555 605 639 13 759 60 614 549 358 730 755 
544 475 522 696 776 816 862 6 803 951 
202 272 399 168 486 609 28 329 683 924 577 125 770 
295 557 565 177 62 508 200 192 228 549 379 98 595 667 671 697 722 867 882 887 963 966 18 227 563 282 527 122 588 791 815 859 
191 537 107 275 13 622 334 193 151 664 919 132 184 571 713 755 976 
217 460 195 86 355 640 214 327 322 190 500 208 299 495 220 30 333 666 685 695 789 809 820 858 916 933 958 969 970 985 305 416 1 173 401 571 69 354 159 74 300 812 987 
41 587 477 66 619 713 716 752 860 944 991 148 213 108 257 671 929 
519 406 439 488 166 548 393 472 713 838 925 247 569 257 670 816 900 
335 465 369 450 574 470 584 288 641 269 674 781 788 953 957 
489 220 362 636 217 299 437 535 666 757 758 809 907 958 216 137 510 297 772 867 910 
527 450 430 80 470 429 326 561 231 134 674 732 761 769 914 932 935 387 437 495 560 587 632 378 704 
371 167 276 496 181 622 15 678 759 870 918 1000 424 620 97 70 333 758 
124 456 15 656 678 888 919 370 798 828 
503 163 435 447 160 518 568 440 400 266 94 512 714 724 745 755 767 781 794 825 830 837 852 861 995 217 361 443 430 298 334 457 123 594 634 697 797 
327 86 661 657 500 685 951 40 151 17 
565 200 655 228 98 252 295 387 62 257 379 744 782 882 897 966 273 574 155 601 686 924 
431 191 552 554 19 15 276 611 604 113 37 914 
50 88 614 91 650 38 267 672 693 725 829 885 133 312 363 272 948 997 
220 184 208 214 437 511 86 211 699 758 786 813 907 951 64 203 659 123 725 804 838 
595 387 43 405 295 192 62 228 655 697 719 881 882 897 920 966 658 416 36 638 104 517 696 753 
451 88 50 84 650 304 638 614 205 38 669 420 136 103 91 267 392 321 536 631 602 212 170 687 693 725 806 810 829 865 877 885 977 408 463 172 600 354 607 363 360 492 206 248 240 762 818 921 
534 320 89 146 677 708 737 31 741 890 
150 660 584 556 527 470 340 585 430 662 761 769 795 914 437 537 427 99 703 957 
500 299 600 694 695 757 789 858 912 969 205 56 882 
427 209 72 423 234 173 406 921 997 125 779 843 966 
320 260 365 25 349 467 203 673 708 763 785 803 839 978 375 108 642 793 897 928 
456 663 19 537 348 540 402 611 410 431 15 469 193 630 13 664 279 572 642 107 309 181 605 493 27 688 700 746 759 770 848 973 975 136 644 650 226 230 299 76 72 377 77 68 900 907 921 922 
320 89 457 562 149 365 196 704 803 426 60 164 159 536 
17 395 255 29 130 442 601 999 427 466 273 938 
501 433 213 318 398 280 517 408 210 158 247 506 394 244 705 720 742 754 783 815 859 48 242 562 322 148 574 871 977 992 
29 601 133 5 120 411 542 844 943 4 574 721 779 955 
654 486 492 513 202 168 580 707 823 949 998 393 590 408 221 851 918 
27 33 642 622 870 888 952 394 230 903 
666 460 449 217 500 600 509 657 437 694 912 194 370 817 841 959 
507 570 484 715 807 817 945 318 581 667 
672 451 50 165 536 631 650 267 136 602 212 38 614 170 103 84 88 420 638 300 205 725 806 810 829 877 885 977 281 261 508 426 251 206 293 707 759 849 882 919 993 
678 124 469 622 371 540 372 608 262 537 138 316 276 431 611 100 706 746 869 870 947 974 1000 116 528 479 134 145 110 647 776 878 929 976 
378 173 194 628 180 186 928 991 997 337 370 191 272 942 
223 18 248 385 507 419 128 388 476 31 473 494 590 741 817 990 14 38 487 167 244 729 873 
138 372 456 279 13 334 799 919 947 450 216 731 
456 191 700 759 796 846 974 556 206 732 
672 84 650 638 165 669 725 829 885 174 697 722 912 
675 30 592 685 190 695 969 17 465 577 864 
217 657 592 190 374 220 675 643 500 322 184 694 195 63 263 511 820 833 847 912 941 951 958 58 388 571 247 200 568 433 762 934 946 953 
286 522 111 285 491 301 499 131 24 653 736 776 816 862 893 929 52 671 203 71 548 789 830 896 
200 565 137 228 192 98 405 177 655 43 671 281 621 387 252 62 541 295 557 379 154 71 1 719 722 744 775 782 882 887 920 966 217 665 173 66 31 489 313 693 444 778 806 846 898 
68 14 368 218 11 153 61 784 797 967 976 635 55 502 986 
208 460 214 211 52 39 263 10 670 220 592 751 786 809 833 847 907 916 958 611 430 426 192 96 265 378 534 784 
692 191 555 461 431 678 371 630 793 799 98 394 646 111 769 
464 109 329 524 28 168 367 293 37 505 272 9 76 370 581 399 747 849 215 528 319 547 703 718 757 810 986 
314 558 140 386 778 961 981 276 41 769 
246 251 297 75 77 618 270 455 563 119 148 739 792 841 930 939 478 701 4 515 674 815 986 
365 89 457 349 679 763 785 595 662 288 
104 433 247 396 318 506 408 681 158 213 517 280 720 815 474 116 6 455 716 874 964 
688 461 167 13 426 46 622 721 246 368 778 852 
683 69 230 418 28 293 513 727 814 924 588 375 687 630 945 
673 457 467 25 89 365 436 20 26 677 349 624 412 203 534 149 320 737 763 803 839 978 225 642 497 372 325 577 645 633 835 862 
73 320 89 624 763 785 803 638 219 397 556 
189 162 586 339 78 738 873 972 396 369 
313 424 42 773 787 824 983 510 517 765 
305 478 113 468 141 487 454 114 363 765 771 798 82 389 622 752 797 801 
559 40 628 378 474 194 41 66 659 427 634 60 56 477 250 472 648 488 644 658 716 768 804 832 864 901 904 931 954 960 997 590 157 656 184 12 367 571 47 326 138 470 769 791 926 
376 282 665 503 235 290 435 440 718 830 948 468 462 306 395 220 
448 298 31 223 356 686 253 473 415 807 843 959 971 990 594 56 551 194 106 785 
658 41 22 713 432 194 474 293 705 839 
131 530 407 301 475 776 816 862 929 463 98 822 919 
282 568 435 583 714 400 755 701 189 851 
379 595 697 549 671 295 867 881 882 649 628 502 5 
135 433 247 705 318 244 280 681 34 394 501 517 158 51 338 525 398 783 802 595 445 164 489 126 444 29 808 888 
706 309 276 642 191 918 1000 281 682 931 991 
200 379 557 697 621 521 387 595 177 655 882 460 256 602 693 8 829 
324 216 113 106 291 487 765 477 438 325 
514 235 583 132 345 665 568 637 144 966 
672 687 267 536 50 650 165 638 205 614 451 602 136 321 420 84 300 38 212 91 669 304 693 806 829 877 885 977 627 78 42 576 330 645 670 190 18 16 851 906 909 
339 197 157 227 330 155 532 237 78 143 416 183 189 616 594 375 586 543 481 401 646 738 801 811 822 826 868 872 913 946 957 972 323 124 479 186 325 638 629 384 217 270 113 457 869 956 
109 202 370 69 524 505 513 293 707 329 272 823 908 924 953 998 93 123 355 325 321 945 957 971 
128 331 590 87 564 507 945 611 813 896 
330 237 21 339 162 543 738 836 957 214 553 212 690 492 
246 270 119 251 297 148 455 792 828 841 930 956 642 586 652 785 791 967 
29 490 5 428 601 133 105 17 395 635 740 840 844 876 691 472 162 147 81 904 
585 7 117 161 369 381 101 662 571 134 326 269 914 937 195 497 39 62 325 692 760 
523 68 368 310 479 422 306 325 221 14 317 218 784 797 967 976 980 994 318 55 574 416 129 50 496 844 873 
502 500 220 756 813 912 916 941 433 323 381 849 
558 92 778 950 982 983 996 12 101 126 918 
499 81 530 54 407 696 301 491 816 862 929 29 134 186 801 997 
534 708 203 260 129 673 803 472 94 598 
391 413 726 710 416 729 577 504 145 498 21 594 375 116 57 586 78 143 343 749 788 801 822 826 868 894 366 514 327 257 468 320 373 153 786 820 915 930 
246 703 289 455 270 563 6 251 148 612 119 297 766 792 841 930 939 956 101 453 631 314 424 522 109 785 880 
601 29 731 528 255 635 133 395 791 818 844 850 577 330 319 68 823 972 
473 118 223 564 690 807 886 673 811 983 
501 433 247 408 244 681 783 203 231 598 
452 424 140 314 96 239 764 824 900 983 272 274 762 
43 137 697 667 228 295 882 230 69 921 
665 282 290 102 45 583 767 150 364 786 
334 348 688 275 678 15 919 113 314 172 
701 492 254 329 169 399 109 823 953 348 778 811 838 
363 49 32 520 573 454 753 984 321 244 266 782 
85 162 738 78 594 577 330 836 842 525 217 904 958 
242 106 32 363 324 753 765 856 964 66 523 11 513 
699 190 538 30 437 449 875 346 634 314 773 
658 545 439 72 519 56 587 423 474 3 644 901 954 997 111 712 528 174 219 976 995 
49 478 468 748 520 242 121 113 750 454 363 32 216 798 856 984 184 519 110 616 671 826 
408 433 681 318 287 34 783 565 91 254 
518 665 282 583 718 160 503 656 652 869 
617 495 30 515 629 437 500 217 460 208 734 758 786 813 820 847 899 969 381 19 398 364 281 556 117 574 914 
502 263 322 374 535 437 489 195 675 661 63 299 858 912 916 951 985 701 641 571 404 456 287 759 971 
661 670 220 756 515 39 217 875 933 594 651 29 663 223 
15 456 639 630 458 652 622 107 352 540 554 279 431 642 692 678 533 663 869 870 917 918 345 272 381 757 628 488 687 424 808 849 
352 13 309 611 552 637 193 456 426 947 973 425 513 202 732 
147 647 430 150 381 288 347 429 574 674 340 7 369 134 527 571 450 662 584 101 226 122 303 231 769 779 857 890 892 914 915 926 498 51 412 407 523 586 305 81 268 190 782 814 918 930 
421 404 593 115 471 336 780 695 672 743 
708 129 203 534 320 709 677 149 365 704 624 25 785 803 851 978 65 304 388 314 549 317 
424 743 140 453 466 805 824 514 553 324 
113 723 324 750 121 141 454 32 712 468 305 354 216 409 291 645 360 363 106 478 242 67 114 49 510 798 821 856 879 984 582 492 245 72 711 489 232 593 599 560 189 781 904 960 
246 119 455 270 612 563 618 297 251 739 77 148 792 828 841 930 254 109 468 97 439 403 776 
94 266 665 282 568 163 745 781 825 837 792 957 959 
166 393 519 619 713 921 993 465 620 85 
556 450 571 674 529 294 761 117 527 340 465 7 574 201 584 585 150 288 662 134 369 470 430 303 795 857 890 914 915 926 932 935 595 702 700 247 500 32 249 477 649 107 713 830 916 946 
402 33 678 611 82 410 608 622 191 918 41 177 654 
454 141 478 363 324 156 353 121 712 456 213 581 815 907 
218 480 325 479 68 317 797 233 661 141 
558 292 175 482 92 140 711 778 824 2 119 751 912 960 
594 413 189 547 237 83 85 78 801 822 868 476 609 200 518 22 651 
295 697 379 1 920 963 966 32 357 983 
286 696 544 530 81 285 717 407 131 111 653 862 649 766 137 688 580 908 
578 413 391 481 822 836 842 868 913 946 987 472 420 451 371 377 851 
96 735 42 239 140 92 283 313 702 424 314 773 179 452 16 558 292 787 812 824 900 950 961 983 747 697 124 559 629 113 378 706 779 897 901 
647 201 574 761 117 7 857 892 914 932 940 778 676 536 682 787 
620 12 258 241 762 64 273 93 383 373 336 835 144 440 173 211 872 884 
767 665 282 290 45 503 794 852 995 604 765 660 
595 379 549 521 177 295 621 667 200 243 697 881 882 897 963 761 748 624 810 957 979 983 
501 433 247 264 318 408 280 681 517 720 398 754 244 158 742 485 104 396 34 394 51 287 210 213 815 269 161 14 320 315 94 121 853 892 933 953 
68 479 153 332 368 79 14 698 35 523 480 310 306 221 325 218 204 11 61 364 422 733 95 797 827 902 909 967 976 980 556 113 489 94 57 8 220 699 44 484 803 809 914 
89 562 709 259 26 260 203 349 365 677 412 534 149 763 624 467 704 434 436 196 320 25 803 851 910 574 602 23 353 730 171 739 370 715 641 820 844 
190 756 184 699 670 437 636 500 813 958 969 143 745 738 882 
711 140 314 778 159 16 824 779 117 804 807 
85 359 497 539 607 738 237 413 842 894 972 660 587 279 467 73 808 
86 675 500 190 657 489 916 696 505 823 
587 423 180 472 233 619 804 925 960 151 650 850 866 
442 29 528 133 395 483 601 5 130 740 655 730 713 142 973 
246 77 766 703 563 251 289 148 730 739 75 455 270 6 841 939 195 767 10 614 527 645 848 
191 316 276 700 642 458 372 352 540 799 863 389 677 79 183 983 
440 503 132 435 282 781 583 235 447 345 665 163 400 544 66 202 174 832 972 
430 647 769 470 529 97 674 574 147 288 381 201 915 926 932 188 388 275 167 492 916 944 
540 637 275 138 611 692 124 888 947 88 519 546 85 967 
68 784 11 325 733 479 368 218 152 153 221 204 306 480 698 79 364 232 61 772 523 95 317 332 350 422 35 827 909 967 976 994 304 665 712 190 263 625 630 138 343 223 431 63 821 823 921 
127 32 468 324 753 305 113 242 712 121 363 765 819 984 472 664 347 220 213 182 998 
691 13 700 458 431 456 27 496 642 793 537 443 863 490 363 98 32 435 539 
567 389 2 576 560 44 99 206 808 639 380 881 962 
401 594 539 126 726 351 577 382 171 586 543 78 330 646 157 21 578 413 532 359 143 774 215 738 811 842 895 962 972 987 207 712 463 736 486 644 489 122 560 379 323 519 805 875 
501 433 247 517 394 408 244 280 396 318 398 264 720 453 454 366 626 308 959 
89 785 679 25 709 203 534 146 434 320 365 412 624 259 457 20 737 349 677 436 260 562 763 708 149 467 73 839 851 910 936 978 468 248 202 618 92 110 439 616 653 526 784 868 932 
361 41 649 173 790 519 472 142 551 644 180 209 713 901 904 905 928 931 954 54 313 505 787 411 670 593 826 847 
764 42 313 283 175 424 983 527 579 801 
672 687 536 103 631 50 205 392 451 38 602 84 321 725 304 865 697 523 26 233 628 522 
248 74 606 715 312 507 484 579 419 87 178 388 415 526 741 253 223 128 473 686 886 959 971 986 989 990 77 442 502 44 437 214 49 575 269 787 283 921 
567 315 206 44 2 245 389 598 588 307 123 516 589 560 224 222 800 390 23 462 58 99 880 942 988 788 612 194 210 269 759 554 720 540 895 912 994 
657 515 643 699 299 195 661 217 214 958 784 78 154 456 251 
672 84 536 687 50 300 829 782 701 880 
189 726 85 284 801 157 497 401 116 822 836 853 868 913 934 962 747 318 25 741 835 920 921 
96 482 425 314 778 140 278 239 179 424 466 452 900 903 950 982 983 996 657 203 173 577 410 644 926 971 
374 515 636 52 190 734 489 592 437 756 184 600 39 342 786 214 670 30 833 847 933 951 969 15 179 594 387 78 141 728 901 1000 
109 513 367 464 707 823 849 908 953 175 280 113 761 870 
501 433 247 705 783 485 408 280 135 517 34 398 681 506 244 859 655 162 771 587 703 209 889 983 
696 653 285 111 736 407 544 717 131 862 893 157 85 153 197 659 
484 473 298 331 686 312 178 53 690 223 526 938 971 989 99 244 32 685 477 30 153 
740 601 627 29 133 395 844 397 371 209 672 
645 324 113 114 798 121 32 603 363 575 822 885 975 
756 657 437 695 489 52 592 899 969 738 354 785 975 
242 113 141 603 363 324 454 765 156 984 797 107 908 
738 726 268 219 375 85 774 504 586 777 237 83 183 811 532 197 416 391 826 868 895 957 962 600 42 486 819 28 717 513 517 938 
256 28 370 581 329 37 633 505 814 747 240 187 272 366 168 580 727 582 513 609 683 492 55 202 906 949 953 998 474 542 143 740 797 7 451 789 535 190 430 865 
773 743 787 452 613 764 314 96 42 453 711 778 900 996 46 194 559 285 260 501 
665 45 94 767 235 837 861 601 378 469 
4 726 822 83 343 498 625 330 90 594 738 646 351 157 413 189 836 957 972 804 642 84 753 866 945 953 
325 784 204 479 797 306 68 221 14 480 967 976 994 9 98 600 312 415 283 
246 75 766 251 618 148 297 730 328 308 664 990 
672 687 451 50 212 638 304 650 321 693 420 205 614 669 38 725 84 810 392 267 602 865 877 885 977 388 722 469 603 47 497 176 440 4 412 281 900 
503 94 714 345 282 235 435 132 665 852 948 995 769 254 696 608 214 141 
611 608 15 27 107 417 918 919 952 77 451 296 564 209 
432 56 559 40 713 889 927 513 794 909 
374 695 699 813 322 362 847 858 958 229 627 939 
133 5 528 635 29 844 855 118 558 996 
174 404 780 258 593 373 93 708 811 166 
594 811 85 749 497 826 126 729 375 777 58 223 613 844 986 
132 767 282 235 665 376 825 871 948 468 379 642 935 
610 599 477 142 659 587 234 889 927 991 997 670 228 747 868 885 
677 260 803 89 534 365 708 851 936 716 419 966 
542 627 601 731 635 125 844 299 532 922 968 
246 730 792 77 618 766 297 251 703 739 6 563 526 512 468 85 648 685 
777 539 577 83 330 219 801 359 85 401 171 788 182 646 749 957 972 644 437 99 601 44 27 25 886 
223 388 715 484 507 473 883 990 676 601 168 940 
29 840 442 635 120 818 255 105 5 627 225 483 133 261 528 601 682 490 740 17 130 731 591 144 411 834 845 850 855 876 943 999 533 260 836 733 589 138 785 381 525 124 849 940 956 
844 601 442 29 144 5 483 850 632 337 277 326 
692 414 637 348 410 151 431 917 974 120 405 579 697 
249 208 220 833 184 695 756 437 623 333 592 813 699 958 804 363 435 378 442 956 
15 167 19 309 678 461 642 99 792 923 953 
28 367 202 582 814 633 109 486 187 701 329 9 254 492 256 55 370 37 139 908 949 998 844 81 734 687 184 759 365 191 214 912 
133 845 627 130 5 255 635 225 740 29 844 790 86 168 132 377 919 
803 89 412 534 839 436 320 562 624 457 149 785 26 203 73 763 910 978 295 41 777 683 718 725 43 852 
503 830 94 345 665 435 781 518 861 851 706 298 263 
4 215 811 189 547 607 375 577 957 192 783 135 252 886 
357 92 377 314 283 42 900 644 539 864 
395 834 844 255 490 120 442 876 299 280 348 886 
49 113 363 753 216 354 305 242 750 765 324 447 25 1 225 527 
769 779 465 761 527 585 122 566 133 173 
63 184 188 489 757 657 833 195 675 969 242 88 468 50 889 
433 247 244 815 280 318 681 18 534 655 947 
194 439 658 173 474 928 968 210 934 938 
282 825 163 503 852 435 665 376 514 266 290 160 191 320 44 277 918 954 
285 696 131 111 81 776 301 816 475 530 544 736 407 54 491 717 522 286 499 653 893 929 290 474 583 560 119 304 34 708 190 904 
555 793 799 181 426 334 15 279 869 870 583 270 982 
472 250 3 587 176 519 610 713 66 649 619 896 901 921 944 968 993 558 451 563 184 694 854 885 919 
806 672 829 50 103 420 451 823 184 917 
188 592 327 636 617 500 912 506 790 826 
655 200 228 719 595 920 966 661 112 103 21 
616 78 777 822 811 497 738 577 155 375 157 413 343 586 90 774 330 4 85 726 183 894 946 634 838 468 473 582 200 371 603 803 456 924 
27 181 8 431 138 605 461 371 759 642 863 65 554 352 688 15 870 888 947 513 444 365 726 101 428 755 938 972 
138 461 107 759 663 863 869 684 688 432 515 814 995 
235 94 447 282 435 400 837 512 163 503 995 468 681 646 881 
625 504 182 343 726 330 946 987 780 68 298 956 
4 343 710 215 21 539 543 497 268 339 946 325 161 690 77 107 733 
336 174 404 373 115 258 471 383 353 163 705 262 
190 758 500 184 86 511 217 751 958 590 801 191 233 454 
255 542 855 5 591 844 29 731 442 528 28 516 647 78 928 
672 687 451 829 725 50 536 84 614 885 977 369 350 462 559 884 
488 250 472 41 559 901 904 931 991 307 688 491 941 
765 603 520 113 454 510 363 507 190 463 309 
808 567 99 23 123 2 302 384 44 516 988 739 190 810 900 903 
177 387 192 358 281 782 719 549 671 252 295 200 98 897 188 871 455 800 931 947 
541 379 177 655 387 154 252 295 207 697 200 405 257 667 1 565 281 192 557 595 549 744 71 671 358 722 782 719 228 887 897 966 633 450 3 238 687 598 675 643 786 411 189 111 931 978 
128 507 108 18 843 590 886 246 258 51 962 
641 335 161 147 150 288 231 470 465 430 7 877 780 501 132 
672 614 725 687 693 267 451 91 38 829 669 877 50 536 300 205 103 864 439 8 4 526 400 819 838 
31 312 741 807 507 178 323 298 883 473 986 842 459 470 855 853 
549 882 379 62 200 252 655 387 192 697 565 98 920 966 638 419 160 622 550 41 1000 
664 138 869 537 796 684 919 720 497 169 991 
142 250 838 60 832 477 619 644 56 599 997 858 815 421 986 992 
571 769 134 101 288 761 892 673 363 52 433 
182 57 330 594 532 498 445 79 113 333 
585 470 527 574 347 890 556 761 779 539 57 783 546 976 
862 111 522 285 54 81 131 696 816 605 398 371 581 924 
607 85 330 738 868 547 143 788 957 972 59 348 918 922 980 
594 157 197 646 822 586 625 569 237 351 801 219 445 972 365 140 808 584 639 958 983 
519 626 427 423 472 180 474 477 649 864 559 619 393 361 628 378 904 921 931 993 997 578 89 400 260 696 505 70 577 728 
257 252 782 882 671 379 667 1 881 281 200 121 142 107 778 677 
575 173 180 378 559 423 904 928 697 609 150 247 
820 756 208 495 344 500 217 642 137 998 
314 854 239 778 397 425 283 278 16 159 92 96 179 824 42 812 357 743 452 424 482 903 950 961 981 983 996 222 678 524 659 458 32 348 829 488 228 880 949 
634 804 72 752 519 229 878 432 142 864 628 250 713 477 439 904 991 13 244 465 509 611 813 778 917 
784 523 479 153 325 976 994 161 550 106 206 
16 397 482 452 92 812 42 96 377 900 314 981 982 983 334 176 684 880 644 527 
551 60 599 559 644 41 628 878 901 472 173 186 519 427 432 713 804 896 194 898 477 905 931 527 63 608 294 749 731 521 765 862 
587 904 56 41 804 931 960 991 558 375 134 591 
823 164 370 505 418 329 581 230 48 366 580 109 464 169 953 998 427 455 725 220 318 195 225 
670 263 184 214 444 362 629 623 333 342 299 355 489 437 195 217 661 699 916 951 958 286 13 161 496 771 678 407 914 959 
109 849 814 651 370 28 581 329 399 254 459 727 55 164 463 776 277 495 821 125 315 523 
68 784 14 797 325 967 976 832 483 36 725 
803 260 851 434 20 534 562 320 785 661 447 127 483 559 
501 394 244 517 280 433 247 218 81 246 
695 217 214 546 322 866 333 220 685 437 489 734 10 757 675 495 344 195 970 849 381 693 431 808 773 98 289 58 
401 21 777 145 126 811 497 726 4 957 962 199 135 567 386 922 969 
122 80 761 226 430 381 101 574 571 337 585 269 288 674 340 429 553 335 527 117 769 161 112 465 732 470 779 662 265 926 935 937 784 907 636 756 21 634 158 474 619 526 295 277 433 668 960 
795 117 584 265 574 769 761 347 571 738 246 54 375 
789 643 449 509 217 502 188 374 657 322 319 907 640 220 592 495 10 699 757 734 985 595 795 539 173 207 439 769 597 559 189 
759 275 846 107 167 456 410 82 160 865 901 428 
608 721 831 138 604 554 372 107 770 663 759 611 277 334 622 533 540 275 124 309 13 974 975 1000 861 894 52 30 683 135 516 735 284 761 953 
691 831 191 13 138 469 426 746 656 888 611 540 664 642 850 864 472 717 687 272 993 
200 379 887 697 867 243 43 775 192 1 671 537 319 811 561 524 
72 393 194 676 166 488 439 628 768 472 864 619 477 896 173 644 931 75 807 797 678 672 811 252 744 
384 44 560 2 245 389 567 99 988 913 840 894 678 931 
375 85 547 445 296 934 957 567 329 848 
164 633 654 187 293 254 28 727 172 707 272 979 893 137 583 667 552 868 
474 644 142 472 551 790 659 372 19 113 68 
914 647 80 294 641 761 231 769 429 430 369 470 97 571 347 795 340 7 226 937 371 713 56 365 330 488 812 581 982 
610 551 427 423 832 838 991 67 86 990 
587 66 488 575 439 559 689 628 427 56 860 634 41 250 176 804 173 898 519 644 194 931 954 997 462 96 283 470 330 876 622 637 677 388 
862 407 736 81 530 475 696 499 24 717 131 451 128 53 643 688 658 
246 730 289 251 766 77 703 739 618 591 761 738 
921 896 180 477 904 713 378 361 56 905 41 626 628 432 575 878 804 928 587 142 545 488 250 944 954 968 991 193 499 882 922 633 121 881 721 940 966 999 1000 
553 795 97 340 556 769 381 465 429 430 571 561 470 662 326 779 393 803 443 84 180 993 
444 52 263 813 374 437 657 758 523 68 783 427 
586 923 811 157 339 330 946 860 695 338 371 
527 662 571 769 430 288 294 574 914 117 937 35 837 177 395 
803 412 203 624 839 365 89 359 302 949 
926 269 935 337 265 527 914 732 411 536 146 437 
59 606 526 817 441 18 971 990 992 680 822 869 860 
246 6 792 703 739 119 618 563 77 367 833 315 143 
101 381 470 347 122 779 647 843 931 844 
322 195 500 502 190 695 515 734 636 327 970 49 121 200 878 628 
808 123 389 99 462 567 44 689 517 316 
635 627 29 17 682 483 844 442 591 133 520 642 984 
519 233 658 22 3 931 60 472 864 234 644 32 434 621 795 984 
570 223 331 328 507 728 18 473 590 178 686 388 543 727 628 826 707 309 
586 416 330 934 375 777 189 872 594 726 531 873 868 227 78 413 957 972 987 306 489 12 769 106 695 648 981 986 
630 277 637 869 352 796 443 410 691 46 191 124 688 8 36 760 372 65 1 247 423 859 881 109 187 961 
282 837 447 568 830 160 583 503 102 435 714 163 509 244 293 620 669 610 
69 609 581 505 463 187 230 329 169 311 370 28 849 367 486 683 823 202 953 336 327 507 15 371 122 900 478 936 
314 377 175 812 425 735 900 778 424 436 228 128 267 
666 86 757 670 217 695 39 907 813 653 464 416 389 177 
684 138 276 372 831 611 348 642 537 426 252 31 398 504 450 
240 823 272 949 28 230 505 329 747 727 492 651 580 463 256 366 76 202 139 814 293 370 169 632 254 906 164 998 695 783 918 270 235 601 484 848 826 264 586 660 986 
928 432 599 194 610 644 931 173 752 804 713 634 278 861 447 80 
390 567 462 123 560 44 58 206 302 330 249 682 513 111 
246 730 612 739 455 563 251 726 844 872 847 
842 607 197 145 219 726 85 339 826 532 597 539 729 116 853 923 646 578 569 577 21 946 416 894 822 413 375 913 170 782 324 727 674 233 660 184 515 484 767 995 
86 502 643 500 355 695 833 344 786 538 437 809 661 190 907 211 509 342 699 657 847 600 184 322 875 214 188 156 129 345 641 328 389 97 749 583 642 153 895 
248 715 507 128 807 579 971 986 990 767 501 685 802 907 
619 644 393 519 790 439 378 713 194 905 634 472 991 993 69 914 773 455 633 765 140 
702 900 314 778 482 982 983 68 236 947 976 
822 811 110 646 913 268 85 801 972 800 883 111 466 976 
379 782 775 655 98 200 281 62 295 322 21 527 572 378 
47 750 121 127 468 305 363 601 527 705 
346 651 329 240 505 370 492 412 269 340 238 
200 387 595 177 557 43 281 655 228 192 775 697 541 257 671 887 882 295 98 615 565 379 1 867 667 252 71 621 227 325 388 724 271 299 931 494 839 106 676 967 
797 232 68 332 35 306 784 325 909 221 218 153 310 480 79 368 523 11 152 827 733 479 698 976 980 29 389 10 100 966 796 42 730 351 432 184 644 
628 931 864 173 559 860 432 634 472 280 840 413 
858 636 195 86 333 675 813 249 220 820 190 694 263 600 786 592 756 657 576 517 185 486 194 639 375 501 913 
941 629 220 195 617 912 214 509 623 500 657 619 274 18 77 628 468 
715 441 388 817 473 18 494 507 341 938 590 807 959 415 223 990 812 315 727 757 529 343 48 
359 155 895 547 842 330 826 413 726 946 274 710 21 110 801 284 962 607 497 375 237 894 85 382 788 794 41 379 869 469 479 26 147 740 484 471 
678 271 426 191 540 456 760 51 155 791 
100 846 688 469 692 918 456 622 975 342 188 38 
65 642 309 974 461 107 33 918 151 622 13 678 262 1000 820 509 819 98 547 983 
797 784 68 479 967 325 364 733 14 827 368 152 698 523 95 350 310 221 218 317 79 204 61 909 902 35 422 332 306 153 480 980 128 688 752 339 125 586 437 89 605 961 962 340 892 656 989 
672 687 725 136 877 638 536 829 38 84 205 650 69 605 681 635 
89 260 763 803 851 677 708 434 349 25 29 882 551 282 214 
463 272 69 256 492 202 399 924 109 230 28 381 355 485 782 540 439 
976 784 368 325 479 967 733 894 237 84 
424 900 397 558 96 903 702 982 983 946 618 111 478 474 
92 140 961 42 424 96 903 981 314 812 735 558 453 466 983 996 309 412 926 431 227 501 863 
16 179 558 175 613 711 278 735 283 92 805 239 424 357 743 961 159 982 900 70 981 42 377 903 313 96 812 314 778 996 379 775 782 815 793 375 895 410 975 33 124 640 741 
798 478 106 454 748 324 765 291 305 363 113 468 821 353 645 32 49 141 753 944 408 382 579 943 458 276 494 650 
86 657 757 437 916 355 184 419 269 477 
248 807 331 507 341 415 484 223 18 388 579 473 448 74 253 959 886 87 151 698 889 946 703 953 192 701 836 
777 531 646 330 872 946 375 339 4 801 182 181 136 479 657 12 
808 462 2 560 390 516 922 880 99 23 197 412 532 
108 18 817 807 388 446 59 424 340 976 
579 18 223 715 550 507 298 446 959 938 419 843 807 971 526 385 606 690 388 627 28 927 342 500 42 828 290 39 
689 41 658 22 519 427 474 931 905 180 60 548 173 209 878 551 901 838 960 423 927 439 993 888 94 445 316 721 331 113 352 106 246 462 
298 388 494 31 938 507 248 451 103 889 155 681 
439 587 960 634 427 768 477 896 423 41 864 406 173 991 393 60 626 610 687 932 127 919 567 571 85 570 113 
733 797 902 827 479 68 306 121 32 808 228 
781 830 871 282 345 290 512 514 435 583 665 130 592 870 752 194 957 
42 16 812 983 175 824 735 453 377 140 558 900 982 62 834 634 495 288 2 
689 587 209 519 713 628 649 423 676 889 477 644 575 928 361 186 752 194 432 896 41 838 173 669 540 571 16 256 483 736 50 287 
329 172 823 849 953 55 683 492 906 370 311 727 164 202 486 505 254 48 168 109 213 427 260 622 416 798 899 246 477 
680 601 17 29 627 844 490 374 621 931 
663 371 611 124 688 13 431 496 181 138 277 533 975 65 537 540 458 918 721 931 887 282 517 813 482 35 473 483 
