1000 9735 0
62 98 177 200 228 405 541 565 655 697 782 881 882 920 478 579 607 635 659 819 
23 44 58 99 123 222 245 302 315 384 389 390 516 560 567 576 588 589 598 808 942 955 988 93 194 203 233 468 487 592 687 781 949 
22 180 233 427 472 519 628 644 649 713 864 904 330 354 556 571 
78 83 145 157 162 171 227 274 375 401 413 547 577 586 607 625 749 777 801 868 894 923 957 142 198 304 370 403 408 637 771 851 916 951 
29 130 133 255 395 411 428 442 490 528 542 601 627 635 680 731 740 791 834 844 850 855 943 98 113 127 301 357 429 456 778 988 
75 77 246 270 297 455 563 703 739 766 792 939 111 215 241 491 
117 337 340 369 450 465 527 556 571 647 662 761 769 884 892 914 31 42 425 629 760 783 
138 352 402 493 611 622 642 678 688 691 760 870 888 918 29 92 185 299 592 765 806 
272 329 580 581 651 823 849 406 560 947 
39 86 208 489 500 515 661 699 958 192 540 634 659 805 
68 306 479 797 909 967 976 574 916 966 
174 236 238 241 258 373 383 404 421 471 780 835 109 640 740 777 909 940 
15 19 27 181 276 348 352 410 414 426 443 456 493 611 688 706 746 759 869 918 974 975 1000 247 255 330 379 404 566 738 829 871 988 996 
61 68 152 221 306 325 364 479 733 784 797 827 967 976 994 41 244 437 567 867 922 929 
13 100 167 181 191 271 348 372 414 426 431 456 458 537 554 622 639 656 919 171 293 477 548 740 817 859 874 904 
42 140 159 175 278 283 314 424 773 778 824 900 982 983 99 166 168 299 307 657 
133 395 483 601 635 731 844 845 850 28 173 376 592 759 
59 118 128 223 253 298 331 341 356 380 385 388 441 473 484 494 507 526 550 564 579 606 715 741 807 886 959 986 990 28 430 535 572 611 629 649 651 653 678 687 776 896 
13 191 352 456 533 540 706 746 759 848 917 919 947 1000 86 140 145 158 230 363 914 
89 203 320 534 708 785 803 839 373 387 397 797 
116 126 157 171 296 330 375 481 497 577 607 749 822 873 891 895 31 74 77 160 634 693 759 983 
3 40 56 406 477 610 619 626 864 904 931 991 38 363 492 595 823 868 
2 99 123 307 389 516 800 808 880 177 214 329 341 759 
81 111 131 285 301 499 530 736 862 263 559 586 971 
149 203 320 412 436 534 562 673 679 704 708 709 763 803 839 851 910 936 78 184 278 298 300 464 465 587 726 
73 412 534 709 763 785 851 910 182 213 878 969 
13 100 124 138 181 276 334 402 426 431 461 533 622 630 663 664 678 919 947 345 467 599 634 644 695 905 907 951 
37 48 69 76 164 169 202 293 311 366 367 370 418 459 463 486 524 582 632 701 707 727 814 908 949 953 979 998 18 17 66 93 325 363 373 443 662 678 864 
5 105 120 125 130 133 225 255 261 308 395 411 428 442 483 542 591 601 627 635 680 731 791 818 834 844 845 850 855 876 943 999 8 244 245 479 507 509 533 574 577 586 701 729 785 
39 52 86 184 214 299 362 670 675 847 958 354 564 568 632 796 
298 385 388 441 473 476 484 507 686 690 817 959 971 986 7 21 437 681 731 775 
67 121 242 305 324 360 363 409 454 468 520 645 723 753 765 856 984 128 174 370 410 527 644 946 993 
151 277 456 540 630 652 678 495 804 931 938 
158 244 247 318 394 408 433 501 705 783 802 52 188 261 617 693 
68 479 480 797 902 967 976 158 843 849 
100 107 262 663 678 846 918 254 401 411 957 
28 293 329 370 513 580 814 849 949 223 449 500 740 963 
50 91 165 170 212 267 420 451 536 672 687 725 806 829 22 78 648 666 695 914 
30 10 86 214 489 535 600 661 789 247 429 480 580 671 
22 173 477 519 619 878 997 482 581 771 
56 60 66 173 194 250 361 406 427 474 477 551 559 599 619 634 644 659 689 713 790 832 864 904 928 931 944 954 991 997 14 91 110 133 168 217 304 373 492 556 571 635 745 757 
16 92 96 140 179 292 314 357 397 424 452 453 482 558 613 711 735 764 773 778 854 950 982 983 996 7 78 90 173 200 237 306 540 655 779 828 975 
98 200 228 243 281 295 379 405 565 595 882 897 966 134 143 510 665 676 762 
2 58 99 123 206 222 224 245 302 315 462 516 560 567 588 589 800 808 922 942 955 988 62 165 196 397 468 586 618 639 697 950 
94 160 282 400 447 568 665 755 767 825 830 379 554 860 946 
124 138 348 426 540 552 700 746 917 114 505 583 634 
113 141 216 363 765 856 879 622 882 958 
28 399 683 701 727 906 908 414 477 685 
106 121 216 324 363 468 765 856 879 669 931 957 
38 84 91 103 136 165 170 304 451 536 602 614 638 650 669 672 687 725 829 885 977 134 214 389 453 634 667 783 922 960 995 
158 210 280 433 501 681 815 683 898 978 991 
30 195 217 220 319 355 362 500 592 600 695 757 813 858 907 912 970 34 140 150 503 604 832 845 976 
298 476 507 807 886 945 990 160 685 769 
111 131 285 286 491 522 530 544 653 816 862 228 330 557 734 849 982 
76 109 202 230 254 329 366 459 464 524 707 823 965 998 477 811 900 907 972 
41 22 173 180 209 233 393 474 519 628 649 713 838 896 901 927 131 230 437 473 705 751 969 
85 197 237 351 445 569 586 646 726 801 358 488 506 882 971 
2 44 99 462 560 567 808 121 203 654 
18 223 298 312 341 388 507 526 590 606 807 177 184 351 577 889 
41 173 378 393 406 432 488 559 626 659 716 832 860 864 898 904 931 954 190 200 319 445 624 807 817 900 917 
14 68 325 368 479 784 976 413 483 566 
1 98 177 200 252 379 508 521 621 655 697 881 882 44 173 391 409 485 910 
511 640 685 847 907 916 969 601 645 794 
236 238 258 336 421 471 566 593 620 762 780 92 492 548 611 687 918 
107 352 410 456 458 540 555 572 668 688 760 799 974 975 509 594 644 705 758 790 972 
41 173 423 519 628 860 896 904 921 960 991 997 28 188 235 560 563 795 
32 113 121 324 363 409 750 206 393 430 697 
14 35 61 11 79 95 153 204 221 306 310 317 325 332 350 364 368 479 480 523 698 733 784 797 827 909 967 976 980 994 130 197 426 462 471 581 627 655 761 782 854 958 959 983 
28 109 168 169 230 240 272 293 329 370 399 459 492 513 683 953 467 479 500 638 644 655 659 719 
278 314 425 778 824 900 983 145 472 997 
200 228 252 549 621 697 966 346 450 582 639 
423 432 477 519 599 619 634 804 896 898 904 931 102 624 823 941 967 988 
26 89 129 259 260 436 534 76 275 463 
118 223 248 298 473 476 507 21 291 386 861 
6 246 251 618 703 730 739 792 939 501 649 697 803 982 
55 28 198 254 293 459 463 513 581 701 73 203 474 519 641 
6 119 246 251 270 297 455 563 618 730 739 766 792 828 841 939 21 232 288 304 495 848 905 
4 83 157 162 375 413 532 586 594 597 625 738 774 801 811 822 826 842 913 957 972 25 38 42 273 282 450 523 560 
68 306 368 479 784 797 976 217 302 320 769 
112 571 584 641 674 761 926 297 412 961 
24 111 285 286 475 491 544 696 717 736 776 816 862 893 85 113 200 395 463 846 966 
124 410 438 461 760 846 1000 330 563 697 803 
78 4 85 339 543 801 836 873 263 288 780 887 
50 88 91 103 136 304 451 614 638 650 669 672 687 693 725 806 829 877 977 98 327 411 430 534 607 926 
57 83 143 145 157 171 197 215 330 339 416 445 498 504 531 547 577 586 607 625 646 726 801 811 822 826 891 957 972 987 81 226 271 300 312 426 507 545 587 761 861 911 
39 30 10 190 322 437 500 502 617 657 661 695 751 757 758 813 847 858 912 916 958 19 151 182 187 464 536 767 966 996 
108 128 298 323 388 441 494 526 606 472 713 868 965 
84 205 304 536 614 638 650 277 543 707 
20 73 129 146 149 196 203 259 260 320 349 412 534 562 624 677 679 704 708 737 763 785 803 839 851 910 978 106 107 214 332 397 460 527 540 567 739 748 810 
351 375 413 586 597 801 957 42 388 706 
84 50 38 205 536 602 672 693 725 810 829 41 352 377 409 491 983 
42 96 140 239 292 397 424 482 764 778 812 854 900 903 950 982 8 64 171 308 470 774 
174 258 373 404 471 593 620 762 835 2 28 379 559 929 
45 235 282 345 435 440 503 512 583 665 714 724 745 852 871 995 154 177 198 209 587 733 895 999 
68 479 480 733 784 797 976 140 394 682 790 
42 92 140 314 397 424 452 482 702 805 812 824 900 903 983 996 110 164 219 426 609 682 804 
288 340 381 527 574 641 647 660 732 769 914 940 236 493 524 646 966 983 
43 62 1 177 192 200 228 257 281 295 379 387 565 595 615 621 655 667 671 697 775 782 882 963 966 84 5 230 271 505 586 626 651 688 698 813 
44 23 58 2 123 206 224 245 302 389 462 516 560 567 576 598 800 808 880 922 942 955 988 16 128 193 199 200 265 269 765 769 
15 27 36 124 138 151 555 700 793 869 947 254 539 824 991 
265 430 571 574 585 662 761 769 779 857 914 102 329 411 491 558 874 
435 514 568 665 714 724 830 101 72 463 
50 84 136 420 451 536 614 672 725 829 885 138 196 249 423 424 610 
244 280 318 433 501 681 783 127 181 657 
29 120 133 528 591 635 844 195 614 997 
49 141 324 354 363 487 603 712 765 819 984 89 384 505 601 999 
65 36 167 191 276 316 348 371 402 438 443 456 458 461 554 611 622 639 656 678 688 793 799 831 869 888 918 919 89 131 250 451 514 573 594 600 784 979 984 
87 223 328 448 507 526 741 807 945 971 986 990 992 191 246 490 501 661 726 
55 69 139 169 202 230 254 311 329 367 370 463 464 492 505 513 524 581 609 633 683 727 823 849 908 949 979 998 12 260 288 519 571 606 607 619 710 733 948 958 
296 497 594 811 853 894 946 41 96 991 
81 24 54 131 285 286 407 522 696 717 736 776 816 862 6 139 412 474 536 722 998 
80 347 430 470 527 556 574 770 798 826 953 
47 67 114 121 127 141 156 216 242 305 324 353 354 360 363 409 454 487 510 520 603 645 712 723 748 750 765 798 819 821 856 879 984 81 5 192 220 368 408 541 576 627 680 731 791 963 979 990 
113 121 141 353 363 454 478 510 984 46 321 486 826 
174 236 241 258 373 383 471 566 620 574 722 743 831 
21 145 359 532 594 710 726 738 826 255 282 455 713 
7 231 337 430 450 470 527 584 674 761 769 915 926 935 509 539 642 695 806 872 
18 74 223 388 441 484 606 686 690 318 459 540 656 965 
77 246 297 563 618 703 739 766 792 841 930 355 695 791 886 
29 105 133 442 542 591 601 627 324 701 858 967 
67 49 32 113 114 141 216 242 363 454 468 478 487 510 573 603 645 750 765 771 798 58 364 370 459 659 745 808 912 
303 381 465 571 585 674 761 769 857 926 932 149 204 311 598 702 
99 2 23 44 206 222 224 462 516 560 567 588 589 808 173 305 310 363 726 795 
27 82 100 46 271 275 371 426 611 622 642 664 668 688 917 952 975 169 370 442 478 783 862 921 959 
29 133 255 442 490 542 601 635 740 844 472 661 713 739 794 
21 215 339 413 625 738 873 946 972 369 397 437 695 803 
113 305 409 468 753 765 798 5 104 361 936 
18 87 178 341 380 388 484 507 526 564 690 715 986 990 32 99 235 273 472 655 672 
73 89 412 708 763 785 803 374 477 537 
5 29 133 255 411 442 528 601 635 834 68 280 363 437 757 
111 54 24 285 301 407 475 499 522 530 696 717 776 862 893 56 107 182 283 601 822 873 
160 282 447 503 583 665 714 745 755 141 424 711 814 
29 120 5 125 17 130 105 255 395 442 601 627 680 682 731 740 791 844 845 855 999 41 271 350 470 479 578 623 713 852 
161 335 340 347 430 450 465 470 527 529 769 779 914 50 43 225 244 375 855 
158 244 280 318 408 525 681 462 657 841 
84 103 50 392 451 650 672 687 725 806 829 239 254 540 777 846 
154 177 295 549 667 697 744 882 258 447 525 900 
8 100 27 46 191 275 309 371 417 540 605 608 611 622 637 656 688 759 796 848 863 918 947 103 214 432 519 527 569 583 649 672 792 
109 164 168 187 198 202 230 254 311 370 399 486 651 683 814 823 906 953 965 111 177 181 200 465 612 679 692 972 
16 96 42 92 313 314 357 424 425 466 482 558 613 778 787 812 854 900 903 950 983 52 95 19 143 491 560 646 850 862 
114 106 121 113 47 216 324 363 468 520 712 765 821 964 132 244 375 408 741 886 
173 194 209 234 250 519 559 628 904 928 954 4 318 885 897 
85 155 157 284 375 413 497 726 868 140 43 269 317 884 
261 442 483 627 680 731 818 844 692 764 800 836 
116 85 4 413 586 826 895 70 19 245 478 
89 203 260 624 679 803 978 378 628 639 
288 294 337 465 470 641 761 769 779 915 338 353 408 637 869 
246 289 455 612 739 766 792 841 956 543 677 908 919 
25 89 260 436 457 562 785 803 122 269 469 829 
161 265 288 294 303 337 465 553 574 884 914 52 487 570 820 821 933 
33 100 191 371 431 554 622 770 86 318 744 813 
14 306 325 364 479 480 523 784 797 902 967 976 254 554 715 887 
68 218 310 325 332 368 479 733 784 797 827 190 211 283 527 563 
137 192 228 252 387 565 667 897 966 94 225 375 696 791 
143 197 237 330 375 416 481 594 616 726 738 774 946 517 529 546 558 688 898 
113 291 324 360 363 765 819 267 705 929 
143 78 21 85 4 189 215 268 339 413 416 497 504 569 577 729 738 801 822 868 913 946 957 170 452 523 627 658 732 814 849 854 
34 135 51 210 213 244 247 318 394 396 398 408 433 501 681 783 35 19 200 260 831 874 
16 313 424 482 558 900 983 274 593 991 
45 132 282 376 400 440 503 583 665 714 745 830 871 948 21 53 375 465 754 808 
150 134 201 294 347 381 553 574 761 769 795 391 513 603 875 895 998 
4 78 594 607 811 842 957 167 584 740 
235 266 435 440 583 665 794 861 948 335 534 812 
139 28 230 293 366 505 513 581 727 849 908 953 96 473 562 722 
38 50 451 631 650 672 725 44 320 337 
194 229 234 626 634 644 649 931 960 16 247 355 631 
15 107 410 431 456 461 605 622 663 664 793 796 870 947 162 422 449 474 485 850 942 
139 69 172 202 272 329 370 399 464 505 513 683 701 949 16 41 190 220 501 848 
69 109 28 254 256 486 505 513 581 651 814 849 906 124 427 519 557 751 810 
50 38 650 672 687 829 885 157 473 627 
85 21 4 182 375 401 726 15 92 655 809 
168 329 370 707 823 849 998 665 773 941 
60 56 142 41 40 66 176 180 194 250 378 432 472 474 519 559 587 619 649 713 752 838 889 904 905 925 993 997 17 62 42 123 446 486 567 595 678 725 910 912 983 
115 93 12 238 258 273 336 373 383 404 471 593 620 762 835 874 32 369 738 784 904 909 
16 314 425 778 787 812 900 950 983 628 674 804 998 
173 180 439 474 477 587 626 644 904 362 400 539 908 982 
1 62 98 137 192 200 295 358 379 541 549 565 595 667 671 697 744 775 887 966 23 59 139 94 430 865 909 911 976 
128 323 388 419 507 807 971 272 586 861 
42 283 357 453 900 903 983 642 713 759 
56 173 176 3 194 234 393 551 619 626 713 889 904 921 960 991 191 195 315 431 502 522 526 622 
27 15 13 276 410 414 461 496 605 611 642 668 678 688 692 846 974 1000 104 139 230 302 326 408 726 785 
171 183 219 343 375 391 401 413 569 616 726 749 868 957 26 86 131 540 671 688 992 
182 274 330 594 836 873 946 202 217 614 827 
30 188 190 195 208 214 220 342 344 355 374 437 444 489 500 600 623 636 657 666 670 685 695 789 809 820 866 907 912 916 941 951 59 25 201 202 248 318 375 450 524 560 644 853 906 971 
378 488 519 658 713 768 864 8 600 880 
427 472 587 634 838 904 997 385 556 568 710 
139 230 293 329 370 486 823 849 906 965 86 286 416 542 828 
184 195 214 249 322 515 617 866 912 34 66 241 477 792 
157 296 343 391 416 577 594 646 726 749 822 842 853 868 894 946 957 962 972 298 337 394 487 695 698 712 828 858 
86 184 195 217 220 263 319 355 437 444 489 502 509 538 617 623 661 751 813 820 875 907 951 958 168 60 153 246 453 590 594 769 811 861 871 
138 107 15 19 151 276 371 426 456 461 469 496 572 611 622 678 688 759 793 831 848 947 975 108 180 307 355 392 497 524 538 737 766 926 
177 98 154 200 207 228 295 379 405 508 541 595 621 671 697 966 113 10 276 303 539 577 649 799 
352 371 611 642 688 700 975 99 278 332 594 
180 142 41 173 166 209 250 423 439 474 477 587 610 634 676 713 790 804 864 921 931 954 968 991 997 2 210 342 515 539 550 639 682 732 758 874 939 
184 188 52 190 319 322 362 500 509 515 592 617 623 636 657 661 670 756 757 758 847 866 105 180 330 337 340 749 776 932 993 995 
89 260 320 365 562 785 910 103 44 296 957 
155 85 57 219 237 274 339 375 413 594 597 738 801 811 68 269 320 503 527 756 
139 76 254 464 747 823 953 94 4 688 
223 473 484 507 564 579 990 99 442 552 708 
71 62 177 98 1 43 192 228 252 257 281 295 358 379 387 521 541 549 557 565 615 621 655 667 671 697 722 775 782 881 882 887 897 920 966 99 42 81 158 139 60 227 240 390 448 536 746 942 985 
161 326 381 571 584 674 761 184 289 821 
55 28 168 139 109 230 240 272 329 370 492 505 580 581 633 651 823 849 906 908 949 183 184 287 357 631 700 802 807 976 
25 89 146 20 259 260 320 365 412 434 467 534 673 677 708 737 763 785 803 851 978 76 2 58 314 573 745 798 816 822 
68 306 325 364 479 733 772 784 976 122 725 990 
88 91 304 451 536 669 672 687 693 725 806 829 885 977 370 413 587 713 991 997 
99 123 44 389 390 462 516 560 567 576 588 589 808 880 67 290 718 726 864 878 
192 295 615 697 719 882 887 506 559 576 996 
10 184 214 220 374 449 495 515 617 661 666 699 786 970 296 549 608 711 783 
56 194 142 427 472 619 659 960 94 236 293 844 
158 51 244 318 398 501 506 517 720 194 235 519 628 
220 333 592 657 786 813 958 153 560 797 
38 669 687 810 829 877 885 468 514 830 940 
158 244 247 280 287 318 396 398 408 433 501 506 517 681 705 720 783 26 513 594 644 804 831 889 937 
208 39 30 188 184 217 220 327 333 437 460 495 617 629 675 685 694 756 833 875 958 969 970 138 23 50 89 235 320 505 512 726 753 835 
85 126 157 543 596 616 946 6 276 436 593 
121 113 49 141 47 242 291 324 363 468 478 753 765 320 535 559 695 827 949 
52 190 214 299 322 327 344 437 511 623 643 657 694 699 756 757 907 916 933 941 958 41 79 183 256 388 513 527 671 959 
153 221 317 325 479 733 784 797 827 967 976 343 352 436 713 
197 182 375 413 497 498 504 531 594 646 726 729 891 895 957 972 96 439 506 559 588 715 850 951 
184 52 211 214 190 208 319 322 355 362 374 437 489 515 538 592 629 657 661 695 786 820 833 858 899 912 958 969 168 113 272 474 601 611 645 671 689 819 823 989 
68 218 14 232 306 325 350 733 797 967 976 432 507 642 694 696 713 
44 123 2 390 560 800 808 499 670 986 
108 74 118 59 199 18 248 298 328 356 388 415 419 473 484 507 526 564 570 579 590 715 728 807 883 938 986 992 37 302 350 386 465 475 489 574 600 678 774 822 912 
123 99 44 390 462 808 955 552 597 818 
29 601 740 791 818 844 999 154 134 403 471 
340 347 529 574 662 769 884 85 928 976 
4 296 343 375 594 607 801 200 277 293 326 
200 192 71 98 43 154 1 252 257 295 358 379 521 595 697 881 882 920 54 248 272 553 677 730 804 894 953 
166 378 406 559 587 634 644 900 912 990 
202 109 139 55 164 187 69 240 272 311 329 370 418 463 486 492 505 513 609 654 701 707 823 849 998 98 56 19 181 306 324 394 664 923 966 
117 326 335 403 430 465 470 527 556 571 574 647 795 857 914 926 517 604 758 765 775 827 862 
221 733 784 797 902 967 976 77 440 601 
56 3 406 427 488 548 644 713 889 904 993 2 636 652 807 842 
142 180 166 378 423 519 628 878 997 324 664 946 
163 94 282 290 435 503 514 518 714 724 794 830 837 861 948 995 210 214 128 66 242 372 
115 64 12 241 336 404 421 593 874 97 209 331 427 752 
155 197 57 416 586 616 646 710 738 774 934 42 336 420 881 
12 174 64 241 258 336 373 566 462 576 752 908 
92 314 702 764 824 983 996 136 247 964 
69 230 202 329 492 581 906 200 414 522 895 
236 238 12 115 258 273 336 404 421 471 593 620 780 835 6 188 269 436 500 675 
113 32 216 121 324 363 454 478 573 748 750 753 765 771 856 984 235 244 298 605 955 982 
43 379 387 508 521 697 782 389 598 717 921 
104 213 210 34 158 135 247 280 287 318 394 396 398 433 501 506 517 525 681 705 720 742 754 783 802 815 859 242 29 141 134 14 391 422 472 594 786 882 919 
44 99 2 462 560 567 589 145 29 398 
77 6 119 148 75 251 270 289 297 455 563 612 618 703 730 739 766 792 828 841 930 939 956 108 190 312 338 407 437 454 922 993 
244 213 34 158 264 280 287 318 338 394 396 398 408 433 485 501 506 517 525 681 705 720 742 754 783 802 815 859 39 166 13 239 295 407 444 486 663 756 761 816 829 
223 74 298 341 380 807 883 990 228 184 395 492 
188 342 460 546 636 699 809 941 958 103 259 336 
41 194 142 173 423 439 619 752 804 928 931 968 991 997 107 304 430 494 720 811 861 
246 75 77 289 297 455 563 612 618 703 739 792 828 841 472 586 815 889 981 1000 
200 154 71 228 62 379 595 615 671 697 719 722 881 966 377 383 492 739 761 807 829 
18 312 388 507 550 807 886 456 678 861 885 
139 76 169 55 198 109 256 272 293 329 486 814 823 849 906 949 953 979 998 100 152 36 136 325 626 660 847 857 
5 130 29 125 133 395 411 442 483 528 601 627 635 740 844 845 13 116 340 417 551 713 
169 254 329 366 505 651 823 908 953 217 714 851 
200 228 98 379 595 655 667 671 782 867 881 882 963 966 339 494 513 554 687 846 959 
115 241 12 93 238 174 64 273 336 373 383 404 421 471 566 620 762 780 137 284 364 590 709 723 808 879 957 
203 73 89 534 708 785 803 249 363 574 720 
89 196 203 149 73 146 320 365 412 457 467 534 624 708 763 785 851 936 109 158 276 326 334 393 642 656 931 
29 144 395 428 442 601 627 34 399 984 
36 371 431 461 493 664 863 423 724 735 851 
190 538 546 600 699 734 756 912 958 24 83 375 561 904 
247 318 408 433 501 517 815 578 669 955 
101 150 294 340 470 571 585 769 99 474 626 824 
163 282 435 767 781 825 995 344 441 522 
38 451 536 638 650 672 725 806 829 977 156 412 567 607 633 
157 339 382 531 539 586 607 777 788 873 972 622 644 711 761 
288 337 381 430 527 561 571 584 585 662 761 769 926 932 143 197 241 99 149 406 611 
246 77 6 455 563 612 739 766 668 808 912 957 
15 124 276 372 572 622 663 85 133 98 
69 9 202 230 168 254 367 399 459 486 492 513 524 727 747 823 908 953 998 228 220 178 555 663 799 915 
241 174 258 373 404 471 620 874 78 128 304 752 
4 197 183 445 594 826 853 159 324 619 863 
138 124 276 552 608 622 863 947 73 285 343 953 
181 191 27 271 275 107 13 309 334 540 605 611 678 863 869 975 1000 192 260 215 451 609 722 891 912 
33 431 572 678 700 759 870 975 1000 227 88 416 536 719 
70 16 424 466 778 824 900 981 983 193 25 925 
334 371 426 540 608 622 630 1000 282 344 672 779 
247 244 135 213 104 51 318 338 394 396 398 408 433 485 501 506 517 705 720 754 783 802 815 130 388 452 456 503 646 652 820 830 872 
200 43 98 295 379 387 565 595 671 722 744 881 882 966 380 413 416 499 511 678 983 
235 266 94 132 160 45 290 376 400 435 440 447 503 512 514 518 568 665 714 755 767 794 830 837 852 861 871 948 995 116 279 78 425 458 507 554 579 663 739 787 829 888 
16 179 314 397 558 711 764 778 812 983 131 153 540 568 626 
143 330 539 547 646 726 868 258 715 904 
54 131 111 24 81 286 301 407 475 499 522 544 653 736 776 816 862 929 275 500 738 778 789 844 858 865 900 
285 81 54 111 301 530 544 862 893 187 300 389 445 625 
247 213 244 408 433 501 517 720 815 202 421 624 689 
269 147 150 97 303 337 369 465 527 571 574 647 660 674 732 761 769 795 914 932 935 109 83 77 379 433 437 644 720 736 758 
246 148 251 563 730 739 792 201 313 728 812 
235 282 376 435 503 568 583 665 852 861 948 995 206 304 372 460 611 808 
156 216 645 753 798 879 984 74 638 708 
42 92 424 764 773 824 981 983 390 393 573 594 
76 69 164 37 28 187 254 370 486 524 580 581 707 727 747 906 953 979 15 227 209 590 656 693 698 767 
147 150 265 161 470 527 556 571 674 761 779 914 322 370 631 776 
207 177 200 228 43 137 98 281 192 379 387 508 549 565 595 621 671 697 722 782 882 887 897 920 966 247 318 334 388 448 451 647 726 739 830 926 
189 110 227 21 375 401 586 895 934 208 196 379 440 
246 251 119 77 6 455 563 618 703 730 739 766 792 828 930 956 80 451 508 587 665 801 
248 59 87 18 31 74 53 223 356 388 415 728 807 986 25 242 189 435 601 650 916 
30 217 319 355 437 495 500 502 509 600 629 813 820 916 958 969 8 16 357 366 691 827 900 931 
321 451 536 638 650 672 687 693 725 829 885 85 25 286 896 
286 24 285 131 407 491 653 696 776 862 893 929 5 367 442 618 628 890 
44 99 2 315 390 560 567 576 589 808 988 181 79 223 650 696 934 
122 288 150 369 450 574 779 914 935 192 620 958 
84 50 88 205 451 602 614 638 650 669 672 687 725 806 829 877 885 977 290 77 273 250 4 41 497 690 736 
113 32 127 324 353 363 409 468 510 520 573 748 753 821 123 629 696 705 807 934 
14 79 11 152 221 68 204 317 325 332 368 422 479 480 698 733 772 784 797 827 967 976 994 230 42 347 377 456 701 792 921 969 
23 389 462 560 567 576 808 880 955 191 16 634 673 764 
29 395 591 601 635 680 844 92 738 908 928 
276 138 458 533 611 622 642 663 759 379 683 689 954 
153 68 325 479 523 733 784 797 902 967 976 123 371 431 495 
139 28 230 109 701 747 949 122 869 996 
59 253 328 341 388 484 507 564 690 741 986 246 85 318 371 505 856 
140 159 357 377 743 981 982 983 996 289 559 565 628 798 
283 42 70 96 175 16 239 140 377 386 425 453 466 558 773 778 805 854 900 903 950 961 981 982 983 203 352 416 474 518 700 823 851 938 960 
44 302 2 560 567 576 955 180 586 788 931 
107 438 554 611 652 684 888 329 404 768 
306 218 68 325 523 784 797 909 967 976 980 143 322 642 699 860 
247 244 280 213 264 158 210 34 135 104 338 394 398 408 433 501 506 517 681 705 742 783 802 815 911 151 295 142 312 184 118 837 916 917 918 948 
299 195 220 52 190 444 600 640 657 685 751 813 875 970 60 477 801 806 826 904 
20 89 203 25 260 196 365 434 534 562 673 677 708 763 785 803 839 851 910 936 978 216 79 165 197 214 481 610 617 784 
300 420 536 650 672 687 829 885 114 360 785 993 
86 188 217 220 195 437 489 495 500 592 657 661 675 756 757 758 809 847 912 933 958 317 294 483 574 726 729 744 901 926 
87 178 356 388 441 473 507 690 817 340 465 841 873 901 
242 67 106 141 305 32 216 113 156 49 353 354 363 454 468 478 487 510 520 573 603 750 753 765 819 821 984 120 234 274 230 463 503 591 642 801 910 916 1000 
68 306 61 152 317 310 221 153 14 204 218 332 350 368 479 523 698 784 797 827 909 967 976 994 254 28 427 464 495 547 596 830 852 904 1000 
201 231 430 470 527 660 769 915 926 935 227 260 181 
217 214 509 757 789 916 958 84 348 894 998 
108 312 223 385 388 507 526 570 590 886 971 989 369 583 683 726 835 953 
202 9 55 254 256 69 187 172 168 240 230 37 109 366 367 399 418 463 464 492 513 524 580 581 651 654 707 727 849 906 908 924 949 979 998 23 316 101 362 515 644 739 800 812 877 904 907 943 957 980 
155 21 183 284 85 339 351 391 413 481 497 498 531 577 578 586 594 597 607 625 646 726 729 801 811 822 836 842 868 873 957 987 13 3 82 54 195 542 603 713 716 773 814 932 935 941 
18 507 690 817 959 971 992 236 632 840 923 
153 306 325 68 479 784 797 193 89 838 
214 211 592 643 756 809 907 916 969 366 522 678 904 
279 27 276 348 402 456 496 637 656 678 721 973 260 295 588 727 845 950 
134 231 470 660 674 795 857 926 163 685 864 969 
64 174 258 241 238 236 404 593 620 249 237 884 
150 147 288 117 7 269 369 381 429 465 470 527 553 571 574 769 914 932 937 165 189 195 387 507 601 780 799 872 
280 318 247 433 517 720 783 147 246 780 
83 330 197 85 157 126 268 375 391 729 738 801 913 957 987 257 475 477 489 555 627 690 
134 97 7 226 265 347 381 429 470 527 529 556 585 662 761 769 884 890 914 932 935 255 323 195 428 488 752 803 955 985 
312 128 18 248 59 690 715 817 945 971 23 642 885 
249 184 437 460 657 757 907 912 916 194 766 994 
182 189 227 375 416 547 586 594 801 842 987 275 218 526 595 844 849 
217 184 355 437 643 695 813 847 279 266 354 653 
94 435 440 447 503 583 665 830 948 27 484 798 946 
486 513 524 582 701 727 849 924 949 71 381 892 
226 340 112 134 161 381 403 450 769 306 384 719 803 
13 107 15 46 334 426 608 642 746 918 1000 327 377 394 398 413 756 
89 436 562 624 708 785 803 910 536 567 778 938 
325 68 221 772 784 797 976 223 133 750 
57 90 330 391 539 616 842 946 957 59 421 448 472 
8 13 65 193 19 639 642 684 869 947 952 218 314 91 885 903 
324 114 113 305 363 520 712 765 147 435 574 919 
113 324 106 478 712 765 964 344 3 30 970 
299 190 184 220 344 52 489 592 629 636 695 699 758 970 166 119 191 465 571 888 961 
223 323 298 18 715 807 971 504 515 812 
313 179 140 42 453 702 743 778 903 299 5 202 456 587 
200 177 228 508 655 882 57 426 455 477 553 
116 375 391 577 586 726 738 801 811 853 957 627 665 684 970 
156 32 113 363 454 468 798 321 526 703 
41 472 713 790 804 878 921 127 433 932 
30 195 220 52 437 511 538 600 629 756 941 329 176 405 723 
49 114 106 360 305 242 156 216 32 141 121 47 67 113 324 353 409 454 468 478 487 573 603 645 723 753 765 771 856 984 19 28 22 259 130 123 378 639 661 670 776 859 867 868 
68 204 14 152 698 784 797 967 976 121 258 602 807 885 
196 203 320 260 436 467 624 677 679 737 785 803 839 851 910 379 385 651 659 748 797 870 
55 329 164 256 28 492 924 333 299 735 958 
272 28 329 109 370 418 609 701 924 953 301 527 571 661 738 
61 153 68 79 306 325 479 480 698 784 827 967 976 113 550 562 619 669 847 
288 303 7 337 429 470 556 574 584 674 761 914 932 940 174 328 126 519 774 924 
69 168 293 230 187 109 202 172 37 367 28 139 418 505 513 524 580 632 633 651 654 727 823 908 949 953 979 998 124 121 294 4 205 32 444 507 731 858 862 978 
191 193 124 151 262 138 107 279 410 414 443 456 458 461 469 622 637 642 678 759 869 870 918 947 952 312 310 379 468 515 575 670 671 694 802 931 
271 15 410 552 572 611 639 678 684 688 691 796 799 869 974 975 235 290 599 662 765 842 982 
93 12 273 174 115 238 258 404 620 28 41 20 935 994 
184 220 208 460 500 509 511 535 592 675 699 907 969 985 129 452 720 812 906 918 967 
4 339 182 171 155 219 143 197 359 343 296 21 90 78 227 416 481 532 539 547 569 586 596 710 726 738 777 788 801 822 842 868 872 913 972 184 263 160 154 134 141 395 484 505 765 815 818 929 954 969 
282 160 290 447 665 794 830 17 470 581 884 
314 313 424 711 900 982 983 306 252 91 348 
185 173 60 234 229 427 472 474 587 619 628 644 659 713 716 921 925 927 928 931 993 363 146 424 430 531 712 882 914 
177 228 243 62 200 252 281 98 43 295 192 257 387 405 541 549 595 621 655 671 697 719 722 744 782 867 881 882 887 897 963 966 365 288 93 13 296 309 45 371 388 475 588 592 725 956 
128 18 248 484 507 938 971 281 779 794 
337 97 347 161 122 201 269 340 430 450 529 553 571 574 584 662 732 761 795 857 884 892 914 926 932 346 442 444 445 472 562 619 868 922 953 978 
268 416 445 594 868 873 946 399 404 920 
258 115 174 12 404 471 762 874 252 731 883 958 
2 462 516 567 588 589 922 106 347 642 657 
31 18 328 388 473 526 817 365 186 610 
314 425 812 824 982 983 996 223 74 464 480 
154 243 295 281 379 98 200 595 621 655 671 697 881 882 920 963 966 337 20 461 476 528 644 732 972 
178 312 118 59 18 253 385 328 223 87 323 128 298 31 441 446 473 526 550 570 606 690 817 843 938 971 986 990 90 295 217 379 280 391 469 537 565 596 670 845 882 
307 206 2 99 23 560 567 598 808 922 988 286 243 50 548 769 
206 302 224 2 222 560 567 598 988 200 292 399 413 416 
330 189 351 182 359 339 497 531 539 543 594 738 749 895 244 62 388 161 649 693 
136 451 614 638 672 687 877 885 191 624 869 966 
180 56 60 427 439 472 474 519 551 628 634 644 676 752 896 901 931 993 997 260 292 67 673 736 801 843 886 999 
247 244 318 280 158 34 398 408 433 501 506 517 681 705 720 783 802 815 348 189 230 95 526 686 725 856 
308 261 255 29 5 17 133 528 601 635 682 731 818 834 844 845 248 375 81 558 803 868 944 
247 244 280 213 158 398 433 501 506 517 681 783 911 442 707 728 868 885 
42 96 283 92 558 773 778 805 900 982 983 20 44 89 126 479 998 
247 244 318 280 210 396 394 213 158 408 433 501 517 525 681 705 783 802 815 245 348 438 446 523 635 820 931 997 
329 272 168 48 69 139 459 463 492 513 651 727 849 998 382 261 390 488 730 
160 45 282 447 714 718 755 830 861 176 489 914 981 
296 182 171 4 607 726 729 738 788 801 822 826 868 934 36 585 621 694 918 964 
8 27 107 334 604 746 869 463 585 776 
231 347 430 732 795 884 892 4 225 516 
258 174 336 273 93 383 373 241 12 236 421 471 566 620 780 874 382 316 13 600 662 701 
379 43 192 1 557 667 775 882 966 362 472 583 616 
229 22 60 41 233 423 427 474 519 648 864 905 9 269 604 926 
131 111 285 301 475 499 544 696 736 776 929 246 247 494 512 757 936 
247 287 318 280 398 264 213 158 135 394 34 433 485 501 506 517 681 705 720 742 783 815 911 4 181 113 147 141 477 734 747 842 
305 67 363 113 32 127 468 487 798 62 91 517 882 918 
82 371 167 181 13 65 372 639 642 759 870 918 947 973 32 576 672 751 777 801 
255 5 130 29 483 542 601 740 791 844 855 36 101 84 532 753 824 
26 25 129 203 260 89 467 679 704 709 763 785 803 839 80 267 111 444 591 675 965 
143 90 4 197 219 182 157 78 126 145 330 543 577 586 607 726 738 811 873 895 957 390 348 281 205 61 483 508 742 848 990 
15 371 181 13 443 656 917 240 48 507 
298 223 476 484 494 507 570 590 606 807 945 986 472 516 559 704 766 769 
382 155 343 375 157 189 237 85 445 497 578 586 594 596 607 726 729 811 842 853 868 872 895 923 957 962 972 987 314 281 187 390 277 459 470 486 743 748 796 823 903 
138 456 642 678 746 759 799 255 930 966 967 
329 28 230 367 370 633 654 908 953 998 470 916 951 
178 223 446 484 570 579 990 700 778 797 1000 
103 38 321 451 536 638 672 687 725 829 885 237 520 783 991 
258 12 236 241 404 64 471 566 620 780 351 287 545 622 758 
306 479 784 797 827 967 976 167 244 635 
250 194 234 72 406 66 427 477 488 519 626 676 713 896 904 921 262 103 501 549 826 918 
42 292 140 96 16 278 159 377 92 466 558 613 711 735 743 764 778 812 900 961 983 996 132 103 378 565 667 757 775 793 914 992 
314 386 175 140 70 452 743 778 812 824 900 7 282 612 816 
13 15 348 27 46 279 124 191 461 552 554 637 684 691 759 918 85 96 68 358 689 702 732 756 
378 406 423 186 233 393 41 3 209 474 477 488 626 628 634 644 648 649 658 713 790 864 889 896 921 925 928 931 960 991 997 325 236 169 513 515 552 605 683 778 780 834 846 850 972 
29 5 261 442 601 627 840 844 943 340 519 640 801 869 
340 337 369 465 527 585 914 39 5 634 970 
381 231 112 117 403 326 134 101 269 450 465 470 527 571 574 647 732 761 779 884 892 914 915 926 932 18 84 378 177 67 250 439 479 538 962 
167 262 277 15 27 151 461 540 554 572 604 630 642 663 678 691 700 917 918 919 952 180 310 507 650 671 725 830 965 
72 173 60 439 474 559 610 713 804 901 993 138 221 655 962 
247 244 318 280 408 398 394 213 158 264 34 287 396 104 51 338 485 501 506 517 525 681 705 720 742 754 783 802 815 911 361 288 458 466 514 523 556 763 801 908 925 953 
203 320 534 704 785 803 851 539 606 667 
290 94 235 163 282 345 102 266 440 447 503 512 514 568 583 665 755 781 794 830 837 861 871 948 995 298 353 676 708 748 802 890 960 996 1000 
73 365 149 25 349 534 624 677 704 708 763 803 936 218 215 241 512 540 563 
344 86 342 362 214 322 217 220 190 299 184 444 489 495 509 592 600 623 629 694 695 756 786 813 820 866 907 912 958 969 985 126 246 288 56 31 130 14 439 442 687 714 873 981 984 
82 316 107 611 688 869 919 947 1000 398 689 769 816 892 
176 250 194 393 432 472 474 477 545 587 599 659 713 864 904 954 991 219 430 437 455 712 785 842 932 
345 160 163 94 282 435 503 714 794 232 296 521 659 
323 87 31 388 118 18 494 266 543 900 976 
5 125 144 255 130 428 133 29 261 120 490 528 542 601 635 682 731 818 844 850 876 943 124 301 437 396 381 199 562 567 581 849 
414 107 13 371 469 554 652 656 973 28 531 636 658 822 
319 190 437 184 489 500 509 515 636 734 847 912 412 381 247 370 672 792 
57 85 382 274 416 504 531 578 826 842 934 381 286 60 608 
388 419 579 741 807 945 992 173 398 703 
435 345 45 282 132 376 400 503 514 568 665 724 767 781 852 871 137 515 765 824 897 933 
108 473 494 507 807 886 971 295 351 200 602 
208 509 657 670 675 685 813 933 969 167 37 784 
303 117 134 347 7 430 381 527 553 571 574 647 662 769 71 78 184 474 600 672 901 
205 84 304 267 420 165 392 300 103 50 38 136 536 631 638 650 672 687 725 806 877 885 977 276 297 295 107 481 506 544 690 774 968 
96 42 425 482 558 735 900 903 981 280 157 374 976 
179 42 357 314 735 805 900 903 50 190 516 866 
113 114 363 360 32 242 121 324 478 750 753 765 771 798 821 964 984 246 474 560 650 672 826 914 946 
246 297 251 77 148 270 6 563 618 730 739 766 841 939 956 116 439 358 470 849 900 953 
417 334 191 107 167 65 371 19 15 13 33 458 469 537 611 622 678 688 831 848 869 917 918 952 1000 5 280 253 357 306 502 527 699 722 785 832 963 
149 260 534 677 708 785 803 851 465 542 543 981 
107 456 65 309 15 371 496 759 793 433 282 558 937 
272 76 69 399 28 55 486 492 505 701 949 965 416 118 121 685 836 882 
249 342 214 374 695 756 786 89 290 851 976 
181 82 167 107 262 27 426 371 191 431 493 540 555 622 642 759 799 387 477 501 610 617 687 735 769 
224 307 58 245 123 99 44 384 206 516 560 567 576 588 800 808 880 942 988 68 135 238 473 687 701 721 876 953 
329 109 399 230 76 28 486 632 651 654 953 998 81 324 402 73 102 806 
329 109 168 55 198 492 505 582 747 823 979 25 325 86 386 497 579 
430 150 7 147 429 337 288 122 134 231 527 556 584 674 761 779 890 914 160 139 457 355 223 323 25 844 
314 140 424 278 558 900 983 433 492 712 995 
260 203 412 365 534 708 910 27 69 526 
141 32 216 49 363 121 409 360 305 127 324 478 510 520 573 603 712 750 753 765 771 798 819 821 856 964 212 44 371 2 582 669 704 714 809 840 886 967 
371 456 443 191 630 639 869 388 149 924 
430 337 326 265 369 134 112 340 117 335 147 231 294 529 553 556 641 647 732 761 769 795 857 892 914 915 926 932 937 940 418 376 455 416 92 133 586 614 839 878 938 978 
174 93 421 241 273 258 64 383 12 115 404 566 780 874 68 225 476 681 708 958 
393 173 3 361 209 378 186 439 477 559 587 619 628 644 676 716 768 790 878 889 896 901 905 921 928 931 954 960 244 415 87 128 405 70 381 125 251 351 521 576 975 
199 18 385 31 448 223 388 74 323 484 494 507 579 590 606 715 728 807 817 883 886 945 959 971 986 462 56 164 170 502 585 832 837 901 969 
427 41 194 439 432 393 406 176 56 378 173 519 545 599 626 628 634 713 832 901 921 931 991 993 997 454 76 265 111 167 314 220 450 517 561 595 
131 285 81 407 696 736 862 339 223 379 669 
31 415 74 53 606 807 990 387 471 953 
40 423 194 176 72 41 427 472 439 22 488 519 599 619 626 628 648 689 713 804 832 864 889 898 901 927 931 944 991 993 339 319 188 55 358 15 461 408 48 129 588 808 976 
242 114 354 363 454 216 324 468 121 603 712 748 753 765 798 819 984 124 1 145 605 795 991 993 997 
14 68 35 306 152 368 11 422 204 95 310 325 153 218 61 332 79 480 523 698 733 797 827 967 976 980 994 430 69 397 29 133 510 681 697 727 822 864 986 
95 68 479 368 152 35 306 784 797 967 976 39 386 665 917 928 
375 21 155 330 577 913 957 320 451 618 
140 92 452 42 96 159 613 711 778 812 854 40 502 780 930 
411 144 29 255 17 528 542 591 601 627 682 731 740 791 840 844 845 855 876 322 413 61 589 713 859 920 
199 31 419 18 415 223 380 312 473 128 118 494 550 579 590 807 817 843 938 986 990 375 345 647 652 736 737 740 754 972 
280 433 408 247 501 517 681 720 783 167 62 738 
28 254 459 230 187 139 169 272 293 463 346 492 513 580 747 949 247 114 416 173 916 920 972 
121 363 113 106 324 409 753 765 150 189 2 778 
185 423 477 427 60 233 548 559 599 644 649 901 931 944 960 991 57 399 340 534 594 699 819 
190 437 444 39 220 184 355 10 322 500 515 592 600 670 695 756 833 866 958 969 223 339 400 493 565 696 727 868 921 
442 125 5 528 601 682 731 855 943 108 606 722 
81 301 54 499 696 736 776 862 893 929 140 101 91 6 844 
486 272 69 366 230 202 459 109 399 464 329 240 505 524 580 632 633 651 701 814 823 849 924 953 979 22 466 41 64 252 248 509 517 623 647 824 
262 13 8 461 555 572 604 605 1000 489 97 940 
484 18 441 415 448 473 87 507 715 938 986 250 257 407 559 609 903 
322 214 437 299 208 535 629 756 820 858 899 907 912 916 951 969 325 33 310 77 797 849 
191 334 458 181 552 678 691 974 1000 523 612 618 786 868 
157 219 330 416 143 391 21 110 531 539 646 710 726 738 749 777 822 826 868 957 987 304 191 464 519 560 657 720 742 863 989 
219 330 85 504 539 646 801 822 842 868 872 962 556 598 649 664 967 986 
285 24 131 407 491 522 653 696 717 776 862 281 222 507 663 815 958 
86 10 489 322 195 52 184 444 374 299 502 509 515 535 592 617 623 629 640 657 661 675 734 756 758 786 813 847 875 899 916 958 285 241 37 69 539 565 601 708 718 727 823 895 946 
433 247 244 318 408 280 398 394 213 158 396 34 287 210 104 485 51 264 506 517 525 681 705 720 742 783 802 815 859 911 168 108 423 461 75 547 570 620 624 665 701 784 971 
500 299 190 86 511 617 657 670 813 912 985 180 456 473 482 539 993 
94 290 235 345 160 435 282 440 447 132 512 665 767 781 794 830 852 861 871 948 197 324 52 280 515 553 624 808 971 
85 219 445 157 498 586 826 356 601 943 
169 370 202 164 492 256 109 168 459 464 230 581 632 651 654 823 849 908 924 949 953 46 214 375 312 98 106 540 756 856 
501 244 213 433 318 408 280 394 247 396 210 681 705 754 207 219 451 57 667 725 
199 31 415 108 473 74 18 253 494 328 128 178 223 331 53 312 448 323 59 380 570 579 590 686 690 741 817 843 886 959 989 990 221 431 499 282 370 414 85 29 337 517 530 594 733 837 891 
358 192 62 295 243 667 697 297 413 665 
190 449 327 444 195 374 437 299 500 757 758 809 951 29 492 117 65 533 651 
121 324 113 114 305 468 771 479 43 730 
362 374 217 63 502 643 786 281 720 759 947 
282 503 435 94 514 518 724 436 407 214 
370 230 346 76 37 109 399 164 272 69 486 168 169 329 581 582 651 683 701 823 953 427 213 257 217 161 697 749 790 825 
282 512 435 447 102 235 583 665 825 830 861 433 212 107 757 770 970 
489 444 195 188 500 220 10 208 643 657 666 685 813 847 899 916 933 941 356 371 194 447 427 503 329 520 672 
23 2 44 99 384 123 462 206 567 808 880 922 415 403 453 638 783 785 
501 433 247 318 408 280 485 398 394 244 287 210 338 213 264 396 681 720 783 815 859 492 507 231 155 409 474 665 814 882 883 
235 512 282 583 714 837 861 314 768 840 869 
72 474 142 406 3 56 40 66 423 185 234 477 393 173 545 548 619 628 644 648 713 752 790 864 896 901 928 931 997 169 76 428 109 210 497 138 369 525 555 657 704 926 
324 141 353 305 113 32 468 753 765 821 984 420 515 679 813 
228 62 200 243 541 655 667 472 440 906 986 
111 54 285 499 131 544 696 717 736 862 929 180 240 333 266 679 
479 152 310 317 68 325 733 784 797 967 976 157 433 398 78 496 768 
346 55 492 28 370 293 109 329 272 580 581 707 823 924 965 998 97 184 191 620 646 670 890 960 
433 135 398 247 501 244 754 519 137 765 799 
87 385 388 59 18 223 108 328 128 579 686 715 807 817 883 959 971 986 343 180 394 467 360 897 944 998 
340 429 97 430 7 269 117 231 134 112 288 294 337 450 465 326 561 641 660 662 674 732 761 779 857 890 914 932 935 940 153 367 217 197 138 456 89 32 672 688 752 774 826 896 
490 395 105 483 255 442 130 5 601 627 635 844 850 943 387 646 773 920 924 976 
470 340 134 381 226 571 584 761 926 935 155 783 882 
54 24 131 286 544 717 736 816 862 507 750 961 
219 391 268 497 85 445 330 577 946 957 378 443 662 
116 375 78 543 578 586 777 811 895 411 697 734 997 
19 27 309 554 639 678 870 947 973 509 29 564 958 
73 320 434 260 26 203 436 89 20 467 25 259 457 624 677 679 708 709 763 785 803 851 978 84 163 488 547 640 646 668 913 957 
495 374 500 39 875 907 912 18 216 687 844 
50 88 420 451 103 321 38 300 205 91 267 614 631 669 672 687 725 810 829 865 977 349 200 277 111 86 568 802 889 997 
15 456 572 637 663 759 831 846 870 918 388 129 844 871 908 
362 220 263 190 657 813 907 958 969 191 430 753 795 971 
268 375 391 351 284 498 497 543 578 594 596 616 646 726 749 822 913 117 100 434 176 500 502 192 194 
461 46 138 279 65 19 33 431 276 622 642 656 668 678 688 691 692 759 793 846 869 888 918 919 974 42 10 505 436 89 283 118 136 182 880 883 984 
192 1 177 200 379 521 655 867 882 887 113 614 974 
411 125 442 29 5 483 120 601 844 943 330 187 457 642 663 
83 215 391 413 539 532 586 811 868 913 88 148 457 441 582 
286 522 530 81 285 407 54 653 696 717 862 451 547 571 615 623 967 
439 519 474 610 649 752 927 928 997 85 421 946 
263 249 592 600 661 695 985 155 946 987 
343 4 85 375 284 569 586 729 738 774 826 895 962 972 534 544 501 325 781 914 932 
519 488 233 551 752 860 896 904 954 991 997 15 64 389 592 727 
71 177 379 200 137 295 655 697 775 782 882 897 920 966 423 208 696 807 842 992 
484 388 18 253 686 741 989 368 194 634 699 
180 393 548 41 644 896 931 255 682 691 
372 46 275 426 496 637 846 848 199 427 224 976 
470 161 150 381 450 337 574 732 228 503 358 801 
107 15 533 431 316 443 151 426 611 642 678 863 45 152 282 257 695 922 
493 461 65 100 622 637 642 678 706 869 888 339 272 519 574 955 
465 340 7 470 231 294 369 112 571 662 761 914 915 937 41 3 186 498 433 785 873 
200 405 565 667 697 882 966 169 54 990 
424 283 452 42 466 397 314 140 159 743 773 778 812 824 903 983 395 101 458 155 628 740 873 
142 488 173 41 472 229 432 60 587 619 634 644 658 676 752 832 898 928 931 954 960 993 997 216 494 313 415 24 207 219 93 635 918 
222 99 462 245 206 123 315 390 302 2 389 44 307 58 567 576 598 800 808 880 955 78 66 140 497 9 211 184 454 746 
527 269 571 732 769 914 935 263 474 609 822 
320 196 149 25 89 349 624 709 763 785 803 851 381 164 442 368 592 902 
246 77 289 6 455 251 119 270 297 612 618 766 930 939 66 436 82 153 830 844 
18 199 128 223 312 807 945 959 990 30 533 749 
177 154 43 98 281 557 1 200 295 615 655 671 744 882 897 966 489 388 500 424 313 733 
258 421 238 64 404 471 115 780 835 61 13 733 
2 99 44 384 315 516 58 206 307 462 390 302 389 560 245 123 576 589 598 800 808 880 942 955 988 442 349 89 173 14 267 575 593 882 887 944 
102 435 447 290 282 45 583 794 852 186 536 283 30 991 
57 182 157 375 547 577 738 842 972 138 725 864 993 
388 415 419 507 328 223 807 971 501 150 813 956 
529 7 556 294 122 288 430 201 561 381 450 101 269 231 337 80 265 574 647 660 761 769 795 914 915 940 544 367 41 355 109 3 648 765 801 939 
191 493 537 271 65 372 431 277 18 699 755 983 
468 242 305 121 324 363 748 798 856 107 203 292 780 847 
553 381 150 161 450 226 231 571 369 112 430 288 337 101 97 303 584 647 662 674 732 779 795 914 926 932 935 937 29 259 555 223 322 353 115 11 738 902 976 
626 644 713 860 901 944 993 567 371 803 926 
462 567 2 206 307 560 99 302 315 589 808 880 207 113 410 238 472 687 
4 189 531 481 21 157 330 359 85 569 413 594 596 726 738 777 822 868 957 59 192 29 619 678 797 881 926 949 
445 416 539 330 532 607 957 133 264 680 771 
473 484 199 419 446 526 18 507 223 690 986 992 282 464 1 635 899 954 
202 293 486 9 37 370 524 329 492 39 763 782 981 
329 524 202 164 109 9 293 513 76 505 240 169 582 683 701 727 814 823 849 906 924 953 998 376 40 442 68 597 717 739 765 864 919 
581 346 28 513 464 727 998 468 543 71 
518 160 163 290 435 568 345 94 514 132 665 718 755 781 794 830 948 995 328 46 405 138 605 632 725 958 
369 201 465 117 574 529 269 381 80 662 732 769 914 915 162 801 803 880 967 973 
265 122 101 429 269 340 884 890 940 473 401 402 851 
78 416 547 532 4 268 237 375 57 343 330 90 504 296 413 85 359 145 543 594 726 729 738 777 788 801 811 836 842 895 962 972 98 29 44 178 251 24 470 315 617 694 705 947 966 979 
378 229 173 176 472 559 186 194 439 626 628 634 644 804 896 904 905 928 991 94 297 25 85 357 205 702 761 876 
206 123 44 462 384 2 922 334 477 379 219 
206 2 245 123 302 44 384 576 567 808 483 787 802 875 896 
507 59 484 415 328 473 223 686 715 728 990 293 258 190 687 
105 120 483 29 308 601 840 324 412 925 986 
546 322 355 374 211 52 333 220 500 489 437 195 657 675 695 734 875 8 17 562 548 2 379 829 949 
93 236 64 336 241 174 620 780 835 159 215 567 
330 343 197 586 110 416 189 219 78 162 227 539 391 116 183 155 382 274 577 597 726 788 801 822 836 853 868 891 946 957 962 972 987 193 507 107 292 190 213 65 488 244 705 724 818 855 937 980 
281 177 387 98 257 192 252 43 228 295 379 697 867 882 963 966 173 343 22 474 769 813 992 
416 375 215 577 539 738 822 388 325 642 691 
197 78 330 90 594 822 894 224 581 641 769 
389 567 99 390 2 560 808 880 922 122 498 243 930 
41 474 439 72 477 488 644 921 997 27 372 729 907 
299 52 437 546 184 39 319 263 489 362 675 685 789 875 899 907 107 404 450 185 223 880 946 
29 5 442 133 308 483 411 490 528 120 130 125 395 428 225 17 255 591 542 261 627 635 680 731 740 791 840 844 845 850 943 999 500 504 63 106 131 337 232 220 298 605 628 688 766 977 987 
50 304 91 638 672 687 865 448 364 870 913 
106 113 121 468 478 324 363 723 821 984 161 330 755 
431 402 493 688 691 770 918 406 52 231 968 
138 181 493 167 276 637 678 700 799 601 427 242 583 478 
388 476 18 473 87 118 59 415 690 741 886 434 490 109 657 731 877 
416 162 578 85 4 268 330 401 21 227 413 788 801 868 1 84 267 109 849 851 955 
279 348 275 138 611 642 652 700 952 445 208 619 
367 230 109 849 906 953 998 494 96 561 276 
22 545 432 194 649 658 752 804 905 385 461 320 103 945 
181 309 554 276 191 124 138 456 372 193 107 608 8 13 316 438 622 642 652 656 678 688 691 759 760 793 863 869 919 947 975 1000 64 220 290 18 269 633 672 755 853 882 895 953 967 984 
246 251 563 270 148 703 792 841 956 425 496 139 725 949 
482 424 42 140 711 743 982 647 733 825 
88 536 84 392 304 50 103 650 669 672 687 725 810 829 105 183 541 470 657 675 975 
200 565 252 207 98 782 882 544 665 947 
237 182 351 539 155 215 646 405 647 831 994 
208 188 195 190 86 502 214 500 661 757 899 907 34 320 586 461 857 966 
246 75 77 455 251 119 297 563 703 730 739 792 481 301 44 496 875 966 
250 41 209 519 472 40 173 72 477 559 180 22 378 626 634 644 676 838 864 901 904 991 997 109 608 274 577 381 368 714 903 948 
258 421 373 336 404 115 64 593 273 174 93 241 762 780 835 874 524 501 303 639 738 787 877 929 
200 62 98 71 295 387 379 192 655 882 887 966 401 717 869 909 
27 107 461 271 456 15 540 124 138 167 191 275 309 611 555 371 151 279 8 642 678 721 770 799 831 870 918 952 268 180 421 47 644 725 787 836 894 906 949 953 
500 195 437 217 184 190 657 661 670 858 951 544 492 133 644 
349 146 436 89 562 365 260 534 677 708 737 803 851 978 60 503 72 392 501 287 
4 85 330 78 126 710 836 957 972 286 700 808 
176 427 474 477 575 22 587 166 180 619 60 423 689 804 921 928 991 283 254 98 265 690 747 949 996 
528 120 255 483 144 5 133 29 261 428 601 680 731 740 840 844 850 876 999 170 113 339 359 157 68 633 657 661 
3 587 142 477 234 519 56 474 66 472 427 393 378 658 713 889 898 901 904 905 927 931 954 968 993 558 301 601 210 175 313 146 670 778 812 855 945 
495 220 214 437 362 299 500 355 858 305 18 7 913 977 
33 279 469 27 431 639 642 754 784 822 
451 536 165 672 687 725 977 166 294 202 906 
463 28 505 492 370 823 906 953 979 30 331 583 672 
492 418 202 370 109 654 683 727 849 267 627 611 875 881 
194 619 166 229 393 72 427 186 474 587 559 41 644 648 649 689 860 925 928 931 960 993 997 21 307 550 27 429 50 46 10 645 697 961 
528 601 395 255 125 17 29 5 442 105 308 130 731 818 834 844 876 422 559 579 398 41 1 713 769 
195 184 355 249 444 670 933 233 443 725 779 
552 138 371 426 555 605 537 334 668 760 770 796 147 4 698 788 797 984 
392 451 300 304 420 602 84 267 50 88 672 687 725 806 885 977 69 516 291 674 786 847 893 
469 410 533 630 107 352 15 372 706 770 796 799 620 146 71 194 44 363 
319 63 500 657 666 758 941 428 12 534 
527 147 470 80 97 660 674 761 914 597 76 658 896 987 
348 181 630 193 8 352 461 410 608 540 555 431 611 622 124 417 309 371 554 656 668 678 692 759 760 796 799 846 863 919 947 952 596 341 117 384 221 179 542 260 324 317 761 912 990 
344 515 217 333 511 657 833 724 923 957 
378 3 559 551 393 575 427 233 488 472 587 634 519 166 41 229 176 619 599 659 713 768 790 804 896 898 901 905 925 927 928 944 954 991 993 65 288 32 268 329 69 622 213 387 623 184 27 792 809 952 
113 363 32 121 291 712 765 856 984 220 63 634 672 
237 498 497 616 85 57 219 189 330 284 539 710 726 777 788 801 946 962 972 140 280 528 524 97 534 697 862 997 
450 574 231 288 7 97 470 430 571 761 890 932 613 484 492 616 295 797 
519 634 477 427 406 649 713 896 921 38 571 844 918 
166 648 427 488 610 634 56 173 3 545 659 838 889 997 192 391 138 75 498 18 715 
304 451 321 165 84 136 300 170 50 88 614 267 672 687 725 806 829 877 454 298 431 302 759 851 968 975 
513 463 139 169 329 202 505 256 492 370 9 399 823 953 365 509 18 98 782 
611 33 443 316 608 668 684 706 770 831 869 919 975 280 484 233 744 951 970 
301 544 499 54 285 862 929 344 18 817 
463 370 418 230 329 633 505 707 953 979 58 833 977 
98 379 565 200 257 387 541 549 521 358 62 1 621 667 671 697 782 881 882 887 920 966 128 42 171 68 69 432 678 781 893 941 
334 107 414 611 138 540 15 642 443 793 831 293 260 118 791 844 867 
623 643 322 538 449 86 184 502 342 220 217 592 195 211 319 640 500 515 675 756 758 809 813 820 907 912 933 941 958 969 16 497 614 519 104 384 606 627 135 815 937 952 963 
628 427 185 559 610 713 716 804 838 928 991 641 443 157 707 778 867 
649 439 644 41 378 60 209 716 860 889 968 1 440 10 365 121 69 
641 288 326 335 571 527 97 761 769 914 937 254 762 927 948 
623 195 10 322 39 546 617 190 220 500 208 86 695 916 108 367 627 363 125 794 829 
226 574 269 556 7 527 450 340 381 584 101 761 769 795 884 914 932 28 372 531 404 751 797 850 991 
537 271 167 309 27 431 36 721 759 770 974 1000 272 499 247 542 282 671 
262 167 124 27 678 799 1000 498 234 230 
435 160 376 447 583 94 132 45 290 345 163 102 282 514 503 718 724 767 781 825 837 852 871 948 995 517 43 480 172 501 359 615 297 508 685 761 910 
640 208 184 515 695 813 907 38 925 986 
200 655 405 98 557 154 257 521 508 137 177 697 722 782 882 966 50 506 434 424 811 856 
637 65 540 181 124 642 652 917 975 534 270 690 
304 212 50 536 205 84 614 672 687 806 829 885 368 264 49 468 475 690 
502 636 623 184 489 449 30 195 675 695 699 847 858 912 628 222 388 371 363 524 769 
379 192 177 565 281 257 252 98 200 655 387 295 697 782 963 966 182 39 663 431 217 220 371 706 
451 536 50 84 165 304 38 614 205 650 669 420 300 136 103 638 267 392 321 631 602 91 170 687 693 725 806 810 829 865 877 885 977 515 444 138 645 128 611 410 279 632 527 454 450 712 741 766 
320 203 25 677 708 803 978 393 307 905 
465 80 527 288 122 335 117 201 641 294 574 369 926 932 638 175 765 797 899 906 
670 449 214 374 600 500 657 30 592 322 412 614 241 
393 472 559 423 619 194 804 928 944 435 43 825 984 
89 365 457 673 534 320 624 203 436 708 737 785 803 851 228 148 733 844 897 947 
36 540 107 33 496 554 372 277 8 622 334 533 276 431 611 191 456 27 605 371 417 555 181 664 642 700 746 759 848 917 918 919 974 577 281 253 333 18 173 223 28 655 696 732 756 788 847 977 
89 146 534 412 365 25 708 785 803 522 520 139 784 993 
627 5 29 133 144 308 601 850 113 578 695 729 
501 433 247 158 318 408 51 244 517 394 213 135 398 104 506 396 485 720 783 802 815 31 479 471 709 725 792 799 853 903 
395 483 490 442 133 791 844 855 876 95 96 194 551 998 
109 139 633 168 48 69 513 581 727 823 953 328 309 51 427 879 915 
316 652 426 352 372 692 952 359 757 986 
600 449 319 515 214 63 184 695 757 833 916 665 335 53 48 459 
590 507 550 526 118 31 817 394 841 979 
672 451 38 321 631 304 650 602 638 205 614 669 170 84 392 136 420 300 50 536 212 725 806 829 865 877 885 977 462 590 2 437 64 461 535 18 257 576 706 914 919 
604 181 124 65 438 138 191 107 611 8 456 540 193 372 13 692 706 759 760 770 863 918 947 198 601 155 98 182 527 729 783 844 928 987 
41 634 477 626 804 901 904 931 954 220 309 426 287 438 
388 312 128 118 341 507 323 331 606 31 579 817 843 886 959 990 668 669 304 451 339 626 866 
611 8 431 496 372 426 540 604 975 596 299 551 
540 642 181 688 684 918 1000 144 139 887 
672 91 300 84 205 725 806 865 877 293 21 34 391 
437 214 217 757 813 907 969 401 586 221 371 
685 666 355 184 546 437 670 220 344 52 592 460 661 86 489 699 734 751 786 813 875 916 951 680 216 38 119 27 554 126 117 189 707 829 
522 407 544 81 131 111 301 499 475 491 736 776 816 862 893 929 221 154 678 305 549 302 489 863 
200 295 207 1 98 671 387 71 192 667 595 137 252 655 228 549 243 379 557 508 177 62 719 722 744 775 782 867 882 887 920 966 44 82 646 479 67 75 634 532 513 713 853 969 1000 
368 68 479 325 306 364 733 784 797 976 980 189 293 637 98 
670 217 10 249 263 695 355 374 208 756 809 858 907 912 916 951 958 970 985 572 317 456 550 488 738 806 862 945 
678 46 100 431 277 605 193 608 760 799 202 625 314 419 827 
76 492 28 48 367 513 168 346 459 581 230 311 823 906 908 949 965 998 306 29 404 120 462 501 771 806 808 
239 96 357 778 812 982 996 426 587 122 
246 612 75 297 251 119 618 6 730 739 766 792 828 841 930 939 446 360 760 763 870 888 928 
434 89 412 25 436 763 803 468 415 519 
501 318 247 244 34 398 408 280 506 213 394 433 720 783 594 56 156 586 65 305 885 
555 19 688 13 652 639 759 918 90 687 671 815 
55 524 230 329 28 172 654 293 814 924 695 658 88 396 907 
20 677 349 203 260 673 259 436 457 534 129 467 25 320 89 679 624 709 785 803 851 936 471 199 291 435 500 853 891 947 960 992 
562 412 708 25 534 26 803 258 681 821 915 
375 646 497 625 116 237 749 788 186 109 
613 377 42 283 482 424 982 208 132 268 
113 353 478 468 645 141 354 106 771 819 964 984 466 378 189 439 672 778 
41 423 233 427 194 185 519 477 644 474 432 3 575 628 180 56 648 378 439 361 658 173 716 752 832 838 864 889 904 931 993 116 483 330 221 697 87 218 635 125 255 133 205 179 972 
132 518 282 102 440 235 94 160 400 767 995 437 468 619 256 719 
590 526 341 223 473 18 356 494 128 807 883 959 971 989 284 152 219 649 777 836 
378 658 713 659 60 472 944 330 876 1000 
81 522 544 111 530 499 131 816 862 621 243 581 763 
583 400 665 745 767 781 825 500 206 939 
252 697 379 207 775 867 882 920 963 69 347 714 277 
501 433 247 244 210 408 280 517 681 705 213 287 338 394 485 783 802 859 911 259 497 250 288 374 511 795 912 952 
622 334 663 760 869 918 974 462 773 835 916 
252 697 281 667 200 295 379 881 882 897 920 164 456 111 276 115 490 
113 32 363 603 748 765 879 258 362 789 
447 102 665 235 94 512 861 262 643 594 
672 687 91 451 50 84 650 165 300 38 304 614 205 536 136 267 638 693 103 420 631 806 810 829 865 877 885 977 204 569 173 583 394 612 379 622 681 506 431 636 844 
577 182 413 171 330 57 539 155 375 116 594 401 284 189 85 416 646 359 219 497 586 143 738 774 788 801 822 826 868 872 913 972 328 295 25 322 108 214 181 206 123 839 855 862 875 956 
272 164 399 581 370 28 346 329 48 633 109 683 293 582 906 953 548 479 489 500 334 839 847 915 
590 298 473 223 938 945 990 396 289 793 
157 547 586 219 330 401 339 416 894 688 29 599 322 680 
246 75 297 455 77 289 618 703 739 792 841 930 399 510 228 786 801 998 
133 29 601 395 635 17 5 144 490 442 483 627 834 999 113 370 606 31 383 887 
403 97 561 288 381 584 470 527 574 553 430 769 892 914 194 387 426 678 157 813 904 
68 479 698 306 14 218 95 523 232 221 204 153 310 772 784 797 827 976 677 566 507 109 94 613 565 788 889 
263 444 500 695 592 786 866 970 408 54 532 778 
424 42 453 452 743 824 950 366 461 262 801 
407 24 111 530 696 81 491 475 522 285 862 393 304 288 484 958 
624 203 89 677 365 803 978 484 191 862 
237 547 126 596 586 116 78 577 359 569 155 339 157 375 401 726 391 497 413 197 822 842 868 934 957 962 485 308 574 174 620 285 699 367 13 879 885 890 
246 77 297 455 148 119 251 618 75 270 703 289 6 730 766 792 841 939 295 581 89 125 282 329 252 765 928 
133 5 125 411 255 601 483 225 627 844 876 943 15 558 162 484 37 12 
606 108 507 550 446 312 18 141 672 954 
501 433 244 318 247 408 859 497 413 811 
357 613 313 424 425 558 735 778 812 983 115 416 817 
177 281 137 697 379 565 966 652 322 151 
132 94 160 718 794 825 948 121 41 203 
13 348 402 19 46 417 678 560 200 807 
293 486 272 198 311 464 823 953 965 626 408 795 819 
573 113 305 723 478 242 765 798 435 365 416 89 
182 539 497 21 710 4 391 189 826 564 195 513 973 
324 113 454 468 67 242 121 753 984 350 530 877 914 
190 695 319 86 809 813 951 410 169 662 56 
250 545 519 610 713 559 393 173 548 804 864 928 991 993 236 527 238 340 273 765 967 
454 291 127 468 216 32 242 750 363 305 478 520 324 487 771 856 411 538 214 814 837 975 
506 247 244 525 280 433 783 630 484 160 
132 583 282 400 45 435 871 611 603 572 
195 214 217 500 333 699 437 495 657 489 362 460 263 322 813 916 951 958 678 247 197 505 348 426 772 831 990 
617 342 685 322 327 52 217 509 86 694 195 786 813 847 875 941 969 684 130 407 514 41 424 804 947 
500 509 657 355 86 322 195 640 866 421 65 231 288 194 
410 13 706 138 540 371 191 678 458 426 461 688 19 309 537 642 663 611 417 277 760 869 650 21 511 179 23 17 782 808 933 985 
721 82 700 688 65 642 637 611 759 8 793 7 703 896 989 
527 117 147 571 288 122 381 369 470 529 161 201 662 430 294 7 80 465 641 556 647 660 101 269 340 795 890 892 914 926 932 937 587 247 268 68 252 85 665 642 782 808 838 841 934 983 
93 383 174 258 620 64 780 43 660 984 
412 26 260 25 89 320 534 129 562 436 203 704 785 803 839 851 580 703 433 717 833 983 
42 239 92 424 292 283 787 144 307 820 
113 645 468 748 242 353 487 141 354 47 121 520 49 106 127 32 324 723 156 363 454 216 478 771 798 819 821 879 964 984 231 447 525 375 99 674 571 8 752 372 739 581 882 995 
246 739 77 297 270 455 563 119 6 703 148 792 828 841 930 956 415 191 672 601 342 805 896 
714 282 665 45 266 503 447 718 861 871 86 293 788 
472 644 185 921 928 960 993 523 316 518 
147 134 337 265 97 584 326 101 450 288 340 161 7 122 470 662 269 571 732 347 660 561 226 117 779 795 892 914 915 926 932 935 99 597 635 595 190 438 53 415 670 461 79 389 895 931 
151 622 663 637 652 639 688 604 947 975 112 514 984 
121 765 510 454 712 363 468 753 242 701 40 4 578 866 
350 204 306 733 784 797 967 756 939 953 
314 42 292 558 16 397 900 961 983 528 172 330 721 813 
237 726 78 547 155 801 811 826 836 895 934 451 223 369 527 92 794 
549 697 177 405 719 200 98 31 231 424 
285 696 301 499 491 131 407 81 111 816 862 929 18 294 402 195 363 808 
577 4 268 586 646 497 532 375 826 836 972 715 136 12 410 907 927 
425 70 283 314 397 140 702 92 357 482 278 16 42 743 175 424 558 812 824 950 961 982 983 996 419 628 734 5 487 712 658 427 285 349 902 
769 294 134 430 527 303 147 101 574 465 926 42 279 380 636 974 
762 593 620 241 471 421 64 566 12 404 258 874 573 338 482 337 83 427 
503 583 665 718 435 447 266 837 852 2 547 655 
671 200 243 1 697 667 615 655 379 98 295 549 257 887 897 68 761 759 651 580 798 971 
501 433 247 244 705 408 280 681 517 720 398 213 158 396 485 394 34 754 104 318 338 802 815 859 911 420 208 688 50 516 124 529 7 807 931 991 
95 325 306 733 14 61 68 152 698 232 480 317 523 350 218 153 364 204 422 79 310 772 332 368 797 827 902 967 976 980 449 501 107 320 174 630 679 792 799 816 900 905 978 
89 534 708 26 203 412 129 763 434 260 20 562 149 259 677 320 457 196 349 365 679 803 851 936 978 181 456 516 321 439 29 556 887 928 944 945 983 
500 220 211 757 208 734 511 460 695 437 916 496 244 730 638 
140 764 175 903 982 983 996 282 620 589 622 
726 401 710 607 646 375 268 594 586 826 853 767 315 678 733 637 970 
600 184 39 327 809 833 858 723 285 952 
361 519 194 41 427 644 472 896 960 65 95 513 842 
483 5 29 682 225 601 133 411 844 876 119 154 656 113 793 
246 739 766 703 297 77 618 75 612 251 289 6 119 730 148 930 681 644 784 306 444 138 188 
458 100 760 656 540 191 611 167 107 888 973 728 791 424 910 983 
282 435 376 503 163 440 568 583 745 235 825 837 852 125 63 380 774 661 928 
403 662 761 231 571 769 335 161 574 288 381 470 884 926 940 123 720 538 747 478 66 927 
138 637 639 642 167 372 799 848 1000 416 30 880 967 991 
68 784 479 310 232 306 733 218 153 422 523 35 317 480 14 325 221 364 79 350 698 152 95 11 332 772 827 902 909 967 976 994 211 637 577 662 647 674 419 495 20 365 850 873 897 921 998 
478 765 121 113 454 291 573 127 468 748 360 409 821 984 313 112 203 782 345 869 902 
639 107 372 796 700 417 461 622 642 605 65 664 919 192 337 681 784 525 272 
99 23 44 462 222 560 567 808 988 144 329 882 960 
339 83 726 607 359 78 157 774 90 401 4 498 375 330 594 227 646 85 343 57 586 197 822 872 891 894 913 923 962 972 428 584 393 571 410 553 297 324 319 433 730 735 810 911 
501 433 247 244 720 318 783 280 681 398 394 34 815 536 371 589 202 435 901 
89 785 534 436 320 203 673 709 20 763 677 129 365 434 562 25 412 457 146 708 624 679 149 737 349 704 259 839 851 910 936 978 126 340 82 395 75 584 347 575 812 849 852 892 995 
361 194 432 626 658 752 72 644 610 587 676 689 250 477 878 901 921 931 944 213 757 228 175 96 33 817 886 957 
96 314 397 453 824 961 982 10 766 823 
672 687 725 205 267 304 136 650 638 451 38 693 669 84 829 877 8 699 463 319 701 117 
473 564 298 223 178 476 526 570 53 715 253 108 59 446 248 448 356 415 18 484 817 843 945 971 986 992 252 202 305 60 746 549 783 364 233 829 933 972 
567 58 2 44 462 23 206 123 516 222 576 598 302 389 800 224 560 307 99 589 880 922 942 955 988 258 625 270 160 761 290 759 776 121 503 477 701 
699 657 509 751 322 333 249 184 789 833 644 468 171 860 894 
672 212 91 536 725 614 829 169 89 801 
162 330 416 532 543 110 197 85 774 413 586 78 359 913 946 972 55 250 190 742 667 865 870 
175 386 96 743 558 702 92 778 283 482 425 424 140 854 900 903 981 983 628 289 803 329 374 356 163 917 
449 695 319 657 502 299 666 751 344 437 515 500 538 86 211 756 190 757 694 52 847 916 958 98 151 520 570 595 773 732 842 960 
139 707 581 492 254 37 169 28 823 330 517 132 157 753 
501 433 247 264 783 802 408 280 398 517 244 287 394 681 318 51 706 657 499 375 251 879 893 972 
696 54 81 111 530 285 717 776 862 893 929 247 203 784 438 425 
484 690 331 31 385 341 807 473 526 388 686 323 507 883 743 15 653 804 60 914 921 
29 635 442 395 144 225 844 224 594 375 888 
765 478 113 468 106 712 156 324 964 220 747 488 1 
495 437 220 190 299 657 184 858 970 764 280 150 398 
324 113 765 305 603 468 454 798 141 520 150 201 709 
330 594 596 189 85 597 539 726 375 577 21 78 801 498 401 157 738 497 853 894 946 957 972 223 630 479 203 131 561 443 823 986 
683 187 632 505 272 701 254 747 172 370 581 109 9 814 230 202 198 256 464 513 55 651 492 139 524 849 949 953 220 72 822 500 22 805 314 416 858 962 972 980 
239 96 805 16 558 386 292 278 735 70 778 425 900 981 492 447 265 411 100 997 
514 794 45 718 665 745 266 676 613 513 
749 78 274 116 445 788 504 547 726 497 777 85 774 401 145 868 872 957 972 114 454 527 423 319 112 924 
306 797 784 325 153 218 368 733 68 14 479 422 967 183 231 216 299 700 969 
246 766 703 77 251 297 841 930 187 189 42 898 
672 687 725 806 50 536 650 304 170 267 91 205 614 669 212 420 103 136 84 300 810 321 38 865 885 252 282 247 592 695 13 149 807 661 913 969 982 
282 583 503 376 400 45 102 345 435 235 514 160 431 280 325 295 212 563 
456 107 191 622 656 652 537 870 973 616 213 756 115 158 
477 41 559 474 713 60 860 52 473 456 
789 214 685 643 489 809 220 916 933 763 654 856 
395 29 130 731 5 635 844 427 896 983 
93 593 620 12 174 566 241 328 721 214 
777 594 586 183 330 83 774 625 873 923 622 459 715 144 918 
781 282 665 235 518 435 794 861 995 753 473 318 507 
649 173 619 186 56 658 713 864 889 928 931 761 332 952 953 962 
89 365 763 803 25 412 320 20 851 727 726 470 
428 591 601 483 627 844 850 518 468 331 901 
246 828 739 455 766 119 251 612 703 730 148 77 135 761 323 686 931 935 
569 738 189 586 351 416 343 330 78 498 375 162 445 872 895 913 957 439 549 233 372 790 813 408 869 
807 690 484 507 388 883 989 990 393 35 881 914 
627 29 5 442 133 17 395 635 105 528 601 411 791 818 740 125 682 428 542 840 225 255 834 144 483 308 845 850 855 876 943 999 209 725 563 648 656 535 465 491 688 677 537 343 285 
17 255 133 844 601 29 483 395 334 388 52 892 
82 537 552 181 540 36 642 918 1000 257 136 81 427 
86 344 444 670 322 515 757 813 63 195 30 500 958 969 368 678 638 727 573 254 
191 796 552 456 19 138 678 168 77 413 934 
202 609 187 581 492 169 172 823 37 230 9 329 633 505 399 346 109 254 164 908 949 998 54 803 607 455 35 343 442 157 495 956 
29 17 844 840 601 5 442 680 627 528 876 797 219 427 140 662 167 
203 89 434 534 708 677 803 320 785 562 457 763 260 624 365 25 26 839 460 585 4 262 607 256 650 314 
503 568 282 290 781 94 665 794 447 325 133 803 914 
274 822 594 416 189 788 359 110 891 611 708 184 697 681 
482 314 812 92 42 140 900 157 68 947 
5 133 29 490 483 682 844 411 594 628 726 134 
363 49 242 645 32 113 468 753 47 573 984 394 833 312 667 505 
527 335 231 470 122 381 101 254 617 943 
820 623 52 495 699 220 789 86 670 629 120 285 370 189 823 
501 247 517 244 742 783 720 483 15 363 914 
548 60 659 832 575 634 66 809 45 317 
290 435 235 767 724 503 518 282 400 514 837 163 74 85 250 178 190 253 
285 696 131 111 301 776 717 816 736 544 522 499 653 54 491 81 530 286 24 475 893 929 231 726 370 737 140 124 646 699 907 941 
275 688 276 642 554 138 262 611 919 975 497 696 274 
427 194 406 185 713 60 838 439 41 619 519 3 477 22 752 944 997 335 569 479 581 206 28 907 913 
672 536 693 602 829 687 725 811 285 177 
734 195 188 437 184 758 489 453 771 690 
541 595 379 257 697 719 882 658 363 14 656 
726 577 543 189 143 4 284 826 157 738 375 594 382 401 497 182 330 498 416 607 895 972 987 381 87 22 396 395 496 363 489 896 928 976 
372 371 438 352 469 13 456 555 652 276 107 540 100 721 402 611 759 919 952 842 311 147 621 798 392 428 518 903 
167 533 410 8 831 622 277 537 371 602 365 811 703 
767 665 160 503 94 282 435 447 755 948 995 13 190 537 957 
726 498 842 826 416 375 801 946 337 280 117 918 
330 183 126 268 836 382 83 413 21 894 972 437 558 556 797 323 131 
404 236 471 273 174 620 383 780 158 194 101 15 
190 500 757 592 695 600 535 214 319 161 726 589 618 633 
844 442 483 791 635 850 627 740 682 29 716 587 462 973 974 
672 687 304 806 212 84 693 725 650 451 392 750 329 620 606 966 
361 472 40 804 234 928 968 993 997 26 206 470 949 
723 291 765 47 49 113 984 258 683 738 815 
808 598 99 576 560 23 462 307 567 516 206 796 600 185 540 584 
62 281 379 655 722 387 1 252 228 257 200 882 963 966 577 237 843 633 906 979 
867 379 295 667 137 62 655 98 387 228 621 615 281 541 565 200 549 557 257 719 1 405 43 697 881 722 358 207 595 887 897 966 529 800 57 388 378 765 47 459 517 611 567 409 244 945 
715 248 526 817 473 843 223 383 540 517 916 
662 403 381 150 340 7 585 795 226 430 926 143 336 376 924 
672 300 205 829 451 50 392 321 725 304 420 212 103 669 638 170 687 705 738 364 396 341 253 352 142 
507 473 53 448 690 18 253 328 606 938 986 141 393 119 468 804 
621 200 177 295 697 782 655 541 207 379 882 920 963 966 785 83 567 152 731 692 964 
107 316 555 793 8 540 947 703 355 818 282 
173 180 477 233 628 838 472 427 659 713 649 536 59 733 213 251 
465 761 340 647 585 527 914 301 435 524 738 
853 85 594 219 801 21 923 708 507 276 
732 381 430 470 769 7 403 761 914 346 803 438 845 894 
862 491 816 301 81 131 286 696 929 655 638 815 916 976 
729 110 822 801 189 597 873 4 946 957 228 809 892 622 327 
586 868 416 219 391 296 532 774 145 21 842 547 413 946 611 500 94 769 240 161 919 
587 790 56 66 644 519 393 423 648 548 472 427 72 551 901 927 944 954 960 991 993 589 834 760 527 300 641 868 18 766 
379 782 722 882 43 200 295 565 549 154 966 677 447 797 142 526 
477 72 628 559 644 60 928 997 155 828 51 959 
617 495 600 500 220 515 912 674 579 1000 
96 854 159 377 179 397 70 773 140 824 452 278 314 425 466 16 812 424 175 453 92 903 950 961 981 982 983 784 137 60 455 55 299 285 441 229 931 936 963 
644 393 804 474 56 896 575 628 619 477 432 689 472 519 488 931 991 802 450 473 323 840 322 945 982 
310 784 152 35 232 797 976 562 778 574 798 
558 452 812 314 179 92 96 787 900 357 140 453 983 996 681 352 416 494 869 619 
142 587 689 41 176 439 60 423 180 72 548 628 66 233 173 713 186 3 22 619 921 931 968 319 329 263 732 174 15 284 325 333 
173 644 587 472 610 406 628 928 27 673 77 784 
329 169 139 187 581 632 240 609 727 48 701 293 254 202 908 924 374 622 521 674 881 184 631 
600 437 666 374 538 694 333 342 184 190 699 495 63 52 535 657 217 617 958 969 985 27 329 864 707 55 862 777 599 942 
164 202 272 849 370 109 701 48 418 256 505 906 329 28 924 308 176 238 537 433 148 975 
797 68 11 325 317 967 976 177 174 621 12 
803 89 196 320 365 25 467 349 26 324 793 173 62 665 
501 396 408 433 783 318 720 177 801 85 
322 670 444 899 52 188 437 342 263 220 184 657 535 495 86 699 502 941 969 173 121 276 720 223 642 270 229 957 
481 801 539 543 157 339 842 375 811 726 78 864 602 629 829 534 921 
231 429 641 337 527 556 340 288 761 150 7 732 561 890 662 303 571 134 294 584 574 369 769 381 430 97 892 465 470 101 660 926 547 424 859 817 38 852 19 843 378 400 750 687 454 920 987 
584 571 769 117 147 430 556 470 326 272 683 727 709 
333 299 833 500 786 515 86 685 327 756 342 661 184 699 495 813 695 217 63 958 970 893 4 324 486 11 318 883 418 298 721 
46 431 414 19 678 124 456 668 60 812 480 318 
138 426 540 692 348 706 456 410 431 8 721 846 678 604 36 13 107 622 537 688 371 947 973 1000 318 559 64 409 872 423 374 401 836 648 990 
107 19 540 642 799 863 869 611 431 438 15 652 27 678 353 895 244 581 687 148 948 
697 655 722 228 387 887 549 719 295 1 200 382 914 486 483 528 
378 423 194 180 472 904 599 768 474 66 804 361 648 427 626 944 968 797 913 817 243 124 306 489 924 
598 588 99 389 384 44 516 808 942 50 14 381 246 554 
4 891 836 416 801 972 987 643 331 230 
906 492 524 329 581 346 505 367 366 908 707 949 528 921 826 469 884 369 
634 173 427 644 378 960 968 666 591 278 433 
795 80 117 381 779 884 231 470 914 761 430 529 122 335 326 769 674 269 574 937 295 322 577 406 84 519 191 575 950 
477 56 628 545 644 378 896 795 777 660 
250 427 519 752 559 142 41 545 905 878 676 768 587 634 838 644 898 626 658 472 378 931 991 997 868 226 688 308 794 480 785 703 739 950 
862 522 776 893 696 301 407 816 491 653 285 375 14 93 156 620 976 
246 792 563 828 119 297 766 703 730 417 598 482 
689 804 22 551 474 60 488 713 901 427 838 194 477 166 904 634 72 559 519 472 250 378 928 628 393 41 968 371 33 783 841 260 769 398 299 900 49 315 983 
340 369 122 527 674 337 381 662 574 430 761 269 288 647 470 769 195 547 361 330 439 986 
322 833 217 515 449 636 657 958 807 447 150 759 
445 401 237 296 738 774 957 305 302 848 761 
340 769 529 574 527 561 303 288 117 326 937 841 373 330 993 
708 25 803 320 260 436 785 127 407 900 
660 470 556 926 337 935 574 761 213 657 458 594 
886 388 484 728 380 494 223 989 990 349 470 33 314 
246 77 563 75 455 6 703 739 956 772 571 194 718 
369 470 527 585 795 571 97 212 12 493 
184 515 912 362 217 640 249 757 657 958 969 172 330 655 862 72 
808 567 2 44 922 99 462 200 167 907 
844 29 601 528 442 490 542 428 5 740 857 504 329 
804 716 575 864 41 644 477 488 921 676 896 526 785 567 395 976 
341 446 108 53 728 473 564 807 415 986 990 992 785 628 610 901 699 882 
382 811 126 872 183 351 594 822 895 155 189 894 531 646 157 215 110 972 987 345 32 45 545 454 546 600 234 500 
918 770 167 888 191 275 27 371 352 438 688 410 138 611 100 642 533 19 708 615 511 854 9 677 586 757 
583 435 235 503 745 345 665 282 163 290 871 160 919 109 619 318 660 1000 
329 311 28 701 37 202 254 849 109 346 505 823 459 486 168 370 924 953 998 626 577 612 2 592 216 622 878 994 
92 778 314 900 140 735 175 42 983 928 334 44 926 
184 190 623 695 495 699 756 509 751 652 27 4 219 418 
431 352 622 684 456 869 371 124 642 608 644 789 657 838 720 
632 654 463 747 651 492 69 823 254 581 272 683 505 513 418 28 609 727 293 256 198 949 370 164 367 139 979 998 838 275 772 462 328 455 112 611 476 433 622 228 381 
548 559 439 142 194 644 60 628 41 472 896 689 375 579 309 741 
808 315 224 307 99 560 44 2 567 607 340 555 264 242 
246 148 612 297 766 939 455 849 726 379 570 
219 822 359 577 738 416 497 85 189 413 826 934 481 894 531 594 78 351 182 162 330 157 842 625 4 339 90 578 329 534 36 912 49 196 270 643 871 258 804 995 
489 847 756 30 214 813 299 657 263 86 437 249 10 538 322 327 500 211 220 916 217 190 907 941 933 699 970 471 383 109 303 736 583 533 47 499 68 366 990 
31 473 715 564 331 690 18 526 507 217 68 257 124 898 
559 634 166 896 472 66 488 768 209 180 925 790 427 991 708 800 50 813 314 435 524 
900 805 778 424 773 314 983 634 530 80 355 
646 738 586 416 801 547 594 498 189 823 838 432 430 966 
719 595 98 881 257 379 671 387 887 657 900 37 456 113 
141 354 712 765 454 819 468 239 887 401 
701 747 139 187 524 55 459 412 431 87 118 
595 379 655 887 621 252 71 557 295 405 671 257 98 43 897 192 697 387 744 281 882 200 154 667 549 565 881 177 962 417 586 81 618 877 11 392 617 230 86 97 
14 784 68 479 480 152 11 317 306 310 325 772 221 218 909 797 364 523 827 232 368 422 35 976 980 584 120 417 72 374 468 544 498 611 752 796 979 
904 925 628 250 931 878 659 194 921 451 604 650 
757 912 220 374 63 495 694 657 907 437 449 214 538 489 333 299 847 941 26 335 829 56 697 306 473 375 827 
214 916 355 958 52 820 208 319 699 734 985 359 429 514 652 354 788 
328 448 388 341 570 31 178 715 331 356 526 108 807 380 473 986 538 184 782 503 501 24 57 
777 826 625 126 416 801 822 268 873 586 547 868 78 189 646 726 85 375 946 923 219 594 811 569 987 55 387 815 486 484 139 807 427 823 65 713 
918 831 410 533 793 443 334 876 584 749 
540 372 181 13 663 678 721 65 496 779 541 876 
668 277 770 193 611 372 863 124 13 652 276 191 65 691 614 42 908 472 753 650 
797 784 68 479 967 325 306 733 14 232 368 364 422 523 79 61 310 152 218 698 11 204 909 221 350 317 35 902 480 95 980 994 52 574 460 202 477 452 441 528 944 868 552 226 929 177 893 
536 687 631 451 50 638 205 672 304 725 267 84 629 654 601 678 
203 673 737 146 320 534 624 785 89 803 470 784 370 381 51 
370 254 632 464 492 953 109 654 329 293 28 107 881 686 586 967 113 
976 317 68 698 967 479 784 823 594 329 
900 452 314 824 313 278 292 812 996 437 457 580 400 251 
787 702 613 377 711 397 386 314 313 92 16 778 805 42 900 996 242 176 901 75 54 829 372 
159 812 283 558 961 900 140 773 278 42 903 377 96 70 314 787 424 950 386 778 743 16 397 175 239 179 466 313 292 996 761 21 68 785 763 173 97 572 281 834 931 91 793 
113 856 324 645 798 765 32 106 291 603 363 478 750 712 879 242 520 114 454 637 762 611 437 540 261 770 107 676 
374 502 970 699 546 437 907 759 340 200 
526 484 415 807 18 494 128 886 108 473 312 945 223 579 31 298 971 388 521 591 684 822 932 666 222 498 479 
923 972 416 497 339 946 343 594 85 330 868 914 601 641 546 688 
808 567 44 389 390 800 462 99 302 2 72 5 13 
507 550 328 843 938 715 990 760 497 220 
590 199 484 18 564 989 53 108 128 843 388 945 690 507 728 938 476 419 248 918 113 229 958 557 413 204 642 756 
439 41 619 587 960 644 477 901 427 928 66 548 488 250 658 474 896 180 626 22 752 194 993 100 110 568 478 783 796 159 420 51 662 205 
579 945 807 446 223 108 331 708 424 182 595 549 
991 634 628 896 713 559 575 752 233 474 878 477 432 378 768 393 173 644 569 321 195 679 935 478 32 246 502 
976 325 306 479 68 14 797 342 949 616 373 
282 871 665 714 266 235 290 583 435 837 94 765 195 957 50 803 466 
983 778 239 313 982 787 981 386 903 96 424 42 702 435 86 13 311 207 626 
250 599 898 649 186 548 66 864 878 519 41 427 474 545 40 234 194 634 393 559 928 173 619 532 205 398 536 824 105 478 70 646 
418 370 28 254 949 582 581 953 399 849 609 230 109 272 172 463 329 55 524 701 397 111 682 526 161 797 327 730 175 
133 844 601 627 29 225 731 94 106 393 
664 493 496 663 13 846 279 611 348 456 19 277 181 692 796 918 438 82 276 325 324 948 251 419 716 697 435 899 
