1000 9735 0
62 98 177 192 200 228 257 379 387 508 521 882 920 966 210 290 363 498 717 945 
23 44 58 99 123 206 222 315 389 390 462 516 560 567 576 589 598 808 880 922 942 955 988 33 42 128 130 280 297 575 587 700 712 
41 60 180 186 393 432 439 474 832 928 931 991 285 387 411 759 
143 215 219 268 330 343 359 375 445 504 531 578 586 738 749 774 801 822 842 853 913 957 962 111 184 393 492 500 502 611 700 844 883 907 
29 130 133 144 225 255 261 395 428 483 528 542 591 601 635 680 731 740 791 844 845 876 943 73 124 183 368 397 425 723 811 864 
77 119 246 297 455 563 618 703 739 792 841 939 295 462 645 959 
117 134 340 381 470 527 556 571 574 660 662 761 769 779 795 884 394 515 651 727 817 912 
13 107 417 431 456 537 540 611 639 799 863 869 870 918 89 95 306 697 738 815 979 
230 272 513 581 727 908 998 188 644 662 
184 322 333 444 489 640 661 756 912 19 90 97 492 542 
68 479 523 784 797 967 976 34 522 963 
64 174 236 258 273 336 373 383 404 471 566 620 255 413 694 862 873 933 
8 107 191 309 348 352 372 431 456 461 469 533 555 572 611 622 652 678 759 799 918 947 952 67 226 283 470 521 766 804 867 950 979 989 
35 68 306 310 325 332 422 479 698 733 784 797 827 967 976 173 330 417 450 461 714 1000 
19 27 46 124 138 443 493 605 622 642 663 668 678 688 793 888 974 975 1000 97 477 502 514 549 567 634 699 991 
42 96 140 179 283 702 735 743 764 773 778 900 961 983 167 189 223 235 560 591 
29 133 255 411 442 528 627 740 844 241 281 343 427 921 
31 59 74 108 118 128 178 223 298 323 331 341 356 448 473 494 526 579 590 606 741 807 817 883 886 971 986 989 990 28 104 134 329 359 435 437 581 628 685 726 822 933 
15 27 138 276 309 316 496 552 554 611 642 678 684 770 10 114 174 282 327 374 586 
203 320 436 467 704 763 785 851 115 309 757 925 
57 197 339 343 375 401 445 532 577 597 726 826 836 868 894 946 68 86 198 280 582 613 636 976 
41 180 393 427 439 474 548 559 634 644 832 904 190 246 465 792 801 859 
2 44 58 206 560 567 576 800 808 134 485 709 765 796 
81 111 285 286 407 499 776 816 862 294 611 877 891 
26 89 146 203 349 365 412 436 457 534 562 677 704 708 785 803 851 910 43 116 254 295 435 470 489 592 713 
25 149 260 349 534 677 803 851 459 567 646 688 
15 19 33 65 138 151 348 352 402 426 540 554 605 639 642 652 770 863 947 145 213 282 384 476 634 705 733 797 
69 76 109 164 169 187 230 254 293 311 367 370 463 464 492 505 513 651 683 701 707 747 823 849 906 924 953 998 18 318 330 412 437 503 517 671 708 745 928 
5 17 120 125 130 133 144 261 395 411 428 442 483 490 528 542 591 601 627 635 682 731 740 791 818 840 844 845 850 855 943 999 81 124 281 324 407 410 478 524 527 797 827 874 896 
86 184 437 444 511 515 643 657 907 912 951 527 547 696 877 991 
18 74 128 253 341 419 473 507 526 570 579 807 817 883 325 465 726 765 862 870 
113 141 216 242 324 353 363 409 454 487 520 723 753 765 771 798 821 99 316 505 546 580 761 858 868 
27 124 276 277 352 443 918 2 416 574 732 
51 158 244 247 318 433 501 720 802 815 911 11 124 458 677 993 
14 68 306 325 784 827 976 378 436 866 
414 458 555 639 642 863 919 288 337 433 836 
55 109 202 329 524 632 707 849 979 224 477 590 611 962 
50 84 136 304 420 451 536 614 638 669 672 687 725 829 113 577 643 721 930 935 
184 195 214 220 500 515 661 813 958 139 203 370 389 428 
66 166 423 559 619 968 997 230 577 740 
3 22 56 142 173 194 378 427 432 439 472 477 488 548 559 587 599 634 644 649 658 659 752 860 878 901 904 921 993 997 395 426 441 501 518 558 580 662 724 795 875 895 930 985 
16 92 96 140 278 292 313 314 357 386 397 424 425 453 466 482 764 778 805 812 824 950 982 983 996 2 75 109 190 244 468 524 535 611 657 766 789 
62 98 137 192 200 295 387 549 697 881 882 887 966 25 150 230 321 439 568 
2 23 58 99 123 206 222 384 389 462 516 560 567 576 589 598 800 808 880 922 942 988 330 501 536 603 611 627 697 847 867 990 
102 282 400 435 440 447 665 718 794 861 871 209 463 757 894 
15 107 191 271 410 426 431 642 869 216 594 945 987 
67 121 141 324 468 712 753 488 769 848 
109 230 486 701 849 906 949 131 279 544 
114 305 324 354 363 468 765 821 984 230 729 808 
38 91 103 165 170 205 300 304 321 392 420 451 536 614 638 650 672 806 810 829 885 152 191 195 323 329 452 489 807 837 848 
34 213 280 318 394 408 783 68 154 637 996 
86 220 299 319 437 460 489 500 515 695 699 789 907 912 916 958 970 57 174 231 388 488 581 665 877 
74 223 388 448 473 526 686 301 635 926 
111 131 285 301 530 544 736 776 816 862 929 102 146 239 302 330 660 
37 69 168 293 367 418 486 581 651 654 849 949 953 979 229 507 558 631 761 
41 66 180 423 474 477 519 559 610 713 716 804 878 898 904 931 426 460 492 605 810 908 966 
21 85 577 597 726 738 774 777 836 872 52 258 302 628 914 
44 23 2 123 307 567 955 797 810 908 
18 223 298 328 441 476 484 507 526 971 986 65 591 733 767 966 
3 142 194 250 472 551 587 619 649 659 838 860 889 896 898 904 927 944 195 244 323 407 484 507 669 687 783 
306 310 364 368 479 733 994 140 260 474 
43 1 98 295 565 621 655 667 697 882 887 920 966 107 468 561 880 900 933 
184 188 190 538 636 899 907 519 733 953 
12 115 238 241 258 373 383 471 620 835 874 282 301 641 831 912 938 
27 167 271 277 348 622 637 642 663 688 692 700 760 975 59 136 213 214 795 895 962 
56 40 166 194 423 619 626 644 896 901 931 944 86 182 314 757 769 793 
47 113 216 468 487 712 765 13 383 405 681 
11 14 35 79 152 153 204 218 221 232 306 310 317 325 332 350 364 368 422 479 480 523 733 784 797 827 902 967 976 994 21 51 91 92 231 559 641 663 759 801 839 876 887 893 
28 55 164 168 230 254 311 329 370 492 524 581 823 849 953 998 93 148 157 416 426 699 794 907 
92 96 140 313 357 778 900 130 602 738 
200 257 295 549 655 881 963 99 121 691 708 
180 194 432 472 519 575 628 649 901 904 927 993 252 302 388 607 627 815 
89 196 203 624 709 785 803 5 243 294 
53 31 18 419 446 590 990 80 343 688 785 
77 246 251 297 563 612 618 739 766 42 202 323 609 891 
28 109 164 240 366 513 581 823 849 949 173 252 574 822 857 
6 75 119 148 246 251 270 289 563 618 703 730 739 766 792 841 282 501 578 592 680 907 958 
85 157 162 197 227 330 339 416 498 543 594 596 597 616 646 726 774 811 822 913 957 270 580 740 849 892 909 935 997 
68 368 479 784 797 967 976 117 182 329 806 
340 369 465 470 527 795 892 74 689 920 
24 111 131 285 286 301 407 491 544 696 736 816 862 893 29 104 262 330 398 727 778 
191 611 656 759 760 770 947 178 536 818 819 
85 157 182 351 375 726 957 972 366 370 720 803 
38 103 136 165 212 267 321 451 536 614 631 672 687 725 806 810 829 885 977 135 370 416 442 507 562 819 
83 78 57 90 110 171 189 197 219 274 296 330 359 375 401 413 539 586 594 646 710 726 801 811 826 842 868 946 957 972 244 269 317 327 344 358 380 505 621 642 760 897 
52 30 184 190 220 263 299 319 322 355 437 449 495 600 640 695 756 809 813 916 958 21 66 219 247 288 479 587 814 977 
199 223 415 448 484 507 715 817 990 169 416 520 634 
304 451 536 672 687 725 806 524 678 862 
73 25 146 149 203 259 260 320 349 412 467 534 562 624 673 677 708 709 737 763 785 803 839 851 910 936 978 8 180 200 238 276 454 556 594 601 795 957 972 
85 391 401 413 547 625 962 10 803 816 
50 103 300 304 451 638 650 687 725 829 877 68 94 111 191 917 990 
42 70 96 159 179 283 313 314 482 702 764 824 903 950 983 996 68 118 158 205 579 765 
174 236 238 404 421 471 593 780 874 69 262 499 914 926 
160 163 235 266 282 290 435 447 503 514 665 718 830 861 948 995 91 213 237 450 455 683 799 804 
221 310 479 772 784 797 976 8 587 608 699 
42 92 70 16 140 314 424 453 482 558 613 778 812 824 900 982 297 611 671 823 827 868 898 
269 288 347 430 470 561 641 662 761 769 914 935 15 10 200 235 583 796 
43 62 1 137 154 177 192 200 228 252 281 295 379 405 549 565 621 655 697 744 782 881 882 963 966 182 194 230 324 408 410 438 695 801 822 975 
2 44 123 206 224 245 302 389 390 462 516 560 567 576 588 589 598 800 808 880 942 955 988 71 32 117 288 494 496 657 882 972 
124 138 181 456 639 664 678 688 796 869 918 237 314 346 866 
122 161 340 381 403 470 529 571 769 932 935 138 246 375 408 435 928 
45 160 282 290 435 583 665 54 164 778 
91 50 84 136 205 304 392 672 687 829 885 202 378 472 493 502 823 
213 244 247 318 398 501 681 81 18 174 
144 225 308 442 483 528 601 136 167 369 
113 121 141 156 360 468 603 748 765 856 984 244 314 581 868 884 
13 46 8 138 167 191 348 371 372 410 458 461 540 554 639 642 656 668 688 706 759 831 848 869 918 919 947 1000 62 121 208 300 581 750 787 931 970 989 995 
18 298 388 441 484 494 507 690 715 807 817 938 971 327 456 540 701 912 924 
37 28 48 76 139 168 198 254 272 293 367 370 399 505 513 581 582 632 651 654 683 701 727 823 849 906 953 998 42 171 503 559 626 870 882 931 937 938 955 994 
85 284 375 539 607 777 873 210 381 600 
24 81 54 131 285 407 475 491 522 544 717 862 893 929 4 91 584 827 880 887 913 
269 347 430 450 585 674 769 798 919 936 999 
32 67 106 114 121 127 156 216 242 291 305 324 353 354 363 454 468 478 520 573 603 645 748 750 753 765 771 798 821 856 879 964 984 38 124 214 316 415 430 519 534 637 644 657 828 846 969 975 
113 49 141 291 324 363 573 765 821 19 427 456 622 
64 241 258 373 404 471 593 620 780 20 595 671 842 
227 416 577 586 594 607 774 822 972 25 307 393 841 
7 147 288 337 340 369 381 430 470 527 553 561 662 914 99 79 330 671 678 709 
18 328 446 473 507 606 686 807 986 92 300 337 363 962 
77 6 246 251 289 297 455 703 792 841 939 519 686 874 951 
29 133 442 635 682 844 850 876 141 431 448 555 
113 106 47 156 242 305 324 363 454 478 487 520 603 645 723 750 765 798 879 964 984 71 107 202 528 587 837 976 990 
101 288 294 337 429 470 574 662 914 926 935 256 361 422 472 473 
44 99 58 2 302 307 389 462 560 567 808 942 955 988 131 263 393 408 444 809 
33 100 15 191 414 417 431 608 639 642 678 688 746 759 770 917 947 34 113 29 5 139 576 722 921 
29 133 483 601 635 680 682 791 844 855 312 394 462 504 646 
237 375 391 413 416 539 594 923 934 574 647 720 778 800 
113 141 242 748 765 856 984 147 320 869 949 
18 31 178 328 419 446 507 526 728 807 817 959 971 986 2 208 479 511 661 689 796 
320 436 624 708 785 803 839 140 713 960 
29 5 133 255 442 601 731 834 844 876 70 2 387 501 560 
111 54 81 285 286 301 407 530 544 653 696 717 776 816 862 48 123 295 320 484 524 642 
235 282 400 447 503 583 745 794 948 226 631 726 939 
130 29 5 120 125 17 255 395 411 428 442 490 601 627 635 731 740 818 840 844 999 149 221 276 374 473 505 655 730 804 
7 161 231 269 326 369 450 470 529 571 647 761 857 23 18 482 567 627 671 
247 433 506 517 525 681 783 84 840 972 
84 38 103 451 536 638 672 687 725 829 865 65 105 295 510 769 
98 43 200 281 655 697 882 920 574 684 788 822 
19 27 100 107 15 191 276 334 410 414 426 431 438 540 552 555 622 668 678 746 759 760 869 101 155 208 284 468 515 703 713 727 895 
109 164 202 230 272 311 329 370 464 486 492 581 632 701 707 727 906 949 998 39 124 252 258 373 436 692 861 976 
42 70 16 96 175 278 283 313 424 425 453 482 558 743 787 854 950 961 982 983 996 61 129 264 325 345 388 503 506 678 
127 47 106 114 32 242 363 409 454 478 520 712 765 821 120 310 626 713 859 900 
60 41 173 393 427 519 648 676 713 832 921 324 431 539 953 
4 375 578 586 594 801 868 913 962 152 203 480 525 949 
29 5 105 255 490 601 635 844 646 725 821 835 
197 219 375 577 822 836 946 27 421 508 984 
25 89 534 785 851 936 978 54 194 422 
117 231 294 430 465 527 571 574 769 914 127 160 251 475 677 
77 246 251 455 563 703 739 792 841 69 302 619 812 
26 89 260 320 534 673 677 803 133 607 838 873 
161 226 288 381 430 465 571 674 769 914 926 43 205 214 433 479 522 
27 277 279 371 540 622 642 975 769 821 906 931 
68 221 306 325 350 479 698 733 784 797 827 976 50 143 173 713 
68 218 306 317 364 479 784 797 909 967 980 181 182 321 477 648 
98 192 200 207 252 379 405 697 966 51 254 402 575 619 
157 182 330 391 413 607 710 749 788 826 868 934 987 138 236 358 414 470 949 
121 113 106 324 468 748 984 192 244 947 
83 78 155 183 330 391 497 498 532 586 594 726 777 788 811 822 836 842 891 934 946 962 972 69 205 216 319 372 394 486 611 906 
34 213 244 247 280 318 394 396 398 433 501 517 681 720 742 815 92 381 464 678 779 906 
92 314 424 773 812 900 983 564 731 967 
102 94 282 345 400 503 518 568 583 714 767 781 794 825 147 429 624 646 803 986 
101 150 134 201 326 430 470 553 647 892 915 286 451 806 908 942 972 
78 182 330 375 616 646 957 172 277 500 
94 435 503 512 583 724 767 837 995 516 782 972 
28 69 76 139 256 346 370 459 463 486 823 998 102 186 327 658 
84 50 602 672 725 806 829 491 644 858 
66 40 180 626 689 713 889 931 954 336 425 802 932 
107 65 181 371 426 431 540 552 555 663 721 759 793 870 16 105 210 457 679 693 946 
69 109 55 202 293 329 459 505 513 580 683 823 949 953 298 440 596 671 698 829 
28 198 230 254 272 329 459 505 823 924 949 953 998 87 184 630 808 883 887 
50 267 300 614 672 806 885 450 731 892 
85 481 531 822 826 868 913 109 212 267 701 
187 202 492 513 727 747 823 162 378 793 
142 41 180 233 427 432 439 472 474 477 488 519 548 599 626 628 644 648 649 713 752 790 889 896 960 968 991 993 152 76 14 333 454 457 571 577 588 636 741 798 890 
93 12 238 258 273 373 383 404 421 471 566 593 620 780 835 874 52 104 19 714 912 953 
140 283 314 377 711 787 824 900 982 194 275 384 489 
423 477 488 619 644 832 896 931 997 204 263 470 699 950 
1 98 192 200 281 379 405 549 595 615 621 655 667 697 719 782 882 897 920 963 229 280 363 431 492 512 555 633 693 
18 128 223 388 507 579 843 82 352 688 
16 92 292 424 778 982 983 492 687 887 
56 166 173 3 22 72 432 472 477 519 644 649 658 713 925 991 89 335 362 364 394 463 802 855 
100 167 262 271 276 277 309 414 469 533 622 630 637 721 759 869 947 973 153 223 380 419 529 807 879 976 
83 155 162 197 219 274 339 343 445 539 578 594 646 801 98 153 79 66 609 798 885 
157 330 359 416 577 946 957 5 387 443 697 
86 39 30 10 63 190 214 217 322 333 355 437 444 489 500 509 515 535 538 636 685 695 734 758 786 813 820 933 941 951 969 985 169 4 318 401 430 571 594 639 652 681 691 792 882 918 
519 610 628 644 649 716 904 272 604 778 
3 477 559 634 768 928 991 164 367 377 558 
28 172 329 370 492 581 654 701 727 823 199 427 468 712 739 
63 208 636 756 833 847 866 958 969 9 378 581 929 979 
85 227 296 330 413 416 497 498 539 547 726 777 788 801 895 913 957 962 972 16 195 353 355 618 725 758 785 885 
184 63 86 214 217 220 299 322 344 355 437 444 489 500 502 592 617 657 670 695 789 907 916 958 42 22 281 412 424 427 456 497 882 973 984 
46 138 82 107 13 124 334 443 458 608 611 630 637 668 684 688 691 721 793 869 870 947 973 91 50 228 442 454 620 624 771 776 849 985 
154 1 98 177 43 295 379 405 667 697 722 782 881 887 897 966 156 330 439 550 678 687 801 961 
316 417 438 604 637 688 1000 416 499 844 967 
60 72 66 41 250 378 427 472 474 488 519 628 634 644 659 676 713 768 804 898 904 921 960 991 997 98 146 175 324 496 515 523 595 740 758 776 1000 
39 217 319 344 355 362 444 515 535 538 592 657 675 694 699 789 847 875 916 951 958 969 60 189 50 292 376 379 381 641 805 872 
73 534 562 677 708 851 978 552 644 651 698 
78 145 85 182 21 401 416 445 594 646 777 801 811 826 221 472 488 605 864 970 
109 169 464 632 849 924 998 21 468 846 
87 298 323 388 526 843 992 187 516 847 853 
98 177 71 1 43 154 137 207 228 252 257 281 295 358 379 387 405 521 541 565 595 621 655 667 671 697 722 775 782 867 881 882 887 897 966 97 89 452 455 512 545 602 675 794 871 913 959 960 990 
161 303 574 584 761 769 795 223 400 727 
172 37 168 139 254 256 293 346 370 399 463 505 524 582 632 727 747 906 908 949 953 75 103 121 265 398 406 432 507 542 
73 89 20 25 260 320 412 434 436 457 534 624 673 677 679 708 763 803 851 910 978 143 39 332 663 739 761 871 917 922 
68 325 368 480 784 797 967 976 994 176 719 762 
103 50 304 420 451 536 638 650 672 687 725 806 829 877 92 150 157 374 445 668 
44 23 99 2 245 302 307 462 516 560 576 808 880 955 252 348 351 575 651 865 
154 200 228 243 358 671 966 455 644 785 852 
188 217 374 437 489 509 511 515 600 666 685 756 757 786 128 138 107 331 439 
474 587 659 752 904 931 960 993 45 398 601 778 
213 244 280 318 398 408 433 705 783 167 1 110 957 
374 489 758 907 951 969 970 442 672 911 
84 304 321 451 638 672 977 171 246 681 804 
104 51 210 158 247 264 318 394 398 408 433 501 506 517 681 720 802 94 65 27 228 479 761 902 983 
190 39 184 217 220 355 495 502 538 592 600 670 695 699 756 789 813 820 875 899 907 912 985 113 65 150 274 478 493 706 748 761 774 922 
4 330 359 543 842 868 946 507 553 823 911 
32 113 67 242 291 324 363 478 748 750 765 856 984 157 46 490 584 595 877 
190 184 214 208 195 220 322 592 600 623 629 657 685 695 699 847 899 912 916 933 958 241 264 314 345 551 797 904 910 967 
68 153 306 422 479 698 784 797 827 967 976 490 654 710 813 
145 85 4 182 330 375 445 547 586 594 596 811 822 842 895 934 86 328 462 463 629 684 862 989 
52 214 217 39 190 86 333 344 437 489 495 500 509 623 629 640 666 694 695 699 734 751 756 813 858 941 958 969 328 465 521 526 571 599 622 672 704 735 775 808 
152 68 95 232 325 784 797 909 967 976 994 133 197 312 320 328 576 
2 44 516 567 800 808 942 488 549 897 
18 59 178 53 87 312 323 328 331 341 356 385 388 441 448 473 476 484 507 526 570 686 690 715 807 843 989 990 16 201 181 246 352 369 447 642 743 797 805 811 993 
99 516 560 567 576 589 598 37 750 860 
5 105 483 490 601 635 844 413 567 672 794 
150 269 340 470 556 571 914 13 132 400 
116 189 78 284 359 413 497 379 444 695 712 
1 207 200 98 281 379 387 405 565 615 655 697 722 744 882 887 920 966 213 191 246 466 659 674 725 808 891 
378 406 472 477 519 658 954 177 55 967 
9 69 28 48 139 169 254 293 311 329 367 399 418 459 492 524 581 582 651 654 683 823 908 953 998 40 98 43 49 247 398 635 670 745 969 
147 134 340 369 381 430 527 641 674 769 779 884 890 914 932 935 52 68 304 437 501 815 844 
221 68 306 784 797 967 976 686 690 740 
173 628 644 658 716 878 896 901 928 960 997 335 416 845 856 918 
393 406 472 488 519 619 644 713 804 340 543 817 
132 94 282 290 400 435 447 503 568 583 724 767 781 794 837 995 16 97 540 720 765 835 
93 12 238 336 404 421 471 566 762 155 326 474 513 569 
126 375 504 577 586 607 726 738 801 957 972 94 100 561 712 
236 174 93 64 258 383 471 566 89 823 826 900 
283 314 702 812 824 900 903 54 725 957 
76 256 272 329 492 581 683 285 368 831 980 
64 115 258 336 373 383 404 421 471 620 762 780 835 874 17 217 340 379 569 873 
127 32 121 141 113 216 324 363 454 468 478 487 748 753 765 984 252 870 928 943 992 998 
207 379 655 697 782 867 897 73 343 696 904 
158 34 210 104 247 264 280 287 318 338 394 396 398 408 433 485 501 506 517 681 705 720 742 754 783 802 815 156 85 106 42 60 388 426 730 753 778 951 979 
99 206 384 462 560 567 808 402 475 725 
77 6 119 148 75 251 270 289 297 455 563 612 618 703 730 739 766 792 828 841 930 939 956 228 212 22 223 101 473 479 539 990 
244 213 158 34 104 135 280 287 318 338 394 396 398 408 433 485 501 506 517 525 681 705 720 742 783 802 815 859 230 86 305 353 362 402 417 437 456 607 620 939 949 
388 507 526 686 715 728 807 989 594 657 900 916 
344 362 500 592 623 675 751 757 813 447 774 778 
60 194 393 545 575 628 634 689 713 921 944 960 991 993 317 613 665 670 805 812 953 
246 148 77 75 119 270 297 455 612 703 730 739 766 792 147 364 449 475 495 759 
200 154 98 257 295 387 549 565 671 697 722 867 881 882 242 76 206 139 72 647 932 
31 298 507 579 590 741 807 310 703 769 774 
28 230 109 169 69 202 272 370 459 463 464 486 492 524 707 849 908 953 979 25 154 319 325 398 424 600 782 844 
17 130 5 133 144 308 395 428 442 483 528 601 635 844 855 943 12 329 392 406 628 652 
164 202 240 399 463 505 747 979 998 122 515 597 
200 1 71 252 295 379 508 521 549 595 671 697 882 966 269 270 341 347 407 617 666 
174 12 115 238 64 241 273 336 373 404 421 471 566 593 620 762 780 874 139 57 295 518 538 797 914 946 957 
89 365 436 467 624 785 803 670 907 922 928 
203 89 149 26 365 412 434 436 534 562 679 704 708 763 785 803 851 936 61 437 443 474 681 764 826 849 920 
5 29 395 601 627 635 680 477 905 969 
181 279 431 540 664 678 918 93 81 524 814 
86 322 374 500 509 670 813 941 958 176 123 358 738 878 
213 244 394 408 433 501 815 140 217 326 
303 326 337 340 403 527 795 914 202 796 882 948 
94 514 568 583 665 767 948 698 776 949 
170 84 451 536 602 614 672 829 865 977 171 379 428 506 611 
4 339 375 416 497 531 547 569 586 777 801 334 433 482 896 
134 97 226 112 326 337 340 430 450 574 585 761 769 914 257 85 356 632 703 829 886 
246 251 77 563 703 792 841 939 78 257 306 504 
65 181 46 371 426 637 642 559 586 807 
169 9 109 240 139 254 329 399 492 505 524 580 581 814 823 849 908 949 953 185 381 469 757 868 952 977 
258 174 12 336 404 471 620 762 507 748 759 769 
182 85 416 497 577 868 957 214 473 476 839 
493 608 622 678 684 688 919 1000 175 303 399 827 
33 138 181 19 316 372 410 537 540 555 642 656 796 863 919 947 974 89 133 437 486 497 500 661 777 
65 33 181 151 402 637 846 848 974 162 308 738 785 978 
42 140 314 482 558 743 778 900 950 559 642 695 
262 151 540 552 642 652 678 918 48 679 899 972 
247 244 210 158 51 318 394 396 398 408 433 501 506 517 525 681 705 720 783 802 815 859 911 177 2 21 288 450 614 647 722 735 838 
98 228 200 137 177 379 565 595 621 655 667 882 887 920 29 17 190 318 340 349 560 
235 45 132 160 102 94 290 345 376 400 435 440 512 514 518 665 718 745 767 781 794 825 830 837 852 861 871 948 995 64 27 77 19 311 578 586 590 630 720 723 919 921 
92 239 175 140 16 386 425 778 981 983 13 763 781 790 968 
227 110 532 646 729 774 801 138 388 581 
111 54 131 81 24 286 301 407 475 491 499 522 530 544 696 736 776 862 240 3 290 526 555 682 782 832 992 
131 24 285 81 696 717 776 862 929 161 759 841 844 984 
247 244 398 408 433 501 517 754 783 495 514 572 820 
117 122 150 97 429 430 450 470 527 553 556 571 574 662 732 761 779 857 926 932 937 36 86 280 99 703 771 797 841 845 874 
246 77 119 563 612 730 739 299 416 639 862 
94 235 102 282 435 503 514 518 830 871 948 995 285 1 308 609 687 808 
113 114 216 468 510 765 984 396 429 859 
42 179 314 558 812 961 981 983 195 561 675 947 
55 202 28 230 109 168 370 492 505 513 524 633 651 707 823 924 953 979 307 406 535 732 786 799 824 897 
122 147 337 347 381 450 470 571 574 584 647 761 24 73 346 635 
200 43 252 98 62 192 257 71 379 387 541 549 565 595 615 621 655 667 697 719 722 782 881 882 963 258 136 25 131 6 329 433 440 670 801 885 
189 85 330 413 416 594 726 946 972 453 559 746 861 
246 251 75 6 119 455 563 612 618 730 739 766 792 828 930 939 2 96 527 601 715 868 
199 18 59 108 253 446 484 507 526 564 690 728 971 986 168 576 584 588 679 685 784 
190 52 86 437 449 500 515 657 661 670 685 695 858 912 916 958 289 440 452 483 604 761 896 984 
50 91 170 304 650 672 687 693 725 865 885 118 107 507 804 
81 54 131 285 499 522 530 696 717 816 862 929 64 53 372 625 642 846 
123 206 99 389 390 462 567 588 808 922 988 54 57 72 148 427 888 
201 265 337 430 527 769 795 884 914 275 638 657 
91 205 103 212 300 50 88 38 451 536 672 687 725 810 829 877 885 977 231 351 424 433 437 540 606 869 910 
121 49 113 324 363 454 478 603 712 765 798 819 879 984 247 350 404 477 762 998 
153 14 68 152 218 232 35 61 310 317 325 368 479 480 523 698 733 784 797 827 902 967 976 8 270 357 396 447 455 463 548 894 
206 58 123 462 560 567 598 800 808 293 116 515 637 731 
105 255 395 601 627 844 999 277 290 336 677 
19 181 13 371 426 456 611 642 746 20 507 798 958 
14 68 95 61 306 325 733 784 797 827 980 141 253 760 958 
69 139 230 28 492 581 633 282 456 638 
223 388 415 476 507 807 938 945 959 971 990 221 125 413 465 523 914 
70 140 42 92 452 558 702 812 900 537 628 650 715 806 
175 159 92 239 278 42 292 96 357 377 386 397 424 466 558 613 764 773 778 787 812 900 903 982 983 106 100 66 217 560 611 619 639 770 904 
2 390 516 560 567 808 880 379 612 924 998 
193 19 276 348 611 691 799 113 32 654 
306 68 153 479 698 733 784 797 902 967 976 85 250 656 744 761 
247 244 280 51 34 104 158 213 210 394 396 398 408 433 501 506 517 525 681 705 720 802 815 859 911 184 28 281 363 577 607 609 650 780 849 998 
86 195 52 342 374 500 515 657 695 758 813 833 951 969 157 254 385 589 594 944 
89 149 129 203 20 365 412 434 436 457 534 677 679 708 737 763 785 803 851 936 978 127 131 221 339 361 482 646 656 756 
84 50 212 451 672 687 725 885 43 153 499 991 
217 86 184 190 263 10 342 362 489 617 629 657 670 699 734 809 820 847 907 912 916 359 379 472 480 516 537 588 644 681 
199 223 18 388 494 590 807 817 938 75 50 60 644 869 
305 47 32 121 216 49 156 242 113 114 363 409 454 468 487 510 520 573 645 748 753 765 771 798 856 964 984 142 98 194 29 355 375 592 673 782 817 860 873 
306 68 152 14 310 221 204 35 350 368 422 479 480 523 733 772 784 797 902 909 967 976 980 994 140 254 31 381 412 415 492 572 618 696 995 
269 134 161 265 381 403 465 553 769 932 236 264 357 
355 437 500 535 699 813 951 85 108 164 19 
118 128 223 59 388 415 570 690 807 971 986 990 219 221 220 431 544 598 
240 230 37 69 272 169 139 168 187 346 367 370 459 463 486 505 513 524 580 609 633 651 654 701 707 727 747 823 906 908 924 953 965 979 998 295 50 79 255 18 330 369 439 509 670 688 700 712 725 918 
85 157 155 189 4 215 296 162 183 78 219 351 375 391 413 416 504 543 569 586 594 607 710 726 729 777 801 811 822 868 972 987 44 54 28 117 192 14 329 81 366 409 477 612 725 771 
223 18 388 473 579 715 986 208 523 701 862 
68 14 479 784 797 967 976 203 732 788 
220 10 184 342 437 495 756 907 958 173 513 648 778 
191 138 372 402 456 533 540 554 622 642 652 668 268 518 797 812 829 999 
369 450 527 662 769 857 914 926 233 180 386 951 
258 241 12 236 273 404 620 780 874 166 308 885 
294 265 122 303 117 269 369 470 527 529 556 561 571 662 914 915 926 932 935 118 36 536 539 601 730 747 822 976 
244 247 408 433 501 681 815 763 822 926 
182 268 21 78 416 547 586 594 738 801 873 891 894 913 957 320 514 549 551 593 623 720 
117 269 7 231 80 265 101 226 369 465 470 527 574 641 674 761 769 779 890 914 932 234 281 241 343 420 500 741 888 953 
223 18 31 473 507 606 686 690 938 990 257 626 912 
322 319 333 355 502 756 858 916 958 419 703 878 
4 21 182 351 382 401 532 788 836 842 987 17 340 74 243 501 685 
249 190 220 195 489 511 809 847 85 427 519 768 
282 160 447 503 568 665 724 794 948 217 140 523 894 
329 164 202 486 492 513 581 633 814 100 294 642 
112 294 97 450 571 660 761 769 915 257 348 451 784 
316 13 65 107 27 438 456 540 605 642 668 206 347 429 486 519 564 
89 26 25 562 677 763 785 803 281 540 799 942 
152 68 325 479 784 797 976 305 574 736 
330 83 343 375 481 586 594 726 738 304 206 500 565 
33 13 27 414 469 540 605 611 721 760 793 223 178 567 617 655 
32 113 363 468 603 712 753 879 189 247 519 707 
113 49 363 454 765 771 798 462 502 541 696 
184 195 214 342 190 327 86 495 500 509 657 813 958 970 324 189 357 539 586 644 952 
18 223 473 484 507 564 690 269 438 614 
42 314 70 424 452 773 787 824 900 326 306 355 847 980 
200 207 379 508 557 966 155 263 85 708 781 
227 85 183 4 215 375 416 586 726 801 895 322 18 378 688 
106 363 454 468 723 765 984 713 718 811 
439 626 644 648 713 790 928 320 122 770 
322 195 249 500 511 675 756 757 820 912 941 247 180 606 784 
242 121 49 353 141 354 32 114 216 324 113 305 360 454 468 478 510 520 573 603 645 723 750 753 765 798 819 821 964 984 318 1 177 118 375 509 563 655 738 794 855 924 933 967 
68 153 61 479 523 784 797 967 976 251 180 483 507 657 
25 259 320 260 412 467 534 624 677 679 763 803 851 910 936 404 603 621 649 676 873 905 
76 370 486 632 651 823 924 330 83 423 627 
55 28 329 109 230 370 492 524 906 908 186 398 622 699 790 
68 325 79 306 61 204 479 480 733 784 797 967 976 240 5 415 618 769 1000 
340 337 335 80 231 117 134 430 571 674 761 769 914 935 223 105 329 413 416 567 
293 366 187 164 109 202 367 28 329 254 139 69 418 463 505 580 633 683 701 707 814 823 849 906 924 953 965 998 39 84 83 484 593 619 687 764 792 904 914 976 
107 167 309 271 151 410 426 431 438 461 537 554 572 622 637 639 663 688 831 869 888 919 947 975 1000 413 483 516 522 600 601 861 868 900 960 976 
276 334 13 107 417 431 496 611 656 700 759 760 831 917 973 1000 301 157 477 507 547 986 995 
241 174 115 258 12 64 421 566 780 139 379 424 569 849 
208 211 263 319 437 515 592 600 685 786 813 847 875 970 19 205 133 539 571 926 957 
162 219 85 237 4 359 351 145 21 126 110 330 83 268 143 413 416 481 497 498 543 577 578 594 607 616 726 729 788 801 868 873 923 957 987 101 324 363 426 455 459 461 538 573 601 678 742 757 869 965 
282 435 503 512 665 830 861 195 390 445 541 
314 175 452 613 900 903 983 186 514 916 942 
41 194 229 406 427 474 477 599 619 628 644 752 864 896 901 921 925 931 944 991 997 188 35 103 359 172 473 571 967 
200 98 295 154 358 281 228 257 1 243 177 192 405 508 521 549 565 595 615 655 667 671 697 719 775 782 867 882 887 897 963 966 195 241 227 322 373 315 267 394 634 707 711 768 808 1000 
446 473 526 550 690 959 992 181 85 647 
294 7 117 326 231 150 101 465 470 527 561 571 574 584 585 660 662 732 769 884 914 926 932 935 937 195 158 325 272 110 565 575 577 632 638 776 
343 416 539 646 726 853 972 428 436 960 
241 238 174 64 12 404 620 780 67 556 720 736 
44 245 389 560 567 808 955 175 27 814 896 
223 564 690 715 945 971 989 319 642 676 
314 42 283 397 981 982 983 335 438 751 934 
200 43 295 228 252 1 508 541 595 621 655 697 722 882 887 963 966 183 3 130 614 681 683 737 916 
108 323 248 223 328 199 331 312 178 53 415 419 473 494 550 570 579 590 606 715 728 741 883 886 945 971 986 990 284 140 72 52 244 416 597 724 802 825 853 943 995 
384 99 123 302 2 44 462 567 588 808 880 39 855 896 918 919 
315 2 302 99 462 516 567 589 922 376 524 536 783 972 
330 157 155 126 90 401 586 738 788 801 811 826 868 972 418 426 491 611 657 665 
50 103 536 638 669 672 687 725 255 571 752 884 
22 250 234 3 142 427 439 474 519 628 644 713 768 864 904 927 928 944 997 4 123 116 527 574 638 669 875 900 
247 244 158 51 264 280 213 318 396 398 408 433 501 681 705 742 783 815 7 125 157 180 379 817 834 953 
29 308 133 255 261 5 411 442 601 627 731 834 844 876 943 999 41 474 550 610 890 900 917 
280 247 244 394 158 318 398 408 433 501 720 783 815 306 291 617 713 996 
314 42 386 424 482 613 778 950 961 981 983 5 464 529 556 669 672 
247 244 104 158 396 287 318 210 280 394 213 408 433 485 501 517 720 783 859 209 202 367 254 81 230 577 685 834 
256 202 272 109 230 464 492 505 513 609 632 654 949 953 275 474 620 899 982 
45 235 160 132 282 447 665 781 794 226 201 444 918 
343 85 90 391 21 197 416 497 577 738 774 801 895 972 184 424 478 722 752 948 
334 277 27 426 622 678 846 245 154 247 
101 265 326 556 574 761 915 489 694 862 
258 93 12 174 383 115 241 336 273 236 421 471 620 762 835 874 305 365 409 497 614 994 
177 98 379 192 154 200 228 697 966 67 583 614 662 
234 229 378 427 472 519 545 628 832 896 968 993 202 293 255 528 
81 111 131 285 24 475 491 499 736 776 929 29 257 60 726 852 874 
247 244 318 280 210 398 213 394 396 287 264 51 338 433 485 501 506 517 681 705 720 783 802 123 101 98 583 618 649 650 733 914 
324 141 32 468 478 487 712 765 798 404 330 665 691 823 
276 138 46 371 107 426 552 554 656 678 706 759 848 918 29 98 451 465 713 851 
133 29 17 395 442 483 601 635 731 818 850 3 759 782 813 842 901 
365 89 320 260 25 203 534 679 708 737 763 785 803 839 325 28 190 425 447 543 734 
375 155 330 85 126 189 227 296 90 416 445 504 577 586 594 625 646 738 822 868 873 312 225 12 369 371 456 478 626 829 905 
36 138 352 124 181 759 831 155 532 657 
312 388 328 87 473 507 606 807 843 938 945 986 368 113 325 636 646 947 
126 296 268 330 197 375 189 359 401 116 339 274 382 78 183 413 445 481 569 577 594 726 738 801 842 895 946 957 233 87 388 369 84 289 33 193 69 612 684 912 958 
124 372 193 8 456 461 678 14 247 783 892 
370 55 230 459 580 683 727 849 906 949 391 601 783 
388 31 128 74 473 817 945 181 342 487 765 
50 205 38 536 614 672 687 693 725 829 977 340 468 477 622 
236 404 174 241 258 373 93 593 620 835 145 426 576 777 828 
68 218 14 325 784 797 976 122 146 620 
40 176 56 66 427 477 519 559 628 634 644 658 713 768 954 991 366 458 581 622 655 822 
314 42 357 140 159 179 96 397 452 482 558 613 735 743 778 812 824 900 903 982 983 996 304 373 190 401 254 428 576 761 850 868 
42 283 140 452 558 711 805 854 900 961 983 5 166 412 876 
27 167 309 271 410 402 371 46 138 431 642 678 684 793 846 1000 41 56 69 244 375 421 391 702 
41 406 142 194 393 173 423 22 378 472 474 477 519 551 559 575 599 644 676 752 804 838 864 901 921 928 944 954 960 968 997 190 302 187 344 114 17 509 763 769 776 808 843 900 947 
29 5 133 255 483 542 834 844 850 39 424 382 267 465 
288 122 527 761 779 926 935 348 160 291 605 
161 112 97 269 288 117 303 147 231 150 369 465 470 527 641 662 732 761 769 884 892 914 926 932 940 113 184 639 705 812 824 844 955 965 992 
372 262 167 13 124 138 426 371 46 8 604 611 622 668 678 700 759 760 796 869 918 328 177 142 120 570 672 921 931 
41 180 72 173 3 519 575 626 649 904 928 202 470 534 690 
247 244 318 280 408 34 398 394 213 158 287 210 396 135 264 338 485 501 506 517 525 681 705 720 742 754 783 802 815 911 268 304 150 36 295 559 617 662 683 785 796 976 
320 203 260 534 708 839 910 865 882 912 
235 94 163 376 282 102 290 45 440 447 503 512 514 665 714 718 745 755 794 830 837 852 861 871 948 18 25 101 468 483 728 774 940 971 974 
20 203 259 25 260 320 129 673 679 737 803 839 851 382 35 139 581 600 751 
208 52 374 184 327 220 190 299 86 333 30 449 495 500 502 515 617 623 661 666 695 756 809 813 833 912 916 933 958 970 985 276 304 28 18 231 247 260 554 579 586 663 777 889 993 
371 138 193 348 443 456 461 721 799 98 386 356 680 832 
173 41 361 22 393 3 477 488 599 626 628 644 713 864 901 904 997 43 192 208 329 522 567 812 956 
435 45 282 503 514 724 794 830 948 299 295 168 619 
223 108 59 507 550 579 945 41 554 890 904 
395 29 255 120 133 411 17 130 105 490 542 591 601 627 635 682 731 740 840 844 845 999 84 211 191 451 489 553 571 758 971 976 
191 33 15 438 456 611 770 796 918 260 183 726 854 972 
30 195 184 10 190 500 535 661 670 809 951 958 400 123 227 584 897 949 
197 219 413 182 21 416 4 497 710 738 842 376 205 670 887 
380 128 118 74 298 494 817 629 799 892 
345 400 435 94 132 235 45 518 568 665 718 767 781 825 861 871 223 412 249 306 470 658 
18 87 53 223 507 550 990 120 450 621 781 
86 299 437 489 629 695 866 912 916 251 467 726 
335 347 134 288 294 112 269 527 574 584 761 779 892 914 170 94 280 14 448 772 898 
88 212 136 91 267 38 321 84 304 50 205 536 614 631 638 650 669 672 687 725 877 885 977 442 161 347 410 463 548 642 690 907 964 
425 313 357 377 424 466 900 982 983 50 299 200 838 
140 96 42 482 812 900 950 983 296 500 637 922 
113 363 121 141 324 305 242 360 354 32 468 478 520 712 798 856 984 89 191 173 464 509 655 918 998 
246 6 148 297 119 251 563 703 730 739 792 828 930 939 956 94 306 207 375 200 692 915 
348 100 13 438 443 309 8 334 417 461 533 554 572 611 630 637 642 678 684 706 870 918 974 975 1000 114 247 190 108 413 311 520 573 615 655 853 941 
320 203 25 673 708 737 763 803 167 173 519 658 
191 107 36 496 611 692 706 917 919 423 34 733 885 
164 329 169 418 230 168 254 524 580 906 949 953 375 26 640 746 788 931 
52 500 538 657 699 912 941 56 474 478 885 
371 417 107 13 456 438 537 555 611 700 760 863 918 947 952 973 975 375 14 500 693 784 928 957 991 
307 99 2 123 390 302 44 389 206 245 560 567 576 800 808 880 922 942 955 219 6 354 125 527 715 849 937 946 
202 370 254 329 28 164 256 486 492 581 632 906 180 45 306 451 219 887 
254 399 139 28 198 492 505 609 701 849 965 158 397 454 608 650 668 
150 326 381 147 430 340 80 571 574 662 674 732 761 769 779 914 915 940 31 312 220 410 428 22 489 741 
42 314 452 482 805 981 983 228 744 858 986 
365 20 89 259 709 785 803 449 505 697 
454 106 353 242 156 49 324 67 409 291 113 47 360 363 478 510 520 712 750 753 765 771 819 856 879 984 138 198 187 420 435 62 42 497 592 830 916 976 
181 13 352 572 652 918 919 272 511 562 
288 340 122 161 381 226 134 97 101 117 430 80 294 337 7 527 529 553 571 574 585 647 662 674 732 761 769 892 914 915 176 447 155 25 432 13 635 665 806 815 865 988 
64 238 404 93 258 12 115 241 236 174 273 566 620 762 714 736 755 761 946 973 
427 72 406 229 60 234 180 173 194 41 519 545 587 610 619 628 634 649 713 790 864 896 898 904 928 931 944 997 197 122 322 103 507 534 612 699 708 773 780 916 965 
380 356 415 31 419 53 388 331 18 118 223 341 476 494 507 526 550 564 590 690 741 886 959 989 992 122 246 274 378 133 527 709 767 875 976 
3 194 173 56 22 427 393 378 209 488 519 545 559 610 619 626 644 713 804 896 931 954 960 993 997 460 236 61 260 395 399 748 794 929 936 1000 
285 407 111 499 522 776 862 245 251 147 993 
312 473 223 59 484 971 990 27 274 810 
180 423 229 173 186 41 176 427 56 439 378 488 519 548 559 575 610 619 628 634 713 716 768 804 860 921 928 931 991 997 15 261 420 372 330 153 37 305 578 759 849 937 963 
216 454 242 113 305 409 363 141 121 468 510 573 603 645 750 765 964 29 413 214 401 460 563 653 971 
79 325 350 68 368 95 218 317 61 364 332 153 14 306 152 11 480 523 698 733 784 797 827 902 967 976 980 128 86 213 246 150 544 634 639 669 844 957 975 
325 306 204 368 68 479 698 784 797 827 967 143 322 559 809 858 
375 351 171 416 729 923 972 864 901 981 
424 397 466 42 278 96 140 453 92 778 981 320 268 134 783 
225 125 5 29 105 255 411 428 542 601 627 682 740 834 840 844 855 876 943 364 435 299 371 657 881 982 
59 476 298 223 108 87 356 494 507 564 579 686 690 715 741 807 843 959 986 990 992 60 370 131 553 595 610 766 829 868 
433 247 244 398 408 501 517 681 783 23 533 931 
463 55 254 366 329 139 48 164 346 492 505 513 582 609 651 823 157 348 276 507 528 628 997 
32 324 409 242 121 67 573 753 419 563 713 720 
173 234 474 477 439 176 194 41 559 768 804 896 904 928 931 997 47 197 222 52 536 552 966 
208 10 190 344 220 211 52 449 184 322 502 600 661 675 699 757 809 847 907 933 175 442 465 403 50 25 544 775 876 
29 442 144 133 225 601 635 844 850 216 218 959 
81 111 285 407 499 522 544 816 862 893 391 165 632 721 876 
254 272 172 293 464 28 240 367 139 69 486 399 230 463 187 346 311 654 701 849 906 908 949 953 998 179 10 325 56 177 4 570 678 732 803 948 
275 15 604 642 678 760 793 918 947 103 214 753 
18 484 473 108 446 388 323 590 690 945 992 99 498 552 788 914 934 
333 214 355 220 437 86 500 509 546 623 657 757 786 813 912 969 251 287 683 755 935 990 
19 372 458 554 605 611 637 656 678 99 194 716 911 966 
227 445 189 401 375 274 268 157 498 547 578 586 616 646 788 801 894 895 913 946 972 468 276 190 404 555 565 654 856 949 980 
157 375 497 189 78 547 607 749 913 934 957 972 1 494 688 761 880 967 
24 301 491 475 285 407 544 653 736 816 862 193 321 93 695 830 958 
263 319 355 460 444 190 39 437 495 362 184 249 327 299 52 220 502 509 511 515 538 657 666 670 699 757 758 789 809 820 907 958 461 162 4 453 351 340 276 525 582 586 619 932 994 
433 247 244 318 408 280 398 394 213 158 396 34 485 287 104 264 338 506 517 525 681 705 720 742 754 783 802 815 859 911 77 231 41 44 130 343 687 801 851 944 961 967 1000 
500 214 342 489 190 437 695 813 847 858 907 354 103 4 15 530 987 
235 345 94 440 163 435 132 376 290 160 514 583 665 714 724 755 794 852 861 948 140 28 109 594 624 807 843 867 887 
237 330 413 4 811 836 873 125 270 737 
109 293 256 202 168 464 370 272 486 399 169 329 28 580 581 683 727 906 908 953 998 133 85 32 467 629 695 826 844 856 
501 433 247 244 318 280 408 213 135 517 681 705 783 815 267 140 611 656 701 893 
484 118 415 223 298 248 59 108 341 87 356 441 448 312 31 253 178 128 473 564 570 579 606 715 728 741 817 938 971 986 989 990 309 215 486 472 84 55 273 300 372 202 364 60 540 739 953 
387 358 1 379 257 671 697 145 886 997 
263 500 184 355 208 220 495 640 657 661 751 813 858 363 427 454 329 769 893 
478 468 324 291 363 765 856 136 863 903 
30 362 344 208 500 617 756 469 128 519 565 
163 282 435 376 665 837 995 200 177 595 
28 168 346 329 172 9 486 109 76 293 399 581 582 683 814 823 908 924 949 965 979 236 333 527 529 583 737 842 898 952 
282 266 94 503 440 435 290 583 745 825 830 15 377 287 339 848 983 
208 374 30 52 437 39 500 184 319 299 195 538 546 670 757 866 907 916 256 307 7 194 138 552 748 823 987 
99 2 44 315 224 222 390 206 567 808 880 988 163 199 322 371 577 665 
501 433 247 244 213 408 280 398 135 287 158 318 506 485 681 705 720 754 783 802 911 28 627 638 706 750 757 806 817 921 957 
282 160 447 290 583 830 861 258 334 41 793 
72 427 185 142 173 477 474 406 472 229 56 234 180 423 194 393 432 545 610 644 649 659 713 901 904 921 931 991 997 353 119 348 63 113 457 511 344 560 675 697 759 959 
113 454 468 324 363 141 121 32 603 765 879 87 456 586 664 
200 257 379 1 557 881 882 220 13 585 633 
491 475 285 111 301 696 736 776 862 893 929 439 11 150 371 712 
325 68 479 11 306 364 733 784 797 967 976 194 345 331 312 659 972 
329 69 293 272 367 459 202 254 230 37 581 701 727 814 949 998 131 390 29 42 262 88 547 784 
280 433 501 247 318 135 783 143 500 676 856 
380 199 31 18 223 248 59 53 128 473 298 690 807 817 886 938 986 990 285 220 617 618 629 726 792 801 
340 470 117 80 335 288 337 231 381 147 450 7 430 265 429 303 571 574 647 674 732 769 795 884 890 914 932 935 937 940 30 473 29 462 297 393 513 548 568 599 652 713 733 842 
255 29 5 105 17 591 601 627 731 791 840 844 855 999 121 486 406 642 655 678 
470 134 101 337 556 585 641 761 769 914 397 181 513 
285 54 131 301 653 696 717 816 862 502 566 682 
171 268 4 539 577 625 826 894 923 987 724 750 893 
343 21 284 157 646 726 749 826 972 414 622 851 901 
181 13 334 456 540 622 639 678 760 485 743 833 963 
320 203 25 146 26 412 196 434 365 260 89 149 562 624 677 704 708 709 763 785 803 851 978 472 113 432 581 586 620 797 914 969 
327 195 444 184 657 695 699 42 293 690 893 
38 451 304 50 84 392 88 136 267 420 205 631 638 650 672 687 725 829 865 885 977 390 82 488 44 337 649 752 850 997 
371 8 276 461 639 652 770 846 919 947 313 322 600 644 829 
184 63 460 195 500 515 214 546 592 258 375 596 688 843 
182 531 126 189 110 85 382 594 596 607 646 729 822 853 868 946 957 337 355 374 142 246 954 964 975 
276 8 107 279 167 138 27 334 262 533 352 151 348 552 572 611 622 678 692 746 759 799 869 888 974 507 304 108 235 349 560 607 713 725 794 828 906 
387 295 200 565 655 697 782 881 882 966 354 376 944 
483 428 29 442 5 682 740 791 844 943 202 10 550 647 661 
375 330 78 215 726 777 801 826 868 987 412 234 574 780 797 
491 285 111 81 131 54 499 696 736 862 893 48 328 479 489 793 847 
406 474 472 250 519 587 634 648 905 200 556 667 
538 515 495 617 629 756 969 32 656 990 
497 498 268 189 339 90 219 577 625 726 811 822 868 972 372 524 30 759 820 901 958 
22 477 173 41 587 610 626 628 659 878 931 451 527 306 721 847 
257 295 43 98 379 177 252 71 655 667 697 775 882 966 222 339 15 734 735 934 
380 448 473 441 388 883 971 192 542 395 791 
427 60 644 752 790 896 960 217 339 962 
19 410 540 279 138 167 608 1000 196 494 515 488 
117 326 161 288 470 574 584 769 484 442 215 904 
334 107 456 371 410 27 496 19 604 652 691 869 437 441 579 697 889 912 
138 167 36 461 276 13 630 688 759 770 799 177 497 120 285 823 
226 403 288 7 337 529 561 571 574 662 884 914 926 932 383 545 397 89 707 803 882 
358 521 621 655 775 897 966 635 958 970 
314 278 313 96 425 140 292 424 613 702 711 824 900 903 983 996 186 55 41 559 567 634 967 
56 488 40 427 423 474 41 477 186 22 599 619 628 634 644 864 904 905 928 931 944 991 997 68 278 271 296 480 109 433 558 821 900 
123 245 2 44 224 462 99 23 206 307 315 384 567 576 588 800 808 880 922 955 988 519 130 16 281 540 314 704 708 966 
117 97 381 556 337 795 892 237 62 292 863 
260 534 196 349 89 25 708 785 803 839 851 936 84 469 579 844 848 944 
246 77 270 75 289 148 455 6 297 703 730 739 766 930 363 478 487 610 780 864 
385 356 507 298 473 484 807 817 886 159 348 711 
98 295 379 281 228 541 200 252 62 621 655 671 697 744 882 966 511 497 381 351 658 772 
236 238 373 258 174 12 471 620 780 530 926 988 
462 99 44 560 307 224 58 516 315 389 245 23 390 302 123 384 222 2 589 598 800 808 880 922 988 439 558 26 134 352 225 15 369 596 652 859 
160 235 345 266 447 583 714 781 837 527 43 594 705 759 
416 268 330 625 726 738 788 873 972 241 236 373 984 
388 328 31 507 223 715 886 959 492 431 738 767 
134 294 465 7 101 147 381 337 556 347 150 369 470 288 527 226 647 660 674 732 761 795 890 914 926 937 442 173 392 378 374 220 184 665 696 881 
456 469 13 540 371 622 770 947 325 287 620 783 
363 114 478 113 324 487 765 856 984 375 456 674 754 804 
527 147 288 470 556 340 294 450 553 201 7 465 122 269 381 403 585 647 660 662 674 761 769 779 795 914 926 937 33 543 76 393 350 126 137 648 688 696 882 
432 250 427 72 477 752 954 154 206 2 381 
2 99 224 44 560 23 462 206 588 589 800 808 124 421 298 221 424 785 
145 375 531 21 57 416 116 274 183 401 547 413 237 586 726 738 788 842 972 381 398 38 173 40 516 318 667 879 
182 497 143 4 375 822 891 77 477 282 681 
441 507 18 388 253 484 178 31 331 741 807 883 554 562 437 92 677 801 
329 370 505 168 459 418 272 581 953 41 32 78 951 
69 230 272 505 311 76 463 580 9 187 55 139 240 524 109 346 513 609 651 654 701 849 998 423 436 107 284 106 18 534 188 52 715 
486 513 202 230 109 924 998 500 21 882 
102 235 163 503 266 160 514 568 132 518 665 718 745 755 794 825 830 852 405 97 408 513 720 766 868 903 
381 201 450 553 294 647 674 732 761 795 914 915 926 940 111 216 298 444 604 705 
574 381 112 529 470 269 647 761 857 521 719 768 950 
413 219 116 268 143 237 4 359 339 330 85 157 497 577 391 351 594 749 774 822 826 842 853 868 873 891 894 895 913 923 957 972 500 520 271 282 355 19 534 437 663 773 869 915 926 927 
548 209 472 41 60 545 628 644 658 713 804 838 864 889 898 904 927 928 944 86 121 95 2 618 647 808 845 957 
99 302 560 389 576 589 808 173 322 298 695 
390 224 2 44 588 567 576 99 808 880 319 625 931 949 968 
473 18 253 74 323 494 388 817 886 945 990 37 282 611 997 
528 442 5 29 601 740 818 59 16 645 708 
249 374 538 190 195 217 214 623 685 699 734 757 809 858 866 958 969 77 324 468 25 616 634 689 947 
115 174 258 93 421 620 780 835 874 339 370 673 
339 219 375 85 78 330 351 296 116 182 413 416 143 126 586 157 197 539 607 625 710 726 738 774 777 788 801 822 826 853 872 873 957 184 503 319 568 46 89 248 643 735 740 744 754 769 908 953 
200 257 295 281 177 379 387 655 667 697 744 775 782 897 963 966 484 115 194 216 512 956 983 
78 539 219 607 801 826 946 567 538 168 644 
57 21 78 726 729 853 868 388 256 743 947 
567 99 2 307 44 224 808 922 988 328 884 903 932 
427 439 173 41 378 559 626 648 921 220 527 601 900 
217 86 489 208 374 214 623 657 756 757 786 833 958 969 970 985 110 371 436 254 537 682 739 
29 5 442 490 483 125 144 255 528 591 130 395 133 411 225 261 105 308 627 635 680 682 731 740 791 818 844 845 850 876 943 999 89 337 209 418 371 375 599 297 668 694 742 815 822 930 978 
267 165 638 672 687 725 829 70 200 626 663 
106 520 121 363 353 113 305 478 771 798 44 365 754 
431 493 554 193 611 870 888 584 299 185 853 
496 15 27 352 348 611 622 630 759 429 56 197 697 992 
507 341 118 388 18 415 807 843 886 971 986 304 362 913 920 928 963 
596 539 375 110 155 594 116 330 498 237 726 811 826 957 149 72 247 318 540 960 991 
124 275 552 191 622 700 869 918 1000 95 464 915 
329 581 464 399 486 701 823 290 182 318 75 
477 472 548 185 56 474 519 689 931 563 395 484 844 913 
309 82 604 458 605 316 191 19 461 13 352 372 496 8 443 540 431 456 622 642 664 688 691 760 799 831 870 888 917 947 952 975 506 37 267 24 391 96 4 44 590 314 42 157 840 913 
246 75 251 297 289 739 766 792 956 416 330 472 315 708 
377 558 424 96 397 314 983 250 21 661 
451 170 38 50 420 84 267 669 672 687 693 725 829 885 405 280 387 356 404 838 844 
228 379 295 177 671 867 966 456 677 914 
162 375 497 78 777 801 872 592 733 771 997 
190 546 322 437 511 636 657 694 699 734 813 969 396 433 352 257 526 778 
246 77 297 6 75 703 739 766 792 828 841 956 408 587 189 325 368 526 
60 474 559 66 472 378 477 176 40 234 634 713 790 804 838 864 889 896 901 928 968 993 997 440 314 370 148 500 154 736 746 985 
566 421 115 471 258 64 383 273 174 12 404 241 593 336 762 780 247 422 572 399 191 534 850 927 
200 98 387 62 177 557 565 281 295 719 722 897 365 448 85 948 
402 371 572 181 65 611 15 151 605 540 431 608 138 275 533 334 13 639 642 678 688 706 793 831 952 974 975 1000 420 532 423 114 367 220 624 643 667 673 916 923 
495 592 249 220 437 600 217 694 751 833 958 339 634 785 852 
259 129 89 534 203 365 73 679 704 708 785 803 851 978 503 191 160 622 818 958 
547 531 569 594 413 90 738 749 946 301 589 823 
432 599 548 166 361 474 439 173 66 634 716 804 860 896 928 931 954 109 602 413 341 141 728 807 938 
308 395 261 442 601 29 528 483 133 17 635 680 682 731 740 844 850 855 876 366 72 44 517 134 825 895 918 921 
393 378 559 587 477 250 233 194 548 406 472 72 173 423 185 439 644 649 689 804 878 896 901 904 991 57 255 486 313 18 630 736 795 813 886 912 990 
322 449 220 217 546 758 875 912 969 446 505 219 526 987 
181 555 191 605 456 759 952 169 282 628 
451 84 536 672 687 725 806 132 55 823 932 
202 109 198 463 37 139 399 366 908 269 381 491 929 
293 370 346 329 311 701 814 823 998 177 521 769 795 853 
559 22 619 626 545 250 186 423 472 194 477 41 644 752 790 804 889 898 904 921 925 931 993 15 623 592 479 87 379 27 558 797 976 982 
125 5 144 120 601 442 29 490 411 261 627 225 133 255 844 850 855 53 557 470 230 294 945 953 976 
188 63 617 184 847 907 941 21 173 415 800 
371 271 456 277 181 496 193 191 65 700 918 974 51 113 307 453 803 820 
38 451 212 536 205 91 392 136 602 50 650 669 672 725 829 977 393 303 311 517 381 756 986 
36 100 107 124 622 27 371 537 533 8 796 848 314 479 184 430 289 644 
220 509 86 10 675 866 875 459 906 993 
529 340 97 430 231 761 769 795 884 68 195 64 824 836 
151 348 334 309 15 622 456 611 19 107 493 271 276 36 27 65 279 426 46 124 678 688 746 846 869 917 918 919 947 973 974 1000 278 528 223 346 451 301 385 85 131 785 822 861 965 
30 670 809 899 907 951 969 38 594 622 
551 634 41 173 234 474 439 587 423 393 180 185 66 559 628 22 519 427 194 361 176 378 233 648 649 676 713 752 790 804 832 901 921 944 960 639 596 113 355 9 196 323 165 322 207 537 764 777 939 986 
113 324 121 478 363 753 771 798 984 591 6 695 778 
413 497 284 539 162 182 78 197 532 382 85 729 749 774 801 826 842 913 957 144 125 320 415 160 26 806 830 931 
584 585 470 134 294 571 161 527 574 674 769 932 126 380 587 252 280 542 
361 173 599 644 142 545 713 716 898 574 333 153 672 
519 472 41 72 628 644 432 180 185 60 173 896 925 991 365 536 408 652 672 699 776 
300 205 50 536 638 91 451 669 672 687 693 725 806 810 829 865 877 885 464 408 318 313 656 765 862 902 
28 109 486 55 366 293 230 329 581 701 747 906 953 979 7 196 206 789 801 
469 279 554 13 334 537 27 663 700 796 973 975 1000 184 527 649 255 567 708 
131 530 499 696 776 862 929 478 725 801 
329 492 230 581 55 399 109 187 849 965 218 316 497 
200 557 137 549 71 243 62 379 281 98 177 228 295 565 541 595 387 671 697 775 882 966 456 454 352 423 528 133 363 672 756 854 
276 372 107 496 410 82 663 706 746 793 975 546 317 320 650 506 851 
299 322 195 190 217 460 600 509 535 30 355 617 495 500 319 661 694 695 699 751 757 786 858 899 907 912 958 969 970 985 99 42 113 483 391 303 248 414 364 815 843 849 966 
233 41 180 229 587 423 713 752 864 921 968 457 565 164 447 667 817 
519 60 41 209 194 548 713 860 901 960 997 523 228 688 842 936 983 
7 571 574 381 347 732 761 857 892 915 940 54 762 812 969 
10 489 444 509 437 299 657 39 675 695 866 907 916 970 542 613 276 128 831 851 953 
337 335 465 7 574 122 430 381 117 288 97 470 556 761 769 915 932 433 405 9 41 720 827 917 981 
15 65 167 652 656 371 668 678 688 863 919 974 437 586 203 602 68 963 
262 100 611 684 688 846 918 520 842 983 
282 400 102 94 345 45 376 503 435 583 447 512 266 714 745 755 767 781 794 825 830 852 861 871 948 571 250 52 470 409 516 391 734 772 816 960 991 
208 220 437 500 670 756 958 257 832 914 
200 595 295 281 379 549 177 192 62 671 697 782 882 887 897 963 545 622 577 658 672 784 
431 107 191 15 663 348 334 138 917 464 601 205 
614 638 650 38 451 392 672 687 725 806 829 885 479 397 60 393 765 924 
190 322 214 643 299 263 515 666 500 444 675 899 907 916 230 329 259 445 295 250 747 
615 508 667 200 655 257 207 379 252 565 697 719 882 887 920 966 115 117 96 134 168 28 696 769 
451 50 88 650 304 638 84 205 38 165 614 300 136 103 602 267 669 321 420 536 392 631 212 170 687 693 725 806 829 865 877 885 977 220 225 667 211 397 648 655 649 431 784 791 807 836 850 907 
457 89 203 149 436 708 803 324 593 622 
231 647 112 340 150 527 571 369 470 574 465 584 779 926 573 228 783 812 928 977 
661 249 489 670 640 195 362 786 813 969 292 519 200 
194 142 644 427 713 768 838 905 928 365 385 525 940 
320 365 203 196 89 534 349 26 149 25 708 785 803 851 308 34 147 579 615 914 
622 275 15 402 19 124 13 138 540 533 493 262 663 417 431 426 410 100 279 496 642 456 688 706 759 799 831 846 869 870 918 975 1000 492 140 528 192 88 158 375 117 730 738 763 812 881 953 967 
365 412 624 320 436 203 260 785 803 298 167 279 946 955 
261 601 627 5 125 840 844 876 438 77 925 982 
501 517 247 244 485 408 280 318 158 394 135 213 506 104 433 338 720 783 802 815 859 260 212 67 387 322 184 578 857 977 
483 542 601 442 120 29 125 627 844 600 285 530 687 984 
370 109 240 28 168 418 505 230 513 727 849 433 94 387 495 830 916 
19 426 664 275 456 191 870 137 416 219 
374 184 217 208 299 592 699 813 833 875 958 18 298 398 343 869 
223 118 341 248 484 53 807 232 119 931 
672 451 38 536 84 205 103 631 304 420 300 136 650 321 669 88 91 392 614 602 693 725 806 829 865 877 885 977 179 192 501 290 60 682 370 779 824 842 867 903 926 
100 15 107 191 555 663 371 611 65 193 678 124 642 622 275 664 799 863 918 919 947 952 973 74 498 359 178 538 329 659 26 574 845 983 
610 166 250 628 804 838 896 904 997 128 592 80 763 982 
484 328 341 298 526 385 356 473 108 380 223 494 715 807 938 959 451 432 232 535 695 725 934 
554 316 611 191 692 700 796 869 918 71 409 184 
540 691 458 65 799 848 1000 455 139 902 
672 300 614 650 420 687 725 810 829 167 461 177 966 
657 617 623 220 195 786 970 403 601 12 919 
52 502 86 319 661 220 437 299 184 217 449 535 657 190 214 756 757 820 907 912 916 969 970 278 588 98 645 505 227 690 499 729 816 981 
131 286 81 285 544 522 653 301 530 717 736 776 816 862 893 929 671 571 325 243 574 30 354 993 
200 43 379 405 62 541 295 154 595 671 192 387 252 257 228 98 565 243 137 655 508 177 667 549 719 722 744 782 881 882 897 920 519 44 605 8 183 467 554 701 751 792 811 815 957 
218 317 152 306 14 480 479 733 797 967 976 266 196 168 975 
489 322 327 220 617 52 214 592 195 685 657 535 500 217 460 756 820 847 866 15 367 176 472 95 69 649 739 926 
461 65 691 637 608 652 431 372 759 799 2 4 329 765 813 
109 48 492 370 187 581 139 651 329 28 633 524 464 609 727 823 849 908 108 171 506 697 331 786 793 958 999 
239 92 313 558 16 982 996 426 738 739 
246 77 455 618 6 563 148 119 270 251 739 766 792 828 841 956 342 138 269 253 288 761 962 
260 534 624 25 20 785 803 220 560 742 
501 433 247 244 506 408 280 210 394 517 318 720 783 815 584 430 568 27 830 884 941 
458 656 107 410 456 678 622 869 214 517 797 885 
329 28 370 254 139 37 293 849 953 979 353 379 556 753 958 
89 434 196 562 673 25 320 260 624 457 534 203 129 412 677 709 737 763 785 803 839 910 560 358 652 612 71 28 472 591 784 854 
534 708 89 73 467 785 803 23 117 473 726 
155 85 330 594 445 868 946 957 218 831 
425 175 558 778 824 982 996 379 564 971 
468 305 409 67 454 353 141 47 753 798 819 821 237 187 329 227 522 2 
180 423 142 587 166 173 361 676 648 659 658 439 393 644 234 477 250 194 56 519 474 472 619 838 864 896 925 928 931 991 993 360 138 141 410 152 487 540 527 129 396 25 721 840 863 
160 503 665 435 568 718 794 825 830 852 871 14 471 174 783 981 
248 331 484 108 385 87 690 223 388 570 507 807 883 945 581 462 297 313 824 979 
648 233 477 626 56 185 804 496 730 949 
111 131 286 301 530 696 816 862 929 1 731 801 856 
94 435 45 714 282 583 447 360 733 797 
295 379 671 697 621 177 744 882 966 204 585 729 831 
501 433 247 244 408 396 280 681 517 398 318 158 34 705 213 754 783 802 859 235 583 339 662 83 282 383 126 487 
352 191 181 167 438 746 947 491 713 548 38 
252 228 697 295 621 192 200 387 782 882 966 401 124 280 727 765 997 
360 121 32 363 753 765 798 5 282 958 
345 235 440 163 503 781 948 41 531 388 
672 687 693 536 420 136 650 91 84 631 602 638 205 669 38 392 300 321 451 88 614 165 304 806 810 829 877 885 144 239 228 329 690 189 540 653 245 330 808 907 983 
569 57 594 375 532 237 78 382 157 607 330 359 296 543 21 577 83 416 189 547 351 597 85 729 749 801 853 868 873 894 946 957 31 132 407 443 709 449 18 526 760 809 880 903 945 953 
701 202 505 109 139 9 172 329 683 187 418 524 823 924 949 953 722 201 7 138 81 783 798 804 
298 388 128 507 248 971 986 435 626 752 
284 330 539 646 597 481 726 375 957 695 49 719 858 878 
246 297 455 77 289 251 563 739 766 841 930 939 244 678 716 133 337 809 
5 29 395 133 528 627 130 601 442 411 740 834 844 845 159 307 170 717 922 993 
430 527 571 288 465 660 470 584 381 795 857 890 914 926 293 33 332 492 752 765 916 
14 479 325 306 310 61 68 368 698 523 317 152 784 797 827 909 967 976 59 458 616 27 63 408 718 527 779 
220 592 322 184 617 786 789 907 412 549 665 881 
424 16 773 778 787 805 903 280 549 594 220 
522 407 81 499 54 696 285 544 862 893 929 471 383 628 350 619 
320 457 708 412 436 89 803 513 504 387 
577 351 413 416 401 237 594 445 625 4 57 391 569 339 801 811 842 853 868 873 894 895 946 957 962 972 363 8 570 277 70 678 263 702 890 909 941 947 
246 148 703 730 455 251 6 563 297 289 75 618 77 612 766 828 930 956 203 600 187 699 702 507 753 952 983 
29 601 542 627 17 442 731 5 591 133 483 850 194 40 594 78 232 906 
473 484 579 253 18 388 507 465 173 340 
501 433 158 244 394 247 783 601 375 704 
424 278 140 16 778 812 824 854 900 983 533 223 597 
697 565 719 595 98 228 782 466 594 317 
665 435 514 282 132 583 852 28 230 785 
656 642 124 138 540 721 309 459 296 619 
172 329 651 256 202 28 906 965 998 337 670 830 929 
242 113 127 106 324 156 216 753 515 474 273 214 
646 4 532 498 155 586 625 726 822 756 766 797 819 
113 468 216 478 363 121 753 821 964 517 107 224 531 
220 249 509 623 657 756 820 697 436 386 837 
575 551 378 173 658 427 634 209 41 644 878 928 931 993 732 392 728 536 401 824 894 
113 363 324 487 468 712 353 645 242 723 748 47 750 32 765 771 244 493 739 707 804 966 
517 433 501 287 244 720 783 603 573 594 
503 435 665 583 837 852 995 495 471 790 
695 214 333 699 86 188 220 751 600 208 437 342 546 511 362 666 10 847 749 320 638 655 836 892 923 945 996 
600 515 208 657 695 489 592 495 362 500 249 758 907 933 941 951 985 375 272 66 517 20 45 795 798 
319 757 500 184 629 211 786 916 958 442 194 189 909 919 
167 431 372 82 605 555 124 138 181 414 13 630 107 700 410 678 540 793 796 831 888 918 568 68 519 286 547 477 3 251 411 273 
431 138 82 372 352 533 461 65 611 493 846 85 726 310 901 
662 97 584 529 429 585 465 269 470 7 574 294 641 134 571 288 660 403 430 347 201 369 450 340 769 779 795 890 914 926 932 935 703 424 213 214 471 32 203 498 299 55 317 844 979 983 
241 404 620 258 471 273 236 305 660 204 
708 89 20 320 365 412 457 260 349 203 534 785 803 851 910 978 689 338 427 283 678 846 
92 42 16 314 812 900 983 644 370 260 
723 291 468 32 478 114 573 113 106 216 510 753 363 121 127 242 67 409 360 141 354 520 324 49 305 771 798 819 856 984 92 669 419 722 23 700 31 732 650 235 780 838 875 982 
246 739 77 251 612 703 75 563 618 730 297 792 828 841 930 939 42 13 583 749 484 802 889 
447 163 282 235 665 160 266 861 871 995 570 59 473 
194 477 676 488 393 186 423 585 344 379 
303 641 662 529 7 335 381 647 527 470 761 269 574 101 430 347 553 340 147 150 465 326 97 201 369 112 231 914 926 935 937 940 594 47 509 671 273 151 136 66 633 368 427 253 904 970 
572 443 82 555 537 27 124 19 846 1000 361 314 929 
603 645 32 468 753 354 113 765 324 191 288 330 616 954 
95 325 784 797 827 967 976 450 565 665 
314 16 735 357 159 812 900 903 996 586 472 813 864 952 
646 78 116 401 586 594 57 284 4 811 872 214 435 249 253 827 851 
655 557 379 200 595 549 881 220 489 875 
54 286 407 24 653 131 696 522 285 475 862 893 427 266 381 649 194 191 
594 157 57 189 543 268 110 330 616 197 822 276 421 644 437 813 994 
179 314 96 397 743 16 735 42 70 278 482 424 711 283 787 805 812 900 903 950 981 982 983 996 126 209 645 102 185 617 249 333 81 244 946 
674 761 429 340 288 7 465 450 231 574 857 158 687 733 823 946 
336 373 620 93 174 566 241 383 593 115 258 835 472 563 318 543 765 802 
447 400 282 235 568 160 724 665 861 283 448 358 
595 379 243 177 200 722 295 697 667 192 744 541 98 882 920 285 163 411 254 324 839 919 
501 433 681 742 720 408 280 485 525 396 394 51 244 705 506 135 517 398 210 287 754 247 802 815 911 572 674 714 60 417 390 418 482 727 787 975 
11 479 221 422 733 14 772 35 152 68 95 480 332 232 325 218 317 364 204 306 368 523 79 310 350 153 797 827 967 976 708 347 461 672 524 667 298 362 829 861 880 897 941 
89 708 624 349 260 146 320 677 412 73 129 709 25 534 763 679 20 467 259 562 704 803 839 851 978 745 576 189 433 277 642 74 207 623 868 872 996 
758 657 495 734 675 600 184 374 694 208 958 701 293 972 976 
735 778 140 357 314 175 900 783 107 803 901 
189 569 391 155 375 577 594 497 157 343 801 332 494 137 459 888 970 
214 52 195 734 190 500 941 651 42 925 
173 361 634 644 551 619 472 889 928 755 367 283 881 
542 601 29 125 5 528 834 844 876 943 550 672 869 882 921 
246 148 766 703 119 77 455 270 251 6 612 618 297 841 939 956 184 22 697 370 526 862 1000 
15 493 622 191 656 426 759 352 167 863 917 518 701 66 544 172 
160 435 345 714 235 665 132 503 45 583 282 400 440 474 225 200 363 69 540 
303 571 265 732 584 7 574 641 527 561 201 761 80 884 890 89 65 41 628 633 757 808 
443 652 639 276 431 691 100 759 848 433 265 128 23 97 
68 784 479 325 306 733 14 368 350 152 153 218 221 310 480 523 772 204 364 79 317 11 232 332 95 422 698 909 967 976 980 994 217 749 706 634 223 58 718 534 258 288 27 334 29 543 986 
603 712 765 305 454 723 363 113 354 32 121 324 409 645 112 757 173 309 727 182 896 
700 678 692 611 555 688 13 8 316 540 438 863 869 349 94 293 446 833 871 
560 44 222 567 576 23 462 99 307 126 636 803 871 
788 726 237 497 359 646 197 416 616 375 284 596 339 4 391 401 330 143 594 182 85 543 738 189 268 868 891 894 946 972 651 68 501 98 192 22 579 295 526 653 717 813 828 901 
501 213 247 244 783 408 720 681 517 318 34 433 280 388 180 766 166 780 972 
89 785 534 708 320 259 260 679 763 412 677 624 457 365 129 704 26 737 349 149 436 203 467 709 673 73 562 25 851 910 936 978 83 556 160 800 637 787 90 492 808 819 834 924 925 
634 689 194 587 56 427 626 488 716 234 477 644 628 619 474 864 931 993 997 13 300 212 753 573 133 727 94 869 
778 425 42 466 735 900 903 250 223 195 
672 687 205 631 725 165 84 50 650 88 669 170 810 829 877 885 517 161 79 646 313 470 
248 686 690 31 118 312 253 715 223 128 108 328 526 606 323 18 564 415 484 579 959 971 986 989 990 992 626 50 503 271 181 672 816 826 879 895 953 973 
567 307 2 99 598 206 123 560 576 315 245 588 516 589 44 389 222 23 302 462 384 922 942 955 988 379 427 49 169 228 795 803 220 725 290 587 996 
444 500 489 322 344 643 437 592 86 912 480 730 123 726 961 
304 50 693 84 650 725 806 56 58 476 
330 78 607 774 391 547 219 85 504 197 738 157 822 957 972 987 223 697 5 360 849 914 921 
453 159 424 42 292 764 313 773 314 239 743 778 96 824 900 982 983 996 439 334 678 250 660 674 148 430 
509 502 617 327 220 437 86 675 184 214 374 249 685 263 495 355 39 319 858 875 916 958 985 628 801 218 777 411 773 700 984 993 
346 272 633 513 524 370 823 949 965 262 86 384 851 983 
501 433 247 338 34 318 158 396 783 264 244 681 394 280 506 705 8 697 72 657 601 470 231 908 
54 717 530 131 499 301 24 491 696 81 862 665 695 90 807 833 
323 18 526 128 31 419 108 590 564 507 87 446 886 971 517 394 234 658 324 7 998 
29 411 601 591 133 844 850 82 624 849 868 
468 363 305 765 712 821 856 964 984 82 803 84 749 
500 184 362 699 322 695 214 751 933 287 637 547 920 
750 712 49 32 113 363 141 114 819 879 151 144 559 
811 116 578 4 157 547 594 330 586 171 539 78 777 413 219 145 749 842 868 894 895 934 957 137 18 76 98 338 601 337 423 642 
329 76 168 370 814 272 727 187 172 701 293 109 28 230 169 486 609 633 69 164 366 513 849 908 924 949 953 998 409 555 238 779 215 515 103 96 625 631 864 956 
92 96 357 812 42 239 424 558 175 743 711 900 961 983 687 715 430 752 293 641 
282 665 160 447 583 514 714 388 627 864 
646 543 532 596 197 21 586 607 155 171 594 85 531 391 891 895 946 962 987 238 505 807 260 896 943 984 
35 733 68 479 310 14 306 784 480 218 772 152 976 774 96 275 111 662 29 
246 455 618 766 297 703 739 930 421 801 113 540 
672 687 725 205 165 536 84 304 614 103 638 806 693 602 669 91 650 50 136 38 267 420 877 885 977 269 484 334 784 413 168 537 888 924 950 971 986 
94 376 440 290 282 435 514 583 518 665 714 837 747 468 646 705 683 499 
622 414 372 611 678 371 107 759 1000 719 661 240 64 710 
406 644 142 176 3 22 921 666 285 438 
437 188 685 623 600 319 858 899 916 816 533 799 
395 428 130 483 791 731 844 398 803 394 
64 421 404 241 593 780 174 144 235 886 
145 343 21 504 57 157 842 895 957 987 672 756 36 641 968 
568 512 755 235 435 163 282 830 995 121 751 50 879 
60 619 676 587 713 427 689 878 960 991 997 765 614 280 452 149 
412 562 434 708 436 89 785 129 910 68 274 782 
483 29 680 133 442 528 844 713 135 611 906 
246 618 730 77 766 119 792 703 270 6 148 930 288 116 286 862 969 971 
343 586 219 577 445 738 646 822 416 157 4 215 85 836 872 895 987 687 513 411 664 659 115 527 982 
606 484 223 199 178 415 945 986 657 503 538 427 
601 29 5 120 133 483 627 635 395 834 428 130 255 490 542 225 680 528 818 125 442 731 682 17 144 791 308 840 845 850 855 943 610 505 231 761 430 479 254 4 193 614 562 286 882 
442 5 29 731 601 844 876 943 688 233 587 288 
664 537 277 426 678 770 402 760 642 198 301 763 113 
502 636 322 489 188 699 374 756 195 217 344 912 941 958 199 548 357 544 44 998 
692 639 107 796 410 277 917 514 562 50 47 
76 198 55 707 69 28 683 109 370 581 48 823 37 254 418 464 492 701 272 654 949 953 818 373 260 78 462 477 318 191 811 657 
844 120 601 428 490 627 635 29 740 411 818 672 536 620 424 896 914 
803 320 534 146 260 785 365 624 763 26 677 203 25 196 436 20 562 89 656 774 501 410 814 532 661 873 
503 583 745 282 665 714 755 435 871 207 623 407 895 
4 738 539 726 382 594 586 597 972 388 633 604 199 456 
425 743 140 900 950 982 983 443 708 655 
844 528 125 29 627 255 483 635 389 180 363 998 
106 127 216 510 765 573 113 468 819 324 454 497 505 717 525 233 
585 335 288 660 134 732 779 76 681 978 
502 813 299 592 220 833 509 657 342 875 165 32 729 466 480 
681 280 720 398 318 247 501 141 291 567 22 
41 477 626 659 60 889 928 324 224 974 
503 435 376 518 781 665 282 767 447 45 94 995 296 642 371 139 784 946 
285 696 475 111 736 776 301 816 131 544 522 499 653 54 491 717 81 286 24 530 893 929 331 792 219 650 289 841 31 12 403 88 
663 688 461 8 36 27 793 276 799 888 510 713 561 
713 472 378 439 559 619 658 393 804 427 587 901 904 905 931 944 954 773 197 5 481 563 825 823 883 
672 267 650 687 536 300 136 206 434 470 
640 449 661 592 515 699 188 35 100 959 
252 243 200 615 379 882 887 687 13 503 44 
597 547 413 375 586 85 155 539 21 822 171 274 801 330 391 710 143 215 738 543 726 946 957 424 583 818 32 272 371 785 106 96 484 297 
799 138 691 431 540 642 706 107 554 181 8 608 191 371 678 100 46 918 952 375 304 323 586 791 685 804 127 929 
8 684 678 167 604 456 611 191 952 109 242 31 882 
45 282 435 447 290 852 665 714 767 948 995 203 200 800 799 
616 774 594 842 57 923 946 962 785 195 904 974 
738 339 413 375 504 110 726 569 594 586 972 324 365 241 12 149 851 
64 174 241 593 336 258 404 93 288 119 407 29 
214 813 640 374 685 195 629 858 916 41 765 393 473 775 
601 130 627 120 680 5 791 395 845 483 425 489 68 491 969 
672 687 725 806 205 304 650 91 451 829 977 24 30 52 216 981 
233 628 56 548 752 838 41 928 993 729 263 342 932 
121 468 113 305 353 821 520 181 807 577 837 
516 567 462 389 44 560 206 589 2 315 99 111 498 62 784 726 
192 775 71 98 521 43 200 252 295 697 541 882 887 966 734 790 678 483 571 886 
782 881 697 281 252 137 257 177 541 387 565 671 719 98 200 228 521 655 62 295 667 1 379 722 867 549 43 887 897 920 963 966 556 844 574 870 184 791 582 109 434 265 99 190 914 991 
31 715 388 550 579 18 990 169 4 864 894 
231 556 641 303 527 381 7 795 430 914 926 392 598 106 705 
672 687 650 321 451 103 536 669 304 300 84 806 725 614 170 50 829 336 706 295 182 458 460 189 983 
570 606 18 388 564 590 817 473 526 945 992 508 628 269 835 881 
200 867 882 62 671 43 667 387 281 881 192 379 228 966 169 179 445 68 111 463 503 
863 371 15 540 759 604 611 302 788 829 340 
587 860 166 790 619 60 634 173 905 925 991 766 437 554 947 995 
795 732 527 340 761 571 231 738 441 395 173 
339 826 586 801 578 157 895 24 75 228 
561 80 430 470 161 450 660 926 932 446 756 78 170 417 
862 544 81 491 111 696 736 776 522 68 531 509 506 535 
21 801 738 339 726 497 586 822 531 923 345 752 883 45 306 
401 219 586 189 891 822 359 836 842 497 416 826 738 934 627 807 41 138 65 852 916 
378 628 173 176 713 406 60 66 472 474 649 689 619 488 233 626 551 901 928 960 991 299 389 798 850 384 268 29 826 939 
667 192 621 595 697 379 882 200 243 557 177 85 222 784 444 293 
194 587 56 60 472 634 648 901 450 96 513 957 
217 670 643 214 833 657 63 399 279 945 
314 773 278 778 743 787 70 824 854 558 159 425 812 357 313 424 453 764 452 805 16 175 377 96 239 903 983 248 141 371 393 395 599 238 559 62 427 931 960 
864 896 659 427 378 66 644 233 898 628 619 72 439 41 519 931 991 787 801 532 481 760 411 547 992 
68 479 317 306 325 976 980 650 213 692 1000 
558 778 314 92 377 900 805 735 239 424 773 982 983 996 583 687 726 510 598 909 
628 60 864 432 472 393 439 559 185 41 689 56 488 22 634 72 194 519 209 587 921 991 997 370 243 314 217 441 872 553 769 998 
864 676 545 889 559 991 993 997 413 261 365 914 
109 418 505 202 367 370 747 459 48 139 329 492 28 651 463 953 151 158 740 640 157 840 540 
670 52 502 30 734 515 661 333 190 489 211 636 322 63 214 695 643 657 757 500 916 69 77 4 259 451 672 725 986 997 
367 701 505 632 492 254 230 329 9 202 272 823 513 953 979 161 594 58 815 56 941 995 
797 733 221 325 153 967 976 738 78 903 758 
803 839 434 203 25 708 763 365 89 217 304 915 928 969 
517 783 318 433 280 501 34 496 215 211 
362 437 629 10 695 322 460 299 847 449 809 495 52 657 30 214 217 916 933 434 554 628 416 341 64 7 108 174 
646 339 497 189 171 143 498 78 586 4 987 610 606 111 611 200 991 
150 269 529 265 231 761 574 340 335 303 571 769 381 226 556 147 732 584 465 884 450 527 117 470 369 430 122 337 97 926 932 937 408 615 57 811 882 905 677 534 666 258 93 312 850 370 494 
660 662 470 465 161 584 403 347 337 586 910 608 455 
912 195 449 875 813 322 833 86 52 190 758 342 515 437 695 670 907 661 299 217 941 248 377 895 683 732 622 472 387 468 946 
668 611 642 793 848 458 372 124 395 662 203 91 
493 100 691 637 759 469 608 664 642 431 107 410 33 262 456 678 8 869 279 13 688 443 461 919 233 400 627 184 389 454 329 931 951 967 970 
537 663 275 36 458 688 918 107 276 371 469 642 975 1000 112 282 758 694 782 389 935 
697 62 177 882 1 671 782 137 281 228 966 606 260 820 80 986 
427 904 41 477 142 599 634 250 378 644 832 519 658 194 931 968 991 627 17 517 431 811 791 124 282 
808 567 560 598 390 2 302 462 44 453 731 203 214 259 
531 375 481 894 126 872 586 756 622 938 
823 727 198 366 28 582 513 169 370 293 329 953 803 315 829 669 363 108 
649 180 378 634 713 889 927 20 789 803 680 
122 884 769 674 150 335 429 288 337 571 732 892 914 381 584 430 574 761 556 932 566 687 338 699 53 93 374 586 991 
393 925 587 60 72 931 954 586 620 955 
361 619 860 587 676 427 472 233 752 790 488 186 393 626 896 477 559 3 713 432 878 968 991 993 242 28 101 259 461 606 674 910 937 948 
862 736 54 286 407 522 301 653 717 111 696 474 770 188 869 747 632 
246 297 766 739 841 730 828 455 563 38 41 601 
66 519 921 166 3 488 209 548 927 634 901 56 474 472 626 864 176 713 378 804 610 752 559 477 954 968 997 589 646 431 686 918 107 459 151 485 900 109 996 
556 926 430 288 892 647 914 101 761 527 326 340 381 662 337 231 878 166 500 598 252 631 
489 757 184 820 217 437 912 970 363 62 12 18 
219 157 155 126 895 498 822 494 386 549 690 
97 429 122 231 769 337 381 369 101 527 761 495 78 919 38 
803 320 89 562 260 365 146 659 474 112 
914 571 381 769 574 288 527 940 462 928 109 477 
108 323 312 507 690 341 526 415 990 109 626 923 64 
246 270 730 766 6 119 792 297 455 644 247 132 896 
465 937 584 430 660 527 769 435 676 990 
847 757 460 263 184 789 636 916 362 220 969 908 705 456 738 784 
123 44 462 808 2 222 99 349 377 161 
255 29 483 844 601 791 542 395 5 845 388 826 242 
427 472 644 250 864 587 378 393 66 60 559 501 541 562 319 964 
312 415 843 419 886 385 494 441 388 590 715 986 726 46 1 756 635 899 
183 497 215 85 145 801 157 738 416 872 726 21 539 710 625 296 826 868 596 916 861 778 462 167 679 779 258 471 
124 493 82 13 721 27 642 181 611 572 107 461 537 276 191 688 371 975 592 415 597 738 427 156 889 292 
345 266 503 665 435 290 724 132 282 440 871 94 621 401 265 492 928 955 
168 48 399 76 524 272 849 823 202 727 492 55 513 418 459 139 169 814 953 497 127 266 716 155 589 247 143 444 
778 854 278 92 140 453 397 42 996 176 13 829 585 
643 184 211 319 444 195 327 30 757 244 335 918 119 580 
870 622 461 13 630 869 688 611 975 1000 513 355 739 272 773 
651 55 505 580 230 949 272 293 109 707 459 399 908 370 492 28 849 823 254 906 169 69 924 168 727 329 202 979 661 142 174 507 594 340 63 807 678 635 250 726 394 
864 575 474 427 423 229 927 626 166 931 960 993 771 539 978 983 
808 560 462 2 58 99 206 123 384 948 679 109 927 430 
246 455 612 703 792 618 739 595 439 823 966 
85 416 836 274 237 83 646 539 498 729 868 726 339 183 822 4 162 375 607 811 189 594 78 738 586 710 962 972 898 479 461 258 587 517 239 89 374 210 697 978 
758 437 190 342 786 217 847 592 86 623 195 299 263 333 220 188 685 657 444 39 355 52 600 813 666 500 969 310 547 707 701 77 723 624 309 416 499 557 991 
807 570 380 690 312 128 484 473 990 490 200 519 866 6 
194 233 474 644 896 551 659 954 173 250 209 427 838 993 665 200 900 371 382 129 607 
16 824 425 397 140 292 981 809 192 501 993 
143 957 4 872 157 826 738 189 90 65 37 703 118 551 
595 387 71 379 667 177 295 98 882 663 533 606 11 477 
121 363 113 819 750 478 324 451 944 539 
513 654 464 747 814 329 370 472 642 375 430 
43 379 207 228 200 549 671 722 154 615 719 405 595 62 541 920 887 881 882 192 387 358 98 257 565 655 1 557 657 956 693 488 560 59 56 496 753 967 976 984 
232 797 784 153 479 325 306 733 14 68 523 480 79 364 11 317 218 772 698 909 221 332 368 204 976 229 193 558 363 217 501 678 378 918 498 966 159 
406 427 931 658 928 619 173 921 40 589 836 283 
592 941 600 695 657 617 546 495 675 220 629 643 319 195 188 184 958 211 261 910 841 660 534 230 876 113 988 
437 695 211 355 600 661 374 657 694 933 52 769 197 557 788 918 107 
728 807 550 108 18 128 298 388 328 507 385 606 312 59 817 476 442 829 478 435 711 841 1000 
83 853 391 296 577 738 157 189 801 498 547 497 481 957 586 532 569 811 237 330 873 382 116 401 85 89 390 786 163 99 135 443 523 161 279 802 
642 191 372 688 181 652 461 190 471 807 
663 276 540 637 15 642 277 456 622 860 435 872 
371 678 622 611 656 947 952 65 652 151 461 15 919 456 539 698 479 113 98 783 
797 784 68 479 698 325 306 733 14 827 218 523 35 332 232 364 902 967 11 95 368 204 909 79 772 422 350 317 221 152 980 994 337 433 181 786 121 371 635 473 370 442 468 21 139 966 634 
672 212 877 829 451 267 536 638 84 687 420 304 272 681 86 674 
196 89 146 785 320 803 624 534 763 203 277 954 601 957 857 
513 293 37 953 254 707 908 55 651 256 329 715 761 188 13 8 244 
153 479 310 797 325 976 902 497 357 240 
778 397 386 961 466 292 482 283 983 481 877 662 695 714 
812 314 386 711 179 903 702 140 175 452 96 854 42 778 424 983 842 634 765 680 689 399 483 
377 314 613 16 424 824 159 397 179 386 453 778 92 140 854 982 283 466 743 452 903 812 292 558 425 764 900 981 42 996 659 213 688 725 739 595 664 814 761 885 514 954 991 
113 645 106 242 468 360 127 49 305 156 121 819 216 454 291 363 765 324 573 145 813 826 569 286 190 299 966 682 
813 214 437 657 184 600 757 41 619 191 
606 945 526 484 388 328 18 728 128 298 843 415 807 331 118 507 59 990 644 372 829 907 797 160 638 920 466 
836 531 343 375 330 543 826 913 842 811 155 515 502 629 46 997 
123 567 99 560 516 2 44 598 808 302 470 566 969 
223 248 807 385 18 507 473 13 107 219 
883 341 74 312 87 484 526 938 959 507 448 328 223 476 590 18 807 986 388 495 91 121 44 628 246 200 546 940 
905 921 194 896 378 628 901 250 889 838 477 713 173 180 519 186 649 559 928 423 3 904 993 607 15 30 983 958 913 321 882 926 461 665 
484 473 380 199 494 886 807 285 242 430 605 901 
173 406 991 713 954 804 474 960 878 752 634 209 619 928 905 72 41 250 34 813 640 731 437 961 475 696 223 
976 61 325 221 68 797 204 109 500 404 777 
290 871 235 163 767 282 94 861 755 512 837 889 325 388 107 908 372 
92 950 140 983 778 812 702 424 42 558 773 903 711 931 51 756 396 808 785 
904 659 619 233 472 838 41 519 474 40 931 804 427 439 176 905 393 194 477 378 559 488 689 78 616 486 987 508 907 590 722 536 
582 69 524 505 492 823 9 28 370 139 198 230 633 164 109 581 169 329 256 747 847 904 318 817 454 855 315 242 305 
601 308 528 395 442 29 133 112 701 334 
608 15 919 622 371 652 193 456 372 275 678 552 107 831 426 952 692 770 642 474 368 14 379 194 792 501 902 971 
