197
19
84
113
160
84
31
99
35
205
56
102
80
87
166
4
183
99
120
150
76
24
203
58
99
118
178
160
148
152
71
81
48
0
183
154
127
28
170
147
147
151
126
89
101
118
8
75
183
18
12
182
53
153
136
155
13
74
137
126
109
48
200
123
165
69
53
2
147
71
14
42
115
193
191
108
99
135
75
145
171
63
25
81
205
151
80
9
200
166
170
98
85
5
71
177
196
100
51
136
146
102
113
135
149
46
21
88
58
27
171
158
100
16
27
49
54
183
148
195
19
159
110
42
40
53
171
20
145
0
144
151
79
128
150
68
191
172
164
184
155
158
31
53
16
102
140
10
98
135
163
202
102
170
14
169
198
134
144
115
182
89
146
100
50
48
52
90
128
85
107
136
138
13
68
32
73
24
153
11
52
11
109
130
148
40
72
175
69
36
145
182
98
48
102
170
165
48
166
100
29
82
76
78
107
92
107
102
146
200
9
48
88
158
148
123
27
166
0
87
113
180
11
99
166
204
76
122
109
89
90
100
139
9
145
144
68
53
40
85
28
100
27
31
154
179
59
54
120
146
188
89
182
166
164
11
78
32
196
8
97
112
80
1
10
31
15
79
184
118
124
96
87
28
87
173
83
173
9
80
205
68
126
126
205
198
128
191
19
105
194
24
145
161
88
158
80
118
119
59
157
69
139
204
90
114
179
109
0
82
33
148
182
135
51
40
41
103
109
17
8
117
15
88
160
17
7
84
104
49
183
134
105
90
111
154
188
29
189
64
179
0
154
122
171
123
55
61
77
121
153
150
12
80
180
82
99
171
148
164
100
89
140
41
175
202
121
26
109
191
11
29
75
131
187
191
3
123
51
147
181
127
156
201
157
84
73
36
89
128
112
92
26
12
137
3
62
195
159
2
31
96
15
78
151
119
191
116
2
81
50
176
117
146
124
61
157
111
38
93
8
56
102
106
193
86
90
69
57
133
179
169
137
48
29
101
149
63
142
128
49
166
58
164
35
1
102
73
145
113
176
128
68
117
42
127
37
192
58
148
181
134
48
205
39
128
174
202
105
135
78
151
131
167
101
71
19
124
159
68
29
8
24
165
19
122
23
74
99
23
170
154
134
51
150
99
33
72
183
132
29
170
58
195
170
132
166
80
48
124
33
6
42
40
102
105
152
180
17
174
121
64
76
140
161
20
106
204
8
100
200
195
49
158
62
59
40
183
74
164
14
151
131
174
123
35
107
68
129
151
177
191
12
83
153
105
126
85
102
99
62
114
58
47
20
53
13
51
140
112
158
170
70
165
175
27
27
51
169
35
95
123
109
169
205
102
75
202
36
114
192
29
8
101
60
144
156
109
114
199
92
85
164
70
129
182
124
61
72
54
147
170
202
19
19
101
56
153
14
173
0
27
105
76
156
14
44
191
31
135
15
135
111
183
32
34
34
195
142
160
134
101
105
3
184
134
110
33
13
119
157
143
98
134
90
150
89
142
107
10
180
124
145
158
63
128
100
80
154
99
152
148
102
27
140
185
102
179
117
185
165
191
170
121
132
173
63
1
2
146
28
72
20
154
150
110
9
185
68
173
29
59
180
164
89
98
127
82
157
40
140
90
164
145
173
169
134
82
1
142
102
32
56
197
6
17
31
55
43
140
117
84
20
169
9
107
179
8
65
53
8
172
51
148
145
141
34
19
84
27
105
25
169
42
32
121
65
74
202
69
119
135
19
14
123
102
107
29
19
123
79
26
45
203
109
80
99
29
90
24
22
100
195
81
149
160
48
81
13
38
138
59
69
135
80
172
88
142
152
96
3
142
135
140
33
31
134
117
90
89
150
135
89
149
128
139
14
75
164
40
90
33
197
185
23
3
185
88
125
86
101
82
193
60
188
144
177
75
112
47
172
169
100
54
44
42
169
17
175
159
143
92
30
102
48
161
128
154
13
128
12
89
174
102
100
203
4
103
102
38
91
194
16
102
19
192
103
55
180
53
128
44
111
11
173
166
36
122
118
196
75
40
127
39
178
84
157
65
158
145
48
169
19
7
53
80
38
122
138
75
153
194
128
111
59
182
151
40
28
205
104
102
36
84
48
69
161
37
39
76
27
146
128
2
89
177
16
182
144
18
17
118
3
55
5
84
200
69
144
109
50
122
110
32
80
35
37
59
101
170
127
99
123
18
109
185
101
117
25
40
167
87
29
195
174
20
86
58
112
205
17
18
81
110
200
33
16
194
119
183
137
121
113
191
42
158
105
158
196
170
119
71
56
96
59
9
178
118
36
62
138
140
190
121
102
55
82
27
49
74
102
116
7
16
86
112
49
16
63
69
195
29
181
194
121
191
169
36
13
161
160
140
71
71
56
170
168
129
131
58
16
66
80
190
17
89
3
13
113
161
19
99
148
130
151
144
8
29
29
117
157
7
151
170
53
13
106
4
191
161
142
163
33
84
83
21
118
171
16
131
169
100
32
150
50
64
158
89
115
127
205
164
188
151
27
109
128
135
48
167
205
116
65
63
19
80
204
89
118
123
80
153
112
80
27
163
110
85
193
146
66
71
97
191
171
61
42
33
21
135
178
180
144
140
51
171
128
52
10
75
33
73
180
35
198
58
16
77
98
185
116
157
109
145
84
56
8
122
132
27
121
180
160
39
146
105
9
196
84
80
177
99
179
190
120
46
135
204
58
25
128
161
164
140
65
59
101
164
3
33
171
156
135
16
68
166
178
46
100
150
196
33
121
144
53
150
130
205
53
88
65
105
49
165
197
84
89
138
151
127
140
140
187
44
173
85
204
58
135
49
117
201
36
156
168
8
36
156
34
113
48
138
20
76
202
170
124
84
51
137
133
42
79
75
197
57
92
67
50
31
120
128
173
134
92
201
75
129
106
171
98
74
144
198
144
155
54
23
116
156
16
83
125
150
80
30
179
0
169
132
63
170
204
31
71
150
98
124
55
87
84
197
150
48
63
138
6
191
25
35
40
128
66
48
169
122
182
56
141
21
28
134
147
28
150
81
179
195
15
1
54
19
129
117
154
119
191
103
166
75
197
150
116
42
142
11
100
140
144
12
99
82
131
131
200
124
134
36
90
97
181
55
92
130
140
58
16
34
127
116
199
16
151
134
130
145
138
14
31
139
0
199
117
68
179
185
3
102
27
17
198
3
10
151
58
68
9
144
71
16
106
201
72
53
43
84
147
154
140
144
40
65
103
8
56
147
111
99
85
182
42
114
49
14
183
110
145
88
191
126
97
112
46
165
191
109
43
105
194
98
65
113
200
40
80
118
42
151
84
100
31
67
122
56
56
152
12
68
36
179
27
119
4
154
36
4
15
119
120
136
74
25
102
201
113
118
158
201
86
89
201
112
119
42
19
202
109
159
119
157
70
27
157
196
11
69
66
121
105
171
90
65
85
153
124
31
97
14
31
146
105
146
185
135
49
102
185
81
145
49
36
157
112
165
195
201
146
10
164
130
134
170
90
120
74
137
75
77
59
43
164
140
124
197
81
169
60
164
65
169
197
41
55
140
124
120
99
143
37
114
174
200
55
32
123
119
171
100
100
151
137
57
104
55
26
150
59
80
131
13
134
14
94
204
82
68
27
151
124
189
138
104
112
6
117
170
196
1
153
139
160
53
66
121
193
109
183
72
21
156
102
99
68
43
47
164
84
138
66
81
14
143
39
145
176
53
164
178
54
180
65
10
19
8
89
95
137
9
131
46
43
68
203
197
125
29
158
43
98
46
59
38
139
135
26
86
11
124
6
62
173
135
65
52
103
157
99
42
89
56
56
154
121
182
14
124
98
191
121
16
118
69
204
182
92
13
43
16
102
119
118
31
110
179
83
103
180
177
81
196
31
17
64
182
30
169
134
115
190
44
126
163
185
8
69
107
115
62
89
90
36
106
10
105
158
68
25
129
158
44
31
146
166
97
138
170
153
152
202
132
44
44
89
13
198
68
78
36
58
145
195
3
89
186
166
125
154
95
171
84
6
151
105
80
100
100
88
121
11
31
176
100
5
190
128
105
59
201
196
31
204
29
71
160
111
163
183
161
43
56
90
124
36
204
31
140
177
136
80
92
166
68
72
117
53
28
21
56
205
103
51
202
124
195
145
121
141
197
156
69
87
129
205
102
137
97
118
79
175
71
65
202
25
20
135
48
151
50
8
187
121
200
114
95
13
85
130
204
56
144
133
12
124
137
141
23
159
129
142
73
150
3
200
109
43
28
88
149
102
36
139
169
102
137
148
169
82
164
82
112
161
16
92
114
23
37
200
55
200
23
127
137
182
182
111
191
58
199
202
49
103
1
146
204
195
121
153
98
76
93
56
148
197
28
188
100
177
135
159
154
174
199
105
196
34
68
174
79
182
135
31
111
135
180
54
189
197
191
114
35
181
68
102
154
156
0
105
181
134
121
150
153
99
119
87
18
158
112
70
41
40
126
46
119
18
40
205
6
135
181
140
111
132
200
48
134
109
84
94
64
170
165
88
129
164
198
119
19
99
145
8
147
164
178
118
155
140
50
17
160
127
204
134
169
150
13
80
140
103
166
74
177
13
157
59
154
68
106
202
12
157
109
45
191
19
170
143
94
85
32
81
89
3
49
68
153
46
105
195
102
123
156
144
143
104
104
17
32
18
191
26
126
62
94
84
180
93
99
107
178
173
36
105
56
134
106
140
138
44
131
153
75
118
157
146
194
173
119
76
124
88
98
97
82
117
195
196
98
95
58
23
52
102
199
71
85
96
105
102
84
33
27
47
127
92
62
53
134
177
93
43
84
89
152
104
189
129
132
19
129
27
26
153
4
200
48
119
150
109
162
102
125
178
136
204
38
198
26
154
48
202
105
113
205
151
115
193
167
29
195
71
4
90
177
128
44
119
8
88
166
151
91
109
134
146
121
167
166
105
118
141
29
166
27
118
119
97
130
135
25
205
63
126
145
138
166
123
117
36
81
30
195
195
164
83
142
63
75
58
25
55
162
189
92
170
83
115
177
132
124
57
88
198
184
8
100
24
100
122
190
187
192
0
16
100
109
135
71
49
36
145
142
134
24
100
66
97
29
137
124
195
16
194
164
137
81
114
195
179
202
124
101
87
107
107
30
116
16
151
119
124
36
75
112
43
109
16
104
183
118
85
55
1
98
128
104
159
99
188
151
58
57
100
180
25
16
202
17
169
38
123
59
140
52
112
105
118
1
180
68
8
204
188
74
188
188
20
133
90
13
50
126
168
170
23
154
19
197
43
24
74
133
197
170
185
75
141
180
171
204
13
49
102
31
171
57
117
117
139
137
80
14
15
71
147
195
31
117
181
18
118
1
47
121
198
185
140
14
205
199
201
146
158
36
147
14
23
72
65
154
100
90
7
160
43
140
8
169
171
200
36
42
68
74
42
70
99
151
107
89
59
62
100
8
177
43
193
188
146
56
53
33
196
144
192
71
138
8
118
8
126
28
67
13
164
56
49
12
42
170
113
165
132
151
81
172
92
126
103
10
42
23
17
150
174
201
24
50
166
72
4
170
119
167
53
130
85
119
133
138
194
90
146
59
80
91
144
118
89
175
196
28
138
172
126
100
122
182
178
197
69
112
72
180
143
204
139
25
12
89
174
22
196
158
142
169
202
43
166
147
11
92
161
5
16
106
99
119
121
60
198
181
64
121
24
16
187
177
165
80
124
177
122
29
17
1
25
17
99
48
124
138
87
122
51
118
81
84
164
23
89
95
117
202
109
14
44
97
150
120
98
101
87
174
13
172
31
88
65
150
28
73
127
22
71
169
95
182
55
48
68
16
105
140
24
131
39
84
102
103
0
196
88
25
80
69
200
90
134
180
113
43
168
105
54
13
102
104
3
34
107
58
186
44
135
92
145
76
153
61
53
64
154
38
132
68
162
130
24
134
44
19
139
90
135
40
192
44
161
161
180
196
147
29
179
8
27
164
115
17
107
36
156
113
182
82
66
187
180
158
195
117
56
43
49
154
36
16
45
202
188
73
123
77
38
113
58
161
41
43
35
56
119
71
185
126
199
80
175
95
118
51
81
142
156
150
62
89
130
75
91
6
119
145
121
162
201
157
38
80
121
80
175
68
108
167
94
29
203
122
8
158
164
114
190
119
60
173
140
161
119
185
19
76
68
134
137
42
146
59
55
113
118
150
166
69
100
127
118
7
12
27
161
169
129
12
109
164
205
146
147
57
10
140
52
43
140
163
114
95
100
148
57
163
89
146
114
185
75
48
195
55
14
162
132
121
109
105
180
143
182
88
44
27
144
87
181
105
43
107
138
80
3
134
121
154
51
97
53
205
31
134
44
185
170
99
154
127
111
150
15
82
146
53
68
84
88
173
61
148
202
161
68
101
202
41
109
84
59
175
148
119
82
99
89
89
205
52
126
184
108
62
134
114
198
100
118
154
156
18
105
166
191
204
12
140
42
202
28
47
144
128
140
205
27
63
145
106
17
161
150
102
161
119
112
27
59
46
120
171
58
166
163
101
19
116
46
178
90
55
157
5
166
151
3
124
115
69
59
144
43
97
71
118
117
69
134
109
58
20
24
121
13
121
192
31
45
71
132
195
71
166
96
124
148
82
46
192
38
84
183
40
52
182
150
120
182
179
139
77
191
90
38
161
145
67
190
112
157
85
31
107
153
121
63
40
68
173
22
166
189
64
102
130
69
13
37
159
204
100
144
72
135
131
67
64
9
128
8
5
87
3
16
84
84
98
26
87
99
24
171
153
121
77
43
118
84
199
139
61
74
155
175
203
13
99
11
146
205
164
57
58
113
87
70
161
20
174
17
13
157
84
71
205
96
109
102
143
39
189
158
80
13
89
170
147
62
84
117
84
109
171
169
16
49
166
158
159
149
169
65
14
187
28
67
81
59
111
192
57
29
174
65
58
179
192
119
112
95
109
39
186
111
89
183
7
166
12
161
113
80
118
126
115
171
188
168
54
105
166
183
75
179
90
104
90
5
97
48
163
161
105
0
205
132
110
191
99
139
17
99
119
89
149
9
191
89
90
124
3
88
126
178
78
188
107
59
128
147
81
147
58
183
139
15
188
177
31
150
140
79
66
169
0
114
204
55
88
176
195
32
107
48
61
9
118
151
38
107
115
129
146
70
183
185
180
175
109
50
104
90
205
119
191
197
71
62
188
100
121
59
19
73
35
176
92
142
121
98
168
17
192
194
61
92
38
12
137
26
144
97
51
174
100
48
166
116
13
147
31
93
34
166
144
99
202
195
82
127
48
47
90
159
31
21
16
42
116
139
172
158
55
7
29
29
148
85
120
162
140
99
51
190
42
99
150
198
200
34
118
117
6
158
147
115
127
195
56
141
40
129
113
121
199
131
79
145
185
23
199
176
87
185
103
181
129
117
170
146
198
71
135
105
59
186
194
5
105
35
57
71
173
113
136
81
127
153
63
184
37
70
71
173
90
205
90
71
59
117
85
19
170
63
88
75
180
8
156
48
21
10
171
85
33
94
140
22
124
177
142
178
16
0
30
92
101
109
88
25
145
19
130
139
17
161
56
56
135
4
121
169
131
59
179
125
105
157
153
135
9
9
120
192
155
130
125
71
180
67
174
76
110
109
130
117
12
161
58
191
181
195
164
117
3
91
158
167
16
170
151
134
117
157
24
50
164
13
77
195
158
36
24
135
192
90
113
180
97
8
113
125
13
156
121
170
104
91
174
197
71
89
124
27
40
168
149
130
33
46
126
89
205
65
128
35
69
150
161
153
108
195
48
151
17
90
107
205
191
149
29
19
202
94
80
35
116
180
147
150
109
164
144
147
5
44
183
135
76
156
13
90
4
82
13
125
133
178
82
184
12
161
57
171
108
178
147
182
22
124
80
111
124
9
33
56
10
51
53
76
55
109
185
24
11
50
173
40
54
46
131
137
20
89
8
140
195
36
69
99
139
51
71
127
68
27
126
68
142
29
90
140
178
105
198
110
114
157
74
97
103
29
110
48
51
105
55
183
75
170
88
185
194
31
92
14
55
177
153
109
96
80
65
194
85
123
165
41
140
60
139
56
49
113
28
58
199
175
145
29
92
127
41
166
117
90
6
72
171
176
158
25
195
111
28
154
27
92
118
58
173
164
104
196
25
58
161
117
68
89
148
116
148
59
111
8
9
103
180
2
195
39
70
173
178
35
45
20
147
16
101
149
164
119
171
58
31
153
76
105
140
163
205
157
117
135
170
115
25
166
143
195
28
145
84
110
165
74
107
14
21
154
184
118
186
28
107
4
48
178
74
99
149
69
137
196
185
158
32
203
5
185
48
183
71
23
150
65
147
42
174
99
129
168
170
33
77
87
159
166
205
22
77
24
102
198
58
158
51
20
64
24
44
102
173
89
8
65
179
118
144
19
58
52
69
29
65
160
146
40
129
43
195
24
84
169
100
161
21
8
197
43
116
196
93
204
158
53
167
65
179
193
46
146
96
74
99
31
177
169
141
119
48
149
37
134
190
46
64
140
22
193
196
190
89
118
77
134
48
139
124
100
70
77
180
10
185
80
138
59
13
22
179
178
133
1
36
129
81
42
161
80
117
8
204
100
141
123
151
29
121
2
143
27
0
19
151
205
80
65
13
85
13
200
46
165
183
189
200
49
11
116
151
121
192
145
150
78
112
80
117
105
44
131
147
8
3
27
157
178
29
150
14
205
33
88
205
129
23
82
125
45
179
59
166
47
61
164
143
106
123
155
173
140
87
41
182
196
26
108
134
36
145
132
136
73
87
140
192
182
75
28
40
127
195
191
100
147
23
22
183
163
117
30
183
57
145
194
13
60
113
121
50
98
200
22
160
162
32
84
109
65
145
205
94
91
73
15
64
42
34
158
200
102
119
65
88
7
19
135
134
135
115
40
75
22
89
143
69
48
68
105
87
131
187
107
176
87
176
53
4
122
36
77
161
150
191
27
80
151
123
90
139
124
195
150
118
3
146
88
78
13
181
40
190
0
134
153
195
67
132
69
165
180
172
77
97
128
121
140
107
107
188
30
90
197
170
48
29
107
164
7
113
182
101
118
14
88
113
137
135
31
12
148
164
183
161
102
105
194
127
68
39
59
140
76
180
115
138
170
169
48
161
61
94
46
166
31
145
175
204
18
81
81
84
116
146
4
109
110
195
127
123
82
58
55
16
166
53
7
132
85
135
181
157
143
3
118
183
62
107
68
8
149
79
113
22
8
179
186
102
169
195
118
45
143
186
104
65
47
1
75
118
26
154
3
137
156
165
22
43
121
48
161
87
130
114
105
84
121
99
138
65
105
150
142
21
178
161
175
121
200
164
146
161
27
89
29
146
81
27
144
98
153
164
138
29
10
170
7
55
148
48
11
121
169
133
165
170
123
102
135
173
67
35
85
139
81
112
137
87
3
37
90
117
19
16
90
117
146
118
3
178
121
46
68
109
81
103
128
117
55
94
87
19
151
80
58
177
186
157
111
197
81
31
153
8
137
69
14
112
43
43
73
146
1
0
36
117
81
143
13
76
46
182
92
200
119
128
158
197
0
177
147
164
195
112
138
191
73
119
124
56
13
197
201
148
102
0
51
123
57
102
105
196
183
127
183
178
183
195
67
40
8
191
45
19
125
76
35
12
34
111
171
36
127
68
174
119
33
80
111
44
101
33
19
158
137
29
148
167
118
191
113
99
154
198
105
39
111
161
85
84
158
114
190
51
192
140
165
147
33
72
161
130
47
196
146
80
31
192
180
154
17
205
113
62
71
44
64
18
156
16
67
205
6
131
56
68
121
170
66
56
13
130
105
84
80
17
8
119
68
134
4
146
100
191
128
132
142
43
99
186
181
109
151
141
40
21
76
78
111
166
72
146
76
3
44
163
153
58
168
188
200
27
10
35
146
126
24
3
163
147
143
75
111
173
165
158
37
121
189
58
21
133
88
178
195
116
0
68
92
42
31
174
154
75
150
199
180
88
87
147
41
110
19
112
170
118
91
81
154
99
173
92
51
90
114
118
54
138
17
121
195
4
195
176
169
12
136
136
104
90
6
28
35
16
124
135
164
152
44
145
36
10
162
87
19
145
48
65
119
111
72
8
136
92
71
146
154
16
99
129
182
116
68
166
120
43
145
205
58
73
140
69
111
93
136
78
87
142
16
44
79
198
138
178
103
104
134
112
194
103
117
89
184
31
40
165
56
173
107
178
36
176
10
161
201
168
82
112
24
147
3
140
19
82
196
154
99
126
169
32
160
89
113
154
14
163
151
150
61
147
180
82
191
123
142
110
187
109
203
134
107
107
76
92
177
22
200
105
170
102
104
25
122
172
163
98
180
8
78
197
193
3
82
58
100
78
42
122
190
61
176
103
87
148
74
45
145
135
54
205
158
144
100
147
125
84
135
179
5
29
161
122
146
58
84
105
117
204
177
107
9
111
152
88
52
56
177
153
20
117
154
68
28
65
134
89
136
107
29
65
194
189
58
36
158
191
198
102
35
65
127
57
124
70
196
29
69
98
183
6
16
202
134
188
189
144
15
9
165
42
157
126
103
105
11
50
116
84
177
26
121
190
82
13
186
25
127
48
31
146
79
86
156
165
3
7
62
101
164
54
31
175
29
79
4
155
103
89
88
43
89
134
52
82
150
194
109
56
54
180
200
80
105
16
7
97
107
113
4
100
133
56
178
161
8
125
97
134
112
102
10
155
119
14
69
149
115
61
91
133
170
36
40
161
43
12
20
102
197
55
89
37
117
84
185
68
64
84
191
122
68
59
113
78
81
69
60
119
100
90
76
199
90
157
65
89
154
167
8
163
58
84
46
98
99
107
11
158
27
139
21
26
65
99
54
185
179
103
66
198
55
161
153
147
12
83
68
78
43
140
138
55
131
205
104
42
48
51
75
147
52
107
177
148
134
191
117
178
70
125
103
40
146
29
149
68
102
63
101
141
18
123
54
195
21
113
43
9
170
81
65
148
143
201
24
180
43
22
86
182
62
150
148
72
48
153
109
92
168
129
92
99
54
193
44
178
163
76
189
42
197
175
205
88
195
182
150
59
114
127
181
193
66
122
166
151
54
3
22
179
57
57
117
128
105
136
97
144
138
170
100
80
54
61
98
49
201
85
123
56
166
154
166
109
84
111
46
102
169
108
110
11
88
56
62
193
183
181
118
159
177
29
82
138
8
101
181
170
171
204
97
58
148
147
192
49
128
2
88
199
75
171
68
125
175
8
81
33
128
189
26
61
161
126
15
90
13
86
202
195
105
37
31
202
130
134
139
123
68
16
40
17
109
111
10
123
71
183
111
123
164
145
60
1
152
182
119
154
77
102
109
145
141
112
29
80
138
151
14
59
107
116
144
107
58
135
75
118
202
157
186
169
96
110
157
147
195
35
107
3
111
179
8
53
113
10
178
24
65
97
76
88
140
139
84
105
119
24
165
52
51
134
156
13
55
117
25
163
102
205
28
197
172
205
117
120
84
58
58
135
180
76
150
158
83
40
107
138
2
28
157
133
33
48
118
132
66
139
46
164
98
68
16
141
195
194
101
73
78
59
190
147
120
15
161
195
68
36
131
164
67
200
183
36
60
142
157
16
185
68
82
56
44
185
41
90
140
68
111
193
32
139
56
94
178
180
72
119
123
158
0
76
56
111
14
81
117
28
89
99
134
59
40
142
170
26
204
180
45
154
146
158
11
102
122
68
53
69
113
140
85
129
145
109
119
164
131
118
16
162
138
204
58
171
146
152
6
143
12
99
71
200
125
85
31
16
139
123
34
110
192
183
15
59
109
84
169
164
24
166
153
161
93
75
143
205
99
150
43
148
56
148
151
89
19
10
16
125
132
84
196
106
105
139
13
197
73
93
204
190
174
44
83
147
194
121
183
118
55
39
89
89
135
185
50
18
88
188
119
119
93
56
84
170
154
77
183
191
140
112
21
161
197
8
77
130
58
81
27
158
183
150
158
156
140
178
61
64
157
74
34
83
61
19
76
42
10
121
145
95
183
29
14
98
92
140
83
59
24
194
17
8
44
153
90
43
148
183
51
111
13
41
157
150
135
100
147
76
41
196
48
91
18
171
16
80
192
15
117
10
61
39
137
163
199
202
107
164
197
3
171
118
8
184
82
64
77
16
127
81
153
89
132
36
201
153
95
77
135
147
123
90
119
81
31
158
118
132
110
166
124
171
128
118
117
89
127
116
124
145
165
35
205
154
122
112
56
99
102
72
25
71
8
188
6
153
56
202
40
95
123
71
164
80
95
185
58
198
11
11
146
175
44
166
34
99
6
79
36
188
133
178
48
158
180
71
108
121
16
89
19
40
81
180
82
161
168
59
170
46
74
188
79
119
42
35
158
194
108
131
64
58
103
151
205
105
76
115
44
128
200
81
70
102
101
121
134
161
122
173
26
196
100
84
149
40
135
0
83
124
2
100
8
28
73
189
1
145
195
5
29
201
42
25
200
117
0
153
205
30
75
130
197
157
16
113
135
33
113
117
22
40
117
53
42
20
36
29
204
22
183
114
188
140
85
99
24
74
59
197
8
20
16
144
204
48
122
7
8
135
7
68
92
79
149
130
89
33
1
121
93
144
81
121
24
99
81
186
118
187
80
17
162
61
65
58
143
16
180
105
19
118
158
105
136
14
100
192
12
69
202
91
2
135
133
188
184
8
145
174
106
144
13
185
112
42
139
93
170
183
164
36
164
20
56
4
140
16
134
70
197
76
121
153
197
194
69
205
53
68
25
3
202
105
3
81
161
139
16
108
204
164
140
125
196
40
204
125
162
57
110
205
135
170
140
166
191
62
65
20
185
71
58
3
108
165
151
147
155
192
128
118
97
36
119
5
95
173
135
134
82
67
31
30
29
124
38
178
160
21
82
152
202
180
106
43
189
150
10
100
121
14
43
127
156
42
29
175
158
27
94
31
171
21
21
40
173
195
89
158
191
97
158
147
142
190
100
20
126
68
197
10
40
146
147
164
131
171
44
194
164
200
31
180
169
44
105
182
85
89
69
193
196
146
203
193
42
97
142
109
157
126
105
53
46
145
89
8
175
183
15
6
2
202
129
204
155
204
154
47
204
122
164
169
203
164
13
149
115
17
44
131
134
105
111
17
157
3
194
91
164
203
124
185
144
190
195
166
23
8
75
14
51
164
135
172
23
157
58
85
80
141
58
112
84
147
12
52
140
88
19
89
148
128
58
34
156
68
198
128
151
76
105
93
71
83
102
123
119
194
117
197
100
8
172
54
98
46
135
16
119
122
157
157
161
29
81
189
59
89
121
124
45
81
162
166
192
21
123
146
195
176
89
71
13
202
17
69
192
72
85
37
195
170
204
117
65
160
14
150
158
130
146
98
153
56
100
145
48
172
55
145
145
48
195
18
44
5
54
161
52
90
131
97
89
150
68
166
105
85
138
150
198
202
69
187
8
14
130
64
135
157
203
17
54
99
143
70
51
150
86
200
155
122
205
107
16
1
14
56
180
44
135
100
146
190
91
125
77
61
201
154
121
195
204
46
200
70
81
51
146
163
130
191
67
56
112
15
74
146
205
62
167
160
80
89
74
146
80
69
140
140
12
193
158
140
135
151
72
143
201
33
142
121
158
128
123
169
172
169
133
180
151
9
98
85
96
167
36
103
68
140
162
87
178
109
142
13
169
145
16
1
65
119
59
154
121
176
16
154
133
40
29
100
205
72
75
158
157
83
16
150
111
172
127
192
56
154
47
117
154
121
16
189
71
100
137
113
71
3
59
109
121
28
59
125
30
83
106
80
13
58
121
58
27
16
135
116
90
65
80
155
102
9
59
89
153
95
82
107
109
102
136
61
85
84
154
117
178
123
64
44
142
191
150
178
11
176
23
118
8
25
49
140
197
155
100
40
88
111
113
58
41
88
77
22
69
71
203
147
153
151
140
29
133
75
53
200
131
24
146
31
106
59
109
174
150
197
154
96
175
182
76
178
83
16
100
16
205
156
122
154
31
127
48
171
139
3
75
204
81
69
124
108
19
82
30
58
22
167
160
14
109
29
122
29
99
87
51
13
28
46
117
89
188
88
130
7
157
199
25
79
81
31
118
113
158
134
29
172
134
126
109
92
179
92
205
205
161
17
203
170
99
138
180
175
54
135
15
68
9
131
37
45
111
118
63
10
68
53
58
172
173
183
55
192
7
9
14
119
147
80
135
99
107
91
91
145
61
33
47
164
67
4
157
5
55
169
33
195
48
114
56
58
1
10
56
162
153
19
48
160
197
154
33
152
175
51
106
119
87
117
170
5
130
49
22
124
155
156
179
90
147
118
67
6
49
13
127
151
175
99
87
109
127
197
191
61
27
199
164
90
160
120
22
109
102
96
145
64
35
118
153
153
81
188
169
106
19
200
201
33
179
195
171
153
118
135
85
198
128
130
124
130
44
148
113
168
144
18
103
71
124
112
182
43
138
25
163
145
168
198
82
65
162
111
159
38
149
90
9
162
140
172
112
110
57
153
137
138
140
55
124
132
17
56
99
31
174
112
3
100
82
89
46
78
174
43
153
88
183
196
102
153
157
139
155
185
107
153
143
59
98
142
161
143
14
186
148
47
88
55
76
205
139
84
118
27
86
31
175
2
191
205
43
45
148
109
103
191
147
46
81
71
76
161
198
48
145
15
158
186
78
44
186
21
158
50
140
81
68
158
194
58
97
71
84
197
58
137
119
122
20
1
31
203
100
16
8
195
48
22
132
121
178
134
98
71
122
157
146
39
56
171
134
138
49
126
76
75
146
137
125
182
53
88
17
150
176
124
38
145
17
191
126
134
9
42
188
109
84
127
204
14
58
137
161
145
140
121
75
122
16
0
146
106
114
10
100
50
165
4
117
199
103
113
25
130
106
66
131
171
113
51
58
107
17
5
188
155
53
19
87
114
59
149
164
74
91
96
151
43
77
138
199
42
149
130
135
3
99
23
103
164
108
8
146
193
198
139
190
116
89
76
107
149
3
99
19
68
56
168
43
65
42
145
119
134
128
85
31
166
142
79
161
15
127
165
99
22
56
161
109
140
51
198
57
137
121
58
126
48
27
127
71
102
147
106
185
128
90
51
119
146
57
176
142
189
135
49
126
124
204
78
32
145
189
88
182
55
153
69
179
89
39
115
14
175
48
72
12
191
176
80
152
185
59
23
29
172
160
138
129
58
152
114
192
119
48
121
53
20
101
3
121
82
105
163
167
121
180
69
170
10
140
141
84
113
12
62
182
204
147
86
172
196
8
197
195
60
119
170
112
117
49
98
147
158
36
101
117
1
13
75
30
158
143
105
170
35
178
14
121
105
90
97
10
84
190
200
76
135
205
158
107
36
131
170
148
50
145
170
80
187
102
47
25
130
10
112
128
122
149
65
152
129
49
107
43
111
29
4
201
121
180
146
182
155
143
134
154
144
89
58
132
164
103
81
170
161
176
54
186
194
6
33
9
132
31
75
123
139
140
112
164
1
94
12
151
169
21
189
179
147
178
47
21
129
65
145
99
187
40
92
97
198
117
137
30
98
22
76
102
71
144
74
68
22
31
116
141
44
19
188
135
122
90
201
14
119
162
69
185
133
107
150
138
200
59
183
128
195
76
188
65
79
154
185
99
54
158
21
114
65
180
178
78
126
152
204
141
164
118
81
86
12
46
90
18
67
74
45
51
100
61
56
147
49
62
151
41
96
202
80
169
56
156
28
190
71
44
184
146
109
89
159
87
13
140
50
14
6
97
26
68
161
81
85
118
161
44
46
121
171
154
47
8
161
128
87
8
125
131
196
126
58
184
143
61
19
53
44
145
148
124
87
118
135
201
157
135
30
107
190
105
158
87
164
36
59
42
19
60
13
103
126
25
42
117
117
109
118
28
17
81
109
23
192
154
102
171
13
71
173
153
130
158
167
135
200
29
56
87
128
190
61
197
171
44
79
16
135
136
153
65
190
56
24
13
143
181
144
94
105
68
71
107
70
178
64
105
118
136
146
36
121
81
18
14
49
89
82
97
169
127
179
166
118
157
47
109
154
197
123
113
186
89
12
28
21
167
198
108
171
58
201
74
155
103
195
41
135
144
134
80
98
172
125
16
63
38
70
19
187
202
151
78
47
0
74
153
200
119
45
36
195
158
60
43
7
198
135
71
100
158
112
76
68
30
119
140
116
102
179
124
180
164
170
161
177
35
182
107
103
161
99
198
195
158
113
82
138
138
117
182
87
103
25
169
77
6
131
148
71
123
42
121
131
151
116
146
99
122
140
140
129
59
152
202
113
154
152
164
4
20
77
32
167
113
183
140
3
86
74
48
161
151
147
105
57
54
56
94
36
13
37
183
73
87
177
191
204
141
202
19
90
156
71
41
128
157
188
60
179
106
130
51
154
178
182
40
77
140
63
121
185
36
119
100
38
134
5
204
149
48
145
171
140
105
157
49
191
87
69
82
13
85
140
16
130
147
17
90
43
99
114
59
115
146
3
180
153
96
107
122
31
74
70
204
107
89
6
79
195
29
100
121
204
151
144
75
182
6
204
101
58
71
178
147
105
147
142
63
6
10
105
84
191
99
64
109
13
13
47
0
137
86
69
17
90
113
105
111
143
59
195
82
91
114
67
109
42
107
199
129
83
195
97
80
151
105
41
19
191
178
59
99
69
90
38
131
88
107
25
198
53
100
23
95
70
96
180
102
54
129
140
107
76
127
25
46
149
3
68
151
32
171
82
8
147
25
6
20
8
162
49
116
187
25
170
8
127
195
56
134
188
151
126
25
19
163
87
108
202
27
125
42
196
191
80
203
48
29
88
118
192
181
157
53
27
13
169
29
176
0
106
202
176
128
55
122
143
105
204
57
183
40
101
153
150
46
151
165
98
56
185
19
100
179
174
193
174
99
143
192
80
22
9
23
62
200
177
117
100
179
80
202
188
13
53
150
164
170
151
151
53
199
44
164
171
143
59
80
10
188
182
149
16
109
62
118
84
58
44
42
105
137
43
89
110
109
62
121
119
180
12
97
144
171
142
77
135
102
196
180
190
191
128
25
145
156
36
38
16
173
97
14
134
35
164
40
121
103
99
142
58
134
114
38
29
3
43
73
127
103
107
171
7
165
2
187
169
31
31
121
37
4
155
79
29
141
142
84
198
12
124
21
66
181
59
127
154
69
188
152
122
87
138
93
124
58
79
171
97
197
116
105
106
169
183
195
98
81
190
84
128
47
202
48
24
151
117
79
183
58
204
143
76
100
151
84
99
89
84
121
158
64
163
2
147
53
123
161
65
77
121
191
178
153
177
122
81
193
24
105
205
176
180
135
68
33
154
98
81
118
145
8
37
96
103
171
182
102
121
68
168
111
87
119
54
174
10
64
161
104
147
97
58
18
90
56
90
170
161
109
113
63
124
71
195
3
24
101
174
12
36
19
150
158
58
174
150
137
80
134
185
78
145
97
7
34
118
157
111
41
45
186
34
135
1
188
188
7
55
56
195
54
137
159
55
15
138
173
148
3
85
25
54
81
171
48
133
91
146
16
109
168
115
156
114
5
179
126
161
81
3
193
89
73
107
123
195
109
184
6
84
113
48
171
71
55
42
80
30
198
99
11
58
138
3
122
151
163
146
88
143
143
174
135
43
98
145
126
44
116
81
89
129
135
166
166
182
113
200
68
19
0
54
49
127
141
175
197
109
62
20
107
118
89
102
106
153
191
56
90
192
204
58
112
80
158
152
69
12
187
65
44
28
128
34
120
81
108
118
76
145
56
148
160
19
194
180
174
100
123
62
92
164
126
178
19
37
71
152
166
84
118
22
3
161
141
200
48
135
154
160
72
202
87
113
149
91
90
48
193
151
53
140
156
76
199
154
117
55
112
49
112
195
195
47
171
197
139
154
74
143
37
113
143
158
32
53
121
8
103
117
39
153
50
123
195
99
104
81
185
198
14
195
8
157
51
126
99
121
83
158
182
130
171
2
26
130
104
200
147
34
46
141
123
43
177
11
4
119
49
73
124
32
166
179
150
76
164
140
114
175
174
43
142
157
119
74
204
181
17
103
168
109
42
130
156
8
195
48
58
166
19
151
77
188
126
121
122
199
6
183
202
126
69
100
51
3
170
68
8
30
31
192
188
158
31
123
138
90
51
87
113
146
173
111
128
36
27
137
111
150
200
141
31
65
58
20
81
187
120
43
8
68
69
169
157
99
201
179
31
43
55
169
113
126
204
6
87
50
113
94
37
81
99
69
158
59
33
87
170
145
2
103
87
199
199
143
162
69
65
30
28
200
67
102
100
20
13
69
36
29
179
179
5
147
118
96
80
93
111
126
198
169
151
125
100
201
105
200
56
107
141
127
68
107
141
10
56
109
122
69
21
158
107
139
109
27
158
104
25
87
45
202
183
111
104
191
40
171
196
99
157
169
94
174
132
73
61
29
157
84
53
58
95
158
72
31
65
16
53
71
88
195
103
82
182
67
69
123
111
43
58
145
88
124
191
171
154
202
66
86
194
43
107
121
143
158
105
46
162
16
140
171
48
117
163
54
178
88
202
125
87
88
171
36
126
153
27
98
119
196
19
43
203
5
197
145
174
163
164
150
4
89
158
150
180
53
25
48
140
122
124
98
133
179
138
106
164
203
148
43
197
130
116
196
125
174
180
124
10
194
84
14
80
14
139
58
6
68
13
82
185
36
17
19
51
86
82
10
155
94
149
158
154
171
117
68
44
180
42
46
8
110
200
143
85
79
159
170
74
123
174
98
105
103
13
205
177
53
161
11
11
14
8
203
98
118
68
185
29
22
173
192
0
122
183
105
156
1
135
190
10
167
161
138
125
17
93
39
112
42
190
11
36
205
28
36
55
172
52
10
87
144
71
143
145
56
93
25
58
54
161
132
204
148
173
159
78
7
89
135
98
175
65
92
84
11
40
142
90
128
139
195
166
185
179
145
191
200
145
125
2
75
116
164
147
127
191
51
81
177
77
145
59
43
23
92
119
134
36
3
85
35
129
204
154
80
141
1
166
30
105
185
169
161
193
5
124
142
170
95
134
91
90
183
10
142
39
164
199
43
56
88
169
202
31
150
173
200
109
68
200
88
75
46
201
68
144
105
68
16
58
99
14
154
14
178
102
107
202
125
128
190
167
121
83
139
7
84
87
16
133
74
99
22
81
120
35
113
170
124
98
193
31
6
12
29
59
31
164
181
197
144
31
117
13
173
58
56
162
180
198
65
22
119
80
83
28
154
85
132
156
140
44
140
99
56
134
20
42
90
2
144
136
140
90
49
62
129
95
113
81
51
3
190
69
183
145
18
193
103
19
160
203
176
34
129
19
134
115
202
124
80
56
119
125
127
69
66
118
124
148
94
24
122
109
187
169
76
205
75
170
138
154
145
92
119
116
31
198
205
153
72
173
22
69
107
174
134
89
169
114
179
19
188
121
31
137
121
54
105
168
205
5
65
127
100
99
40
171
19
64
177
178
56
19
48
52
127
31
81
179
119
100
89
199
53
118
53
118
135
67
58
198
99
21
19
14
70
84
191
117
43
154
196
182
124
113
150
119
187
19
16
102
65
202
54
95
84
165
175
200
142
46
28
81
44
93
29
146
131
8
121
103
29
82
7
92
150
145
89
8
40
4
32
170
86
150
73
6
59
169
135
104
165
200
122
134
131
58
165
86
185
7
113
66
202
4
38
145
98
90
203
96
90
104
10
92
198
205
103
19
91
48
185
6
77
81
84
33
114
181
196
162
111
16
157
118
146
84
128
121
81
174
115
80
49
171
25
174
43
179
104
170
0
85
36
182
12
200
19
71
166
154
195
106
202
56
81
51
200
174
84
144
106
111
81
126
23
193
170
52
23
104
204
71
72
109
127
189
6
158
142
181
92
144
56
83
4
111
4
124
68
23
152
113
195
204
119
48
29
182
182
58
185
77
24
139
156
85
2
170
109
76
59
105
116
25
171
150
44
135
124
168
36
121
151
193
81
96
195
41
118
124
61
139
123
24
75
15
146
22
135
15
141
126
111
58
52
55
198
157
29
10
135
16
56
145
36
146
150
42
77
36
26
170
105
64
88
161
90
183
128
116
116
49
188
105
90
124
60
54
168
170
153
107
161
77
117
198
202
9
131
109
70
142
178
9
195
197
124
46
15
90
141
188
148
135
9
93
107
49
170
4
198
68
80
33
122
137
141
145
7
74
139
44
153
52
63
135
138
118
20
179
99
63
205
12
5
14
195
68
109
106
126
178
184
21
195
164
191
165
81
56
40
102
58
177
3
66
68
69
8
119
138
161
150
59
135
88
4
21
135
108
109
189
22
26
200
89
68
121
48
58
16
200
180
107
117
156
36
195
11
124
107
175
145
45
111
89
190
8
48
29
169
55
65
143
130
205
16
126
170
84
189
90
9
191
179
179
107
29
62
36
191
96
0
0
201
155
105
83
179
105
185
118
42
164
3
156
200
27
90
190
40
161
53
80
90
152
191
107
169
196
151
89
80
69
43
81
150
33
82
65
102
184
122
55
203
122
42
195
68
48
84
20
204
186
73
130
25
21
147
182
16
3
153
152
3
39
186
44
150
128
204
155
117
130
189
129
201
84
36
24
119
71
42
17
205
111
52
191
75
153
133
29
188
192
189
100
109
144
142
81
198
103
6
68
58
122
107
145
48
204
147
36
151
68
43
178
18
19
158
42
118
95
129
154
112
147
16
147
34
93
176
125
138
68
56
128
75
34
75
184
76
37
103
188
14
44
118
170
131
22
148
122
1
135
142
103
31
150
85
158
163
23
54
17
198
202
14
155
0
89
106
150
90
117
48
151
23
176
124
140
107
87
56
177
22
148
124
168
119
48
44
124
145
99
8
192
98
144
205
204
147
164
184
183
98
50
163
143
36
90
121
88
2
8
196
69
43
101
177
88
51
27
33
171
166
157
190
68
68
113
56
128
113
13
22
103
173
89
53
27
35
160
124
74
124
3
109
32
81
195
48
168
93
118
164
4
108
118
13
104
158
42
113
56
108
197
99
35
107
70
181
100
191
124
46
197
202
76
84
3
128
197
52
49
149
54
144
60
42
88
142
48
33
156
146
65
159
113
29
119
104
204
15
169
14
81
2
40
95
127
171
8
2
76
183
36
127
149
27
180
117
147
123
63
71
105
5
183
88
122
189
151
191
117
100
0
117
195
109
145
162
128
182
161
160
143
153
56
112
116
58
135
58
182
81
27
8
127
188
81
13
51
204
44
155
125
80
138
39
71
145
183
29
145
119
139
28
146
203
19
27
55
191
160
7
125
85
124
74
105
84
45
128
113
8
154
143
170
148
117
143
140
81
140
75
51
2
182
161
31
84
161
48
190
51
103
183
135
86
122
38
196
65
46
128
71
146
151
119
184
189
113
74
134
48
12
68
156
151
199
91
124
109
80
103
40
5
14
90
29
69
161
62
205
137
1
56
138
34
165
51
10
151
15
59
196
200
147
204
204
109
13
191
6
102
23
143
64
16
156
180
124
28
105
179
88
85
4
8
89
84
183
175
16
71
192
168
65
107
42
118
3
105
199
135
184
158
87
178
87
6
127
183
113
147
145
131
14
153
192
111
114
56
13
74
181
163
99
204
173
109
8
131
14
27
29
142
8
52
99
64
203
140
179
87
149
19
30
5
178
98
142
10
165
66
180
171
29
166
26
55
82
170
183
105
107
164
9
197
88
46
72
49
60
56
68
75
151
202
29
118
58
125
16
44
200
126
61
119
174
138
118
177
122
68
76
139
107
3
182
172
174
102
151
124
171
135
31
60
75
23
55
5
118
13
119
54
88
85
118
87
48
99
204
185
79
99
197
65
146
205
7
190
14
169
138
54
85
79
199
112
85
145
193
146
90
194
161
77
171
194
193
17
104
167
171
182
101
35
164
48
60
17
60
150
198
180
71
198
135
25
103
100
28
151
145
199
48
159
41
145
27
135
120
82
156
23
178
12
76
30
84
43
12
46
161
99
69
11
182
53
132
188
154
90
81
173
178
25
144
150
88
22
204
140
199
23
31
73
102
121
63
123
140
26
153
23
146
113
2
132
177
170
31
69
183
125
12
204
142
191
156
180
163
121
119
14
78
81
157
107
68
143
102
109
149
160
107
179
183
120
6
68
150
80
140
99
128
42
118
70
36
153
59
173
77
19
67
183
179
101
118
185
193
185
144
151
0
154
32
172
76
189
89
1
156
34
55
146
139
149
163
156
45
14
150
192
132
56
17
146
135
111
191
202
5
36
197
109
86
193
85
122
27
170
106
24
58
148
24
129
12
182
110
42
28
107
113
81
24
154
181
107
65
163
88
170
202
146
106
166
107
62
195
179
104
74
94
164
127
50
18
48
20
153
157
162
96
168
102
68
178
184
139
153
165
25
16
113
108
190
171
138
5
140
113
105
0
205
180
140
136
68
91
111
166
168
197
82
55
113
48
10
103
101
191
49
48
102
0
13
109
164
131
182
92
183
204
196
40
110
125
169
113
71
24
44
140
179
143
42
185
140
100
105
29
175
46
81
