00:00:00.08
18
18
19
8
3
3
17
16
15
13
17
7
2
7
15
12
7
18
6
3
9
7
6
18
16
19
1
16
3
11
5
0
7
19
18
2
4
8
12
5
12
2
5
18
8
16
9
2
15
8
10
7
14
11
4
4
10
4
14
12
1
6
1
12
7
12
1
7
20
19
16
6
12
14
18
15
0
4
11
10
8
12
17
6
12
18
12
14
8
19
3
1
15
11
11
14
20
3
7
16
16
14
14
14
18
18
6
10
0
12
14
16
19
12
10
4
14
3
3
7
5
7
14
1
15
1
15
7
1
12
17
19
7
16
1
14
13
16
7
1
16
6
3
9
18
12
1
16
8
5
19
8
16
12
16
11
20
9
2
12
9
14
14
18
18
2
20
10
9
4
14
2
13
7
10
12
0
2
16
14
9
13
1
1
2
6
7
20
5
18
18
10
18
1
6
7
19
12
3
14
20
1
12
5
12
16
12
9
12
3
3
6
8
12
7
16
12
7
7
18
13
18
16
9
1
13
13
7
7
11
6
14
12
5
5
4
7
14
17
1
14
12
14
6
3
20
11
19
9
1
16
7
5
8
7
9
0
1
2
3
4
8
5
3
19
3
14
14
1
4
4
6
14
6
8
5
3
7
8
3
6
16
5
16
17
19
5
13
3
7
17
9
2
7
14
13
14
14
4
16
5
1
18
9
16
16
5
8
14
20
12
14
3
11
12
14
16
6
1
12
3
1
15
7
3
19
2
11
4
10
2
6
7
12
12
17
19
12
7
19
11
11
6
3
14
3
3
1
7
16
5
14
0
14
12
5
12
1
19
10
16
20
3
5
7
14
3
20
20
17
12
2
3
1
17
16
7
17
17
1
3
1
4
12
14
1
1
3
16
18
4
7
16
8
15
5
16
14
7
14
16
16
4
19
20
8
15
7
17
1
5
1
10
20
4
20
11
14
14
10
19
5
7
3
5
19
14
4
7
4
11
7
9
16
15
9
8
2
14
13
18
16
0
9
2
7
17
12
19
14
16
3
6
3
14
12
1
12
12
14
4
4
14
20
19
19
2
17
1
7
6
15
7
11
16
6
7
13
18
5
16
19
6
1
14
12
19
10
5
5
6
3
5
7
1
5
7
6
9
7
6
11
12
4
12
4
13
14
2
0
16
7
2
4
9
7
15
14
12
9
9
3
1
15
1
4
12
6
11
16
7
7
13
19
3
10
20
8
7
12
19
12
9
16
14
9
20
11
0
8
15
12
6
15
19
12
12
14
7
12
18
7
20
2
14
17
18
5
14
5
9
2
3
1
19
4
1
1
6
6
3
12
16
12
6
7
20
12
14
15
14
14
10
12
12
9
18
12
2
11
16
1
8
14
12
4
3
3
1
7
12
1
3
8
7
1
5
5
7
3
16
16
3
3
10
14
14
3
4
9
9
13
7
9
19
12
2
20
17
16
0
15
9
9
16
18
20
5
6
12
7
7
12
7
1
10
14
7
16
6
3
4
12
16
14
12
1
4
11
15
5
4
20
14
17
1
18
1
0
14
12
1
7
18
17
16
4
5
9
13
6
6
14
2
1
3
4
3
5
20
16
13
14
17
12
12
11
14
12
0
8
0
7
12
4
8
2
13
14
1
7
1
3
7
1
8
6
8
1
16
16
11
16
7
2
14
10
1
16
16
7
7
20
2
3
15
3
14
13
3
12
6
3
3
7
17
7
19
6
17
12
8
12
18
16
14
16
14
6
4
1
11
2
16
14
7
4
12
7
14
12
10
18
15
1
3
1
0
8
19
12
7
4
7
19
12
16
15
7
5
12
4
1
17
13
9
20
15
6
4
11
12
17
5
2
12
5
15
0
15
5
8
17
7
7
16
2
16
16
11
5
19
14
20
20
16
2
9
3
11
12
8
14
16
6
20
16
18
18
3
14
10
13
5
12
16
7
1
9
3
20
6
5
0
0
14
12
3
14
0
17
14
8
18
12
6
4
15
16
16
0
14
7
4
17
18
20
7
19
19
4
12
7
18
16
15
16
14
12
18
20
4
5
5
1
17
13
14
14
7
16
6
20
13
8
6
1
12
9
7
7
12
16
18
16
14
8
0
20
6
14
4
1
3
16
6
5
2
14
16
1
5
1
14
13
13
5
16
12
16
12
12
17
19
7
20
14
0
1
5
12
12
14
14
18
12
13
1
12
14
13
7
14
19
5
20
7
14
12
8
10
12
14
3
7
19
18
10
18
5
19
6
3
1
7
14
20
3
7
19