00:00:07.02
560
560
634
253
660
660
638
215
48
748
638
618
743
618
48
762
618
560
691
660
291
618
691
560
215
634
916
215
660
706
350
787
618
634
560
743
333
253
762
350
762
743
350
560
253
215
291
743
48
253
50
618
930
706
333
333
50
333
930
762
916
691
916
762
618
762
916
618
996
634
215
691
762
930
560
48
787
333
706
50
253
762
638
691
762
560
762
930
253
634
660
916
48
706
706
930
996
660
618
215
215
930
930
930
560
560
691
50
787
762
930
215
634
762
50
333
930
660
660
618
350
618
930
916
48
916
48
618
916
762
638
634
618
215
916
930
748
215
618
916
215
691
660
291
560
762
916
215
253
350
634
253
215
762
215
706
996
291
743
762
291
930
930
560
560
743
996
50
291
333
930
743
748
618
50
762
787
743
215
930
291
748
916
916
743
691
618
996
350
560
560
50
560
916
691
618
634
762
660
930
996
916
762
350
762
215
762
291
762
660
660
691
253
762
618
215
762
618
618
560
748
560
215
291
916
748
748
618
618
706
691
930
762
350
350
333
618
930
638
916
930
762
930
691
660
996
706
634
291
916
215
618
350
253
618
291
787
916
743
660
333
253
350
660
634
660
930
930
916
333
333
691
930
691
253
350
660
618
253
660
691
215
350
215
638
634
350
748
660
618
638
291
743
618
930
748
930
930
333
215
350
916
560
291
215
215
350
253
930
996
762
930
660
706
762
930
215
691
916
762
660
916
48
618
660
634
743
706
333
50
743
691
618
762
762
638
634
762
618
634
706
706
691
660
930
660
660
916
618
215
350
930
787
930
762
350
762
916
634
50
215
996
660
350
618
930
660
996
996
638
762
743
660
916
638
215
618
638
638
916
660
916
333
762
930
916
916
660
215
560
333
618
215
253
48
350
215
930
618
930
215
215
333
634
996
253
48
618
638
916
350
916
50
996
333
996
706
930
930
50
634
350
618
660
350
634
930
333
618
333
706
618
291
215
48
291
253
743
930
748
560
215
787
291
743
618
638
762
634
930
215
660
691
660
930
762
916
762
762
930
333
333
930
996
634
634
743
638
916
618
691
48
618
706
215
691
618
748
560
350
215
634
691
916
930
762
634
50
350
350
691
660
350
618
916
350
618
691
291
618
691
706
762
333
762
333
748
930
743
787
215
618
743
333
291
618
48
930
762
291
291
660
916
48
916
333
762
691
706
215
618
618
748
634
660
50
996
253
618
762
634
762
291
215
930
291
996
706
787
253
48
762
691
48
634
762
762
930
618
762
560
618
996
743
930
638
560
350
930
350
291
743
660
916
634
333
916
916
691
691
660
762
215
762
691
618
996
762
930
48
930
930
50
762
762
291
560
762
743
706
215
916
253
930
762
333
660
660
916
618
762
916
660
253
618
916
350
350
618
660
215
215
660
660
50
930
930
660
333
291
291
748
618
291
634
762
743
996
638
215
787
48
291
291
215
560
996
350
691
762
618
618
762
618
916
50
930
618
215
691
660
333
762
215
930
762
916
333
706
48
350
333
996
930
638
916
560
916
787
930
762
916
618
560
638
215
333
350
291
748
691
691
930
743
916
660
333
660
350
996
215
748
930
638
762
762
706
930
762
787
253
787
618
762
333
253
743
748
930
916
618
916
660
618
916
253
691
253
916
215
215
706
215
618
743
930
50
916
215
215
618
618
996
743
660
48
660
930
748
660
762
691
660
660
618
638
618
634
691
638
762
253
762
560
215
930
215
930
691
333
916
706
743
215
930
618
333
762
618
930
762
50
560
48
916
660
916
787
253
634
762
618
333
618
634
762
215
48
618
350
762
333
916
638
748
291
996
48
691
333
706
762
638
350
743
762
350
48
787
48
350
253
638
618
618
215
743
215
215
706
350
634
930
996
996
215
743
291
660
706
762
253
930
215
691
996
215
560
560
660
930
50
748
350
762
215
618
916
291
660
996
691
350
787
787
930
762
660
930
787
638
930
253
560
762
691
333
48
215
215
787
930
618
333
638
560
996
618
634
634
333
762
618
560
215
48
215
930
762
560
996
333
350
350
916
638
748
930
930
618
215
691
996
748
253
691
916
762
291
618
618
762
215
560
215
930
253
787
996
691
930
333
916
660
215
691
350
743
930
215
916
350
916
930
748
748
350
215
762
215
762
762
638
634
618
996
930
787
916
350
762
762
930
930
560
762
748
916
762
930
748
618
930
634
350
996
618
930
762
253
50
762
930
660
618
634
560
50
560
350
634
691
660
916
618
930
996
660
618
634