00:00:04.43
13
13
8
21
4
4
11
2
16
5
11
19
17
19
16
7
19
13
12
4
3
19
12
13
2
8
6
2
4
15
18
9
19
8
13
17
10
21
7
18
7
17
18
13
21
2
3
17
16
21
0
19
1
15
10
10
0
10
1
7
6
12
6
7
19
7
6
19
14
8
2
12
7
1
13
16
9
10
15
0
21
7
11
12
7
13
7
1
21
8
4
6
16
15
15
1
14
4
19
2
2
1
1
1
13
13
12
0
9
7
1
2
8
7
0
10
1
4
4
19
18
19
1
6
16
6
16
19
6
7
11
8
19
2
6
1
5
2
19
6
2
12
4
3
13
7
6
2
21
18
8
21
2
7
2
15
14
3
17
7
3
1
1
13
13
17
14
0
3
10
1
17
5
19
0
7
9
17
2
1
3
5
6
6
17
12
19
14
18
13
13
0
13
6
12
19
8
7
4
1
14
6
7
18
7
2
7
3
7
4
4
12
21
7
19
2
7
19
19
13
5
13
2
3
6
5
5
19
19
15
12
1
7
18
18
10
19
1
11
6
1
7
1
12
4
14
15
8
3
6
2
19
18
21
19
3
9
6
17
4
10
21
18
4
8
4
1
1
6
10
10
12
1
12
21
18
4
19
21
4
12
2
18
2
11
8
18
5
4
19
11
3
17
19
1
5
1
1
10
2
18
6
13
3
2
2
18
21
1
14
7
1
4
15
7
1
2
12
6
7
4
6
16
19
4
8
17
15
10
0
17
12
19
7
7
11
8
7
19
8
15
15
12
4
1
4
4
6
19
2
18
1
9
1
7
18
7
6
8
0
2
14
4
18
19
1
4
14
14
11
7
17
4
6
11
2
19
11
11
6
4
6
10
7
1
6
6
4
2
13
10
19
2
21
16
18
2
1
19
1
2
2
10
8
14
21
16
19
11
6
18
6
0
14
10
14
15
1
1
0
8
18
19
4
18
8
1
10
19
10
15
19
3
2
16
3
21
17
1
5
13
2
9
3
17
19
11
7
8
1
2
4
12
4
1
7
6
7
7
1
10
10
1
14
8
8
17
11
6
19
12
16
19
15
2
12
19
5
13
18
2
8
12
6
1
7
8
0
18
18
12
4
18
19
6
18
19
12
3
19
12
15
7
10
7
10
5
1
17
9
2
19
17
10
3
19
16
1
7
3
3
4
6
16
6
10
7
12
15
2
19
19
5
8
4
0
14
21
19
7
8
7
3
2
1
3
14
15
9
21
16
7
12
16
8
7
7
1
19
7
13
19
14
17
1
11
13
18
1
18
3
17
4
6
8
10
6
6
12
12
4
7
2
7
12
19
14
7
1
16
1
1
0
7
7
3
13
7
17
15
2
6
21
1
7
10
4
4
6
19
7
6
4
21
19
6
18
18
19
4
2
2
4
4
0
1
1
4
10
3
3
5
19
3
8
7
17
14
11
2
9
16
3
3
2
13
14
18
12
7
19
19
7
19
6
0
1
19
2
12
4
10
7
2
1
7
6
10
15
16
18
10
14
1
11
6
13
6
9
1
7
6
19
13
11
2
10
18
3
5
12
12
1
17
6
4
10
4
18
14
2
5
1
11
7
7
15
1
7
9
21
9
19
7
10
21
17
5
1
6
19
6
4
19
6
21
12
21
6
2
2
15
2
19
17
1
0
6
2
2
19
19
14
17
4
16
4
1
5
4
7
12
4
4
19
11
19
8
12
11
7
21
7
13
2
1
2
1
12
10
6
15
17
2
1
19
10
7
19
1
7
0
13
16
6
4
6
9
21
8
7
19
10
19
8
7
2
16
19
18
7
10
6
11
5
3
14
16
12
10
15
7
11
18
17
7
18
16
9
16
18
21
11
19
19
2
17
2
2
15
18
8
1
14
14
2
17
3
4
15
7
21
1
2
12
14
2
13
13
4
1
0
5
18
7
2
19
6
3
4
14
12
18
9
9
1
7
4
1
9
11
1
21
13
7
12
10
16
2
2
9
1
19
10
11
13
14
19
8
8
10
7
19
13
2
16
2
1
7
13
14
10
18
18
6
11
5
1
1
19
2
12
14
5
21
12
6
7
3
19
19
7
2
13
2
1
21
9
14
12
1
10
6
4
2
12
18
17
1
2
6
18
6
1
5
5
18
2
7
2
7
7
11
8
19
14
1
9
6
18
7
7
1
1
13
7
5
6
7
1
5
19
1
8
18
14
19
1
7
21
0
7
1
4
19
8
13
0
13
18
8
12
4
6
19
1
14
4
19
8