00:00:07.04
23
23
789
788
263
263
684
137
124
852
684
994
444
994
124
921
994
23
18
263
248
994
18
23
137
789
958
137
263
771
858
548
994
789
23
444
57
788
921
858
921
444
858
23
788
137
248
444
124
788
191
994
384
771
57
57
191
57
384
921
958
18
958
921
994
921
958
994
367
789
137
18
921
384
23
124
548
57
771
191
788
921
684
18
921
23
921
384
788
789
263
958
124
771
771
384
367
263
994
137
137
384
384
384
23
23
18
191
548
921
384
137
789
921
191
57
384
263
263
994
858
994
384
958
124
958
124
994
958
921
684
789
994
137
958
384
852
137
994
958
137
18
263
248
23
921
958
137
788
858
789
788
137
921
137
771
367
248
444
921
248
384
384
23
23
444
367
191
248
57
384
444
852
994
191
921
548
444
137
384
248
852
958
958
444
18
994
367
858
23
23
191
23
958
18
994
789
921
263
384
367
958
921
858
921
137
921
248
921
263
263
18
788
921
994
137
921
994
994
23
852
23
137
248
958
852
852
994
994
771
18
384
921
858
858
57
994
384
684
958
384
921
384
18
263
367
771
789
248
958
137
994
858
788
994
248
548
958
444
263
57
788
858
263
789
263
384
384
958
57
57
18
384
18
788
858
263
994
788
263
18
137
858
137
684
789
858
852
263
994
684
248
444
994
384
852
384
384
57
137
858
958
23
248
137
137
858
788
384
367
921
384
263
771
921
384
137
18
958
921
263
958
124
994
263
789
444
771
57
191
444
18
994
921
921
684
789
921
994
789
771
771
18
263
384
263
263
958
994
137
858
384
548
384
921
858
921
958
789
191
137
367
263
858
994
384
263
367
367
684
921
444
263
958
684
137
994
684
684
958
263
958
57
921
384
958
958
263
137
23
57
994
137
788
124
858
137
384
994
384
137
137
57
789
367
788
124
994
684
958
858
958
191
367
57
367
771
384
384
191
789
858
994
263
858
789
384
57
994
57
771
994
248
137
124
248
788
444
384
852
23
137
548
248
444
994
684
921
789
384
137
263
18
263
384
921
958
921
921
384
57
57
384
367
789
789
444
684
958
994
18
124
994
771
137
18
994
852
23
858
137
789
18
958
384
921
789
191
858
858
18
263
858
994
958
858
994
18
248
994
18
771
921
57
921
57
852
384
444
548
137
994
444
57
248
994
124
384
921
248
248
263
958
124
958
57
921
18
771
137
994
994
852
789
263
191
367
788
994
921
789
921
248
137
384
248
367
771
548
788
124
921
18
124
789
921
921
384
994
921
23
994
367
444
384
684
23
858
384
858
248
444
263
958
789
57
958
958
18
18
263
921
137
921
18
994
367
921
384
124
384
384
191
921
921
248
23
921
444
771
137
958
788
384
921
57
263
263
958
994
921
958
263
788
994
958
858
858
994
263
137
137
263
263
191
384
384
263
57
248
248
852
994
248
789
921
444
367
684
137
548
124
248
248
137
23
367
858
18
921
994
994
921
994
958
191
384
994
137
18
263
57
921
137
384
921
958
57
771
124
858
57
367
384
684
958
23
958
548
384
921
958
994
23
684
137
57
858
248
852
18
18
384
444
958
263
57
263
858
367
137
852
384
684
921
921
771
384
921
548
788
548
994
921
57
788
444
852
384
958
994
958
263
994
958
788
18
788
958
137
137
771
137
994
444
384
191
958
137
137
994
994
367
444
263
124
263
384
852
263
921
18
263
263
994
684
994
789
18
684
921
788
921
23
137
384
137
384
18
57
958
771
444
137
384
994
57
921
994
384
921
191
23
124
958
263
958
548
788
789
921
994
57
994
789
921
137
124
994
858
921
57
958
684
852
248
367
124
18
57
771
921
684
858
444
921
858
124
548
124
858
788
684
994
994
137
444
137
137
771
858
789
384
367
367
137
444
248
263
771
921
788
384
137
18
367
137
23
23
263
384
191
852
858
921
137
994
958
248
263
367
18
858
548
548
384
921
263
384
548
684
384
788
23
921
18
57
124
137
137
548
384
994
57
684
23
367
994
789
789
57
921
994
23
137
124
137
384
921
23
367
57
858
858
958
684
852
384
384
994
137
18
367
852
788
18
958
921
248
994
994
921
137
23
137
384
788
548
367
18
384
57
958
263
137
18
858
444
384
137
958
858
958
384
852
852
858
137
921
137
921
921
684
789
994
367
384
548
958
858
921
921
384
384
23
921
852
958
921
384
852
994
384
789
858
367
994
384
921
788
191
921
384
263
994
789
23
191
23
858
789
18
263
958
994
384
367
263
994
789