00:00:06.87
879
104
311
104
614
879
104
614
181
732
311
757
757
757
732
371
614
569
60
879
569
572
104
311
225
371
311
58
732
757
371
371
903
748
225
569
879
44
333
39
732
572
748
60
311
333
104
757
757
44
371
757
614
114
569
879
44
569
614
104
614
225
104
104
344
60
225
569
311
104
732
811
371
60
888
614
903
311
225
60
104
333
371
311
225
104
732
344
523
569
757
371
436
104
311
569
757
888
225
225
60
104
311
181
104
757
60
732
60
757
104
903
614
569
114
371
371
879
311
757
225
362
225
60
572
371
879
39
104
55
757
614
104
614
181
903
879
879
732
757
104
104
393
44
779
569
879
104
614
311
732
569
656
569
371
60
779
879
879
311
569
311
311
757
614
879
87
757
732
779
371
569
732
104
371
614
181
87
879
181
569
181
879
371
371
879
779
371
344
614
225
614
614
311
879
60
757
104
732
569
614
888
371
569
879
104
757
181
614
614
393
569
879
311
87
569
104
104
225
879
879
333
757
879
732
225
104
60
569
569
569
569
225
569
225
562
371
60
523
757
562
757
371
60
732
523
371
523
60
60
181
87
879
879
614
181
181
225
371
569
311
362
614
879
757
225
614
60
879
911
879
569
748
614
311
716
371
879
879
60
614
614
716
436
104
757
371
569
181
370
60
311
371
879
879
614
225
879
879
344
569
371
104
757
60
614
311
371
569
225
562
311
572
879
757
181
757
132
181
225
569
181
225
614
757
311
614
60
732
779
225
879
569
333
569
311
104
60
60
311
732
569
879
333
370
888
371
523
888
562
879
732
879
104
757
311
104
104
614
562
614
523
362
104
757
757
55
225
58
879
370
569
371
371
618
879
757
523
311
757
879
614
569
757
311
181
225
888
757
104
311
393
311
393
569
757
732
614
311
569
706
371
879
104
362
569
732
757
311
371
333
58
60
104
614
879
879
104
371
181
344
757
60
371
104
371
60
757
60
732
614
614
879
290
569
569
614
181
569
60
181
60
614
290
181
732
225
879
311
311
181
614
614
225
757
181
732
371
334
311
569
104
879
311
87
104
60
104
879
757
181
757
757
757
104
60
44
60
757
614
569
371
757
811
371
370
614
181
60
371
181
311
879
225
371
888
569
911
757
614
181
879
104
614
757
181
879
181
614
757
569
87
879
104
60
757
879
614
569
290
569
225
371
311
311
879
879
572
614
87
225
371
104
344
58
614
311
60
371
311
523
614
569
60
311
225
757
371
757
104
311
903
779
757
371
757
393
569
879
311
716
181
371
104
60
333
311
181
225
757
311
732
60
569
614
614
523
225
104
225
225
181
879
181
569
60
44
333
181
562
225
371
311
311
569
334
225
311
311
371
225
104
757
181
757
614
181
716
757
371
569
757
58
60
614
732
614
311
614
879
311
748
225
732
618
104
614
44
371
569
311
569
60
569
181
370
371
58
311
757
757
757
569
886
371
333
393
614
370
879
311
879
104
879
911
311
879
44
779
879
757
311
225
569
311
311
311
60
371
60
225
225
569
569
311
104
879
562
225
104
569
757
225
311
311
104
311
104
879
181
60
614
181
732
569
225
225
371
60
811
371
60
879
614
614
371
732
614
311
371
569
656
225
104
225
879
716
333
371
181
371
311
569
371
371
181
757
104
104
748
55
60
181
562
114
879
569
60
879
181
656
311
879
225
569
60
562
523
181
311
104
87
60
181
572
60
614
757
311
614
879
311
333
104
104
732
181
60
311
614
114
104
181
362
757
614
757
225
757
757
60
757
58
104
371
757
371
225
757
562
311
614
371
569
311
225
879
371
311
181
569
311
757
311
732
371
181
393
572
569
104
879
757
311
132
569
779
618
371
371
879
60
371
779
614
757
87
569
748
181
225
879
311
225
60
104
614
371
879
569
569
181
371
569
879
879
311
716
879
706
569
614
60
879
104
569
181
181
181
569
225
879
371
225
757
732
614
614
311
225
879
60
311
104
757
371
757
225
104
879
60
225
60
757
879
618
886
614
60
757
757
371
879
569
569
569
614
181
879
757
757
44
371
903
371
757
225
732
362
779
104
569
879
60
614
569
562
436
569
334
569
572
888
779
779
757
911
225
371
60
656
371
886
39
104
569
879
225
569
181
569
879
716
181
311
569
879
879
311
60
614
757
757
879
614
757
104
311
879
614
181
879
371
879
104
60
371
60
60
290
334
60
779
879
311
311
757
87
311
879
371
362
60
614
104
393
60
104
569
393
371
569
706
311
879
60
879
371
614
879