1000 10036 0
184 423 493 557 680 734 774 77 320 396 419 659 806 
376 607 608 729 816 202 485 500 662 796 
61 72 119 294 617 716 732 759 813 920 946 957 8 41 188 201 202 301 389 445 496 633 713 976 
88 115 206 274 347 348 427 474 508 763 889 906 17 35 253 552 563 660 689 892 954 966 988 994 
71 160 163 557 943 101 416 594 775 803 
50 535 594 761 904 315 457 633 676 928 
20 64 129 293 341 373 404 426 454 463 501 566 720 722 733 739 747 829 862 864 917 936 959 1000 17 134 157 221 275 335 366 367 415 457 464 532 611 629 640 711 774 788 800 845 943 968 988 991 
53 169 528 857 950 3 71 118 181 251 787 
164 451 492 765 826 935 156 193 194 508 557 735 788 
66 238 279 368 489 673 704 75 104 300 613 615 748 993 
107 118 151 299 314 412 421 516 907 100 358 517 677 716 726 799 810 884 
194 280 296 638 946 26 160 418 521 596 847 
17 65 97 242 494 320 341 360 639 856 
117 247 353 527 624 122 521 650 689 696 720 
75 126 160 560 774 845 241 280 576 646 751 956 
70 353 470 487 571 661 871 66 135 143 418 434 625 760 778 
13 47 94 100 117 218 242 386 447 544 584 661 706 743 831 871 887 942 965 7 4 35 66 83 142 174 206 349 368 379 462 500 533 596 622 642 774 779 974 
54 469 553 688 767 800 35 362 481 522 607 620 
258 270 275 459 703 725 903 954 103 437 638 702 743 826 838 964 
7 293 463 566 720 143 234 245 448 535 712 
80 308 424 787 805 807 810 873 88 218 304 324 379 539 881 977 
79 144 242 247 388 437 502 576 661 819 921 96 103 214 299 319 433 607 616 646 767 778 855 
120 160 176 428 680 735 812 875 931 943 148 255 332 457 477 512 640 732 820 860 861 
90 183 220 448 556 849 895 153 394 463 562 624 638 708 713 
66 96 319 382 837 856 110 611 623 814 866 968 989 
121 174 191 196 335 358 359 371 462 665 697 705 751 865 874 918 12 74 145 235 332 440 455 573 695 734 806 810 817 913 915 974 
76 126 401 428 557 699 766 824 885 79 104 394 597 697 704 799 910 974 
35 148 422 605 997 113 161 195 336 855 
106 333 405 511 899 996 475 527 626 633 738 902 
142 323 346 649 781 820 197 279 306 386 460 522 
98 109 140 514 881 151 289 753 792 912 
127 174 358 415 467 677 708 842 128 197 220 230 234 602 763 879 
39 117 218 247 309 409 584 661 743 965 119 201 210 267 473 558 697 726 733 843 
207 667 899 996 998 140 334 613 666 972 
28 221 246 273 282 310 370 399 524 573 593 613 651 678 691 840 890 915 934 17 4 18 75 94 193 287 388 394 486 561 579 618 638 671 761 952 965 968 
66 101 118 516 709 157 225 247 273 472 686 
66 241 730 750 856 406 538 722 794 954 
86 286 539 680 845 287 306 351 370 856 
33 100 186 218 251 353 386 502 527 576 743 121 188 212 267 274 338 578 714 817 917 974 
42 161 182 219 258 270 289 491 577 707 713 786 903 992 96 157 221 230 296 428 448 585 644 792 826 857 859 980 
133 141 172 322 507 955 963 3 90 163 298 519 697 761 898 
40 135 152 258 289 456 509 546 647 785 821 992 119 157 221 236 450 451 485 514 683 797 822 927 977 
52 87 104 826 932 935 66 308 369 385 561 768 
85 278 322 366 587 633 772 801 949 955 973 128 232 331 424 705 795 849 912 925 935 
76 86 126 401 734 167 396 710 936 937 976 
89 142 277 471 643 717 781 898 220 230 258 398 465 684 782 877 
17 94 251 574 576 711 871 214 256 333 524 588 777 809 856 
128 143 171 173 189 315 529 562 567 591 650 748 777 844 61 78 160 285 295 324 326 355 418 451 683 733 857 998 
338 408 543 662 795 805 873 131 242 382 462 737 786 
6 82 301 419 479 531 611 640 642 729 904 940 968 53 140 154 219 380 612 672 698 805 850 895 961 1000 
53 73 88 145 190 234 261 347 348 405 427 474 508 521 536 753 763 791 808 987 991 996 62 137 162 197 202 208 260 339 413 430 434 478 562 564 607 628 652 716 743 761 801 898 
43 443 451 477 689 75 393 663 710 764 767 
8 51 88 145 206 207 213 274 348 380 773 922 950 996 998 50 100 148 247 373 381 396 580 693 859 865 874 943 963 
18 84 99 256 291 354 374 465 469 526 541 558 621 686 746 804 851 884 937 967 127 197 212 247 251 273 281 332 358 362 384 494 497 574 608 637 676 684 729 843 968 
313 330 485 683 695 303 311 363 443 480 521 
186 247 309 584 661 871 908 352 446 539 696 720 808 914 
63 290 724 728 796 861 873 964 319 421 467 471 486 573 575 852 
137 179 202 245 272 361 586 728 796 810 873 892 964 160 314 344 468 520 610 660 769 780 877 884 976 
75 86 120 126 769 845 87 99 267 353 758 863 
82 608 642 656 761 797 86 175 218 234 786 821 877 
3 72 119 194 200 250 280 316 344 441 442 658 660 732 737 755 788 925 946 957 975 48 160 282 353 362 371 437 438 445 538 586 599 608 651 652 731 832 982 983 984 996 
122 222 231 304 332 340 350 411 499 542 657 670 690 718 731 738 740 822 974 51 83 160 212 252 281 307 490 509 518 576 625 636 658 678 691 711 764 795 
57 202 269 290 439 522 564 586 597 964 983 88 90 117 262 348 647 657 982 991 1000 
7 341 426 463 720 722 733 829 864 117 181 201 410 446 489 594 735 804 
13 70 100 186 218 242 247 251 309 386 409 437 576 584 624 711 887 921 80 90 203 214 300 333 402 522 664 718 739 772 797 923 930 956 970 998 
10 25 36 37 96 101 150 151 167 187 238 279 283 368 484 497 561 588 702 709 880 907 912 17 43 16 93 105 119 221 236 257 259 269 291 303 338 356 439 464 470 584 611 811 885 927 972 
122 332 670 731 738 974 220 275 720 856 
150 319 673 750 859 344 387 469 506 661 
339 384 418 876 883 181 344 496 532 679 957 
65 16 79 100 144 218 251 437 447 574 584 595 661 743 830 854 870 871 908 965 75 83 85 122 197 212 283 296 515 568 611 699 704 712 724 752 790 806 974 975 
5 176 337 428 498 853 931 8 107 257 320 522 916 920 
61 3 119 296 433 483 617 660 716 732 946 80 109 173 207 216 346 524 793 805 869 902 940 
51 274 333 348 380 464 78 81 83 122 202 928 
316 336 460 480 732 946 26 84 196 202 409 524 974 
15 59 86 120 125 180 337 377 401 423 498 518 560 685 734 735 766 818 882 943 70 52 10 35 85 218 236 241 264 273 288 422 433 640 662 706 750 781 842 985 
45 27 176 699 875 147 726 789 804 923 970 
137 236 668 795 947 1 197 289 344 551 
85 139 254 322 432 953 73 48 101 147 352 442 685 
70 22 144 242 247 386 388 470 576 711 782 871 908 27 108 374 396 439 515 586 663 693 713 728 738 878 931 
21 137 202 236 290 394 475 488 555 641 662 724 728 762 805 828 836 947 964 65 72 140 260 316 340 465 603 610 670 681 702 706 734 798 849 895 908 970 
198 203 269 416 522 538 762 795 810 828 930 981 73 82 85 95 140 199 347 365 451 529 693 742 
50 60 153 215 479 611 761 792 816 81 106 252 573 633 808 880 889 912 942 
85 181 266 342 366 389 396 583 687 798 802 928 988 73 62 70 17 473 514 519 662 680 694 766 787 829 
54 229 291 354 374 402 526 553 636 686 767 817 850 74 118 160 200 240 253 296 316 476 595 901 908 964 
78 44 83 181 322 436 637 646 928 963 70 75 81 184 223 524 722 750 799 908 
45 38 75 59 163 295 428 493 539 557 592 680 699 735 769 774 818 845 938 60 140 143 146 234 287 367 381 582 595 661 674 720 749 754 852 905 947 990 
43 114 132 443 445 451 492 610 689 765 826 893 913 935 59 92 109 153 200 337 560 574 632 726 758 845 979 981 
4 53 51 185 192 234 348 474 511 521 773 950 991 63 21 92 244 252 324 416 526 576 654 708 894 
46 188 277 548 781 820 898 102 490 579 767 773 983 
24 214 220 252 343 362 503 545 701 721 764 783 849 868 895 945 65 63 41 105 129 163 327 332 451 484 534 671 683 813 843 903 
116 136 419 640 761 324 574 757 874 882 
98 413 496 514 710 902 970 88 87 136 267 274 523 744 992 
179 203 408 522 543 724 762 776 836 939 981 66 229 322 335 558 602 617 672 896 912 955 961 
17 47 260 527 626 661 871 35 136 151 227 289 329 434 992 
98 157 197 211 330 331 369 485 514 683 693 710 866 960 970 976 993 81 296 355 401 548 581 637 654 720 742 850 905 913 947 954 998 
25 66 101 319 382 450 516 552 673 750 757 878 40 22 100 105 128 153 200 338 463 473 617 646 848 
13 100 242 260 353 487 574 595 743 248 434 497 638 650 670 683 718 940 997 
92 31 95 109 138 140 264 330 369 387 485 710 881 902 909 914 976 121 125 131 164 173 254 305 439 442 462 660 716 718 739 767 835 917 967 
54 291 374 526 636 742 851 59 319 371 379 752 819 902 
70 65 97 39 17 242 247 251 487 527 544 571 576 595 711 830 831 871 942 53 96 11 136 194 363 379 404 446 464 608 609 631 662 915 974 977 992 
96 36 66 167 201 210 271 319 368 421 505 516 552 561 588 673 704 709 745 768 856 877 878 912 78 5 232 287 342 363 422 426 427 579 605 615 657 689 691 710 780 834 857 871 883 893 959 970 996 
420 530 633 637 646 963 973 89 310 643 696 729 765 887 913 
327 334 867 962 968 19 22 129 586 633 
43 114 132 492 519 652 689 826 10 27 310 328 724 806 950 965 
149 354 374 742 850 851 967 96 66 90 172 248 687 939 
29 146 185 317 464 508 511 667 773 82 122 154 417 426 484 732 807 856 929 
11 150 489 704 757 856 878 71 533 541 688 760 925 
125 126 609 824 931 79 205 231 441 505 527 
31 98 140 195 264 414 455 578 803 87 72 154 352 451 543 557 747 992 
287 308 391 515 728 861 900 25 113 483 765 835 982 
620 629 744 839 842 874 147 240 493 856 904 922 
153 212 419 608 940 219 332 540 586 653 
214 326 362 625 809 977 994 28 110 368 413 631 893 957 
104 87 752 799 893 913 126 290 348 388 516 536 804 
4 145 261 348 998 148 163 581 584 898 
91 205 212 311 327 360 419 632 760 779 940 140 159 257 290 292 390 519 675 763 814 893 
17 14 33 309 470 527 854 870 64 63 334 389 773 901 910 935 976 
36 11 123 151 201 241 299 319 368 412 484 682 709 745 825 856 877 8 84 137 142 309 488 556 557 593 604 628 738 782 792 842 962 966 
72 3 61 159 194 199 200 227 280 292 294 296 318 329 344 442 480 483 698 716 813 905 946 957 975 42 66 33 209 221 251 330 366 381 384 424 482 572 591 637 680 724 765 777 854 865 947 950 951 996 
23 59 75 126 539 655 259 484 576 586 702 781 
26 165 191 217 232 259 358 415 462 476 585 603 620 623 629 639 654 697 708 839 911 98 39 153 169 221 237 242 468 481 482 488 566 608 781 797 815 897 966 973 991 
62 67 231 304 332 340 350 411 499 542 657 670 690 718 723 731 738 740 822 843 974 70 106 14 73 152 194 197 230 293 404 419 425 460 492 557 602 674 715 750 795 943 
118 175 241 271 299 421 534 750 856 912 161 269 370 631 687 716 755 846 914 942 997 
204 280 296 324 483 737 788 238 282 370 403 504 534 877 944 
75 108 160 163 176 423 560 680 712 885 938 98 322 330 441 452 686 827 843 877 886 911 949 
120 108 59 45 15 27 160 176 248 286 337 428 461 560 581 734 769 774 818 845 853 943 114 145 186 204 299 367 406 417 467 586 640 678 702 703 716 720 730 744 754 790 956 998 
32 666 874 911 944 980 54 140 146 455 653 713 
48 143 171 173 189 315 473 481 513 517 523 529 562 567 591 634 650 671 748 777 806 844 44 96 32 211 248 284 386 390 426 561 611 621 730 751 799 807 865 954 955 960 983 999 
7 463 720 936 959 103 90 651 658 711 904 
183 675 849 945 966 181 611 773 826 923 976 
224 365 429 451 477 492 533 689 826 893 924 932 98 49 158 275 290 424 636 737 745 769 776 813 
104 87 445 451 492 619 826 935 170 220 433 511 535 538 643 690 
41 181 216 278 281 312 320 322 363 366 389 400 425 432 568 633 692 756 801 855 928 955 163 175 273 280 303 333 350 399 423 463 491 576 579 598 636 771 828 857 885 930 934 944 967 
188 277 468 532 643 717 820 948 972 7 169 265 762 821 903 914 928 
42 161 219 355 495 509 725 736 785 786 821 954 992 16 202 245 380 399 476 487 585 594 641 711 732 
91 153 212 240 419 594 611 642 761 792 904 100 92 94 502 514 525 562 577 595 813 946 
77 80 58 147 202 203 236 308 391 410 475 515 537 538 543 555 564 616 641 726 805 810 929 947 964 51 118 157 186 194 235 259 265 291 332 422 483 526 571 598 606 624 694 802 806 853 865 889 919 976 
98 157 379 683 866 200 206 655 737 940 
78 181 216 254 366 633 646 798 802 156 238 273 297 370 433 729 735 906 
98 109 31 197 211 306 369 452 482 504 549 627 630 683 693 695 771 827 879 881 909 976 990 50 127 81 86 116 80 34 281 332 333 361 364 376 444 448 595 629 654 697 702 761 786 884 926 
41 216 254 320 322 389 719 199 284 516 662 712 788 813 950 
46 30 262 323 395 471 548 602 635 664 676 696 781 17 118 161 236 291 340 364 538 682 743 748 761 765 780 
128 48 173 189 473 513 562 591 634 748 16 20 86 206 248 354 565 593 786 868 
70 79 22 247 470 168 457 583 697 813 999 
115 51 53 274 490 26 126 173 183 341 658 
106 317 528 536 906 987 127 86 197 358 561 873 
137 236 424 873 939 111 78 76 224 281 
28 221 243 370 422 449 524 573 593 613 691 694 835 934 23 53 115 224 270 332 424 429 732 790 859 895 940 950 
105 354 767 804 967 254 327 401 648 802 971 
68 107 66 167 561 681 750 837 877 424 488 504 596 770 810 865 875 
118 11 66 167 175 745 856 961 31 94 427 479 533 568 583 805 
42 244 546 599 786 821 863 903 956 122 165 175 222 296 326 398 756 
136 112 82 360 407 531 604 608 611 729 754 760 761 867 888 901 962 968 87 96 121 24 161 178 237 254 349 356 359 459 533 557 575 707 869 913 925 
236 245 352 515 537 586 641 662 724 762 807 833 964 50 106 109 314 331 594 595 610 710 902 935 951 977 
208 285 358 476 579 639 841 362 419 599 645 741 948 
229 256 354 636 767 851 9 139 185 220 322 936 965 
95 138 211 264 306 331 381 403 414 431 485 771 803 827 902 909 914 960 970 976 993 36 40 137 7 42 203 278 287 317 466 492 551 557 723 743 755 765 811 854 889 890 997 
265 527 571 711 887 131 451 581 733 820 
119 336 441 480 500 510 716 737 759 788 925 946 985 116 162 197 226 335 597 680 719 748 781 838 857 943 
23 5 15 125 126 286 337 357 377 401 428 493 592 680 684 734 769 812 824 853 875 938 58 62 84 48 61 12 270 275 302 348 365 474 480 492 619 625 653 665 702 836 864 977 
40 135 182 275 355 385 456 546 550 563 628 707 725 775 785 848 863 954 992 142 153 123 28 203 212 263 287 290 406 547 608 611 748 778 881 928 947 980 
203 290 424 439 795 51 159 400 527 822 
5 125 86 284 337 357 401 428 581 680 712 845 853 90 133 41 115 400 460 470 496 509 512 551 720 843 
9 451 492 610 652 741 98 185 435 730 884 925 
121 191 217 257 259 358 359 406 525 603 620 697 751 811 841 874 969 980 984 152 184 193 254 316 333 367 381 435 441 479 480 519 542 597 653 760 945 962 976 
181 281 389 396 420 714 928 227 451 453 643 651 795 964 
66 151 150 101 201 288 702 709 730 825 45 245 247 316 459 528 737 772 834 904 
194 227 292 316 318 441 480 483 500 638 144 259 437 504 516 570 605 633 683 750 812 
8 190 193 317 380 427 466 536 763 857 889 950 996 121 134 201 259 275 410 454 496 569 721 748 793 870 
223 462 654 744 751 839 874 132 193 327 437 596 683 890 951 
128 48 562 591 634 650 777 278 448 508 577 600 661 710 871 
41 400 633 687 772 784 869 955 988 105 286 386 402 452 492 526 926 993 
128 48 143 189 473 517 529 562 567 591 634 650 671 844 72 145 98 215 332 348 354 389 476 483 516 651 724 820 
32 26 196 259 335 654 697 839 842 865 17 190 254 284 483 547 845 877 928 997 
123 151 201 210 239 283 314 382 497 516 534 561 569 745 750 856 877 878 912 133 60 152 227 258 277 296 312 512 572 578 584 620 693 744 810 902 967 
126 125 23 71 76 284 685 282 481 536 798 957 981 
181 281 396 633 855 963 988 620 673 698 710 845 935 
242 574 711 782 965 153 385 466 738 959 
93 58 202 269 361 439 522 810 873 981 328 348 443 451 492 534 587 786 854 896 
75 560 734 774 853 256 373 390 547 660 
85 139 83 166 133 177 322 366 472 486 568 587 633 646 756 801 949 988 130 69 64 8 202 330 332 350 418 426 428 447 577 770 785 940 971 998 
40 161 258 509 786 821 848 339 343 378 402 573 728 
130 24 343 364 478 600 648 669 721 809 895 145 299 315 321 613 617 720 763 775 855 916 
1 235 428 461 655 685 766 818 824 943 85 165 259 372 466 514 756 831 942 958 
88 106 190 261 274 333 427 508 922 927 987 164 156 205 331 417 645 693 695 725 832 850 
65 39 56 247 576 870 137 126 276 418 653 750 805 
66 201 271 489 673 682 912 451 542 731 831 893 945 
134 89 323 395 471 532 548 580 622 635 643 645 649 696 717 727 781 858 898 948 979 982 999 39 3 190 198 210 213 274 275 335 386 531 572 594 598 661 662 705 810 873 874 909 953 
128 173 143 48 517 529 562 591 650 671 748 844 214 316 331 370 665 674 710 725 740 899 901 913 
185 51 169 206 207 261 348 464 508 528 667 773 808 889 897 950 996 174 188 202 222 244 308 335 336 383 396 441 469 497 560 789 799 829 951 
121 165 26 359 462 579 842 236 443 710 809 826 928 996 
88 317 464 749 897 922 998 256 286 354 670 823 824 
169 317 380 398 474 521 667 808 991 165 9 35 170 222 392 472 481 788 839 
119 168 12 61 292 296 316 324 441 638 660 732 957 100 122 137 9 221 372 509 594 602 731 742 824 904 947 
109 330 514 683 710 976 28 324 394 453 464 472 
174 26 208 232 257 335 358 371 462 525 705 744 916 941 984 74 287 316 410 489 545 561 593 682 826 847 881 884 964 998 
95 140 230 330 331 403 413 414 431 482 496 514 672 683 693 695 710 832 879 902 993 54 32 159 30 146 77 70 122 51 251 256 316 339 447 564 696 737 742 834 876 889 
81 439 724 787 805 810 188 229 362 619 922 948 
119 227 250 318 759 141 81 254 439 707 
61 119 250 292 318 441 442 460 483 617 658 732 946 84 138 87 96 257 352 384 577 583 745 805 902 964 
167 187 175 101 118 210 239 368 484 497 534 561 569 673 681 682 768 825 859 877 880 64 169 33 3 214 309 400 406 419 463 518 580 586 612 713 733 747 751 832 849 865 997 
63 58 179 80 137 203 236 290 303 424 543 586 662 724 728 770 805 807 836 873 930 939 73 74 51 3 135 2 181 190 247 264 317 327 366 374 449 451 508 542 591 729 740 761 769 
93 81 162 137 202 245 290 338 352 424 439 515 522 538 543 564 597 631 724 728 795 805 939 981 161 157 65 270 370 539 591 601 627 630 680 696 697 729 748 750 798 854 865 890 901 933 957 970 995 
124 316 500 638 698 957 126 353 474 482 735 871 
116 311 479 594 611 904 185 108 453 464 602 929 994 
4 53 190 348 773 899 996 138 17 143 343 618 635 798 938 
53 34 190 348 464 72 368 429 446 454 515 
155 196 232 540 579 811 980 51 290 292 342 468 548 729 
225 417 547 551 876 119 375 692 825 844 943 
101 201 175 271 314 319 368 497 561 188 33 243 298 438 502 722 874 
140 95 157 578 672 803 970 128 391 411 421 422 646 812 864 
136 116 112 240 311 327 407 535 565 594 608 611 729 754 797 815 816 901 904 940 962 968 161 70 54 39 62 256 288 317 378 388 446 464 507 585 623 785 878 880 909 934 992 996 
53 261 348 390 506 791 919 950 996 188 308 318 322 370 480 545 622 634 869 
90 113 220 362 364 545 625 868 977 994 201 189 47 22 65 661 728 781 807 857 888 
82 334 419 565 594 995 173 335 338 354 439 714 
141 139 133 254 278 396 855 72 277 340 554 854 904 925 951 
121 165 259 358 705 715 793 561 737 828 871 947 981 
33 70 39 65 17 309 487 494 527 544 679 942 965 75 60 21 398 404 414 430 518 590 805 864 912 
135 40 495 550 703 903 50 112 329 517 586 770 
214 90 24 237 252 298 326 343 478 556 572 600 625 669 701 721 849 868 926 933 945 977 994 132 156 32 67 46 381 403 436 481 548 567 592 670 711 719 791 815 827 828 830 856 902 910 
148 35 246 310 370 422 449 512 524 593 605 613 678 789 890 915 934 7 119 194 40 121 42 66 290 568 621 732 743 881 910 912 984 
62 231 332 350 974 152 193 190 359 710 830 
170 359 620 697 842 852 85 443 459 588 756 891 
131 226 446 689 913 935 147 148 330 380 892 941 
209 249 339 367 418 547 551 598 883 910 36 252 261 344 397 492 502 608 621 716 844 
224 443 446 451 492 533 689 826 159 239 405 464 669 729 812 942 961 
168 119 199 280 296 318 344 433 510 698 716 732 737 794 957 985 166 175 94 245 293 319 326 558 661 708 722 773 873 902 915 923 939 
544 576 595 711 743 429 562 690 749 905 
84 156 354 526 553 850 967 93 198 493 561 608 711 845 976 
197 264 306 313 379 514 672 693 710 46 32 122 40 317 368 629 763 890 
122 62 222 332 340 350 411 657 718 740 822 843 974 108 290 314 420 439 464 580 631 890 946 950 996 
121 208 196 579 585 620 697 744 811 839 44 101 445 522 524 532 578 643 728 762 
313 328 330 803 879 976 239 274 410 494 525 762 839 944 
51 88 261 317 333 347 464 474 753 773 950 32 86 60 20 268 303 418 452 713 767 894 964 
184 428 581 680 812 845 938 137 26 537 561 568 722 867 998 
202 137 154 77 147 80 245 303 308 410 522 543 597 724 762 787 795 805 828 836 929 964 983 75 66 142 191 42 240 279 317 337 359 363 459 513 548 729 731 788 831 855 934 965 966 992 
220 298 503 545 625 721 933 153 121 267 318 541 567 826 970 
66 10 552 561 768 139 124 565 659 759 
175 201 319 497 516 912 226 233 514 586 770 922 959 
136 212 419 640 729 761 797 236 84 111 245 615 922 924 
37 118 123 345 497 825 877 15 75 275 324 572 764 
100 17 13 97 22 65 178 79 247 251 260 388 544 570 576 584 626 679 711 743 814 854 871 121 49 261 288 323 329 361 370 377 401 526 593 643 681 694 709 730 757 761 826 926 937 977 
148 282 370 593 653 691 694 210 373 606 792 887 899 943 965 
152 355 786 863 992 190 88 637 672 826 842 
58 154 236 203 297 435 488 537 726 728 929 930 20 167 227 135 240 326 401 517 729 826 857 969 
221 35 370 691 835 915 317 644 646 766 785 951 
56 14 65 100 33 242 186 79 144 22 260 265 409 470 494 527 554 626 706 711 871 965 36 167 202 54 53 261 293 294 307 367 514 538 551 579 628 631 664 788 849 874 895 925 
126 284 286 295 655 882 128 97 143 105 380 527 
225 367 418 457 910 256 419 501 586 795 
61 199 200 510 716 737 297 464 580 639 679 806 825 
242 100 70 39 65 47 309 576 584 743 782 819 854 887 965 8 119 197 54 347 401 514 737 744 826 855 876 895 901 955 
220 90 326 448 545 556 783 868 895 926 994 88 62 82 225 279 295 351 363 539 814 873 
463 720 864 917 959 4 84 545 557 620 903 
216 139 78 141 276 312 322 363 396 432 436 486 507 589 633 756 798 928 199 174 153 165 98 149 348 353 437 554 603 623 693 732 762 809 864 873 
363 366 687 798 928 23 319 557 610 720 
54 156 291 354 374 402 465 469 526 553 636 688 742 767 804 884 952 967 197 249 192 212 180 47 308 353 439 591 605 635 674 692 702 723 898 936 979 
196 165 325 525 579 623 751 846 865 911 969 66 200 71 116 329 360 442 527 714 797 799 933 
19 40 182 42 275 385 713 903 956 175 46 287 402 416 471 669 701 984 
165 174 121 217 325 335 406 525 579 606 623 654 708 811 839 842 865 872 916 969 984 120 168 169 137 184 66 264 290 441 451 483 562 633 657 680 758 766 850 855 898 
242 94 97 247 409 470 595 80 51 402 498 639 740 967 968 
51 185 115 190 234 213 333 575 857 927 991 225 242 247 264 458 509 557 632 750 788 850 
142 277 468 471 602 664 820 982 63 454 484 546 658 693 
273 310 422 440 512 573 890 161 323 354 366 411 491 945 
98 230 109 157 306 413 672 693 695 803 879 970 976 202 261 259 75 277 383 418 420 470 613 651 847 854 
247 158 527 554 854 942 137 134 531 552 686 761 
83 637 646 719 978 527 529 581 594 595 833 
287 393 515 522 641 644 805 833 237 33 39 59 92 612 620 997 
320 366 425 633 928 988 234 412 488 665 745 865 
63 179 81 424 618 828 873 123 66 427 473 561 689 867 
19 40 275 392 563 863 160 203 148 284 493 571 660 
101 187 210 123 283 299 450 702 750 878 281 455 472 521 573 611 662 783 881 910 
58 338 430 795 894 981 547 649 691 708 716 720 
35 263 321 370 422 449 524 573 590 593 605 613 651 691 789 847 934 997 54 133 75 36 139 463 477 526 565 602 728 826 908 937 939 967 970 992 993 
4 73 185 53 145 398 464 508 188 39 92 233 350 512 646 739 810 
258 19 161 270 289 355 491 509 647 713 775 821 848 903 954 241 7 188 169 160 131 67 440 451 559 611 634 643 773 840 871 
254 278 389 432 928 186 296 572 641 750 943 
262 134 89 46 323 602 635 781 820 898 948 999 264 175 216 311 417 460 597 616 680 697 791 930 998 
133 276 216 44 637 646 801 171 157 299 381 457 485 564 878 
10 66 702 768 825 236 252 30 751 922 986 
227 124 61 12 119 296 460 480 483 638 813 905 925 133 15 309 418 439 459 507 508 550 579 941 972 986 
133 177 166 312 322 363 396 400 420 436 507 530 583 589 633 637 646 719 784 869 928 949 953 271 140 62 147 54 359 407 419 520 521 566 576 658 667 681 688 732 738 841 858 945 974 
243 35 370 512 524 593 613 934 989 61 124 176 327 341 496 497 598 
271 175 66 288 421 484 489 552 682 702 856 877 912 70 374 378 400 527 562 759 775 797 824 864 969 
248 176 163 286 557 560 581 812 845 882 885 174 270 128 141 321 326 374 594 693 743 782 958 
155 335 520 603 865 874 48 286 460 591 893 999 
38 126 160 284 248 461 539 557 685 845 938 285 172 192 333 485 532 683 767 838 871 957 976 
110 267 522 543 728 762 873 929 947 964 35 101 196 258 38 86 161 157 299 358 877 
283 167 319 489 709 837 877 961 212 75 242 317 323 797 805 917 
40 275 42 563 992 31 94 77 561 669 934 
202 203 63 57 162 80 297 338 352 361 439 475 515 586 726 728 776 787 795 836 873 892 947 964 131 259 221 231 116 114 208 161 293 307 383 419 503 506 532 533 594 660 671 761 794 845 852 866 
99 84 256 54 402 636 817 884 137 66 142 327 419 616 707 992 
119 194 168 200 296 316 208 116 380 468 731 867 
7 20 341 426 454 463 501 566 720 722 733 739 747 862 864 936 959 1000 122 247 227 290 348 350 461 531 543 549 558 586 635 641 713 729 775 979 
119 3 305 336 483 759 247 337 428 499 848 947 965 
248 86 423 560 766 48 252 658 717 966 
280 227 292 124 72 12 119 194 441 442 460 480 483 660 732 737 925 946 957 175 70 152 40 95 84 276 307 358 377 412 618 650 662 711 773 854 913 937 996 
290 245 424 515 796 873 250 139 312 619 672 924 
237 220 326 545 556 600 701 41 210 336 679 693 695 713 
271 123 11 118 319 421 516 534 552 750 856 126 278 183 287 22 661 710 725 786 871 922 
339 378 384 418 551 598 883 10 65 386 449 601 673 773 
50 761 888 904 962 3 445 525 579 917 
316 324 510 660 788 920 160 348 419 555 825 871 
202 236 361 375 408 416 435 538 662 726 728 810 836 861 66 234 55 133 385 422 563 683 730 739 835 868 883 889 
122 62 332 350 542 822 974 21 413 437 590 652 787 965 986 
294 324 441 660 925 98 711 728 828 944 
230 157 140 264 369 379 514 578 627 780 832 970 976 38 30 350 354 449 492 524 546 553 759 805 856 964 978 
339 367 434 457 551 883 910 296 247 62 290 325 416 431 439 
236 110 137 21 435 488 861 929 964 190 256 213 43 530 612 733 865 
33 218 251 56 117 65 437 447 527 576 584 819 830 854 965 201 280 118 418 419 451 472 562 673 716 767 811 884 910 936 
221 35 263 399 593 613 915 934 997 104 102 361 608 654 684 741 774 852 
116 212 205 565 608 797 904 55 277 316 351 527 597 932 991 
254 133 281 320 342 363 389 400 637 297 175 384 418 470 512 561 612 711 903 
230 55 233 379 482 549 827 325 342 586 818 895 967 
11 175 210 319 382 505 561 231 58 154 323 436 767 
128 48 513 523 562 591 671 748 806 6 183 365 548 560 626 633 842 965 
74 292 61 204 194 302 168 329 344 441 442 460 480 483 500 638 755 759 788 794 813 920 925 957 985 84 167 196 165 197 311 189 80 386 434 486 501 552 572 662 679 696 765 767 780 791 895 947 949 
106 234 193 146 192 169 333 380 453 474 508 559 763 773 808 857 899 927 950 996 230 236 246 202 212 288 157 318 367 426 436 449 484 497 502 611 795 805 853 901 907 
200 119 199 168 227 324 510 732 794 317 213 237 389 428 805 873 947 
118 96 299 239 210 25 288 68 101 314 345 497 505 561 588 681 750 757 856 877 961 22 227 255 57 99 464 470 576 587 650 662 666 690 719 749 763 805 873 950 968 983 
268 133 312 141 396 432 587 633 637 798 928 1 13 71 327 329 457 565 656 872 998 
273 422 512 691 915 284 183 374 526 553 878 
133 141 254 181 41 44 85 281 78 363 366 472 486 507 633 700 798 869 928 955 978 93 125 156 213 402 413 428 441 508 593 669 718 742 768 811 883 898 939 976 979 998 
277 142 30 188 346 532 548 602 643 858 288 263 314 242 551 575 661 845 927 928 
318 124 302 305 194 344 441 716 732 737 755 813 946 88 48 91 241 195 21 401 505 588 656 723 871 880 934 
257 259 359 874 911 313 307 528 804 837 
298 252 113 220 545 572 601 669 701 849 994 48 152 284 227 245 424 553 576 797 887 
103 212 116 334 565 594 604 632 729 761 797 867 940 962 968 170 202 149 282 320 90 291 363 417 463 618 680 918 974 
233 413 452 630 693 179 104 694 727 808 
316 119 460 480 732 755 946 320 94 257 219 242 731 999 
55 197 233 98 195 95 369 438 578 672 693 902 125 119 181 224 374 405 681 689 911 912 948 971 
95 157 197 414 455 482 504 514 672 832 189 44 154 185 358 458 662 787 808 962 
122 62 231 304 67 222 340 350 411 499 542 657 670 690 718 723 731 738 740 822 843 974 54 140 26 181 137 173 23 90 112 148 385 494 527 558 560 588 700 753 763 825 910 995 
185 234 73 261 29 317 347 380 390 398 405 427 773 919 922 996 998 286 47 165 140 133 65 335 358 456 487 505 514 630 720 732 916 935 
215 103 327 376 792 34 117 491 812 854 860 
196 174 259 26 285 358 359 371 467 579 606 615 623 639 654 674 677 697 705 811 874 215 188 190 93 159 333 7 443 486 493 515 530 719 728 801 822 870 972 981 1000 
74 159 294 716 737 28 298 190 451 780 822 
75 126 71 163 160 560 685 774 943 236 87 294 414 515 524 634 728 740 988 
203 49 290 272 393 435 475 597 618 631 724 807 947 215 96 39 66 364 449 451 528 554 687 697 716 740 
69 300 225 307 417 418 434 551 883 182 197 51 462 498 594 811 967 978 
332 122 62 231 411 731 974 80 142 216 824 955 998 
7 293 64 463 720 959 145 282 13 424 489 934 
312 83 400 714 798 101 208 313 454 572 765 
90 220 183 926 933 945 206 182 462 565 670 781 916 
227 61 324 316 119 433 441 480 500 510 716 732 737 68 58 69 225 77 451 479 586 595 624 743 785 789 
319 241 450 489 516 388 411 794 798 913 
323 30 468 622 643 72 386 412 488 542 877 
4 333 234 51 490 808 251 81 419 517 613 970 993 
51 115 53 190 4 88 207 206 73 213 380 405 427 453 466 508 536 575 791 857 991 160 114 302 293 173 179 63 254 414 467 529 552 569 600 659 686 737 802 803 812 863 885 
378 384 551 876 883 153 17 354 510 578 818 
332 122 304 231 222 62 411 657 670 723 731 738 843 974 181 293 133 306 274 366 524 545 712 763 779 861 906 987 992 
381 438 485 549 976 38 311 252 484 632 
290 154 203 515 538 597 728 787 861 930 964 983 200 109 56 78 355 363 418 535 562 584 791 993 
39 16 14 97 409 470 502 527 624 626 706 743 854 204 254 61 59 256 440 768 798 821 876 929 952 996 
256 105 229 156 54 149 84 356 372 374 465 469 541 621 686 742 817 850 937 952 967 306 173 192 349 143 263 215 376 395 439 461 569 683 733 747 756 776 798 836 839 840 885 
275 244 135 161 459 713 725 848 903 95 352 48 419 696 729 754 882 
354 374 402 526 850 66 153 642 766 965 
163 160 498 557 943 362 483 599 672 835 974 
335 26 121 32 155 165 217 196 620 639 665 744 839 287 333 11 296 146 54 331 414 591 685 704 876 936 
165 223 26 335 191 325 520 579 585 852 865 941 236 281 222 153 381 383 468 729 743 773 807 960 967 
153 116 531 611 729 779 815 13 257 514 693 810 863 
303 58 290 179 439 522 538 762 807 836 861 242 310 140 396 437 514 623 625 672 736 992 
214 113 90 503 545 600 625 945 966 18 54 357 155 198 61 553 813 866 938 
254 322 312 255 281 133 366 396 420 436 472 486 583 646 687 719 756 772 855 949 963 973 978 988 352 55 252 327 101 236 100 374 408 444 449 545 623 662 689 695 726 747 762 789 845 848 854 903 
214 183 478 503 572 600 675 895 338 142 140 369 389 418 469 964 
131 451 652 689 893 913 160 315 81 648 904 930 
139 133 181 44 255 83 322 363 268 396 400 633 637 692 719 772 869 949 202 119 350 7 263 463 544 590 591 693 698 742 750 773 832 971 982 983 
225 249 307 384 417 418 434 457 551 598 823 883 910 7 126 317 86 247 165 420 431 544 584 775 924 934 998 
201 118 210 101 66 10 561 588 673 730 745 750 856 207 113 230 17 374 445 566 608 686 754 876 901 904 967 
140 95 306 98 330 832 866 364 43 434 563 687 828 855 
148 246 221 273 282 35 243 422 449 512 524 573 593 613 663 678 691 789 840 890 915 934 989 139 189 124 242 123 38 203 213 406 413 486 584 703 754 759 824 854 871 930 968 970 988 
335 196 26 467 916 99 61 495 526 934 
354 469 817 850 967 194 184 803 824 970 
7 463 720 733 747 829 53 243 180 573 574 642 877 
354 105 84 99 356 54 256 402 469 526 553 558 636 686 688 742 746 767 800 804 884 937 967 330 79 284 283 202 363 368 321 378 382 424 462 489 494 539 638 643 709 723 725 755 938 948 
303 393 543 805 861 929 209 427 480 551 782 790 
334 2 760 797 904 951 958 354 140 499 716 720 933 
160 75 539 734 812 824 845 242 296 387 399 543 744 839 
300 349 418 598 910 182 374 283 212 637 934 
306 138 313 230 381 413 414 683 902 970 17 21 100 99 432 691 729 744 800 877 
348 333 317 53 169 193 73 398 464 791 857 889 922 991 998 135 50 292 224 248 475 579 742 811 828 850 851 871 874 915 
157 379 351 431 455 482 514 693 695 881 914 970 976 359 53 220 119 165 86 278 398 654 897 901 929 997 
175 25 96 314 450 49 374 591 744 756 865 
419 479 565 608 797 958 995 264 359 290 190 587 691 846 996 
349 367 300 69 418 457 547 551 598 823 910 54 200 312 119 593 750 813 877 924 996 
161 258 392 491 647 703 713 178 43 332 303 402 468 989 
65 79 17 39 570 706 871 908 172 316 188 346 300 30 128 439 
98 672 683 693 695 377 68 735 747 930 936 
242 79 22 527 711 114 212 35 345 541 
312 276 83 141 133 166 420 432 486 507 583 637 687 692 700 784 801 953 364 173 117 3 318 392 513 580 586 641 696 731 744 781 850 912 956 965 
333 213 763 791 906 996 128 180 116 468 724 984 
137 110 873 929 939 211 426 464 665 860 
385 270 509 550 736 992 193 389 522 779 788 962 
338 375 267 435 597 662 726 52 421 610 683 811 813 827 999 
80 416 564 873 964 35 24 27 195 859 893 
142 188 532 696 898 354 546 728 759 818 957 
281 177 254 363 83 366 166 216 320 472 507 633 637 801 802 928 45 190 1 361 79 53 456 508 670 682 753 761 776 804 914 929 
590 613 678 934 989 225 412 420 549 728 
274 380 333 193 857 381 218 152 46 514 
35 310 524 590 694 847 934 135 377 133 637 664 779 802 968 
366 312 172 133 342 281 420 637 687 798 869 953 955 163 201 162 283 409 424 466 556 664 739 851 867 927 
45 27 160 75 163 518 735 845 943 245 242 95 149 324 251 489 858 867 
256 374 356 84 291 526 553 742 804 850 967 322 172 258 385 260 182 65 432 551 729 738 782 
157 197 627 695 832 220 124 540 682 833 
7 454 463 720 722 747 923 218 122 100 428 560 779 781 
348 29 51 333 453 464 528 773 897 922 996 330 226 495 509 545 594 624 640 699 781 
165 259 540 615 705 811 874 37 126 161 201 370 436 617 854 
153 212 611 797 901 904 281 452 487 654 708 913 
93 303 49 424 537 641 363 548 556 733 765 968 
353 65 260 247 33 437 447 661 679 819 854 400 74 431 449 551 732 810 877 903 968 974 
236 137 424 488 564 795 810 196 64 169 233 610 819 959 
332 122 62 231 350 340 499 657 843 974 211 345 263 426 487 551 586 869 962 969 
11 118 681 730 750 856 296 397 346 268 464 913 
379 328 92 197 264 431 514 672 683 902 914 976 322 370 113 51 304 424 487 703 739 773 815 938 956 
379 197 109 157 331 504 514 630 710 218 348 358 337 538 619 934 935 
32 121 603 620 697 715 865 7 428 563 584 635 861 
81 394 303 538 662 836 873 307 88 258 5 467 514 874 
367 209 339 418 551 598 883 277 106 185 126 327 509 801 
384 225 367 249 300 417 339 69 378 547 551 823 876 883 891 910 12 312 280 309 352 264 181 234 16 186 364 48 615 711 783 798 959 
91 383 136 116 240 215 112 50 479 565 594 608 640 659 779 797 815 888 901 904 951 958 971 309 302 201 291 155 347 281 249 122 355 290 1 460 461 595 622 672 720 732 750 838 934 938 959 
363 281 166 389 102 400 472 397 367 264 231 520 541 653 
101 123 299 11 283 484 750 57 393 211 902 928 945 954 
370 273 221 321 263 148 28 524 590 691 997 75 137 303 101 211 423 441 491 777 922 964 
1 75 295 125 581 133 422 516 538 895 
408 202 410 203 297 147 21 269 162 586 662 724 770 787 805 807 828 981 150 374 413 400 44 341 119 326 148 131 436 526 560 670 720 778 820 830 966 
268 133 692 772 953 955 122 441 463 465 840 843 
7 293 64 463 566 720 722 733 739 923 959 1000 128 106 181 317 411 391 101 545 726 741 768 865 
348 169 51 4 333 185 906 996 151 375 269 101 554 649 661 788 
27 160 86 23 126 184 235 71 163 493 539 557 712 812 938 943 181 294 322 404 318 40 415 478 530 565 657 750 755 772 783 809 964 
131 445 446 451 492 533 826 228 207 148 762 879 
272 522 543 564 795 218 51 759 760 802 
381 157 413 197 514 627 693 780 914 976 409 367 307 461 497 572 579 595 668 711 
320 78 276 133 389 254 633 687 719 379 402 480 518 545 638 655 662 889 903 
344 227 72 460 985 139 132 75 22 677 
367 339 307 551 823 876 891 94 97 369 316 51 16 613 744 
393 338 308 303 245 726 983 164 165 693 818 862 869 
281 363 254 85 633 646 988 220 317 314 406 424 915 
409 65 309 70 22 595 624 743 908 965 304 168 254 170 19 61 361 566 628 897 913 
351 330 452 455 482 627 693 210 61 483 551 709 730 838 988 
361 203 179 63 162 198 290 458 522 662 726 728 762 787 861 892 900 215 199 354 79 66 307 280 386 98 231 256 552 725 763 811 813 928 985 
263 512 524 691 694 353 26 275 734 882 
168 305 324 316 344 296 200 159 61 194 460 510 732 737 755 759 813 957 125 259 190 422 108 165 322 425 545 568 749 766 826 874 889 934 950 997 
200 316 296 119 61 638 658 660 755 98 257 78 462 584 661 697 758 876 998 
87 226 52 492 519 610 752 826 913 935 191 335 223 179 55 558 564 748 830 870 922 
495 628 713 725 736 363 140 522 728 762 801 
429 87 132 446 451 492 519 610 689 741 752 826 893 935 3 368 232 301 61 463 464 543 551 719 750 796 820 823 923 
445 226 224 429 451 477 492 533 689 799 826 913 935 207 56 64 212 100 493 643 708 730 759 853 988 
309 70 17 409 571 854 942 181 197 594 883 929 967 
24 252 545 572 648 675 758 977 40 140 171 20 544 720 797 964 
370 221 148 273 512 605 613 651 840 847 934 317 306 363 338 300 202 409 460 567 856 898 922 
96 345 382 271 561 588 907 42 589 637 643 705 800 888 998 
52 429 131 87 164 445 446 9 365 132 226 477 492 519 533 610 765 799 826 893 913 924 932 935 986 338 179 344 202 48 166 158 336 109 81 187 275 90 309 259 42 475 614 824 865 912 960 967 974 1000 
328 140 438 514 683 693 771 866 990 993 125 172 407 234 484 512 560 584 618 865 
348 405 317 575 991 996 166 205 195 500 617 767 846 
7 293 404 566 720 959 169 207 342 262 543 821 
331 381 438 109 504 866 902 990 127 26 271 652 741 743 748 985 
42 161 459 491 713 956 396 333 560 810 881 906 
367 384 307 249 876 910 23 7 320 278 144 6 929 
439 475 522 805 947 261 331 610 646 850 
19 355 456 713 786 821 848 903 992 223 153 167 280 236 536 566 684 759 953 
316 296 329 433 441 200 280 74 617 732 737 813 905 920 985 163 419 122 285 30 277 449 468 503 530 656 704 750 857 883 931 
126 184 286 560 581 685 735 419 431 293 354 611 914 
196 191 121 170 26 585 811 339 17 343 98 442 374 49 907 
7 293 426 253 404 20 129 373 341 64 501 566 720 722 733 739 747 829 862 864 923 936 959 1000 445 366 273 24 96 327 425 133 201 508 531 539 584 604 608 683 783 803 836 871 895 946 965 974 
405 73 106 380 274 190 192 234 207 474 508 528 596 667 749 753 808 857 897 919 991 998 66 319 445 205 100 195 231 7 226 212 391 250 412 593 628 657 701 757 776 858 932 934 
54 256 354 526 636 686 742 767 937 425 46 80 658 659 723 729 808 986 
348 169 536 753 950 178 400 157 184 492 
32 371 335 639 697 708 348 416 126 57 547 685 707 755 925 
346 262 134 532 580 643 664 696 727 820 982 460 121 58 359 292 390 385 208 525 644 800 
54 374 354 256 372 18 553 686 742 746 767 967 364 68 190 470 576 608 672 732 765 848 904 997 
79 353 260 117 247 144 16 527 584 661 711 814 854 871 965 319 469 312 264 163 66 532 682 689 720 789 811 978 981 
46 188 142 262 643 696 258 57 587 694 709 995 
420 363 396 181 322 589 801 949 978 271 193 195 309 36 627 795 844 
128 173 143 529 567 591 33 269 83 96 633 878 
317 88 51 464 193 4 234 508 536 950 204 160 483 492 524 752 768 817 826 908 946 
290 338 80 137 458 586 873 451 380 29 740 760 965 
155 121 585 677 715 84 135 173 604 895 993 
52 451 131 446 492 533 610 935 23 273 510 548 702 743 768 784 
364 183 220 545 977 51 428 649 731 975 
82 50 205 419 383 594 608 779 797 151 344 165 635 646 675 839 873 893 
280 168 296 119 159 329 316 74 344 483 500 716 905 957 975 432 375 213 55 165 160 497 622 631 649 677 709 749 750 761 853 
128 517 591 671 748 18 176 121 193 220 928 
313 381 438 331 140 197 496 683 710 780 881 204 121 119 813 846 851 873 933 952 996 
294 316 480 200 280 124 296 168 119 72 500 716 813 438 137 174 110 357 259 474 173 486 508 620 742 882 
118 421 283 201 66 681 702 750 757 120 317 262 452 351 90 106 504 734 
95 98 351 55 157 881 902 278 2 286 42 581 709 731 833 
389 254 322 363 181 646 700 801 988 35 483 335 316 370 57 551 626 863 871 
16 100 218 97 576 595 870 871 965 135 407 413 333 411 553 577 978 
410 308 245 80 728 810 947 268 121 150 346 118 693 792 976 
10 283 288 187 107 345 704 750 912 401 196 374 341 64 675 703 813 935 
347 145 773 791 922 89 62 620 677 784 959 
456 40 385 275 725 785 334 133 263 422 568 584 
445 164 226 477 451 9 446 429 87 443 131 104 132 519 533 652 689 765 826 913 935 160 122 179 225 306 172 474 157 466 523 527 566 795 810 836 850 887 915 926 974 
160 428 86 1 557 560 943 229 270 111 446 335 653 696 985 
13 247 218 570 965 332 54 233 374 602 756 
444 219 135 577 599 647 834 405 371 515 605 608 676 893 937 
482 197 92 549 578 672 710 866 69 163 282 3 169 688 724 841 908 
239 175 319 210 201 241 66 516 588 480 54 97 282 317 431 190 695 939 
75 357 71 539 845 260 339 708 729 887 
332 122 62 411 822 974 294 376 508 577 621 676 886 
168 344 483 159 316 480 204 638 658 755 17 2 453 535 594 672 807 894 902 928 
7 463 293 720 733 747 959 316 249 520 623 742 956 
22 353 39 527 661 814 830 942 210 225 317 136 560 610 826 917 941 
364 237 90 362 572 994 290 460 533 560 623 943 
140 331 414 455 693 695 914 976 484 150 168 124 535 746 820 997 
314 101 319 750 825 877 108 333 324 565 766 854 
213 528 559 596 922 68 290 576 770 990 
396 41 281 322 389 254 633 280 212 516 685 706 724 849 866 
190 317 274 464 4 51 185 106 348 474 575 773 886 906 922 950 996 998 483 171 9 463 322 396 202 280 499 516 560 571 656 697 743 784 914 988 
42 392 275 182 135 563 599 713 834 863 903 261 194 163 62 405 417 700 817 831 849 964 
227 250 441 344 302 318 159 349 477 680 691 940 968 
106 88 29 749 886 132 614 854 925 930 
370 449 263 282 221 440 321 593 613 651 653 691 789 997 163 452 23 274 312 175 517 591 703 718 794 866 878 972 985 
128 315 143 517 591 650 777 806 844 389 236 515 646 728 762 768 
95 452 195 197 31 331 381 92 414 230 431 413 306 630 683 710 780 803 832 902 909 914 970 83 251 416 184 333 42 360 136 247 239 361 398 526 537 591 611 651 674 679 699 728 733 852 954 
154 297 352 203 290 137 267 110 668 795 929 939 964 335 337 495 70 79 513 207 524 526 601 711 826 923 
175 36 101 299 96 239 11 345 497 614 681 704 709 768 837 877 880 961 173 168 507 114 141 423 508 545 556 557 598 649 668 734 797 850 893 926 
128 173 513 481 189 567 591 634 245 11 512 219 347 518 542 620 780 
75 401 557 560 592 201 432 62 218 517 537 
104 443 445 451 492 765 826 913 165 41 116 83 587 595 656 691 735 
285 359 612 620 751 842 865 58 501 281 420 840 904 928 
51 193 88 559 575 922 55 281 12 14 271 565 
63 179 430 361 287 458 203 236 93 267 439 81 662 836 981 71 444 18 30 392 65 232 693 761 775 791 872 949 957 984 996 
128 315 591 748 806 92 492 639 853 856 912 
399 221 370 422 273 440 148 282 35 590 605 613 651 678 694 789 835 934 997 47 337 306 515 74 72 232 85 350 474 628 662 703 795 815 830 856 904 942 990 
165 257 196 259 744 874 944 301 233 468 136 707 956 991 
99 356 54 465 256 229 84 374 402 541 553 558 621 746 804 850 937 515 88 371 424 514 242 172 273 137 321 567 612 772 773 892 904 960 
309 470 100 117 353 247 218 158 502 14 39 388 265 94 595 626 661 706 711 743 831 854 908 248 266 492 162 29 332 108 311 283 257 531 565 593 636 651 655 779 811 816 846 865 880 915 
506 405 8 464 146 190 325 167 338 680 871 873 
128 173 473 48 189 567 81 266 348 608 643 803 994 
102 281 587 798 955 335 460 308 428 574 
360 153 50 640 792 904 951 968 527 265 463 188 293 622 732 922 
134 395 188 323 468 548 645 676 820 858 948 7 69 232 290 286 470 568 702 716 792 1000 
446 429 492 477 226 131 451 689 765 826 913 932 503 107 17 151 153 290 549 585 638 766 787 973 
299 201 175 123 709 90 124 179 626 693 
212 6 608 760 761 867 901 352 132 504 20 500 661 
348 474 51 169 466 146 791 114 176 459 711 751 896 962 
408 154 137 245 564 586 861 873 892 235 514 518 685 695 801 813 994 
137 361 352 203 416 81 303 543 618 641 662 762 770 805 838 929 947 964 37 142 247 61 423 132 414 594 633 713 743 773 829 845 851 867 874 927 
86 428 286 498 38 120 377 680 769 845 885 938 463 374 56 21 252 203 556 613 719 795 874 946 
208 406 579 751 969 403 112 713 787 967 
54 354 526 636 742 767 800 952 967 388 237 107 420 562 565 633 682 875 
332 122 62 304 974 202 187 165 517 346 553 
287 375 49 202 430 236 137 93 203 538 836 445 109 293 377 454 554 611 649 786 975 
100 228 17 218 242 571 661 711 965 366 367 448 632 698 780 863 920 
237 214 326 252 362 298 448 478 90 572 648 669 675 758 895 926 966 977 426 432 253 350 405 363 196 213 441 516 585 603 678 745 771 822 846 937 
161 42 152 703 725 821 395 262 306 643 651 876 
418 209 225 384 551 823 891 180 161 174 272 467 592 700 903 
323 142 188 532 89 602 635 643 645 781 820 972 999 315 208 236 408 95 220 477 563 609 646 744 775 805 990 
351 496 313 140 976 293 397 533 657 668 
392 161 219 563 713 280 693 753 812 904 987 
434 418 349 225 307 209 547 300 384 417 367 339 598 876 883 891 910 157 163 411 375 486 445 402 77 409 438 247 323 713 737 836 913 965 996 
101 238 96 299 283 702 316 348 4 439 265 578 
374 84 18 469 256 229 402 526 621 686 742 767 804 884 306 326 362 321 542 487 604 673 695 780 848 877 940 969 
247 265 711 854 870 254 216 543 338 427 627 
80 137 662 795 930 983 302 625 722 779 921 957 
298 220 24 252 648 669 809 539 400 408 118 516 807 861 948 
1 284 357 518 493 5 286 428 27 86 592 680 685 712 735 766 812 9 516 153 109 157 122 261 255 118 253 586 602 632 786 935 954 
374 526 54 636 686 804 227 93 332 293 33 443 
506 317 521 763 889 275 693 700 711 746 955 
461 493 284 518 180 15 125 337 295 75 126 684 766 943 508 503 424 332 315 452 502 190 456 87 404 602 767 787 848 
210 150 201 101 368 175 66 238 314 450 319 681 709 856 877 878 912 229 196 35 235 146 312 269 289 128 43 217 564 608 620 680 828 836 950 
128 48 143 171 173 315 189 567 591 650 748 777 844 259 24 136 228 309 541 51 352 283 810 894 933 950 951 
270 161 509 550 289 725 736 775 786 4 548 303 415 369 680 689 805 911 966 
137 203 410 537 63 430 394 810 861 197 278 561 51 443 589 635 744 888 957 
419 215 212 383 327 311 594 607 608 761 797 815 888 962 428 541 521 273 320 238 505 343 527 143 581 670 687 820 899 
7 463 293 454 20 426 720 722 739 862 864 917 923 959 368 459 437 121 492 281 621 633 665 821 920 946 988 996 
128 48 562 529 517 473 173 591 806 449 237 526 220 681 692 820 845 997 
133 181 587 714 953 978 235 151 70 532 221 491 441 
201 175 614 730 859 348 169 354 686 699 
386 494 242 595 871 168 634 664 773 866 
100 544 447 16 158 584 711 508 270 137 832 891 950 968 975 
220 326 364 448 503 545 648 721 764 860 868 895 966 119 342 241 316 188 276 431 175 720 847 874 947 
370 273 148 263 35 678 691 890 934 373 26 57 182 271 82 713 940 942 
47 178 70 97 711 373 530 91 54 87 735 
453 508 521 348 261 773 950 323 57 153 611 648 726 856 
22 228 487 39 251 100 242 79 65 309 186 47 743 782 870 887 965 62 88 469 506 120 326 15 319 133 281 591 664 717 751 779 891 
40 495 599 713 775 786 821 848 954 956 992 136 200 181 487 499 171 641 816 865 872 914 964 
306 330 109 211 496 902 39 349 175 232 552 636 967 
359 155 259 540 232 335 257 191 208 629 665 793 839 841 852 865 944 101 280 247 380 133 301 431 35 89 614 693 729 737 786 830 902 908 920 
188 468 602 622 643 781 820 999 250 389 231 201 53 633 734 832 
235 423 126 284 163 461 943 115 158 95 565 485 266 820 
620 654 677 793 811 86 771 796 858 863 
281 83 363 389 928 151 144 200 620 813 
242 470 70 251 571 17 56 309 33 65 595 830 854 871 965 115 415 367 66 352 491 452 442 370 463 175 588 684 840 940 
462 359 121 476 232 654 697 865 872 896 969 212 40 135 545 533 769 786 904 930 975 976 996 
154 290 202 63 475 537 58 424 662 762 776 795 796 807 838 861 892 900 964 983 239 219 126 79 201 557 112 249 293 120 313 103 344 389 411 61 593 686 874 911 950 
530 568 181 320 44 589 784 471 319 519 179 383 697 769 863 
497 450 101 319 368 66 750 856 584 324 47 223 332 839 872 951 
281 472 587 254 646 988 564 450 648 731 826 829 
397 422 399 524 273 653 691 890 934 218 304 366 597 614 635 873 950 964 
128 173 48 189 481 143 513 315 523 517 567 562 473 171 634 650 777 806 844 576 203 285 382 514 512 119 358 366 256 202 596 615 660 714 805 820 929 965 987 
86 557 518 160 609 699 547 220 720 779 820 822 
35 370 148 243 282 512 273 221 310 663 691 835 847 915 934 997 384 322 118 242 196 586 527 464 143 661 715 767 862 910 913 983 
565 6 215 136 419 205 327 479 212 604 608 611 632 729 761 797 816 901 904 940 951 962 968 538 405 64 135 266 284 154 447 500 339 188 194 290 5 663 694 743 744 773 853 870 961 972 
97 584 527 260 437 100 70 228 570 487 624 661 871 431 140 266 519 84 344 136 154 419 86 669 873 901 
464 506 763 919 922 996 998 591 17 12 150 170 620 642 
63 236 203 338 393 352 662 894 930 311 277 590 159 27 165 661 697 797 
378 384 551 300 367 417 225 876 883 516 282 133 188 137 661 662 734 
152 577 509 495 903 155 357 61 654 751 761 
364 183 362 298 220 648 675 171 348 608 786 847 969 997 
326 669 721 860 945 203 515 300 928 967 970 
262 142 580 548 277 323 635 643 820 898 273 32 205 494 557 93 560 122 194 912 964 
165 121 285 415 744 865 80 254 545 607 678 844 
153 594 327 754 779 951 476 118 463 553 821 927 959 
273 221 524 449 28 613 651 653 997 256 101 495 168 654 701 717 929 948 
335 259 708 842 865 243 137 781 955 976 
2 565 632 754 779 792 901 940 51 603 18 22 650 812 883 902 941 
535 383 60 419 153 479 2 311 212 594 565 112 632 640 656 729 760 778 779 792 816 901 904 940 951 229 368 310 495 225 61 54 121 100 561 529 600 161 463 469 616 635 662 723 773 791 813 830 890 960 
108 592 655 680 818 548 100 636 720 725 861 
443 445 87 477 164 451 619 689 826 893 913 255 80 410 502 458 58 154 393 701 754 901 921 
212 153 407 360 136 82 50 205 594 659 729 792 797 901 951 962 995 275 543 461 271 317 514 575 70 161 66 128 25 7 130 678 697 700 846 
520 715 811 841 874 896 50 308 312 267 526 201 856 
524 370 512 310 273 397 449 282 605 35 221 148 653 663 678 691 847 934 997 347 10 539 183 264 434 34 729 736 737 738 760 792 845 877 904 914 968 
516 569 682 750 859 877 907 451 579 511 590 623 680 805 
335 406 623 629 639 744 874 591 10 101 240 418 691 
137 644 728 762 805 810 964 291 22 608 277 755 934 
72 3 200 460 759 813 975 183 96 406 453 93 995 
269 538 338 795 828 452 35 296 327 206 
610 132 913 932 986 414 297 198 160 885 970 
232 165 358 582 223 121 415 111 520 677 751 793 846 872 896 944 969 483 253 596 267 177 18 175 490 561 583 517 638 795 830 902 934 
354 54 526 553 742 850 967 225 499 128 566 221 745 
188 580 346 645 898 999 419 480 17 213 531 906 997 
335 259 257 121 615 629 790 811 841 874 896 918 944 212 25 254 361 503 501 363 614 717 743 752 968 
595 353 65 437 14 344 405 24 137 978 996 
220 214 237 362 113 868 62 16 160 555 361 927 
94 247 353 242 527 743 782 854 534 315 29 486 667 738 793 884 
438 306 431 140 403 693 902 554 203 472 643 656 774 778 986 
444 161 713 785 821 863 903 956 992 524 247 118 437 464 51 805 861 963 
111 121 579 615 623 811 874 140 230 7 635 909 994 
514 328 140 414 683 710 333 203 675 689 703 801 
338 203 644 728 805 873 900 947 123 247 480 231 100 113 663 715 
607 608 594 116 327 642 729 797 901 261 544 351 557 87 654 967 996 
507 177 254 322 102 432 281 139 396 44 320 366 172 133 436 268 181 756 784 928 978 168 541 566 6 538 473 29 3 315 82 259 103 580 643 651 661 674 693 736 782 976 
128 143 591 517 173 171 748 213 275 570 337 686 719 
548 188 142 602 277 643 649 664 676 696 898 979 629 415 206 256 293 608 590 479 564 721 775 910 967 
374 99 256 84 156 465 558 291 541 746 767 804 817 850 851 884 967 578 62 131 133 527 609 715 780 797 812 876 877 918 922 957 965 
278 389 85 366 266 312 102 320 396 281 400 714 801 802 953 988 54 399 378 119 450 95 244 642 657 676 701 737 753 761 763 845 
500 204 194 12 316 280 442 168 658 716 737 755 24 374 620 432 19 97 533 35 675 912 947 991 
358 121 335 155 615 467 250 13 523 260 826 838 
50 419 91 531 240 608 729 901 904 968 126 405 75 7 23 722 736 738 820 877 
408 80 137 154 267 538 135 577 276 293 389 864 946 
50 60 632 136 656 968 356 17 637 373 596 842 874 
188 468 134 635 471 346 548 602 46 580 323 649 664 781 820 898 972 979 999 166 132 546 633 242 446 102 374 450 627 529 232 275 683 693 795 848 854 856 962 
267 631 616 807 929 468 246 40 785 880 935 
532 548 188 622 781 185 155 675 705 829 
436 281 589 486 139 102 181 85 266 363 278 714 988 22 96 274 479 548 458 513 211 246 15 647 912 979 
42 275 385 495 863 646 63 761 787 792 
556 448 572 600 545 183 589 575 149 365 696 989 
188 30 635 643 696 727 898 948 272 427 543 480 516 478 653 787 965 
128 591 173 562 171 513 48 189 777 319 296 97 607 14 779 795 861 996 
524 35 273 605 449 512 653 663 691 840 890 915 997 514 129 264 546 61 173 527 166 633 682 697 820 981 
365 164 104 492 765 893 986 304 455 51 61 810 839 
651 590 613 512 243 605 663 691 934 997 186 112 165 127 493 649 160 420 832 900 
259 582 121 585 335 170 174 751 941 980 984 407 599 88 381 95 605 632 310 140 805 892 936 
184 120 248 609 774 432 138 527 762 803 805 
60 642 608 659 797 816 904 951 519 508 460 324 627 320 680 898 
332 122 62 350 411 231 670 723 731 822 974 259 63 549 428 637 101 464 682 685 691 796 981 
61 638 500 442 200 660 716 788 813 946 985 281 145 129 465 262 62 295 776 859 967 977 997 
656 419 611 729 761 238 1 348 465 873 976 
296 302 442 61 194 305 658 72 737 788 813 920 925 270 58 290 98 180 4 591 747 823 942 950 953 
409 502 94 70 17 33 527 22 56 16 544 470 595 679 711 743 831 871 942 214 427 171 633 188 535 323 593 299 227 597 86 68 598 442 662 771 773 940 963 
80 393 439 154 49 303 522 586 538 597 416 424 555 202 762 787 795 810 838 873 894 947 983 296 598 661 319 363 2 608 331 316 524 271 141 188 100 83 75 432 751 792 934 937 967 
613 653 593 651 370 678 934 594 79 52 631 806 927 942 947 
635 142 262 468 643 781 820 982 576 247 65 399 400 570 691 902 
26 358 579 846 865 268 189 160 391 566 938 
127 697 744 751 916 319 34 690 834 851 
34 190 464 193 106 927 996 281 626 693 722 728 867 
515 77 724 770 873 431 549 516 751 989 
326 183 220 545 556 601 675 764 849 895 226 258 595 322 289 710 718 722 765 800 993 
332 122 62 350 657 67 718 723 731 738 974 80 97 396 424 343 565 192 220 673 790 
128 481 315 189 173 35 290 90 830 970 
413 230 264 197 496 211 387 331 330 683 881 960 976 297 93 500 469 361 50 419 244 357 711 905 946 
368 187 96 101 201 68 10 750 553 177 300 309 670 677 747 895 
335 697 715 790 874 86 633 189 514 256 122 
130 364 600 448 669 545 489 116 638 479 645 630 
532 142 635 696 898 495 499 637 54 6 921 
582 32 620 476 335 697 744 872 911 673 480 11 490 433 804 814 829 892 977 
613 573 35 397 370 663 221 524 890 997 545 603 62 126 611 686 797 958 996 
409 218 661 242 711 830 854 69 316 250 298 514 716 725 844 
125 38 160 23 539 1 86 557 163 235 609 685 699 766 845 875 943 203 277 259 614 528 327 563 83 119 159 656 561 510 782 809 934 940 942 
484 201 516 150 319 561 412 859 330 567 281 80 242 762 765 820 
118 201 187 283 614 750 757 859 912 396 403 142 196 657 470 541 651 810 879 
514 452 197 140 482 55 95 413 672 138 195 379 387 630 710 960 976 303 286 168 90 42 643 393 97 463 170 354 48 761 938 963 973 983 
160 560 735 882 943 310 584 46 54 459 
680 176 184 337 461 75 286 557 824 507 537 358 657 78 467 744 781 951 
374 558 354 54 469 84 465 553 742 767 851 937 967 569 125 265 586 634 348 678 36 368 711 862 929 939 
83 255 400 432 172 389 363 369 105 123 338 565 830 913 999 
256 18 374 742 967 107 281 496 844 908 
87 533 446 445 492 226 365 52 104 610 131 224 765 826 913 269 470 563 330 363 630 4 14 101 717 779 868 899 950 953 
332 122 62 731 974 228 132 666 319 959 
273 613 321 593 590 651 148 246 243 370 35 422 512 440 573 653 840 890 934 615 62 657 510 101 664 272 519 379 383 726 763 803 857 871 889 943 958 
389 133 425 366 855 209 256 567 710 857 
452 330 381 627 197 504 438 328 264 140 95 387 431 230 695 771 780 866 881 902 914 976 990 185 522 79 360 254 298 667 579 488 633 550 534 366 262 643 81 435 284 175 559 53 816 906 
399 148 524 243 440 328 137 471 594 242 83 
504 403 140 387 264 55 381 197 693 710 803 914 976 363 298 26 497 553 537 185 714 795 870 873 934 962 
142 471 676 649 635 395 468 188 717 781 820 858 898 948 14 648 203 316 197 102 355 56 493 389 710 775 797 968 
666 335 232 223 415 585 674 165 121 26 467 677 174 790 846 865 874 144 508 442 587 651 27 41 140 611 338 277 597 33 203 716 801 804 931 
204 119 227 732 794 177 50 544 366 744 999 
592 86 76 27 680 824 885 514 70 569 405 748 810 837 976 
322 389 486 756 953 988 611 547 332 509 559 767 922 
90 326 298 220 849 860 966 637 605 464 258 610 805 875 
279 271 283 484 66 552 167 730 745 856 878 126 120 477 19 80 532 160 140 256 742 
385 546 19 219 713 848 863 524 489 630 370 413 512 126 
10 516 101 107 489 358 27 460 70 760 
335 406 26 196 217 790 918 44 188 645 450 710 900 956 
527 17 386 353 247 871 507 80 75 721 892 900 
161 40 713 786 848 992 467 199 153 291 525 933 
606 121 467 32 259 839 874 272 24 498 407 446 227 88 985 
288 101 561 167 118 36 534 516 66 880 480 485 242 471 438 374 850 873 946 965 981 
98 683 482 514 496 92 630 197 95 230 695 195 414 780 866 881 902 914 970 669 45 222 177 299 189 171 692 696 154 101 52 191 705 738 795 822 945 994 
65 470 158 79 679 388 100 178 47 554 228 247 544 661 574 242 527 571 830 854 908 965 312 135 296 686 305 220 129 672 62 559 418 431 536 229 7 515 716 764 866 883 885 946 
428 125 557 163 845 885 70 141 350 20 804 984 
456 703 258 707 577 459 385 628 355 444 275 550 40 509 725 736 821 834 848 863 954 992 3 573 79 293 127 234 540 201 298 551 538 24 719 750 765 819 883 888 931 967 986 991 
166 646 637 568 342 855 39 695 215 257 591 742 
476 612 674 217 415 122 631 636 593 982 
336 658 250 480 344 119 638 227 324 3 159 483 72 755 813 905 957 11 532 338 376 225 697 711 98 309 123 679 126 272 51 754 821 840 
696 46 134 188 979 605 576 295 689 623 
332 122 62 231 670 974 97 669 322 65 98 512 
366 363 141 281 432 266 801 445 220 634 319 539 159 713 335 
463 7 293 566 426 64 253 501 404 454 373 341 20 129 722 733 739 747 862 864 917 923 936 959 1000 255 448 86 95 609 470 424 56 163 572 333 183 376 14 126 592 67 272 419 725 736 922 950 952 
572 220 183 237 601 90 758 635 706 169 771 776 836 980 
720 7 463 293 64 404 426 566 923 959 640 210 235 227 669 85 555 667 37 900 928 
332 122 350 657 670 731 740 974 374 465 324 157 256 608 774 948 
154 202 198 236 80 203 668 338 93 424 57 728 828 892 983 507 496 119 70 104 390 173 750 777 803 826 874 911 965 994 
546 355 19 563 161 444 713 135 491 736 786 834 954 992 720 439 185 299 609 374 679 189 792 800 817 873 909 925 986 
290 439 245 137 435 303 393 795 894 33 426 363 11 691 87 76 575 977 
468 649 188 820 972 328 751 796 873 903 
110 616 439 631 202 488 57 303 290 80 287 352 203 58 245 724 762 776 787 795 805 828 873 305 395 79 667 514 214 232 397 513 273 182 444 337 335 732 797 826 857 903 913 942 1000 
327 50 608 212 594 632 360 659 640 611 2 153 240 779 797 904 940 962 968 379 613 203 54 355 202 226 139 293 236 498 359 102 579 465 402 245 208 795 849 
368 412 702 37 167 569 768 856 859 912 446 303 242 438 164 126 128 772 789 842 
332 122 62 67 657 670 350 690 723 340 738 822 974 236 292 329 61 187 194 478 389 589 485 916 961 
324 296 698 74 441 72 194 61 318 200 3 460 227 329 344 813 946 957 985 281 221 23 333 419 409 254 728 148 531 106 135 469 772 796 868 913 918 938 988 
720 7 463 64 501 426 373 293 747 923 936 48 354 33 308 514 201 158 408 847 867 
45 1 160 180 126 75 377 440 580 484 598 516 26 80 962 
75 557 684 401 23 86 461 824 139 519 64 387 574 9 204 940 
563 135 725 444 392 713 775 786 903 613 640 361 633 720 737 832 943 949 
441 250 460 159 227 638 324 660 61 336 344 124 296 755 813 925 957 736 637 251 551 217 49 131 348 613 138 579 167 197 820 821 874 
332 62 122 67 350 670 731 740 822 974 402 710 281 613 178 79 29 626 640 118 813 
720 7 463 566 293 426 864 936 274 65 98 303 413 400 807 904 
332 122 62 738 231 723 974 260 189 337 338 475 202 950 
164 445 765 913 935 310 455 155 426 874 
354 374 621 688 256 99 469 105 402 465 541 686 553 767 850 483 714 366 380 702 322 194 197 95 81 501 797 834 854 893 960 
97 437 39 576 353 17 527 251 70 33 626 242 228 661 830 870 871 908 942 477 157 594 19 455 221 344 51 142 284 623 508 538 359 781 824 881 910 929 967 
615 666 111 603 677 525 196 358 232 170 751 865 874 918 980 92 564 251 434 126 548 685 389 379 382 594 698 175 377 817 854 
101 151 175 118 702 368 750 200 621 268 131 545 831 871 992 
374 54 636 526 469 800 850 504 559 747 876 892 901 
720 733 463 293 501 404 373 7 1000 673 746 109 363 387 354 201 660 926 
128 315 634 562 48 143 189 523 481 806 844 169 443 455 142 161 203 10 699 159 763 868 913 
464 511 192 886 996 319 480 441 228 86 
489 68 745 682 319 123 150 96 368 673 421 588 37 614 505 484 175 299 271 412 757 837 877 907 366 419 480 724 384 168 75 186 713 85 460 428 203 276 261 122 445 754 827 861 906 950 974 997 
26 620 540 654 520 165 666 257 744 170 865 916 576 599 668 536 662 15 128 727 201 279 784 928 
445 443 114 826 986 623 474 99 70 901 
51 234 464 466 773 922 550 396 637 332 31 
212 607 153 604 778 779 792 951 968 126 370 750 86 716 610 355 368 907 
500 638 442 316 441 61 329 324 716 737 813 467 428 157 123 616 374 767 814 836 903 904 
700 363 254 181 633 133 801 184 223 354 152 382 494 904 
107 484 682 319 96 750 877 242 91 464 765 797 867 994 
448 545 721 860 895 259 442 87 59 893 
294 441 159 316 3 617 199 946 459 395 283 238 446 370 306 430 
535 608 376 116 153 792 940 704 16 107 165 613 430 475 
136 565 535 153 91 327 60 6 594 301 240 659 82 778 792 797 867 904 962 522 683 51 35 41 140 647 265 290 242 637 142 480 599 396 202 844 920 939 957 
81 93 662 154 728 80 586 439 361 616 287 236 538 795 810 232 134 444 254 513 429 681 655 233 363 826 834 942 945 965 
317 390 169 559 596 4 51 922 927 987 183 691 332 350 116 748 637 32 439 230 319 
572 90 669 933 966 62 711 241 52 830 837 
689 533 9 652 451 741 87 519 492 826 893 913 986 157 119 669 342 469 757 681 713 110 316 408 142 102 
680 184 75 27 295 557 560 824 938 246 533 441 259 505 83 356 810 862 
256 465 636 469 553 374 156 18 149 84 742 686 541 850 937 952 967 52 98 560 22 755 234 316 453 700 309 286 89 593 314 797 861 881 
101 516 730 279 238 201 877 513 322 426 477 474 353 43 840 
160 59 86 539 126 774 931 587 131 202 585 58 863 905 
424 538 668 202 805 219 506 239 181 150 
157 693 452 140 970 976 545 133 582 721 661 845 
366 363 44 172 425 928 973 428 167 65 730 526 732 792 
333 317 405 190 53 234 106 508 490 88 206 575 753 857 897 950 996 366 227 413 89 296 130 570 608 300 359 538 275 661 594 117 526 841 
86 180 1 655 126 15 337 769 875 310 723 17 627 7 785 833 854 919 
563 577 275 736 161 786 821 834 848 903 548 183 635 367 293 5 696 283 522 836 991 
93 728 290 586 964 721 658 354 131 464 396 
128 591 513 650 562 48 171 47 422 119 724 793 809 863 904 
608 761 754 940 971 22 16 424 161 627 
608 116 607 479 604 419 729 754 360 792 797 650 17 689 392 350 555 592 576 399 527 404 
514 482 710 306 431 693 827 866 909 58 553 636 101 336 517 316 142 544 
580 645 664 30 46 643 142 277 696 188 89 548 820 858 972 404 121 405 685 343 606 743 120 389 75 214 159 886 990 
626 178 576 251 79 814 830 854 871 942 118 375 402 680 633 284 46 848 909 959 
90 252 809 966 977 463 428 418 271 816 873 
389 281 172 587 633 477 751 490 508 877 900 
628 161 42 491 135 863 644 344 246 774 181 212 
152 244 182 707 775 577 736 40 459 563 135 725 848 60 299 543 585 49 140 179 579 143 557 600 854 883 923 
198 236 424 662 439 21 728 290 352 810 929 947 8 647 331 560 540 533 649 304 83 902 915 940 
61 159 302 316 658 660 124 813 946 7 9 236 141 427 261 392 247 193 992 
524 273 370 512 221 840 890 915 997 344 190 470 363 76 730 819 976 
705 674 623 697 874 70 375 126 670 148 995 
348 390 380 213 536 490 51 927 996 608 316 522 277 352 220 890 939 
779 82 608 607 760 611 531 334 761 754 136 995 31 118 647 243 613 488 662 772 40 532 725 873 941 
620 579 582 217 969 72 626 169 777 795 
316 318 227 698 957 37 512 290 345 904 
762 430 662 728 272 236 49 726 81 203 290 77 586 618 162 410 555 515 828 833 930 317 793 539 44 62 643 710 729 166 650 524 122 492 620 695 472 249 872 913 996 
586 57 58 297 805 838 929 732 657 445 2 727 582 913 951 
212 594 479 383 60 327 311 729 240 419 632 779 761 611 407 656 376 565 867 951 968 283 326 288 448 257 678 121 597 696 516 65 757 767 636 742 728 42 808 810 843 959 
254 530 400 255 83 342 320 322 139 855 949 353 206 345 176 203 80 354 418 861 906 907 
114 446 451 826 924 27 190 257 128 11 85 
746 541 18 374 804 7 725 669 450 468 379 
396 486 637 389 278 719 133 181 44 472 756 51 444 417 537 630 335 697 835 848 959 969 
83 637 396 139 953 348 399 430 149 137 992 
211 157 695 233 109 514 264 881 902 691 5 655 463 372 529 724 348 871 
54 800 553 558 526 402 636 149 256 374 817 851 967 325 114 697 396 76 677 64 712 830 873 883 904 931 942 
728 236 202 458 49 424 80 770 267 21 198 137 616 631 796 375 538 203 861 873 894 900 983 319 200 151 306 591 317 655 628 701 654 72 186 318 614 218 50 288 563 548 912 935 988 
128 591 513 523 315 567 748 104 137 26 250 70 663 1 860 
154 644 586 338 202 424 21 361 810 500 128 556 739 106 214 359 813 
193 464 51 347 317 190 857 328 56 465 331 82 797 928 
183 556 783 113 860 945 966 191 428 47 777 680 254 821 
488 81 198 662 410 21 787 616 303 807 137 179 564 58 762 833 892 947 274 188 562 409 175 26 766 797 682 11 699 652 360 492 456 150 856 874 
335 462 208 406 232 629 165 582 612 623 259 865 874 66 309 157 393 339 470 322 439 527 380 870 871 1000 
23 557 160 428 235 284 377 334 168 607 550 636 226 348 211 
755 3 617 441 316 658 660 460 324 737 280 716 788 732 483 119 946 985 362 144 738 90 583 482 807 393 537 608 439 136 141 384 131 489 859 974 
470 502 242 782 854 677 116 25 252 755 
360 419 212 565 940 951 968 413 524 121 220 907 
82 594 608 212 656 2 693 577 783 527 973 990 
804 372 354 84 636 291 967 26 744 725 474 39 509 898 959 
126 86 609 184 75 395 435 349 313 848 
22 309 409 251 854 410 789 99 713 821 
548 602 468 532 696 89 781 664 643 277 580 727 30 262 134 858 972 737 640 565 504 591 445 424 681 651 23 592 158 173 581 567 914 951 953 
182 775 628 546 135 577 275 459 42 152 713 903 956 353 737 60 454 716 566 819 604 134 809 874 891 953 
332 122 62 738 731 499 657 231 304 843 974 545 336 710 162 592 42 335 839 845 865 889 
384 547 434 418 367 445 192 660 874 896 
377 160 27 108 685 735 766 699 184 451 194 743 283 372 370 340 192 865 870 
505 241 279 167 201 118 877 912 250 332 302 209 851 871 934 959 
9 87 429 689 443 445 131 492 799 132 533 446 765 752 610 43 104 519 226 451 893 913 924 932 191 196 130 245 251 273 19 502 762 728 244 589 441 724 242 639 237 40 474 515 943 957 985 1000 
313 157 780 140 993 750 393 220 125 980 
80 795 81 269 424 728 618 236 724 217 561 369 380 133 220 305 830 875 884 
64 7 463 373 959 645 83 538 589 677 190 901 
711 679 782 70 100 743 502 309 584 854 887 921 222 671 804 220 608 764 424 524 828 579 687 620 443 
100 661 17 527 921 509 236 184 745 187 
197 369 514 306 403 331 902 201 736 571 185 580 61 366 653 
810 795 154 267 947 964 403 266 774 485 851 996 
775 725 713 509 495 956 762 101 742 666 167 197 
246 593 524 148 997 303 98 357 110 801 854 
303 416 522 236 80 290 543 93 202 361 873 981 160 561 551 354 492 755 463 775 721 844 856 959 
516 150 25 750 288 699 325 764 901 934 987 
538 662 796 586 929 438 19 159 419 286 639 
232 708 121 111 170 174 259 358 579 588 652 822 233 479 193 354 377 
789 691 651 449 370 35 934 584 275 425 716 354 768 520 
579 612 623 155 165 281 773 496 929 974 
259 32 174 606 520 111 223 191 730 118 315 244 642 75 900 920 976 
332 122 822 350 231 411 974 33 797 90 54 125 425 163 887 
128 591 513 48 748 189 173 562 688 225 836 472 761 603 209 679 933 
15 498 38 401 126 59 680 284 163 712 539 377 235 286 86 853 938 229 363 177 822 7 771 613 87 538 637 174 323 567 290 947 949 
665 257 620 697 852 874 611 453 545 482 527 123 383 
449 613 593 273 399 934 572 600 12 196 733 264 
355 275 703 786 459 182 161 707 775 713 577 903 363 818 294 801 469 560 96 643 782 553 853 862 871 
326 90 701 24 669 130 220 933 966 44 729 201 247 80 507 509 858 979 
621 84 372 105 636 767 229 356 402 354 526 742 746 937 967 709 380 492 458 185 389 516 50 259 261 95 873 899 989 
804 636 99 105 156 686 54 666 482 400 833 825 538 380 
579 359 846 223 941 57 86 310 290 514 
126 71 163 845 160 180 523 480 317 594 848 446 137 
584 251 409 265 117 554 242 309 527 626 819 679 830 70 353 447 782 711 470 814 871 942 965 179 774 643 264 744 370 203 505 119 742 786 406 363 511 296 157 835 334 216 886 922 948 951 994 
692 798 133 363 177 216 714 22 236 369 259 251 183 28 945 
101 299 368 37 412 123 702 561 118 319 588 283 107 175 730 151 25 877 912 524 111 449 575 643 38 220 47 306 13 523 106 836 612 810 67 932 973 988 
261 380 169 348 398 808 773 464 317 8 906 245 691 101 460 133 48 728 159 214 40 692 935 
532 188 781 323 696 820 948 281 401 464 582 849 890 939 951 
569 682 68 614 681 201 730 40 813 394 148 658 53 906 992 
758 601 809 572 701 391 806 334 23 946 
805 439 57 110 361 564 308 375 303 537 352 586 23 750 350 556 650 628 798 415 767 609 943 965 
293 463 720 7 566 593 766 686 435 848 
509 270 785 628 647 703 713 161 152 244 992 348 769 360 544 777 59 582 486 587 928 932 
720 7 253 566 293 64 739 463 211 254 641 160 283 218 885 970 976 
415 285 665 697 585 26 744 359 751 174 606 811 257 520 603 579 259 896 911 527 452 824 382 137 268 451 308 577 53 822 119 201 128 150 203 426 890 903 908 
138 780 452 710 95 693 455 369 496 902 970 990 570 290 507 711 362 25 512 897 927 943 951 992 
535 153 797 103 761 327 904 962 401 757 269 538 235 400 667 733 292 
220 252 625 214 90 572 994 143 732 303 748 689 951 974 
366 281 400 322 172 153 435 72 213 411 
186 576 743 70 554 487 117 335 594 695 811 443 824 169 
470 16 743 56 570 854 661 242 47 17 487 100 595 584 706 70 782 386 247 79 94 908 942 370 691 811 324 463 275 848 171 380 299 217 745 101 825 528 803 286 486 302 204 883 963 964 
259 677 620 585 916 588 522 320 577 795 892 
297 668 416 391 290 287 269 202 475 836 662 57 179 58 728 21 631 537 805 49 147 394 900 725 479 146 482 804 319 595 318 252 188 590 695 528 659 850 254 709 227 792 783 727 898 925 943 
335 674 165 325 525 744 623 170 285 790 111 406 26 846 697 811 127 612 629 615 708 984 821 538 724 810 737 210 416 539 823 380 441 247 642 586 91 572 53 188 741 882 886 903 957 
680 160 774 23 76 150 541 701 828 983 
69 418 457 434 598 349 209 551 891 746 197 251 442 368 358 636 546 353 953 
150 118 561 757 319 856 201 505 241 288 768 283 825 516 750 101 614 175 379 58 409 640 174 46 553 636 287 613 124 125 784 373 60 384 346 995 
561 96 702 175 107 271 101 321 212 79 278 473 512 921 954 
233 264 197 140 902 429 682 32 915 977 
66 201 709 516 912 82 644 212 324 527 
381 710 803 672 98 693 140 31 482 485 767 21 196 456 743 161 221 271 912 985 
684 75 248 284 931 483 874 440 355 91 
367 418 225 417 598 69 300 551 349 339 307 711 786 460 871 447 322 101 804 303 713 607 898 
256 54 374 291 553 636 937 967 309 828 58 196 11 164 140 626 966 
284 27 539 699 712 125 711 348 864 619 354 133 66 
508 511 749 889 998 781 499 854 125 874 975 
158 830 65 251 576 17 498 243 326 102 843 492 
153 565 419 301 968 450 564 713 214 957 
4 169 559 380 886 190 906 950 996 157 822 303 441 691 432 82 137 197 
691 370 35 678 789 590 651 263 573 221 989 170 791 231 157 608 203 865 230 858 898 
551 434 876 547 418 223 821 576 571 938 
290 439 724 537 586 810 58 677 654 872 526 746 224 4 706 
365 826 451 445 765 114 87 652 131 610 935 101 758 285 479 495 113 516 742 187 394 116 
597 726 272 662 805 234 500 562 88 966 
758 669 364 252 90 183 545 572 24 933 977 994 247 463 316 80 148 423 673 313 476 50 251 970 
620 623 585 612 865 179 93 823 536 949 
773 464 190 192 405 927 121 437 381 866 913 988 
635 696 643 89 46 188 622 277 602 395 676 649 948 51 890 115 449 41 259 873 883 322 656 256 817 978 981 
317 34 29 206 927 189 850 565 689 243 972 
805 439 110 873 586 631 842 784 653 722 706 705 
640 611 608 632 153 535 419 212 407 607 594 904 951 968 971 317 610 189 837 595 381 117 203 368 829 746 251 752 84 903 974 
693 485 514 455 197 866 578 879 157 379 413 627 710 803 330 832 98 92 914 970 787 200 99 620 579 154 175 607 500 72 421 227 220 664 29 919 934 950 983 997 999 
848 258 219 736 459 275 40 509 628 19 775 599 355 821 152 954 312 547 727 901 253 874 755 134 865 409 432 90 728 363 908 998 
376 419 656 205 136 594 761 301 901 212 531 729 407 50 640 867 6 311 608 940 951 971 995 739 368 794 194 129 524 111 613 526 520 804 365 585 550 777 756 216 469 755 167 927 929 996 
119 716 480 460 280 95 86 769 672 228 
427 508 146 889 857 390 4 950 350 859 693 750 798 139 622 456 
450 750 11 614 66 754 317 462 815 798 
79 527 711 871 56 70 743 437 386 921 965 273 474 579 496 903 688 84 865 80 85 912 964 
98 157 140 514 780 960 188 212 725 782 629 984 
551 249 307 378 367 225 384 418 457 220 271 309 743 27 117 593 332 635 221 
257 865 677 127 121 325 984 330 586 125 724 563 934 
187 682 489 880 66 283 856 101 825 730 239 561 175 123 961 82 908 638 602 44 389 218 881 646 523 805 31 451 330 221 93 
451 689 365 610 741 519 826 443 446 87 533 765 224 619 492 114 935 986 437 407 102 296 897 796 748 687 26 593 95 153 551 345 732 412 189 795 728 
381 514 157 695 693 902 98 504 710 413 431 508 123 820 56 613 134 577 396 461 922 971 974 
35 246 321 221 593 370 310 651 789 934 100 527 879 26 227 436 492 787 380 959 
666 872 371 196 259 751 333 71 343 183 731 948 
720 253 566 7 959 288 301 98 502 39 
744 705 623 26 984 732 636 327 934 967 
596 213 333 464 950 902 774 137 962 994 
660 316 302 3 460 544 761 842 71 566 579 
908 831 65 830 22 676 878 610 555 981 
521 380 753 192 763 333 596 490 185 506 53 508 405 998 299 198 854 240 531 443 720 700 449 422 636 239 279 914 111 
720 722 463 404 566 426 733 959 786 130 515 445 227 65 76 980 
131 826 799 451 986 367 297 240 384 978 
159 305 296 660 737 316 61 280 957 247 153 511 44 164 216 107 467 873 725 
545 220 343 252 977 516 242 747 492 140 172 
667 763 897 317 261 791 185 899 996 998 400 604 66 663 323 904 538 42 866 625 
268 396 254 276 85 320 166 281 83 255 133 583 772 322 633 973 988 6 601 191 421 174 808 520 481 439 161 134 73 500 722 863 751 323 932 
245 391 137 838 515 796 236 308 538 787 375 644 287 939 947 396 743 605 353 686 457 381 841 591 904 205 106 447 940 972 
245 81 352 795 555 202 597 370 585 133 277 511 365 387 65 
882 23 769 108 71 804 713 460 697 79 
131 533 451 826 43 619 464 928 863 856 311 998 
849 237 764 220 895 343 966 482 376 257 203 707 562 844 
273 35 310 663 282 397 847 148 915 593 613 449 691 590 653 524 840 370 399 573 221 989 997 825 918 695 324 236 662 837 289 902 371 441 419 464 367 414 680 620 911 212 378 133 341 616 955 
741 9 443 224 451 446 445 492 477 87 132 893 43 913 644 154 857 333 414 557 44 177 805 489 117 937 946 949 
720 7 463 129 293 739 733 309 358 256 654 45 156 387 
884 850 686 526 354 767 465 54 374 273 545 495 296 662 45 242 935 
766 845 539 86 160 428 286 235 125 419 362 732 206 413 374 665 683 891 946 
93 391 147 203 929 202 515 947 981 791 686 322 497 273 858 105 227 761 
729 116 50 904 594 815 778 112 760 607 212 327 608 951 958 138 661 553 97 787 148 584 929 181 72 510 735 573 680 980 
196 654 852 359 944 607 792 224 502 280 
502 100 854 661 782 871 218 17 447 743 265 965 804 728 184 573 123 762 226 680 524 663 660 82 
184 560 126 581 401 680 337 357 23 428 493 684 5 75 861 503 866 873 276 122 243 736 826 209 53 691 7 159 
941 623 579 127 525 620 133 233 305 124 957 986 
809 130 601 362 90 343 220 994 421 165 710 281 263 762 187 855 
3 72 74 788 159 813 324 61 119 12 200 296 759 329 658 732 957 975 474 539 709 641 136 672 935 231 938 566 463 711 860 966 974 
810 137 287 631 939 290 338 538 929 833 80 458 77 787 662 488 663 95 318 217 161 86 638 845 194 119 316 572 294 953 956 957 
134 858 277 696 649 188 532 898 979 374 556 854 198 916 605 155 723 330 974 
472 181 363 44 366 798 281 896 125 736 935 316 845 522 
508 317 575 474 53 8 190 213 906 919 889 773 466 169 234 88 991 998 148 104 750 231 720 561 571 740 562 660 590 119 902 441 319 141 689 586 
594 797 815 531 940 901 754 904 611 376 656 608 419 604 962 971 588 119 868 685 216 562 820 246 858 796 854 170 866 154 190 989 
541 256 767 354 967 353 35 482 720 976 
568 637 400 281 425 78 802 700 389 876 459 689 821 660 188 820 947 
725 577 275 135 713 19 161 903 956 95 128 878 421 514 557 4 37 955 
133 172 322 400 530 425 44 41 606 93 340 128 954 559 934 251 
456 834 258 821 628 577 954 152 992 65 126 947 413 501 705 525 15 389 
716 204 794 61 925 737 194 3 480 227 119 732 946 296 316 441 203 555 874 947 761 176 944 69 636 888 113 395 522 564 286 826 
419 383 940 376 968 284 678 691 184 992 
720 7 463 293 566 917 829 253 454 341 923 722 129 426 501 1000 817 178 418 801 797 836 239 825 419 604 915 690 782 410 101 490 
157 683 95 672 909 742 451 526 359 128 608 
151 319 288 516 912 226 93 731 594 50 
594 867 761 301 729 103 327 212 565 611 153 951 536 643 331 118 919 165 411 392 695 734 970 987 
102 177 41 85 363 661 683 628 871 53 
586 290 154 538 137 58 394 352 833 776 616 236 80 57 308 515 63 287 981 19 602 428 306 908 509 590 196 234 871 448 364 84 200 577 166 422 994 
247 584 544 70 487 218 711 251 942 178 854 309 576 908 437 470 17 33 494 389 294 636 475 724 591 315 861 649 463 156 104 551 35 762 356 243 304 709 236 
764 701 933 362 849 545 130 572 809 783 977 295 236 563 894 884 121 946 4 118 424 
374 952 621 256 767 636 804 469 688 149 402 817 229 54 884 372 850 354 105 686 541 658 662 447 601 578 632 133 359 743 260 339 918 98 175 635 713 540 273 368 451 313 
729 640 815 531 901 212 958 103 754 888 153 642 50 594 797 327 7 54 571 409 319 696 623 370 35 399 613 408 25 260 510 988 
257 259 540 165 793 620 585 600 801 411 283 245 553 
211 514 264 95 381 902 771 866 306 157 379 92 710 976 990 273 671 203 80 237 76 601 370 619 372 65 962 347 864 101 895 
778 419 904 951 901 366 181 330 149 914 
643 548 134 781 820 727 982 999 929 335 512 66 280 899 594 34 
44 102 928 772 363 683 121 816 533 856 
332 122 62 350 731 231 822 670 657 738 411 723 843 740 340 304 718 499 67 690 542 222 39 27 492 841 813 17 946 327 281 74 409 451 26 100 901 463 868 357 70 948 750 914 
946 617 480 119 61 543 571 478 70 585 886 
549 351 306 413 693 157 771 195 672 140 431 381 970 504 683 233 95 695 264 98 993 286 58 137 3 165 633 322 952 659 117 229 585 789 699 842 130 488 864 45 606 
448 214 478 966 783 545 113 926 895 220 994 658 21 726 242 677 879 42 100 154 160 
322 568 633 472 266 363 306 487 898 924 339 624 470 
643 948 635 717 188 322 646 87 256 293 849 
208 654 165 127 744 40 923 161 721 827 940 
203 836 939 964 179 522 272 424 81 93 709 335 217 87 921 176 657 898 470 651 
468 188 262 972 664 715 63 110 61 366 
352 435 555 586 724 63 805 662 236 875 89 902 128 683 61 319 593 366 
911 165 654 874 918 259 196 221 712 390 258 522 61 909 
433 316 159 813 732 460 658 227 493 826 881 75 439 455 708 512 
619 652 451 913 765 924 752 280 713 279 944 304 725 465 627 
763 146 51 185 998 350 962 591 550 837 
83 928 637 700 589 486 172 181 268 436 363 177 646 805 968 566 438 446 897 4 370 732 508 7 337 856 
370 282 934 397 890 668 850 385 25 951 648 
693 140 452 866 455 970 86 816 548 524 781 506 
464 88 193 950 51 348 261 453 380 7 63 121 311 525 775 713 638 
707 161 244 40 863 392 289 628 956 135 577 713 42 725 459 859 94 109 788 866 350 958 745 291 236 92 273 212 802 100 361 
95 452 827 976 197 157 476 273 10 172 669 347 352 
326 252 977 503 895 868 113 214 945 220 205 854 629 724 757 919 4 964 529 710 537 
904 383 215 611 792 203 790 332 617 877 471 
596 390 29 453 773 169 889 317 213 791 53 427 333 206 51 749 667 508 190 34 927 405 998 119 585 795 551 522 833 904 231 678 383 61 353 191 384 212 482 296 566 624 632 650 101 
835 653 678 613 273 789 605 651 422 28 593 524 512 310 934 504 123 600 750 902 441 201 658 381 469 97 157 267 174 567 622 
596 380 34 333 922 53 927 886 464 996 987 192 950 508 115 322 277 126 903 95 932 340 320 196 450 65 367 235 181 48 442 
972 277 622 548 580 643 188 285 329 144 687 393 902 128 698 
720 7 463 293 426 747 959 50 826 451 63 811 728 335 532 
