1000 9767 0
320 356 449 744 770 30 41 63 249 371 411 433 464 503 549 551 578 583 647 727 781 807 811 863 875 927 931 954 956 
34 233 298 753 956 102 214 244 282 343 365 370 373 398 441 504 598 698 821 875 923 929 952 967 981 991 
130 541 28 107 148 169 461 549 614 813 857 927 995 997 
21 592 144 291 292 296 330 430 641 752 996 
135 834 844 884 40 59 68 209 228 278 294 331 441 449 450 557 561 573 578 583 698 856 928 
638 778 102 118 146 220 353 445 727 746 835 866 
43 395 656 175 521 551 745 782 788 953 1000 
495 769 915 13 26 100 199 269 298 394 411 553 575 641 660 698 726 796 897 
758 819 32 177 192 390 401 446 615 645 743 800 
215 302 387 192 232 244 274 312 358 549 648 657 771 817 853 931 
227 243 354 89 101 153 179 192 283 414 467 553 608 651 705 737 857 869 930 
326 824 34 95 103 176 292 381 512 551 558 578 612 819 984 
125 128 351 590 831 8 55 56 66 158 173 291 368 399 488 553 613 637 654 744 754 829 853 882 912 979 
430 594 682 701 803 876 905 919 27 91 118 173 185 232 235 278 303 314 328 333 358 385 405 422 425 437 446 477 493 502 505 539 616 749 756 825 840 873 898 925 963 978 987 993 
173 288 335 372 38 98 128 158 175 182 183 289 373 508 599 617 637 644 848 887 889 900 964 
570 110 153 364 403 428 450 629 731 826 
659 762 46 57 184 312 350 385 398 506 556 562 748 782 822 
69 347 449 478 683 80 88 133 157 184 286 297 317 358 420 426 470 533 539 694 794 823 873 875 900 922 923 940 995 
220 515 777 25 156 168 189 292 300 395 420 490 508 728 814 861 
24 238 394 475 514 736 923 21 31 46 54 131 163 179 293 300 325 328 349 379 387 474 482 536 541 581 591 618 626 705 718 776 814 830 833 905 909 911 926 
4 741 870 20 116 225 276 294 392 524 637 670 709 831 846 976 1000 
256 358 526 566 601 727 821 37 69 115 126 128 135 141 152 193 204 212 242 281 286 367 374 386 429 519 549 569 574 592 699 726 767 789 791 792 808 816 963 994 
61 441 814 927 996 63 79 102 154 215 239 318 356 394 408 535 575 587 640 653 767 805 
20 627 869 62 108 119 309 419 558 669 681 824 827 854 862 952 
116 651 19 49 171 240 373 700 760 858 863 895 904 934 961 
70 189 254 362 652 669 702 916 985 8 55 60 75 120 204 270 297 317 333 344 382 400 409 416 417 453 461 512 520 521 575 578 603 643 712 723 733 758 807 808 886 892 908 928 935 938 941 976 
274 590 952 14 162 167 447 452 672 774 777 855 
848 856 3 61 69 142 256 259 290 309 409 433 566 752 996 
49 842 37 251 376 490 541 561 615 833 867 908 935 
942 1 43 339 393 612 615 679 823 985 
55 20 101 163 270 338 407 430 443 943 
954 9 219 227 483 592 602 731 773 963 
71 98 674 984 49 105 121 198 223 243 347 536 605 654 689 744 772 803 831 879 968 
2 582 12 191 192 281 296 362 552 697 775 793 916 
462 723 823 101 144 160 163 208 238 394 434 449 456 497 791 984 
174 192 746 100 127 146 198 219 361 384 386 473 474 492 736 775 850 960 973 978 
544 652 795 29 22 56 109 110 176 291 301 354 462 796 824 962 986 
52 55 818 939 15 265 278 314 452 469 502 638 658 846 899 906 922 
146 149 179 706 157 221 266 320 364 369 381 457 596 681 736 791 846 
50 612 5 89 204 246 407 428 433 573 619 622 642 815 875 
92 439 773 972 1 204 284 308 373 385 416 539 550 632 636 703 777 793 804 830 838 862 980 
364 456 728 112 182 223 273 280 310 338 362 592 818 820 911 916 923 
7 400 539 30 145 164 320 527 632 724 845 
710 989 57 107 121 199 201 238 288 491 676 709 892 960 
57 456 51 250 335 347 448 646 659 762 816 838 984 
316 615 768 17 20 59 126 138 142 367 535 564 571 620 661 835 874 880 943 994 
236 949 950 80 116 144 201 296 322 359 391 449 645 664 727 800 870 914 942 
64 69 744 124 210 236 420 448 508 594 606 607 617 712 743 812 836 843 882 
29 134 178 273 284 747 807 813 839 25 33 112 133 150 154 162 268 301 330 354 371 421 447 487 502 512 520 572 602 612 652 654 661 689 690 700 706 770 785 793 835 862 866 894 923 927 966 
40 329 427 116 122 311 439 511 552 575 596 627 726 756 773 945 
769 779 45 57 127 151 404 418 439 726 826 875 994 
38 252 236 338 340 359 364 435 490 524 659 726 825 925 
848 275 325 423 502 642 728 760 899 909 
259 548 20 88 141 264 314 325 435 597 714 724 768 863 
31 38 175 357 455 460 661 886 927 13 26 85 89 125 154 173 180 183 184 260 298 301 344 367 381 453 481 539 561 563 606 607 633 638 649 675 698 719 756 820 833 843 863 889 903 950 983 
63 713 902 37 13 178 184 477 520 596 639 655 754 764 811 839 
45 385 664 698 853 44 51 17 127 144 236 296 325 344 345 447 457 541 613 647 656 671 694 740 866 885 930 991 
608 757 847 147 150 307 322 385 391 407 442 462 483 495 575 601 694 848 885 939 
269 46 5 189 499 541 585 616 804 933 
105 458 26 201 261 600 743 911 920 966 971 
23 230 397 455 520 826 28 125 149 220 264 268 292 367 368 375 389 427 457 511 633 651 655 702 708 716 726 742 783 813 954 976 993 
75 773 784 833 848 856 949 24 103 148 160 205 211 230 289 301 328 370 422 476 512 574 706 712 724 755 763 772 807 901 915 
56 773 856 1 23 151 488 543 593 766 793 800 
48 391 432 675 851 108 173 224 234 254 280 315 395 402 417 473 487 501 608 610 647 799 818 848 893 907 919 942 
89 121 280 475 987 134 174 234 277 368 372 401 527 558 592 609 610 611 661 719 752 758 778 785 866 906 917 939 977 
703 13 154 342 349 384 446 463 711 797 
514 579 986 244 310 317 428 477 502 539 741 743 
393 562 687 705 925 5 83 150 210 251 252 280 308 352 381 404 527 551 601 627 703 722 752 793 809 927 935 
18 48 312 347 356 399 732 744 865 22 28 101 176 210 216 231 248 251 288 297 301 302 304 309 332 338 367 384 433 512 513 550 569 591 619 629 643 653 719 793 811 812 856 884 936 939 
26 729 71 81 235 296 365 448 496 517 618 727 884 900 
33 501 591 806 70 99 219 224 449 477 504 529 563 574 662 780 782 794 855 884 927 996 
524 560 202 276 355 641 647 663 670 777 782 835 870 916 950 
322 432 889 125 144 187 392 544 600 655 713 787 
85 228 539 789 142 171 184 218 323 350 494 542 583 608 628 666 690 722 737 804 855 876 
62 241 773 798 833 26 174 179 192 230 292 339 402 405 426 444 449 456 539 568 642 672 692 705 711 718 874 963 
264 764 214 396 444 457 533 588 606 808 874 884 900 950 
161 255 144 211 214 339 450 464 511 566 752 865 907 
96 340 900 968 235 277 356 368 498 501 517 523 530 539 579 638 724 803 834 858 869 983 988 
196 491 645 663 853 23 191 206 367 453 543 548 551 614 656 657 749 789 906 969 978 987 
393 18 47 170 209 342 360 362 847 943 
498 583 803 70 144 325 489 579 617 626 798 926 
125 341 380 609 831 935 126 135 149 168 256 261 265 284 295 315 387 441 444 469 578 591 626 643 704 744 821 874 884 898 906 929 
388 578 745 68 229 239 390 432 516 524 867 967 
428 938 249 275 280 423 424 542 647 686 731 804 824 
74 692 857 909 912 55 230 271 338 402 433 446 526 612 646 669 695 700 800 835 957 991 
426 835 152 219 255 328 375 386 561 669 684 705 906 
235 494 106 314 349 506 639 661 668 813 831 881 912 943 
237 350 369 556 592 842 863 54 18 125 140 163 264 299 302 342 347 388 401 410 423 445 446 523 553 623 638 643 670 744 782 844 845 865 896 922 935 948 
65 923 11 40 55 153 236 290 410 526 562 599 773 863 887 
236 368 972 130 247 456 478 486 735 884 941 958 
474 14 123 163 381 444 489 598 652 716 
41 261 784 228 319 385 434 505 520 553 582 643 645 697 709 743 761 762 766 944 
186 265 352 414 549 554 830 906 100 112 143 150 190 266 272 280 296 305 315 477 548 551 619 635 656 753 782 789 818 820 824 831 834 863 907 950 
991 222 330 417 440 442 609 712 728 926 
218 361 12 120 180 258 355 385 423 645 687 826 923 
78 153 446 117 131 135 240 298 398 409 463 478 496 499 526 541 791 969 991 
847 311 354 378 487 671 707 737 973 986 
33 15 358 433 477 529 539 875 903 985 
135 752 71 153 372 439 454 469 501 520 591 705 773 865 942 
611 804 93 36 8 118 370 406 470 942 945 
179 348 525 591 706 806 914 926 995 69 11 35 31 104 140 144 148 155 164 192 217 246 258 288 358 448 456 466 515 527 545 546 564 570 593 677 701 724 765 794 820 824 842 846 854 902 927 949 950 952 
242 853 2 23 6 383 446 450 463 512 536 642 719 817 
292 307 12 62 179 251 305 372 396 573 669 818 849 954 
224 268 466 817 975 101 120 146 197 199 255 257 283 328 350 386 409 428 448 472 611 639 676 677 731 733 744 807 870 
60 248 251 259 541 685 33 111 121 161 184 256 300 304 339 359 396 407 482 514 585 651 655 668 702 732 747 831 857 935 936 972 
512 760 87 142 166 250 315 339 430 476 622 746 766 918 
218 770 3 44 191 192 230 251 270 314 323 344 366 676 804 
246 64 24 421 433 446 549 609 964 985 
120 135 502 778 37 215 288 336 395 397 479 573 585 591 649 906 918 
451 660 16 37 135 171 224 226 375 536 566 569 714 748 755 
328 618 105 171 214 290 369 590 721 743 809 863 869 927 953 
156 270 426 522 797 820 821 42 93 49 123 141 144 192 236 263 377 382 391 433 434 560 592 619 626 661 713 743 748 782 888 916 931 933 947 977 
533 998 314 333 380 381 532 631 702 782 819 862 876 
228 656 692 186 423 436 482 548 574 844 851 
434 775 975 22 125 177 178 235 261 328 386 433 455 631 706 764 927 997 
25 179 334 374 525 615 977 47 21 50 163 175 191 218 229 233 244 297 340 370 400 418 448 550 605 642 653 676 683 687 696 707 745 834 845 848 873 898 941 
157 324 392 519 686 96 126 166 373 395 399 474 575 592 719 788 798 815 848 876 966 
281 367 425 524 877 14 100 6 130 216 218 260 299 345 392 431 520 546 558 581 593 633 747 775 811 824 914 956 
356 865 24 193 304 341 369 422 555 727 797 830 935 952 990 
109 170 235 502 638 854 898 95 26 104 348 356 358 372 380 407 418 466 475 535 561 568 599 615 646 688 699 708 766 817 839 841 874 879 944 952 978 991 
65 280 332 693 782 805 922 987 44 33 105 135 146 175 191 224 232 233 246 303 328 378 389 415 502 580 638 709 713 726 791 867 891 900 937 996 
350 417 711 807 50 176 226 378 563 575 594 702 828 867 883 990 
157 287 354 519 636 679 112 91 136 235 252 264 306 322 325 362 378 402 413 444 481 512 550 631 721 747 786 813 932 946 978 
159 48 129 237 369 468 477 524 831 936 
82 13 317 341 411 521 577 831 952 61 115 73 88 55 139 176 179 189 191 206 235 240 281 367 402 444 460 510 519 520 583 624 631 656 692 744 781 802 808 812 848 856 897 909 910 913 
219 377 509 656 789 871 909 82 46 117 22 142 230 318 350 390 432 446 466 600 612 676 699 717 778 880 885 888 902 936 953 971 
444 816 36 51 57 562 575 581 618 625 705 
13 15 22 144 307 410 540 662 752 857 
415 816 124 280 362 405 433 530 560 740 746 885 987 
3 229 448 777 118 90 135 198 222 322 449 586 714 718 733 853 
252 258 357 460 20 96 229 235 269 274 296 297 326 401 407 409 533 585 598 601 638 728 868 879 
306 635 205 211 413 527 551 587 658 717 821 897 912 
232 358 493 507 724 727 49 18 137 141 161 208 216 259 335 341 376 454 562 567 568 574 586 618 649 650 706 744 816 826 925 949 954 992 993 
49 166 65 152 264 278 340 681 700 710 716 865 942 948 
5 109 99 638 676 961 110 96 82 22 130 121 144 219 336 341 347 355 368 386 396 501 566 645 700 713 743 805 849 864 932 945 949 975 976 
177 438 507 512 537 570 123 145 228 243 246 255 338 347 356 453 456 472 492 528 624 716 748 777 785 921 987 
798 833 133 294 482 516 552 553 640 789 855 953 995 
241 424 848 46 139 142 229 242 263 426 456 463 480 537 544 569 718 962 
258 814 125 138 145 179 484 525 546 578 777 901 947 
192 295 433 712 843 88 101 218 350 356 427 497 603 633 656 772 799 817 869 942 952 989 
297 360 364 386 606 631 737 54 22 112 133 173 184 185 217 269 334 340 448 481 618 634 636 712 716 776 804 836 872 906 910 917 924 952 959 979 988 992 
205 237 396 444 470 807 873 907 106 46 74 28 126 138 200 327 386 420 434 447 481 487 493 589 604 609 627 647 649 713 723 752 760 792 809 825 831 843 885 909 923 934 968 996 
152 281 93 146 298 429 433 443 563 569 575 855 909 
215 329 542 582 895 936 956 35 112 57 101 135 4 73 128 77 47 81 153 212 213 241 252 306 324 369 411 456 473 474 627 639 655 672 742 744 754 773 875 
467 714 139 136 43 296 533 542 633 705 706 718 883 954 
39 179 674 688 708 926 988 36 121 104 6 143 170 215 314 317 355 369 457 548 552 582 621 676 726 727 743 826 906 923 929 
529 697 845 58 176 236 265 305 308 320 432 481 493 564 696 946 959 972 
455 927 969 62 101 3 197 419 434 459 525 573 591 607 617 626 627 782 892 967 
39 651 61 82 182 218 274 442 452 566 679 
789 978 68 58 49 93 369 406 786 877 906 
529 63 51 297 336 347 349 496 703 882 
143 185 516 527 644 981 22 86 134 252 280 356 377 424 466 477 538 649 771 794 813 817 820 830 841 848 885 
96 296 318 433 457 697 712 716 16 99 89 144 11 173 209 214 222 252 277 304 330 362 374 419 434 484 491 511 547 583 591 660 682 754 779 784 789 804 914 936 937 
181 49 66 23 55 277 369 477 645 675 844 895 991 
646 754 101 193 224 233 393 514 752 841 887 
112 566 19 214 325 326 409 554 569 594 711 871 906 907 911 
117 123 246 354 519 558 677 819 39 18 178 183 204 260 302 310 401 408 416 449 455 458 463 468 480 542 561 574 607 611 631 692 726 742 774 780 821 822 827 879 924 961 974 996 
262 291 618 15 13 163 198 370 389 539 907 929 
124 314 372 196 250 391 393 455 492 687 861 
574 611 62 35 163 253 367 592 607 616 633 824 996 
77 236 619 133 105 229 234 242 268 357 434 728 736 814 887 927 
297 386 27 49 237 357 492 614 693 818 917 
260 329 355 542 610 792 895 924 936 992 88 20 158 91 35 31 116 160 214 376 385 417 421 422 447 473 497 549 552 638 672 718 742 764 770 777 808 815 829 833 834 871 902 915 932 993 
727 43 101 249 310 448 490 521 607 955 
494 703 185 288 433 537 550 570 583 731 751 820 
134 726 747 106 117 294 303 307 319 335 361 446 497 623 643 823 880 945 
557 681 27 216 314 334 579 667 739 789 890 924 
257 385 585 971 82 19 204 236 431 519 638 654 666 690 778 792 
855 3 244 288 372 379 386 391 509 714 
120 442 453 563 861 146 80 193 232 279 403 418 496 639 682 754 824 874 892 952 976 981 
705 743 74 111 110 25 365 379 612 719 994 
252 325 295 313 355 372 408 413 489 539 600 
15 314 372 476 569 622 720 153 13 14 55 64 141 193 220 264 355 408 427 433 455 506 592 617 644 687 705 713 744 754 773 780 864 918 954 965 
36 888 75 65 190 317 411 488 602 627 824 
55 970 116 121 15 7 338 443 541 551 651 805 816 868 983 
636 722 967 12 147 122 37 125 69 189 210 350 363 383 649 715 759 788 936 
136 533 9 115 206 214 238 338 372 510 569 778 816 
49 696 115 157 56 316 356 378 405 509 521 549 714 881 983 
39 101 116 146 374 416 451 488 20 75 125 139 103 11 185 194 204 270 291 331 349 350 356 365 386 407 409 422 446 454 542 555 556 587 618 637 831 850 911 912 918 923 982 
566 809 95 55 192 285 350 473 661 772 814 981 
154 203 288 469 550 605 639 692 770 855 
638 647 149 42 15 287 288 452 726 731 789 897 926 
727 157 15 55 236 375 386 540 618 933 
314 634 874 55 17 18 56 141 74 105 293 367 455 462 559 560 591 799 820 934 
152 447 527 179 141 165 14 200 256 314 542 642 
93 265 608 114 302 426 658 663 704 723 739 783 
482 800 73 211 520 544 551 615 718 827 970 
551 240 368 542 576 585 667 700 891 937 
26 254 702 59 125 176 19 322 455 457 460 502 569 607 662 730 790 939 984 987 
421 682 174 93 209 541 592 620 643 710 920 927 940 
618 714 822 906 125 34 79 107 121 116 353 446 570 697 826 871 995 
36 140 433 681 705 743 879 897 34 101 107 180 10 9 75 11 112 209 224 266 278 291 373 438 482 501 525 573 574 727 785 807 826 828 830 898 945 947 975 981 987 
363 393 433 687 731 155 173 170 119 22 268 269 277 395 424 521 572 579 607 608 618 791 876 924 932 948 957 996 
541 179 227 286 427 697 795 941 946 998 
655 737 426 477 534 542 564 565 687 721 770 792 862 
79 159 337 358 460 597 699 715 952 966 
447 735 104 148 247 297 407 409 565 568 574 633 853 867 886 
232 724 727 815 820 158 130 36 33 228 328 408 524 594 609 628 637 673 687 784 799 818 833 838 898 900 945 946 
231 266 44 8 104 228 359 452 629 678 756 823 
245 429 185 142 305 314 421 551 688 769 776 888 957 963 984 
281 880 47 60 44 243 272 314 409 426 433 512 617 622 754 
211 926 973 72 388 456 462 514 585 594 625 633 665 714 751 853 873 916 969 
828 181 283 382 416 475 635 651 834 910 
291 714 830 168 22 179 157 26 40 41 207 266 321 475 491 515 770 877 887 
142 452 482 550 62 132 255 265 268 288 289 339 514 537 544 607 626 756 815 909 934 
353 999 125 79 177 325 639 663 682 712 737 829 
228 204 265 437 617 660 706 724 915 985 
392 133 35 322 345 356 540 609 652 714 
499 737 954 1000 80 192 190 153 5 247 273 358 388 450 457 509 541 615 649 662 704 706 779 847 
563 676 834 884 69 176 68 48 275 325 358 469 533 641 692 726 733 847 885 908 939 946 948 987 
202 294 348 945 132 77 62 187 239 247 299 564 648 682 731 810 863 875 884 887 892 
303 386 422 631 144 22 223 284 329 337 540 552 629 776 795 800 827 881 884 926 987 994 
990 144 242 487 564 737 741 807 950 985 
251 344 515 624 685 777 111 76 163 77 156 2 153 177 234 349 387 640 642 714 718 767 773 847 875 887 893 898 927 952 968 
10 144 233 632 109 146 23 301 380 381 445 509 539 551 622 654 728 799 826 864 880 900 968 
398 861 133 118 69 167 322 513 618 690 715 760 867 
264 985 141 101 411 619 666 687 727 731 754 940 
107 95 418 478 671 997 116 118 140 74 149 247 314 373 402 423 451 560 568 589 604 658 667 670 685 724 731 843 900 909 911 923 936 969 
126 247 616 909 135 86 36 32 71 383 419 460 463 467 522 523 550 581 727 798 799 860 
19 472 61 173 6 438 440 513 518 573 620 713 868 971 984 
595 39 222 252 373 390 634 682 811 987 
958 221 94 153 130 286 490 524 778 992 
622 634 33 212 42 320 411 449 585 594 666 734 794 880 965 
104 306 376 817 859 876 911 957 64 121 110 155 192 71 232 252 266 304 325 426 445 473 483 501 511 586 613 663 708 715 784 858 865 867 960 987 998 
984 21 269 277 394 398 428 599 849 854 
279 338 543 122 110 354 375 631 653 657 773 787 801 865 872 888 
11 599 194 32 285 300 330 460 591 647 655 756 759 860 889 
207 74 114 395 400 506 539 932 199 136 198 92 5 233 241 281 381 386 401 460 551 562 652 698 718 743 748 760 777 807 809 813 841 843 847 860 870 902 906 907 919 945 948 950 996 
130 515 777 161 138 83 131 116 497 557 626 655 710 773 829 847 853 884 
61 927 85 75 126 107 62 256 281 426 436 486 662 812 830 846 
199 401 69 328 410 514 526 533 557 602 740 797 857 
133 198 358 526 537 170 121 14 224 10 261 263 288 347 394 428 436 454 457 473 511 580 695 719 837 876 887 897 964 
2 215 121 116 155 228 258 358 412 646 696 934 
498 503 718 214 65 161 64 302 517 544 575 601 647 764 816 913 976 
120 87 575 854 131 78 125 115 70 14 123 323 329 455 462 646 715 773 821 885 924 940 980 997 
47 90 161 261 305 504 508 713 168 147 89 183 112 57 52 48 260 301 346 354 357 358 378 418 427 429 443 453 479 505 506 549 578 583 660 661 700 807 816 843 876 906 960 990 997 
142 88 349 350 807 162 124 278 294 322 325 364 425 453 458 497 522 599 618 649 676 738 785 787 814 834 887 900 935 
20 987 35 177 44 373 448 653 658 703 705 710 774 842 875 
240 250 427 612 211 23 83 394 426 527 546 631 659 664 771 923 
239 427 924 936 25 188 96 125 279 281 372 491 498 578 647 668 736 760 848 962 963 
138 75 305 144 228 256 281 428 547 676 678 900 931 941 961 973 986 
102 386 672 138 213 161 22 252 409 441 447 494 577 747 809 814 952 968 987 
11 658 819 136 33 201 339 344 358 360 375 550 612 712 817 873 875 
376 421 434 718 116 10 169 2 67 249 355 455 501 511 546 626 633 821 831 843 869 871 934 
200 263 381 391 473 553 559 690 699 742 879 884 897 909 997 
108 157 679 40 121 101 136 301 335 365 500 545 583 707 789 869 939 
219 309 409 450 892 197 209 218 90 211 259 262 265 293 318 332 337 367 449 511 533 605 618 726 760 824 987 995 
105 69 395 468 483 576 827 840 883 923 
514 607 244 84 1 164 345 407 416 510 642 807 925 
239 966 159 45 106 310 316 618 715 783 820 824 888 913 914 
105 214 448 515 541 103 69 68 107 29 287 299 314 358 369 370 394 450 473 670 714 760 773 853 907 936 947 
52 131 172 455 969 68 224 242 152 153 221 123 144 259 274 312 326 356 401 442 549 563 618 747 864 870 923 963 
578 754 160 347 370 373 459 514 546 633 658 821 
189 26 362 64 283 332 382 385 674 731 751 823 
77 798 136 205 104 86 257 312 314 952 996 
22 426 727 742 820 230 82 105 241 28 185 277 307 325 350 362 445 478 499 509 559 627 682 685 696 979 985 987 991 
168 841 255 104 423 532 573 588 654 705 722 807 828 
131 139 794 233 101 95 425 484 543 654 672 717 756 840 905 931 
105 54 448 484 825 252 133 28 247 266 270 355 449 473 503 522 550 627 677 721 794 834 850 851 862 916 984 
163 267 966 55 236 157 118 320 376 441 497 926 
92 236 846 82 115 232 60 280 293 423 502 540 650 662 697 919 
158 714 247 320 411 421 462 602 616 644 682 
245 717 232 112 138 350 372 512 639 789 854 
76 217 887 173 134 61 123 88 54 347 411 496 590 742 807 877 988 992 
93 186 714 754 791 247 207 147 38 82 205 314 448 516 536 573 738 942 968 971 999 
199 411 831 204 39 192 93 224 259 381 395 407 502 509 696 718 732 851 939 
260 355 293 333 456 464 609 635 821 824 891 
104 817 205 193 161 49 61 283 433 485 566 675 687 737 822 
59 808 141 225 193 131 8 356 635 662 821 
112 481 26 31 179 259 107 397 554 746 828 916 979 992 
630 676 941 85 284 315 409 410 512 633 741 870 
369 550 93 201 327 702 744 771 791 826 848 968 971 
49 379 918 42 209 356 399 409 454 456 563 656 692 727 735 769 858 877 889 
27 413 609 935 952 131 149 252 10 295 319 339 398 407 465 480 483 498 506 509 512 515 530 549 612 631 647 662 730 795 
354 658 210 53 84 338 349 355 676 689 829 
638 72 21 420 545 615 741 814 914 996 
395 409 539 616 656 871 153 154 78 193 65 256 225 284 290 317 408 482 504 620 636 643 646 731 744 775 801 848 887 918 926 935 957 960 979 
926 945 134 5 38 14 237 192 324 462 560 610 878 947 
226 240 170 441 632 747 779 854 924 969 
121 65 483 607 627 782 922 84 64 152 129 68 261 93 42 297 307 369 370 373 444 510 544 546 556 564 639 675 698 702 738 768 777 789 790 845 848 887 891 999 
143 118 201 613 644 125 240 228 230 241 22 34 307 312 361 439 561 562 575 615 622 696 705 822 850 913 914 928 970 996 
319 423 2 405 504 542 618 640 667 675 700 820 
618 847 254 104 268 203 11 392 423 460 522 781 842 904 946 
49 532 667 726 734 212 41 271 82 277 325 432 477 500 512 533 609 645 654 669 687 703 706 744 836 939 
511 538 752 227 180 356 375 588 612 639 749 807 
788 812 222 18 194 22 296 297 328 350 372 753 846 
123 819 967 182 251 307 342 350 356 358 426 445 449 505 534 540 542 660 821 895 
15 314 372 657 811 874 942 169 101 69 182 181 165 44 205 232 109 336 386 438 496 514 537 548 565 579 592 613 670 702 738 752 808 837 838 870 984 988 
481 867 62 15 205 292 297 492 660 789 847 914 936 
678 771 89 28 277 111 346 466 550 654 727 772 819 918 952 
204 158 641 906 37 13 4 179 192 314 353 354 778 799 839 980 
103 312 322 403 418 431 904 75 19 289 61 12 4 305 325 346 348 374 467 481 483 485 488 550 594 620 631 635 654 658 669 718 728 741 786 795 839 923 
373 583 20 247 267 261 184 351 353 356 608 651 826 
211 166 237 21 5 137 380 444 890 901 
140 731 82 172 274 452 511 812 856 884 993 
153 339 408 562 731 738 843 900 57 93 145 131 4 47 70 34 286 319 327 358 372 401 442 512 545 559 620 627 654 744 824 831 857 866 886 945 973 
141 162 364 386 456 631 728 737 931 69 26 197 131 289 116 280 18 286 151 306 339 347 377 387 394 396 433 448 471 515 542 564 590 623 629 715 719 724 733 735 743 761 781 797 807 875 972 
2 740 55 8 143 96 480 560 593 651 678 746 826 1000 
512 88 211 118 251 326 605 655 722 801 
438 496 781 944 105 20 19 227 343 355 394 464 639 671 786 888 913 922 938 957 982 
407 836 946 246 62 69 55 236 49 37 215 386 448 541 608 612 
10 629 653 157 186 69 234 88 358 402 407 498 593 652 861 980 
212 166 121 14 374 406 513 757 773 864 
392 819 224 153 105 69 119 456 495 728 761 890 999 
241 236 292 93 103 147 200 491 565 570 656 805 
132 224 123 144 297 357 433 535 563 572 760 
103 505 649 662 671 755 829 58 256 287 281 128 166 280 317 323 351 366 367 392 408 420 475 492 503 511 554 574 621 638 651 694 695 701 715 757 802 824 871 914 
760 901 147 41 68 356 446 457 583 800 936 
247 789 909 24 28 69 321 401 455 525 628 682 
391 662 164 157 67 250 42 313 345 564 686 902 
395 97 50 353 446 465 762 808 860 945 
292 69 535 10 17 255 252 281 455 624 651 689 778 886 895 938 
477 640 172 310 326 420 435 446 810 865 870 992 
159 173 184 288 372 497 625 874 942 38 54 14 113 201 265 185 200 218 107 251 291 167 255 87 146 350 374 438 511 538 567 579 581 603 653 681 693 705 724 768 809 816 821 826 833 862 949 989 
903 954 82 93 271 106 64 420 532 533 806 874 
46 930 250 178 369 589 619 817 820 834 974 
125 831 832 952 67 277 307 18 146 26 174 329 372 391 460 575 603 622 697 833 884 963 975 996 
153 446 469 247 126 23 383 414 432 460 477 514 650 734 819 863 898 987 
282 591 926 274 296 92 166 619 653 714 745 919 
1 322 356 486 662 668 260 43 223 147 39 262 329 378 384 387 470 538 543 603 619 706 788 797 826 888 931 977 978 
709 742 204 309 367 392 446 588 656 689 720 830 
292 73 320 347 668 675 997 130 123 58 216 208 237 189 47 351 354 360 433 439 481 519 595 631 643 653 742 785 787 821 918 993 
926 945 973 307 107 235 74 407 449 458 507 531 702 707 722 773 778 836 
117 658 686 278 144 332 426 456 480 615 649 652 738 778 814 845 917 952 
172 441 650 826 866 927 939 996 284 53 256 123 57 224 81 206 20 292 237 54 210 156 381 386 390 409 495 535 653 698 709 726 727 742 776 802 935 
12 837 994 252 156 313 299 131 391 407 512 534 630 781 784 844 884 973 
878 898 296 142 272 566 578 607 682 705 714 761 819 979 
111 375 388 517 554 689 959 121 115 286 231 86 104 198 14 20 62 347 349 354 356 361 421 544 598 673 731 732 743 747 810 820 840 843 905 911 934 961 
163 144 50 387 761 212 235 317 320 356 394 417 421 423 512 583 615 676 681 715 752 789 816 851 933 946 963 969 987 997 
374 885 153 4 94 49 227 428 526 775 846 
437 807 5 179 439 463 607 657 771 904 910 934 937 
121 627 987 324 254 247 69 395 525 544 614 644 681 723 819 885 
412 782 26 14 113 267 370 419 441 590 789 804 817 859 
116 670 141 167 369 409 462 643 646 789 861 870 927 948 
15 513 166 246 45 133 446 449 462 534 760 826 926 
342 707 135 109 151 288 345 391 418 457 626 
508 846 196 212 247 399 616 643 668 698 803 889 935 
226 642 702 802 921 947 175 177 31 52 275 136 69 42 85 363 366 468 556 606 657 659 668 740 748 847 996 
296 408 843 897 968 77 106 105 30 205 297 75 243 274 365 413 423 455 487 501 521 569 652 660 721 733 773 838 867 996 
78 141 116 134 52 607 781 869 909 975 
125 82 952 135 119 133 357 425 436 450 453 529 702 788 839 927 
336 643 655 756 287 80 88 66 365 398 421 502 578 635 662 668 727 782 789 833 900 907 915 
918 2 300 386 407 538 606 730 888 959 
214 448 55 243 107 57 26 362 364 533 543 557 627 667 948 
592 726 57 208 249 310 118 336 499 510 621 939 960 
684 290 236 292 488 495 614 639 697 874 
18 322 69 744 862 891 929 232 33 45 253 135 297 264 151 88 136 328 425 456 480 511 518 519 551 566 575 681 691 705 784 810 839 859 897 942 947 958 972 988 
101 211 292 120 369 433 527 542 613 813 982 
237 350 353 482 550 918 963 66 275 87 20 214 328 179 151 360 384 405 436 549 647 674 802 803 804 830 878 904 939 952 968 
237 88 122 349 381 482 633 719 907 180 263 140 126 179 287 74 104 17 176 256 314 286 354 374 390 403 427 486 498 500 524 525 534 590 595 619 631 659 688 717 777 801 810 814 915 919 962 991 
13 751 293 322 307 357 623 668 683 731 771 789 838 844 918 
93 714 68 362 386 511 634 760 792 927 965 
206 349 6 293 291 191 311 373 466 587 654 744 759 858 
157 275 123 11 722 882 350 226 97 328 49 322 37 236 291 358 395 417 444 491 505 508 564 568 628 698 724 744 777 820 839 854 918 921 964 
163 267 542 582 612 632 983 72 172 300 135 244 275 95 173 259 146 357 404 405 434 478 483 527 563 569 620 697 752 770 843 865 881 900 920 923 935 942 970 973 
1 119 69 320 399 683 796 862 872 252 136 329 293 273 152 120 178 269 78 23 285 328 208 179 140 287 308 370 385 394 398 420 421 444 456 515 521 534 566 572 644 715 724 853 897 924 942 960 986 
131 55 441 814 939 306 236 351 161 341 162 355 369 511 564 611 642 741 790 796 836 864 871 872 978 993 
133 232 22 512 570 781 821 823 864 210 101 14 18 302 98 10 251 236 120 209 354 243 196 296 233 287 395 439 447 454 486 508 571 607 609 689 701 726 746 805 819 854 863 877 957 985 
655 938 105 52 199 47 500 525 539 551 652 681 894 969 972 
141 385 903 349 80 243 322 365 441 446 447 535 562 612 618 727 782 906 918 
95 755 991 36 166 281 328 624 800 879 963 993 
26 254 420 642 702 715 887 916 947 256 42 344 153 80 123 129 352 34 407 433 444 451 478 509 542 558 577 578 595 601 671 676 726 732 782 809 816 827 833 845 848 914 923 984 988 999 
193 705 843 176 338 395 437 477 532 545 609 612 613 724 745 753 785 911 952 979 
141 42 297 237 344 52 39 16 425 515 528 549 604 639 686 807 930 
563 574 804 840 2 70 339 360 246 171 179 342 372 416 427 432 522 534 643 665 675 773 855 
492 627 338 107 307 510 541 621 622 734 755 793 836 
118 425 564 628 801 125 61 321 184 55 79 160 46 307 69 22 247 386 387 408 449 548 580 606 665 674 843 862 
90 619 13 65 135 61 188 78 476 486 588 678 734 969 
272 88 381 396 452 807 870 873 918 963 251 316 154 280 111 334 39 119 150 146 357 124 348 144 403 423 481 487 522 537 555 576 577 582 647 676 691 705 706 729 824 828 919 922 948 964 968 
479 586 756 853 928 280 251 100 2 116 333 253 356 158 62 372 419 440 511 533 551 593 658 713 715 734 764 864 939 941 
996 49 1 606 631 647 649 824 889 914 
15 159 288 173 314 382 569 622 657 172 99 263 317 177 240 65 169 286 365 370 120 296 103 377 379 386 388 394 418 447 477 481 482 498 501 524 563 612 630 638 664 760 796 819 821 884 885 963 973 992 
293 430 583 594 957 238 253 15 192 280 41 353 218 221 117 2 25 377 499 502 603 677 696 785 908 918 923 926 981 
116 330 179 706 303 314 292 350 153 22 375 424 492 551 613 634 656 700 705 724 771 981 
328 405 549 641 110 243 285 183 226 86 374 61 534 601 760 860 923 929 963 970 984 
224 244 682 133 260 29 163 562 843 846 860 
126 509 152 112 297 373 372 544 747 791 850 968 
511 551 834 123 97 122 320 236 178 121 388 411 483 686 724 853 936 988 
273 907 963 171 169 372 20 427 448 574 583 596 763 884 886 923 927 989 
82 294 120 113 215 387 587 704 880 918 
369 350 444 550 633 726 741 816 870 266 228 325 215 12 39 68 113 245 55 91 409 443 446 542 544 563 574 626 659 662 676 681 698 710 718 732 738 750 780 804 875 884 893 898 902 909 921 
372 868 112 26 203 254 502 572 578 632 884 935 
452 102 318 176 219 462 503 533 836 942 
409 616 349 69 36 320 66 433 473 649 791 804 905 
168 360 57 428 546 672 980 17 163 58 14 41 95 92 356 254 394 395 437 563 578 649 742 821 831 832 833 888 937 952 974 992 
297 162 242 141 212 585 695 810 179 301 135 115 367 343 372 183 352 36 104 228 86 325 288 169 22 142 408 421 430 437 538 578 623 702 724 743 781 793 818 839 856 873 897 945 998 
10 329 320 20 297 380 367 214 82 398 409 658 874 923 
83 328 378 209 372 202 88 609 629 632 731 831 854 
544 887 158 121 61 513 656 723 754 952 964 
407 503 718 83 126 325 350 9 221 396 422 474 534 565 676 782 821 843 880 899 
64 310 535 862 326 336 245 112 159 169 47 317 58 424 429 455 542 544 610 740 792 811 990 
208 304 117 597 307 283 73 118 21 321 501 550 619 647 753 875 955 
193 80 68 155 30 159 594 653 656 823 915 
20 464 579 617 627 782 869 908 356 251 297 372 35 385 329 239 225 232 23 300 8 504 528 530 550 652 744 765 776 848 852 889 928 931 935 984 
7 277 228 311 450 656 19 332 64 117 109 385 248 266 193 363 354 358 411 415 426 497 511 566 612 633 729 733 744 751 807 904 967 
369 142 390 105 103 297 76 135 453 483 542 578 670 713 759 
61 818 826 109 270 465 488 501 557 640 690 698 710 716 787 809 817 882 
216 647 342 356 387 225 274 96 2 17 764 802 923 939 977 
69 356 649 675 13 273 117 337 409 504 532 540 548 656 711 724 760 772 836 845 876 900 922 
228 43 116 26 455 533 578 649 676 705 999 
231 411 521 577 783 824 831 88 228 309 131 252 9 296 65 157 404 448 532 544 576 594 613 649 685 720 741 748 871 886 896 911 927 941 
461 464 547 869 85 218 75 64 302 123 125 469 541 563 564 590 594 730 818 860 926 995 
292 851 170 16 369 350 454 601 620 640 791 906 939 
874 401 51 355 68 484 490 577 591 650 
375 943 349 178 282 355 129 75 14 544 720 942 
460 661 939 303 150 100 451 501 717 878 951 
390 301 434 583 594 635 890 911 946 362 249 197 58 105 179 343 266 120 326 31 302 274 131 40 323 446 470 651 664 677 709 714 760 798 806 807 818 843 863 868 892 901 932 940 942 959 964 
296 339 433 681 738 743 900 172 198 386 277 307 367 23 157 173 411 426 440 461 470 477 511 524 550 560 563 597 608 632 678 764 773 835 912 916 959 970 974 993 
277 384 247 539 596 789 179 96 334 26 28 131 156 104 381 271 273 325 242 201 197 399 387 423 429 582 603 609 679 781 888 935 998 
643 128 271 88 89 231 446 609 627 679 
401 266 125 609 952 223 262 217 408 395 1 8 144 174 378 264 467 515 530 534 544 545 661 752 757 789 884 914 977 996 
333 233 437 452 653 705 845 878 884 939 
274 123 172 132 339 482 578 809 836 880 
93 646 11 318 460 482 501 645 690 773 835 842 862 982 
129 550 395 121 503 635 656 661 884 922 952 
179 651 984 26 203 157 41 365 249 533 789 813 879 912 966 983 
122 696 918 64 26 163 329 354 94 472 582 655 765 789 844 891 926 956 969 
218 292 829 120 51 236 372 116 336 170 462 514 565 647 703 824 842 975 982 985 
654 733 881 219 333 148 153 24 370 424 607 608 738 806 827 926 
362 544 982 18 307 313 315 48 19 356 142 276 482 658 768 813 882 906 915 
190 244 498 594 876 262 200 356 329 108 342 163 328 386 49 428 444 473 550 597 606 706 728 764 773 830 835 935 948 985 
212 643 645 672 179 14 390 163 62 119 446 628 661 702 718 747 782 802 814 838 900 
282 615 651 914 84 114 88 257 339 95 261 329 369 218 53 283 409 477 479 544 555 698 743 
138 619 152 193 374 391 84 419 530 563 715 
367 118 524 347 237 364 341 14 258 481 505 526 678 718 770 775 922 999 
86 256 112 481 779 781 138 195 186 75 18 224 408 201 239 395 287 324 230 461 520 559 588 615 670 718 736 737 847 906 914 943 991 
239 50 240 653 379 194 140 173 365 236 61 350 502 510 550 627 684 729 752 771 818 867 935 977 
84 385 456 698 756 853 903 104 330 40 241 16 67 421 232 225 469 501 533 557 591 618 649 662 676 699 702 750 787 790 802 814 821 884 902 914 926 963 969 989 
200 664 236 22 391 409 143 494 559 742 858 921 963 
14 373 682 106 386 4 31 495 618 754 790 871 
292 649 168 118 483 510 574 642 704 747 819 845 944 
73 64 744 872 284 83 126 365 147 318 441 462 619 769 831 920 959 
408 192 153 193 140 465 510 738 879 69 322 115 108 173 28 384 1 362 297 85 348 40 112 129 165 201 98 143 306 268 486 501 505 520 524 539 549 563 566 653 765 785 786 831 839 848 868 
244 407 115 957 142 148 92 153 35 355 161 112 566 578 609 661 743 
754 847 52 313 54 487 525 606 617 825 921 
447 527 232 341 230 114 349 497 659 710 811 920 
331 666 363 385 14 386 207 412 518 668 722 795 818 935 959 
136 300 288 220 192 314 444 607 718 751 780 808 967 
41 504 950 358 331 322 281 51 99 50 455 505 566 578 598 647 710 829 920 
650 866 969 220 94 370 408 510 556 615 627 662 807 848 906 914 918 926 973 974 
325 357 23 518 678 939 279 2 360 242 432 5 333 82 260 474 542 549 615 616 623 671 683 696 704 709 720 774 781 840 843 851 865 980 983 
170 477 58 94 296 252 149 739 750 785 828 845 
558 236 381 143 175 31 507 548 610 714 
381 142 127 532 573 800 76 82 354 362 421 294 75 280 356 91 125 438 123 453 475 541 568 575 618 671 736 756 840 846 933 936 
456 663 6 256 215 88 224 287 537 598 609 660 773 838 893 
318 96 457 510 705 855 968 360 179 85 311 422 88 308 102 126 381 14 108 313 191 407 321 166 66 9 335 410 456 464 650 696 727 754 757 815 857 863 895 931 
436 197 185 560 564 57 242 372 49 27 163 358 360 142 471 511 517 578 631 659 744 760 773 857 907 911 936 
259 344 251 130 777 104 141 379 116 101 301 48 297 265 238 45 164 70 401 479 499 542 579 646 735 738 773 783 996 
1 18 649 668 744 865 929 35 367 47 5 71 259 223 247 287 130 157 75 335 323 455 510 549 591 607 614 651 660 726 738 782 821 823 847 901 903 
247 395 509 598 656 857 251 16 5 102 77 209 341 456 487 512 521 537 548 549 645 669 702 724 731 737 738 777 849 853 863 866 926 
110 179 362 406 218 530 626 627 661 692 994 
205 383 369 747 295 38 199 182 412 27 149 491 577 808 843 845 847 854 899 917 927 942 966 
170 502 26 236 79 237 444 136 55 396 341 577 740 851 
457 465 705 232 358 99 133 403 273 179 481 619 656 675 831 880 885 938 952 
61 252 148 55 518 661 794 927 996 159 309 184 439 312 115 400 244 391 173 339 189 157 449 235 490 494 501 537 579 585 590 592 594 612 716 776 781 829 833 843 854 864 871 890 914 928 951 987 
297 45 445 42 428 499 546 980 324 450 304 202 144 35 347 356 273 446 138 75 90 101 136 267 468 494 498 518 566 571 575 626 632 666 673 676 681 806 833 947 992 
153 446 454 469 562 843 189 146 336 232 308 61 76 209 57 39 482 527 569 578 580 584 586 597 621 640 643 688 696 771 832 911 935 998 
60 777 237 323 157 486 496 501 583 676 945 
521 148 253 574 625 633 659 754 884 941 
55 131 406 555 749 227 318 189 414 317 219 125 196 283 228 507 529 541 568 609 632 653 674 853 918 951 
402 426 3 408 26 482 590 662 729 819 
35 512 601 724 262 334 432 278 383 184 418 335 235 37 202 58 594 618 669 696 763 777 785 886 936 
505 649 662 96 138 157 66 102 331 219 552 607 638 674 792 837 
402 394 267 1 77 300 446 528 615 795 847 857 882 985 
454 433 397 311 274 611 785 834 865 936 966 
104 126 101 290 152 120 353 613 649 845 
145 943 219 292 11 411 533 574 627 698 722 
824 456 124 248 338 157 505 748 806 947 
457 318 402 82 38 99 210 428 181 566 769 796 
142 719 734 18 100 320 407 408 518 523 547 555 565 607 643 689 771 843 933 
974 297 447 491 510 625 684 803 829 939 
220 673 136 104 417 477 491 631 643 788 866 884 942 
607 725 808 922 251 144 224 180 232 421 163 64 259 384 245 36 501 732 740 939 958 963 
91 742 390 117 144 441 36 20 542 843 857 907 938 945 
65 20 627 307 120 444 204 203 503 543 855 961 
173 62 106 368 536 617 618 643 719 817 
313 442 574 752 854 884 961 372 472 56 318 124 67 408 154 152 98 423 71 93 195 284 14 363 550 644 667 724 754 755 811 825 830 831 889 905 906 951 956 979 
218 18 929 362 90 256 96 355 495 576 984 
370 109 423 448 236 483 677 718 719 800 
743 776 157 274 324 298 138 347 483 512 577 644 713 
426 270 289 55 454 123 372 142 141 369 425 292 147 322 582 676 692 830 921 
187 205 349 350 556 863 20 114 461 192 457 105 372 277 413 414 420 137 499 511 561 580 604 649 674 692 698 752 788 902 927 973 
280 922 923 987 224 480 396 479 32 274 378 431 292 248 58 355 511 661 675 684 818 825 
259 258 404 139 153 599 859 862 900 996 
844 292 268 496 644 724 745 777 913 938 
320 865 358 368 433 458 90 350 230 574 641 816 
607 627 725 49 450 97 369 339 64 435 142 213 512 718 737 794 835 870 
179 501 896 13 174 292 346 397 63 533 541 554 648 656 682 967 
606 756 172 81 91 596 620 652 658 726 932 
588 651 455 52 164 19 404 29 222 618 710 815 819 
79 695 737 965 204 452 354 471 44 240 472 153 305 525 549 593 594 595 673 688 781 807 847 864 935 
366 289 159 374 36 307 136 162 563 568 
133 522 724 14 147 142 497 580 584 609 625 839 
165 87 676 429 74 242 456 455 564 616 727 807 847 895 985 996 
8 998 325 58 346 304 430 478 498 745 771 838 917 
300 552 659 750 96 288 264 151 70 485 170 458 600 691 697 825 826 831 929 967 986 
314 622 625 942 166 35 237 163 436 140 493 229 395 260 523 542 703 779 896 951 993 
421 81 234 602 78 350 302 274 372 240 456 495 509 519 592 596 654 733 751 845 931 956 963 
209 456 603 482 448 373 345 59 256 96 540 588 620 753 787 864 876 982 987 
604 718 350 246 284 359 652 680 702 744 782 804 926 970 
71 488 540 852 914 962 977 984 78 64 224 339 406 392 414 99 192 473 458 397 372 433 428 244 455 135 520 533 571 602 624 643 694 705 732 747 824 835 837 890 924 978 
453 120 109 638 261 14 189 49 427 342 53 38 121 382 67 266 373 586 606 722 813 823 902 958 959 
234 390 475 383 307 415 1 259 541 749 759 846 885 947 
236 439 561 2 282 277 394 71 399 566 586 629 727 734 824 985 
307 463 92 14 287 236 468 433 425 354 439 577 611 850 922 
228 509 173 274 17 236 87 521 683 777 821 950 
133 136 443 460 323 527 584 624 745 777 848 877 
236 337 354 358 19 48 15 531 578 819 906 989 996 
126 377 450 506 256 362 266 169 498 209 178 274 215 542 554 555 567 663 713 740 796 820 845 962 985 
446 433 593 705 366 440 427 449 431 280 249 471 177 345 125 558 616 632 759 768 790 820 964 989 
378 285 623 626 676 778 858 861 878 352 295 395 77 408 482 50 347 357 247 307 447 232 61 483 314 224 244 153 370 537 564 578 609 629 645 649 657 670 671 690 702 727 768 871 877 899 908 957 977 998 
462 358 299 106 136 537 709 724 102 487 284 12 263 480 123 296 274 201 69 49 271 329 62 26 450 326 541 543 549 551 573 588 656 676 714 827 832 884 923 935 956 984 996 
335 216 303 69 389 220 700 722 778 860 
67 20 249 923 318 231 288 418 105 253 155 205 202 576 614 701 818 826 832 862 876 905 942 963 989 
19 251 214 229 204 356 101 411 364 297 274 538 539 571 595 614 657 730 754 810 875 914 944 
152 83 137 265 519 602 615 772 872 939 
328 578 933 234 78 70 447 571 662 848 925 952 
441 455 437 470 456 220 347 608 616 966 987 
117 123 157 658 498 168 347 322 22 516 125 534 575 614 615 633 656 714 818 917 951 952 961 989 
61 678 749 780 996 125 187 26 99 56 501 92 49 433 426 118 560 635 642 674 683 698 769 808 845 847 853 950 973 
125 401 459 577 605 620 26 178 193 450 164 506 356 339 7 644 687 702 715 732 814 820 835 869 882 927 932 934 946 947 948 950 960 
493 112 820 283 365 219 237 369 259 736 814 
551 638 676 497 470 219 78 88 555 607 682 689 708 744 791 845 903 957 959 982 
118 72 425 408 21 350 83 52 433 124 198 222 372 599 670 734 916 978 
101 116 568 896 148 359 332 350 309 192 491 435 139 537 582 694 
232 22 425 96 330 85 89 231 597 647 676 870 910 
185 152 436 644 43 239 507 101 68 65 348 355 132 457 575 728 782 789 820 849 883 916 939 
575 875 364 136 464 394 539 605 622 698 739 766 809 871 914 
147 151 843 460 341 71 98 651 719 878 946 955 
701 975 424 451 129 274 78 394 411 714 747 837 
664 508 323 607 670 732 780 909 922 975 
284 444 401 257 113 399 315 363 704 729 915 992 
177 113 809 821 915 934 974 998 344 383 315 467 231 400 247 501 488 428 18 416 284 145 210 76 131 370 542 556 561 577 611 623 651 664 667 703 726 773 777 834 870 886 939 
617 922 923 987 365 195 375 326 519 356 350 411 335 287 390 634 640 642 703 717 809 939 985 
312 391 120 46 306 23 325 360 639 670 686 754 837 
760 33 20 102 265 476 110 923 939 946 
512 232 136 654 445 138 165 455 205 450 511 525 369 288 575 638 647 682 741 914 918 923 
285 563 878 320 386 515 314 152 343 661 711 737 790 800 847 987 1000 
228 43 409 74 277 656 978 14 67 528 18 55 515 433 41 158 75 215 359 98 78 172 551 633 651 693 756 802 819 845 852 859 872 936 943 958 
501 565 499 399 261 287 128 183 208 212 557 579 618 963 
251 105 194 3 548 894 57 59 96 209 175 503 402 512 29 488 444 366 301 460 190 20 550 562 674 676 753 819 824 826 834 847 899 950 986 
163 144 355 621 632 680 700 740 391 297 195 157 145 533 188 74 348 441 509 448 282 362 179 381 497 185 287 396 84 474 549 551 609 631 656 754 832 841 846 915 963 
226 571 702 79 512 258 63 475 320 344 831 884 
389 37 420 702 917 985 332 401 280 391 234 187 377 328 423 205 381 411 405 138 73 578 638 657 661 681 692 805 809 870 872 875 906 
702 917 296 246 276 363 411 101 567 790 798 813 842 925 954 
385 456 280 239 244 253 101 139 118 865 904 
402 607 923 241 470 153 605 613 737 906 939 997 
54 541 894 93 114 146 399 450 367 288 79 443 591 622 643 656 804 887 923 968 
93 375 578 714 791 906 959 979 349 236 163 441 512 542 252 22 274 491 108 3 364 450 449 433 178 10 1 560 562 579 589 627 651 692 697 737 751 774 782 818 820 821 938 975 995 
272 381 205 349 415 696 800 243 408 165 69 116 421 181 477 290 219 427 541 123 392 394 259 292 41 562 564 582 587 607 656 721 789 826 876 877 909 923 
188 523 378 778 834 854 858 875 215 187 512 1 79 374 93 347 68 370 132 539 359 200 7 228 12 542 175 580 590 613 642 650 681 729 746 789 831 833 845 846 847 848 906 910 952 
496 727 212 137 50 146 163 463 34 606 680 757 785 822 
804 13 92 88 8 11 137 245 565 821 
93 328 488 156 270 307 509 692 801 804 812 863 876 
460 470 119 509 423 523 179 369 558 750 
88 482 719 179 280 338 533 17 440 591 620 630 714 798 942 1000 
167 731 428 229 5 397 231 540 344 570 643 747 774 908 
157 443 118 555 24 362 510 12 65 685 770 830 907 
715 256 426 245 296 184 429 709 744 800 
72 447 564 613 766 298 278 549 184 129 408 218 520 112 622 648 670 714 731 752 795 987 
504 767 846 29 55 482 533 120 281 86 157 5 609 636 663 678 688 824 906 951 
457 296 68 127 133 281 549 541 360 376 17 550 228 89 603 664 756 918 
210 170 538 365 640 676 122 492 424 385 433 408 252 71 306 372 273 402 381 55 143 355 570 578 636 651 718 777 857 922 971 
447 367 560 766 981 195 101 211 494 550 310 354 280 147 213 46 402 297 357 511 679 727 782 785 833 881 927 972 984 
540 739 418 197 305 553 470 390 288 195 697 744 841 992 997 
156 22 180 654 915 327 456 77 469 110 439 347 433 504 28 135 149 268 395 356 434 594 626 718 922 931 952 954 
706 759 133 314 545 509 650 654 742 756 800 801 882 
525 670 914 354 120 444 218 460 197 492 75 133 738 826 842 922 
372 173 942 339 177 110 143 138 457 156 189 22 355 69 618 768 790 821 
136 358 16 557 563 191 101 165 305 842 910 939 
543 642 456 517 501 46 358 515 574 617 633 819 906 943 
937 939 306 382 49 193 356 615 657 752 873 
444 726 907 192 103 265 109 220 148 5 512 40 257 658 695 764 843 945 968 996 
160 477 365 647 703 827 22 192 459 197 133 381 157 467 379 571 307 486 431 62 114 71 615 766 776 810 828 856 879 882 925 962 970 
235 528 838 840 941 117 234 143 23 50 519 347 537 527 456 281 8 58 26 317 444 122 127 654 714 809 920 990 
920 248 188 514 369 401 478 706 777 800 
401 125 521 831 505 369 362 452 453 480 533 242 404 629 668 965 982 
549 83 517 253 646 822 958 959 979 12 563 457 386 1 139 82 413 236 240 342 400 362 382 327 385 434 447 439 544 5 26 508 511 396 591 647 650 662 730 758 802 845 908 923 973 990 
67 394 637 193 167 78 549 288 81 540 448 455 314 596 694 741 759 760 775 891 
631 121 457 367 493 232 482 551 803 986 
704 118 314 219 127 20 782 823 911 996 
144 34 355 721 550 146 409 369 92 417 481 525 591 647 675 876 
373 81 407 293 893 165 5 246 308 74 379 458 1 153 329 236 125 697 719 727 751 771 831 877 918 927 996 
777 493 457 507 670 727 788 824 843 906 
386 168 931 188 59 455 109 105 223 131 202 638 648 764 777 828 972 
370 502 504 457 224 130 133 676 714 719 
607 923 23 550 179 132 380 353 767 944 963 
490 759 76 285 321 426 512 368 499 257 918 
811 549 316 218 142 621 700 853 907 922 
13 27 935 402 350 455 461 264 551 297 111 333 619 635 646 726 819 871 910 960 
319 71 101 799 962 82 404 556 578 184 148 548 99 227 109 428 69 153 20 582 449 612 626 744 748 814 831 881 891 919 
345 88 4 726 839 951 288 160 65 22 190 498 112 32 42 455 117 173 661 676 729 763 820 843 848 948 991 
510 855 63 370 298 101 302 118 491 927 957 
421 373 407 14 202 455 393 156 401 198 223 48 402 566 122 491 462 292 605 606 869 897 915 989 
221 629 785 491 322 350 515 362 723 731 877 974 
409 789 579 39 379 489 56 498 50 615 741 803 850 
392 722 196 408 421 526 54 457 628 775 778 780 854 955 
450 439 131 445 328 2 91 630 735 787 
227 484 120 15 89 237 225 524 653 969 
952 172 73 60 126 496 644 651 679 996 
22 462 234 58 68 375 362 131 403 722 765 784 908 942 
498 890 49 174 231 32 516 501 262 696 714 727 877 998 
499 672 1000 317 26 140 373 409 562 320 314 649 711 852 876 952 
500 635 218 482 142 364 710 742 843 950 985 
521 831 528 594 299 181 116 547 247 33 627 840 987 
489 141 643 664 76 55 48 421 502 552 435 371 338 367 594 343 827 864 870 926 947 974 986 988 989 
547 487 473 249 587 280 923 331 157 419 358 449 160 523 531 193 550 55 205 189 470 463 438 148 48 164 340 327 789 811 845 936 962 984 990 995 
58 186 64 74 408 518 419 293 301 11 193 816 
82 411 274 614 824 837 990 284 142 65 198 267 410 409 493 542 460 108 363 561 511 388 94 434 358 445 208 616 624 643 695 714 743 773 776 788 819 926 939 985 
163 65 64 443 278 391 613 744 763 769 
100 160 357 157 505 104 65 533 465 627 724 765 919 981 
239 40 355 621 171 30 285 85 395 49 591 126 363 12 455 360 243 274 301 372 731 787 929 950 
560 281 224 288 547 13 348 57 610 374 363 551 401 466 926 
609 883 935 514 332 162 519 79 3 449 346 515 626 762 793 826 933 938 965 
46 423 116 885 896 973 993 329 281 572 324 516 120 519 441 276 209 187 29 574 9 596 440 426 30 464 692 777 789 854 861 900 918 946 949 951 
277 384 219 160 518 59 262 609 14 510 494 441 337 631 638 649 652 680 706 
394 534 908 173 571 15 48 435 207 148 201 476 81 633 688 865 909 929 
283 191 158 111 646 787 791 906 933 960 133 193 183 252 282 444 250 70 462 360 476 20 237 216 569 127 247 490 540 430 428 179 141 702 704 706 727 747 788 803 820 823 848 861 924 975 984 
161 424 368 833 590 93 112 350 392 432 454 69 40 316 217 319 320 630 681 729 749 892 927 973 
521 824 935 403 46 292 499 296 190 355 556 489 277 220 653 673 716 922 982 
542 612 457 307 146 366 589 345 630 749 843 
223 372 173 497 528 106 317 560 366 40 548 281 215 201 732 738 764 777 800 831 852 884 895 902 
511 884 88 533 441 297 351 166 386 670 810 839 959 
214 361 507 136 125 501 609 312 726 834 
497 314 657 471 127 493 202 459 682 708 817 881 
511 684 694 961 591 229 451 82 205 20 456 566 381 336 112 614 244 81 148 627 711 741 826 924 956 
394 475 487 280 24 366 332 693 344 148 451 50 256 68 296 440 467 259 427 626 549 611 605 174 142 410 144 628 726 754 781 817 824 853 855 876 881 918 938 941 945 990 995 
367 644 860 597 422 198 74 627 354 309 654 779 792 794 890 979 
302 595 785 992 504 511 212 297 199 577 388 69 16 631 642 757 958 
271 556 598 326 372 621 619 688 911 946 
141 580 297 212 971 322 447 157 616 292 239 371 123 542 125 629 472 113 226 115 350 274 633 642 715 797 845 989 996 
355 542 215 408 456 460 382 43 41 510 388 279 744 780 786 807 848 945 980 
350 381 666 807 839 918 197 631 61 539 202 271 571 253 118 145 617 519 459 55 244 160 395 140 643 715 716 755 848 865 929 985 994 
184 223 942 221 141 352 374 534 756 796 981 
407 604 132 718 267 203 415 342 93 520 269 292 590 684 763 789 996 
123 176 277 563 561 41 141 760 938 954 969 
579 13 198 21 15 179 640 778 816 969 
276 502 182 6 120 135 523 844 875 38 463 616 131 544 585 307 88 168 163 78 372 121 55 537 644 646 656 727 734 737 758 803 817 830 846 866 890 918 927 953 972 
660 790 799 993 206 181 263 285 280 87 104 346 364 300 144 56 170 535 653 662 760 807 924 
563 313 647 23 403 282 397 457 637 534 137 214 649 767 807 820 915 
291 375 976 486 210 8 72 4 744 925 949 
338 571 362 989 629 116 357 185 40 102 431 214 631 53 249 520 551 75 534 714 853 893 899 
410 422 342 606 698 980 92 470 609 472 501 557 277 322 334 633 190 365 337 88 166 548 457 69 82 476 26 678 729 765 778 801 866 918 
527 628 281 152 477 262 485 521 332 638 356 15 480 600 173 729 733 743 927 942 999 
422 79 698 913 511 135 9 95 284 450 414 154 47 92 647 715 725 778 847 875 881 901 922 
578 155 618 414 976 233 638 85 45 590 277 120 334 448 235 648 662 688 706 735 742 843 885 918 944 965 992 999 
640 574 182 398 676 875 884 142 1 369 227 64 240 526 84 234 371 418 392 645 537 578 439 582 349 57 274 72 648 654 670 689 745 764 777 783 784 987 999 
654 733 211 646 488 560 10 647 585 805 929 
463 449 399 307 431 744 889 904 237 428 466 511 324 55 384 401 371 616 400 176 640 385 209 603 152 142 109 482 133 672 693 723 751 752 764 816 820 856 868 914 943 968 975 989 
325 440 818 567 261 318 551 578 133 404 446 745 760 888 922 931 967 
25 423 416 490 149 293 529 203 549 11 307 175 61 105 312 449 600 533 298 563 407 539 843 847 893 910 925 951 998 
37 26 917 228 394 302 324 208 489 339 616 91 49 500 359 683 698 914 922 
302 427 721 940 322 69 238 599 393 325 460 620 433 412 116 23 226 639 314 319 676 789 862 990 
648 419 566 537 760 797 934 567 647 49 498 628 353 257 292 296 215 13 33 290 284 575 258 168 656 676 683 692 721 754 787 834 854 887 888 927 
359 195 342 229 144 417 227 61 73 299 105 56 719 747 900 922 935 
126 114 539 450 7 277 395 789 857 399 273 488 454 389 125 79 654 638 305 321 93 140 550 548 512 415 57 519 542 374 393 697 762 785 797 859 879 893 914 922 953 
625 288 372 511 572 10 226 338 79 515 544 331 705 726 847 939 976 
275 324 519 243 819 967 238 489 38 420 218 186 292 132 387 573 370 253 790 869 900 939 952 964 976 996 
17 496 338 350 447 381 239 45 459 52 436 744 804 843 918 
110 639 8 236 207 153 449 445 287 339 289 672 871 
55 406 455 927 996 236 415 451 483 87 434 422 49 411 538 65 180 592 112 46 544 712 727 737 817 837 847 906 968 
310 463 307 320 744 770 851 209 230 440 646 261 269 128 517 342 428 71 381 461 578 274 639 189 712 714 717 742 759 771 776 853 905 906 923 961 978 985 
445 79 206 224 72 509 561 186 674 705 713 749 831 
606 531 57 429 533 47 407 372 562 239 725 743 761 795 819 906 995 
919 202 365 367 707 797 882 921 936 960 
633 437 223 74 456 217 168 721 803 835 858 
284 963 188 167 344 218 533 477 282 799 874 968 
449 322 320 105 577 342 87 337 338 351 240 437 715 766 843 903 
26 702 850 103 86 292 24 85 462 450 284 722 732 747 779 877 906 
568 334 708 926 945 560 623 535 218 647 21 72 584 426 524 511 396 88 531 251 288 727 763 784 920 975 
307 218 57 97 444 441 300 362 511 742 767 771 897 917 933 
422 385 242 603 853 660 649 27 258 144 163 75 700 715 775 792 820 831 880 885 901 992 
472 198 456 328 491 620 755 870 881 957 
33 146 663 482 520 460 541 254 463 367 349 684 703 750 979 
64 322 399 268 454 282 154 365 483 582 280 55 676 789 830 831 845 
210 647 135 563 523 271 511 494 884 961 329 512 237 381 481 654 241 653 126 675 586 390 428 116 275 107 146 526 458 541 456 362 592 104 400 44 369 678 707 709 743 758 789 828 847 866 897 
157 479 104 259 373 407 101 701 876 987 
290 520 441 408 199 241 561 676 643 298 368 425 727 740 768 790 813 1000 
123 246 819 409 564 600 149 30 410 736 856 
542 500 616 552 702 752 806 851 883 890 
408 167 192 691 743 900 456 347 381 39 329 314 551 544 332 359 134 619 24 686 751 853 915 922 987 989 
14 190 430 376 803 817 153 170 488 211 256 262 523 537 309 327 221 625 206 710 734 770 797 801 809 814 822 830 831 875 900 901 934 
356 18 654 652 116 351 506 520 441 859 912 
626 346 483 86 635 674 427 471 847 906 939 
214 105 558 401 218 256 705 709 831 907 917 918 923 
324 117 819 84 681 535 310 364 378 688 917 943 
193 68 284 217 173 268 116 195 95 159 198 521 761 814 943 
146 708 995 200 630 350 457 617 686 120 491 646 561 698 705 733 865 927 985 
328 757 321 312 523 470 358 33 647 49 275 899 
699 245 49 168 414 216 74 397 511 720 
681 496 369 347 720 803 826 865 887 941 
114 85 909 978 654 451 482 615 181 75 157 481 273 554 549 210 544 125 769 952 971 
627 121 649 314 539 162 727 777 828 853 897 
626 501 579 18 57 307 58 525 833 978 
491 386 85 609 573 232 307 703 769 831 952 957 
550 178 417 870 373 602 233 441 116 256 147 266 457 446 281 462 702 782 819 848 879 
147 153 731 843 910 261 565 194 656 317 346 92 496 34 355 549 191 583 703 739 757 759 780 803 807 885 945 996 
645 643 428 57 325 280 337 228 354 55 467 528 482 381 397 423 520 2 688 652 5 8 985 
690 126 22 120 245 196 428 820 830 931 
542 785 940 236 135 188 49 25 374 85 282 134 672 589 513 704 794 965 
14 530 307 358 101 514 677 710 794 874 894 929 
544 189 543 669 26 338 545 362 715 795 500 341 280 511 696 122 113 618 288 521 680 450 386 272 422 323 428 105 61 708 714 727 758 820 830 853 865 878 879 892 908 936 937 959 968 986 
574 66 165 68 151 41 697 674 238 533 418 534 497 284 695 731 859 924 
581 716 845 968 532 186 700 380 618 209 431 441 82 715 834 863 924 
171 68 454 446 192 510 363 86 400 75 20 281 412 11 145 374 127 173 657 688 663 257 99 369 685 501 314 347 238 327 779 792 839 876 917 983 
39 374 101 567 885 284 421 207 618 49 646 133 616 209 320 145 62 115 576 369 781 
336 913 246 665 676 116 97 323 715 725 731 743 936 997 
146 688 670 224 61 625 523 120 702 773 774 795 
321 512 760 121 44 325 441 92 21 676 407 559 685 766 818 831 874 916 993 994 
44 764 916 947 682 134 701 397 490 604 190 436 229 439 381 238 743 819 841 849 855 
122 75 626 399 66 603 538 156 924 953 
140 153 26 141 48 62 243 662 661 206 94 832 870 915 
236 56 902 509 663 73 396 135 121 142 220 370 112 480 173 803 817 830 
549 352 262 265 145 191 204 754 208 512 556 319 642 214 54 327 702 609 130 662 110 178 560 251 519 202 169 530 407 602 575 586 443 832 833 863 876 879 890 922 969 
702 559 362 764 916 989 704 631 370 645 297 668 250 176 672 424 307 356 707 196 224 329 235 521 216 633 730 744 777 788 880 897 
704 153 136 61 633 141 91 620 134 397 455 866 932 953 
263 810 126 350 406 534 258 132 662 793 821 990 
635 500 244 234 390 876 138 422 292 487 381 163 425 563 438 20 75 145 187 479 214 566 426 228 266 130 725 759 763 772 805 869 932 950 987 
556 470 350 863 65 476 171 232 583 55 297 102 586 655 69 529 117 479 725 739 818 916 979 
173 441 691 401 405 690 321 922 938 976 
582 653 666 111 339 654 123 259 195 550 765 782 879 922 
176 354 597 257 299 323 502 513 669 467 601 68 437 74 836 852 890 990 
35 881 649 332 389 595 142 26 186 731 749 754 849 886 902 
493 462 198 512 133 485 62 356 43 297 399 354 450 207 363 314 477 611 54 218 374 101 378 386 78 782 921 
487 473 707 645 718 664 719 728 754 865 901 936 
592 166 284 381 573 345 800 863 325 8 624 121 657 50 52 358 590 22 449 362 247 146 61 51 210 182 627 157 489 533 754 755 762 778 781 793 796 852 864 883 887 901 914 956 979 
198 22 256 133 164 552 183 820 823 6 494 618 702 670 146 678 360 583 119 290 1 273 564 219 325 192 693 511 504 342 446 602 638 661 584 217 70 47 734 743 807 836 861 874 900 914 923 927 950 
42 297 94 304 292 131 725 215 19 161 527 53 421 976 
70 985 461 643 644 532 427 395 551 592 369 619 862 879 993 
760 515 715 402 578 343 274 189 883 894 
697 557 295 296 193 743 910 723 612 16 254 211 560 388 328 277 351 218 450 165 703 217 595 104 707 182 32 84 779 808 890 970 
69 796 362 266 105 531 669 622 501 521 381 328 473 785 942 
648 419 688 210 130 297 104 395 498 644 339 26 784 869 959 
284 470 504 223 682 366 524 727 370 318 368 638 777 891 898 
197 448 646 598 297 273 90 787 863 885 
20 986 36 522 679 161 240 426 444 39 744 756 760 844 937 
491 209 297 195 141 841 913 206 97 547 426 268 487 538 74 661 549 213 450 11 638 753 828 843 868 897 919 923 929 930 968 969 
433 296 408 855 450 288 280 237 448 324 449 568 265 381 622 419 757 758 930 987 997 
565 528 442 186 719 697 167 758 819 976 
298 542 453 473 57 338 391 129 509 678 231 949 1000 
381 21 863 963 292 626 357 537 401 276 596 271 67 213 579 749 819 826 829 838 847 887 941 984 
256 474 321 974 671 662 144 157 264 322 385 61 646 429 604 325 245 163 567 782 783 807 866 
480 192 681 731 408 171 845 664 386 135 297 60 9 710 67 727 609 228 423 328 676 48 146 707 434 111 644 92 112 750 768 803 810 831 839 906 964 970 
432 662 347 1 449 69 649 48 394 173 82 104 395 13 354 33 632 353 736 144 591 133 296 641 447 500 88 559 125 284 277 523 610 272 715 659 565 765 793 807 824 841 846 926 927 
83 363 647 507 485 7 319 495 650 116 
36 6 551 358 129 270 106 298 798 821 
166 49 452 842 252 328 118 377 242 530 501 669 422 557 618 123 279 105 431 655 810 854 909 
752 763 591 17 136 228 401 112 110 338 468 873 971 972 975 
460 520 663 619 503 723 621 741 285 14 79 815 860 875 914 
496 381 442 555 428 674 743 850 870 903 
351 952 165 254 202 498 549 681 583 649 395 438 774 775 
477 285 748 99 482 411 572 128 680 77 155 65 427 4 649 142 288 28 560 329 355 68 757 769 876 
2 286 737 541 93 363 392 499 826 863 
253 155 714 265 435 830 726 201 56 13 430 535 153 446 389 477 627 144 515 725 170 173 654 723 542 459 217 807 872 877 925 986 994 
361 307 673 477 110 633 62 366 726 776 894 916 959 
342 370 489 428 444 258 736 634 14 205 55 562 50 199 567 539 227 760 829 837 861 876 904 977 
58 689 847 552 307 446 629 303 738 752 411 697 771 926 935 961 
9 882 738 26 578 739 676 638 702 65 870 930 
588 567 697 396 510 579 176 503 718 662 353 227 860 944 
709 730 106 536 654 308 901 920 335 636 736 372 142 251 407 25 447 247 53 579 399 375 639 352 228 306 756 240 650 216 765 818 833 877 886 897 923 
329 983 327 297 687 92 304 664 808 861 964 
17 769 915 726 45 656 92 311 614 819 858 884 
748 62 462 670 610 718 379 592 635 776 
710 76 715 585 622 647 649 234 370 56 398 573 115 421 163 408 888 958 979 
890 919 394 760 417 433 721 643 601 744 611 101 795 841 868 
564 560 106 574 120 92 63 528 709 668 769 783 803 807 
561 23 214 671 22 640 587 821 955 988 
46 988 678 54 743 569 314 510 280 511 420 796 985 
8 51 762 779 610 469 273 692 432 752 766 520 200 695 824 887 896 906 963 964 978 
662 107 1 425 195 181 355 163 204 49 558 682 782 878 950 956 
290 927 964 495 757 583 427 470 457 662 351 10 331 239 272 374 152 671 920 
807 62 718 516 180 399 290 33 140 956 
62 75 63 41 833 846 950 708 235 99 421 408 445 339 214 89 229 32 448 533 226 323 447 144 173 365 251 50 414 609 303 807 845 867 916 927 952 
848 238 157 549 708 751 441 27 557 916 
115 859 34 672 330 277 597 118 425 36 751 579 930 
480 900 925 200 755 20 212 325 394 763 662 609 574 141 455 815 959 
458 19 584 229 448 214 130 506 693 734 450 533 563 72 27 354 280 585 350 507 715 485 41 163 576 622 462 615 647 136 228 139 916 939 969 997 
109 511 551 6 323 222 324 126 65 645 312 637 726 597 513 643 168 291 177 782 813 848 863 942 
426 51 769 497 153 705 669 731 209 279 628 859 
520 814 697 157 381 438 173 597 531 71 632 
426 358 300 297 455 706 386 409 726 441 283 491 340 627 125 1 326 826 880 
280 394 333 121 805 869 922 987 770 549 360 342 778 93 148 390 500 449 721 112 422 17 71 724 742 88 362 7 564 72 113 581 527 696 817 852 870 919 950 958 984 992 
401 990 742 250 647 61 186 766 448 820 846 853 920 946 1000 
92 62 950 198 347 326 601 153 647 224 733 670 806 854 879 947 
700 629 595 849 442 65 732 465 237 136 564 49 552 322 373 192 363 462 656 433 832 853 916 921 
793 433 632 300 123 150 292 863 915 987 
618 822 830 654 237 499 612 735 322 226 598 428 397 73 824 940 957 978 996 
286 875 341 176 117 715 7 482 472 584 609 320 618 816 949 
126 150 656 596 74 409 309 892 411 675 182 334 79 93 153 329 246 615 551 550 137 289 22 351 167 263 342 417 333 676 653 635 607 527 416 280 791 801 822 837 915 926 962 
639 993 189 538 428 510 545 430 678 569 280 658 357 939 
618 549 265 847 906 121 193 789 403 384 35 523 96 39 377 272 22 794 837 922 927 990 
163 940 22 352 195 463 391 705 142 672 168 628 879 998 
786 887 726 717 41 63 386 49 744 69 68 366 614 34 995 
455 258 996 487 700 71 152 791 628 101 223 18 701 259 817 833 887 896 994 
37 702 765 708 664 464 194 212 437 292 274 560 834 
732 356 634 726 768 8 372 469 357 509 37 834 
112 654 297 320 656 66 119 631 682 665 231 854 870 907 968 
75 255 137 746 545 81 117 219 556 407 820 
591 639 945 291 667 140 215 184 64 219 198 
550 726 444 187 559 308 538 212 479 9 567 47 622 63 361 576 85 871 890 917 996 
367 789 682 350 567 226 643 554 277 299 
338 947 349 539 422 428 325 578 398 307 125 
81 682 14 876 919 33 471 713 766 743 596 666 580 697 638 78 349 337 618 691 819 968 
365 100 553 838 59 153 349 384 107 333 74 84 41 554 659 141 381 500 548 846 995 
121 782 544 23 358 718 175 648 135 305 855 
101 71 984 468 784 407 315 456 419 680 831 
369 237 142 49 122 331 633 772 813 907 285 744 697 104 491 264 257 364 773 727 297 407 395 236 632 228 766 192 742 249 640 26 639 754 440 213 62 1 494 820 877 878 906 916 964 991 1000 
269 473 955 288 520 438 125 452 311 761 26 22 163 76 731 829 884 935 989 
533 180 820 111 544 528 682 413 314 142 397 534 68 242 362 228 575 826 928 
386 717 747 515 623 350 328 743 211 347 574 313 927 981 
589 288 391 1 436 56 221 607 477 118 69 870 937 954 
286 230 125 554 48 69 295 846 947 960 
49 807 839 152 778 123 545 420 3 228 87 678 502 416 61 348 819 915 940 968 
23 357 780 139 948 996 276 521 19 242 591 422 687 20 180 237 350 682 324 522 428 161 865 906 914 956 963 
198 40 163 776 446 117 749 205 490 831 
381 127 129 963 236 486 175 234 608 637 177 133 45 22 788 329 649 362 314 887 908 939 975 
224 104 268 682 243 10 661 333 627 140 397 476 316 102 713 638 152 794 625 120 782 846 900 912 
397 650 38 970 407 437 427 719 514 198 103 709 519 386 93 760 549 402 483 42 64 162 882 924 
9 243 304 658 686 287 157 679 664 327 741 490 113 571 696 539 461 290 332 710 762 803 12 318 508 541 431 609 372 813 358 590 739 821 876 961 998 
112 198 809 256 727 522 821 55 521 328 316 509 640 510 101 783 93 699 354 527 618 672 549 649 184 42 282 165 798 592 807 152 702 250 830 831 971 996 
112 358 820 22 533 899 372 717 269 385 819 553 314 82 322 767 267 2 287 428 449 132 157 746 235 506 549 244 390 569 253 887 972 994 
787 578 191 906 268 157 281 17 552 682 789 850 876 909 927 940 
35 358 727 254 502 393 18 581 166 199 30 618 449 902 925 958 
12 401 620 609 468 935 994 744 174 787 307 369 267 501 84 504 584 250 37 769 160 93 627 371 418 561 296 24 541 101 118 170 247 843 865 927 977 987 
259 435 52 483 14 496 477 142 843 892 
397 325 61 886 939 964 496 215 320 753 809 146 691 314 16 550 568 626 298 191 741 192 293 781 541 272 614 133 514 335 51 95 854 868 
574 884 606 24 157 212 187 419 248 512 362 
203 985 122 442 676 693 585 737 369 192 574 270 257 946 
418 307 206 455 741 163 13 439 229 808 471 756 275 869 
93 787 204 754 847 713 349 192 152 481 675 421 41 119 702 699 682 20 820 558 321 477 638 230 872 895 
13 577 82 266 317 125 605 401 496 543 672 296 105 551 709 33 820 806 142 454 124 87 385 663 477 591 622 583 179 685 675 743 682 93 21 432 433 695 244 388 815 846 854 974 
317 542 385 712 785 512 514 457 714 961 
75 773 137 62 619 198 564 760 551 385 794 163 20 714 314 29 455 317 456 342 694 362 55 849 863 908 927 1000 
551 378 210 5 796 465 203 795 541 78 237 533 163 93 116 654 704 316 259 624 924 
86 864 867 85 414 46 421 408 49 501 487 72 521 6 666 906 
301 905 366 383 722 284 399 323 413 357 48 727 141 888 914 
326 609 232 530 501 661 756 535 463 789 288 791 922 937 
804 575 741 422 288 198 495 41 339 351 45 445 988 
592 49 633 813 341 120 292 291 347 493 623 433 354 705 56 743 386 871 913 943 996 
365 575 248 14 605 444 258 441 328 916 998 
257 737 565 765 744 542 120 228 155 152 710 947 968 
29 88 747 545 418 283 570 101 414 238 568 
529 140 697 363 296 339 457 897 455 584 355 48 218 659 244 452 390 651 376 367 470 668 142 604 621 592 825 441 328 737 646 407 824 236 55 474 228 573 864 903 935 955 974 
485 638 5 736 351 88 114 417 326 154 954 966 
743 147 704 879 968 773 43 578 675 466 324 631 116 539 442 431 523 498 452 607 551 280 399 520 412 509 362 88 870 998 
773 561 337 261 848 638 542 330 376 812 503 444 804 551 817 783 21 39 38 101 831 286 230 744 863 889 955 
97 58 435 791 830 757 283 449 338 452 538 741 209 228 214 676 645 494 289 464 210 657 491 541 684 426 80 229 551 661 520 651 875 891 914 996 
28 774 138 846 53 62 950 116 696 117 272 152 507 592 632 362 64 15 277 633 778 551 125 58 280 440 618 517 433 240 394 914 933 939 944 968 993 
785 103 527 135 723 833 710 225 450 1000 
669 989 750 505 36 281 377 822 596 259 179 860 898 
403 64 662 114 329 441 680 259 453 266 958 
501 782 539 394 726 722 622 603 951 959 
57 102 672 79 428 370 1000 356 783 130 202 378 450 197 785 13 662 10 702 627 251 681 693 642 229 520 460 589 858 862 866 894 905 922 927 963 985 987 993 
235 551 120 477 279 654 831 597 455 358 615 826 784 797 24 225 263 388 747 452 354 101 868 881 886 
738 169 593 446 710 71 181 74 137 805 365 475 27 143 627 904 935 
28 62 63 69 649 5 386 295 125 574 679 
85 450 656 871 296 11 563 464 231 105 3 474 446 128 447 956 
511 551 666 25 853 429 78 224 273 353 762 
775 224 484 333 779 347 539 703 656 683 882 
628 877 311 759 513 219 228 402 376 375 749 850 227 910 969 
216 511 170 884 727 618 615 302 334 19 761 159 756 952 972 983 996 
356 347 391 414 113 195 49 314 853 41 24 514 367 484 729 259 653 933 
726 482 88 741 719 93 358 318 1 778 55 111 54 833 554 735 786 407 714 753 446 450 25 846 704 211 89 969 988 
835 358 944 370 843 606 173 726 455 491 357 215 499 252 303 135 905 
449 119 486 69 224 688 824 617 313 134 99 725 691 441 633 226 814 77 465 546 355 88 702 926 
325 440 65 676 716 643 296 742 6 638 450 57 49 472 853 
289 835 121 122 427 773 339 29 216 197 224 83 905 
382 942 649 220 175 407 433 765 131 737 826 854 
402 24 394 782 11 718 594 78 246 111 521 244 829 658 340 733 140 904 933 939 988 
381 21 369 696 951 526 782 487 313 544 712 228 845 334 673 271 758 47 288 533 252 750 797 606 811 104 72 927 
277 126 857 163 357 800 307 430 528 455 511 156 660 839 191 244 590 401 945 
432 356 226 357 544 516 539 141 754 830 965 
142 369 14 18 116 386 572 243 748 202 924 
404 184 288 314 727 701 120 76 709 667 346 82 315 46 170 75 387 
638 647 551 528 788 238 211 243 645 98 544 1 144 749 40 51 515 2 297 682 392 214 381 18 847 894 899 968 
224 14 718 803 421 582 74 499 756 113 714 232 514 677 550 705 117 193 554 603 236 399 627 819 822 752 894 895 954 984 
118 860 880 981 511 807 358 264 273 760 583 595 602 507 150 550 754 669 204 935 959 991 992 
538 327 511 807 412 406 770 278 702 529 349 985 
845 192 433 888 361 714 784 574 245 721 656 157 729 33 696 131 416 792 702 120 927 
877 201 126 781 672 715 454 215 46 390 380 223 166 413 
723 419 355 673 564 854 212 591 178 625 87 645 627 923 
758 354 397 574 48 13 665 859 521 818 567 420 464 151 909 
614 248 730 527 726 122 145 680 942 945 
477 210 676 647 827 623 5 861 212 90 382 428 622 69 472 459 76 229 512 70 412 295 245 317 211 762 379 808 415 82 381 326 372 71 543 411 894 919 926 927 950 963 1000 
706 330 615 372 454 672 210 152 129 646 57 503 58 735 126 235 142 332 697 961 
826 55 723 533 760 26 296 197 462 379 401 312 854 936 950 
793 264 362 389 726 821 155 280 794 691 816 277 89 548 211 214 204 237 161 654 769 15 232 741 896 
174 879 968 320 300 200 764 126 226 409 250 836 385 112 654 650 343 966 
649 73 371 273 337 15 55 227 846 394 477 
602 407 765 628 304 800 501 722 714 680 731 455 167 638 294 948 962 
347 847 267 121 591 280 417 579 188 734 
789 247 702 170 825 211 26 44 619 148 407 910 
583 445 381 651 656 642 214 64 896 935 
548 541 755 701 359 730 49 884 876 853 875 923 994 
144 163 494 622 830 154 312 876 287 25 446 914 
488 615 525 887 497 88 893 401 769 794 980 
843 339 192 925 594 760 245 232 386 182 676 715 8 693 356 125 132 671 347 737 938 950 986 
327 120 198 734 850 318 116 192 381 82 214 14 997 
821 390 689 452 53 642 511 875 38 541 
78 681 776 296 408 198 76 682 70 355 484 15 215 422 727 218 237 18 399 121 342 241 658 655 615 817 953 
308 760 672 139 726 682 449 407 62 294 725 645 
713 56 428 723 622 126 381 482 502 101 228 310 823 163 980 
360 315 428 523 449 668 843 98 750 55 955 
292 649 756 349 331 546 25 869 395 855 283 
836 14 20 477 514 867 258 384 662 864 328 853 907 
93 618 291 549 791 822 191 960 835 360 420 584 156 477 807 236 561 228 38 426 508 141 571 403 669 440 814 743 551 547 769 684 79 109 664 662 146 65 150 661 82 544 86 975 
350 142 573 807 379 474 905 228 342 64 158 685 797 447 251 93 77 558 156 589 968 989 
617 394 702 578 210 816 557 601 833 29 26 511 373 930 
309 126 219 85 692 747 531 245 381 205 142 340 822 617 143 550 20 882 218 53 125 
731 697 551 141 651 892 331 526 125 203 590 860 570 
224 407 447 328 401 179 156 60 218 363 581 20 42 457 630 
85 408 13 179 817 132 683 87 416 915 
645 707 737 300 234 839 250 125 485 281 941 955 
101 501 568 423 962 984 995 362 118 455 895 371 426 440 47 289 814 847 411 528 848 727 276 749 515 726 836 281 153 537 652 428 307 649 250 656 
533 566 762 8 350 342 207 789 594 163 393 712 640 912 681 786 62 420 813 532 542 951 995 
715 26 710 362 773 72 755 527 408 777 807 524 259 34 270 42 840 719 202 709 112 774 785 942 966 
544 652 545 162 686 65 324 452 519 685 671 495 141 705 800 992 
273 417 349 369 343 633 627 290 106 354 460 643 659 360 638 277 685 109 588 440 351 373 380 583 322 179 537 615 646 562 173 924 964 971 998 
665 803 765 14 350 369 611 228 319 261 64 737 884 591 782 944 969 
760 576 439 190 575 436 783 432 355 771 670 60 925 
338 429 785 724 435 381 481 136 665 354 
534 280 782 483 473 121 568 505 837 415 620 650 652 721 714 720 18 791 853 589 645 300 531 563 425 681 656 566 38 369 88 655 399 952 964 
607 483 547 89 587 514 20 534 894 292 685 737 578 142 146 548 18 95 218 379 662 537 881 355 760 248 2 727 536 550 375 362 179 512 387 49 252 373 239 42 398 945 983 
163 240 953 956 834 167 626 501 157 639 704 703 818 918 279 193 873 141 711 618 356 235 947 
776 68 897 133 920 574 545 641 14 249 754 823 52 517 651 935 
323 319 670 278 101 202 146 20 81 884 428 182 277 865 417 500 609 789 450 440 613 335 260 757 212 373 606 419 744 94 402 996 
148 661 771 325 23 230 55 455 969 853 190 644 810 773 111 879 583 727 564 593 49 822 115 71 482 379 744 521 452 341 334 1 214 352 161 401 619 791 824 68 3 833 884 688 101 638 654 870 953 966 
370 455 281 5 394 26 809 944 947 956 
347 449 478 617 648 158 496 82 633 737 2 146 701 612 375 1000 
316 364 57 738 737 758 908 775 11 987 
585 297 650 699 566 10 394 446 241 498 112 258 1 320 
228 716 135 123 718 193 163 521 489 407 
517 618 112 614 862 869 183 848 470 444 59 329 671 989 
654 533 244 331 184 233 25 521 142 682 328 205 
274 620 82 824 614 590 421 925 437 512 427 409 655 355 277 29 68 119 26 808 382 877 237 88 843 337 457 491 757 325 855 105 893 394 969 
240 144 163 966 992 702 105 607 289 218 886 69 124 665 465 447 308 378 707 444 251 539 725 176 153 126 462 
572 969 837 702 153 736 188 121 385 331 811 945 947 949 966 
84 359 300 897 720 312 636 549 454 485 614 474 627 26 989 
826 572 38 406 357 441 325 948 658 790 471 473 412 777 536 65 349 547 403 69 58 345 210 370 848 816 570 266 246 684 534 516 527 609 869 657 284 533 398 189 945 990 998 
700 653 792 18 822 813 787 190 217 407 235 
271 575 241 90 913 459 741 116 370 26 691 194 627 401 
569 314 497 634 868 30 288 916 355 64 265 514 140 556 601 778 356 405 100 452 47 383 644 732 134 407 883 99 472 347 947 969 
467 405 687 80 649 539 87 839 686 31 426 571 46 
864 300 120 587 646 92 919 848 431 759 515 928 
278 799 670 211 323 192 871 458 386 697 100 474 296 883 937 135 198 573 939 166 923 632 627 50 228 311 
407 301 957 329 123 536 529 194 198 521 783 147 615 828 210 630 283 
710 338 802 362 456 942 928 192 112 468 606 278 812 251 784 521 139 937 924 347 841 503 
939 814 228 210 369 592 134 344 334 521 421 890 88 193 
47 62 314 135 788 101 615 641 740 937 133 
784 848 773 439 47 72 782 612 506 884 55 886 213 718 727 770 93 228 897 604 521 541 101 520 76 952 990 992 993 
592 870 561 460 455 477 915 406 519 497 852 651 615 
341 274 317 600 125 751 411 27 566 517 170 454 140 255 519 692 24 363 120 950 658 773 385 551 861 242 119 349 196 389 141 290 2 324 214 922 695 603 415 101 963 966 997 
924 992 111 656 126 638 900 7 927 711 137 716 
209 32 315 566 61 133 876 1 545 811 636 145 844 103 173 988 
808 767 392 846 913 164 843 529 903 597 
2 924 144 857 477 498 626 726 772 1 118 512 770 814 417 928 996 
373 946 434 224 511 593 358 695 85 193 300 673 787 277 523 200 
222 578 823 782 347 502 764 629 90 851 473 539 
578 549 328 432 407 877 141 408 852 343 733 502 702 623 523 755 147 776 437 
618 906 236 277 665 44 812 36 345 521 590 224 356 978 
477 676 135 626 475 157 819 885 662 757 832 328 519 25 241 978 994 
591 501 914 138 890 509 37 240 574 350 789 607 
816 349 741 379 667 369 514 252 361 429 428 498 22 240 14 473 32 75 542 375 200 540 317 587 372 769 884 853 952 814 329 984 
771 826 996 15 769 658 389 807 354 369 761 510 232 407 743 922 108 918 989 
491 352 223 646 577 173 614 872 700 969 
936 260 250 518 117 844 452 888 49 916 952 416 937 196 465 60 927 
176 658 287 488 2 438 148 83 496 650 395 
446 888 339 704 845 78 702 377 667 875 813 797 841 265 142 349 272 215 369 737 573 214 803 548 661 907 649 242 33 848 973 992 
937 927 440 148 252 714 935 942 417 202 368 863 737 599 96 637 359 329 636 79 965 218 860 919 777 428 279 975 978 990 
818 175 187 375 281 574 731 355 500 743 408 
631 168 220 820 918 265 60 126 563 272 748 692 
90 41 861 821 297 585 564 638 147 347 748 359 105 
615 323 202 326 482 372 968 619 241 36 578 440 97 355 296 520 
742 471 533 385 157 606 440 843 408 316 831 595 
115 530 104 816 418 969 670 135 192 531 340 748 906 618 549 317 649 
641 646 26 658 739 21 657 728 234 170 135 61 720 
116 501 756 398 320 427 112 511 411 65 824 
150 692 539 694 320 961 662 120 123 524 787 769 501 79 36 969 960 357 14 
549 578 277 13 270 719 764 256 477 628 363 141 726 674 327 
385 643 456 291 41 235 441 632 902 896 302 984 
564 152 877 192 374 611 2 810 373 170 180 634 
420 418 300 348 414 577 523 179 620 499 
355 761 178 705 55 175 923 416 861 78 441 
914 416 806 501 225 33 394 782 12 220 362 189 618 980 35 512 375 200 876 963 45 478 288 741 259 607 564 
729 544 828 26 217 609 98 662 633 509 878 504 418 534 494 768 698 421 358 853 213 604 256 30 207 688 108 464 
67 736 241 897 97 541 606 702 356 37 754 580 496 
782 483 534 65 332 238 121 605 256 560 192 224 14 455 210 786 242 136 677 518 824 318 738 79 247 718 538 212 221 189 499 681 329 129 930 853 647 
768 146 288 378 954 838 863 264 347 767 141 362 606 869 78 
850 715 642 44 140 681 964 514 631 933 907 314 508 428 510 519 649 808 594 938 379 606 
609 783 213 722 627 578 969 236 717 939 122 653 119 950 391 575 791 607 
361 94 2 877 57 592 256 85 96 350 154 120 807 426 
936 953 629 163 133 264 372 646 782 672 877 141 532 270 456 222 968 313 565 385 917 950 
639 615 790 357 848 853 361 322 163 133 497 950 61 295 709 408 14 729 
824 326 171 451 894 46 961 794 709 754 821 633 51 212 22 
914 101 688 915 549 804 607 137 3 627 402 247 191 793 664 18 
371 794 520 964 23 455 661 814 325 573 631 820 839 787 157 508 255 847 861 581 160 193 448 411 697 635 276 338 512 121 228 600 142 800 658 4 281 583 494 956 71 926 484 317 339 28 
218 322 738 565 898 952 115 707 235 329 777 547 3 245 236 
495 533 113 939 840 651 602 918 194 819 224 386 845 409 457 511 792 
206 280 400 362 644 425 647 265 646 304 
603 853 209 298 884 556 740 7 538 807 678 929 783 21 833 849 
