1000 9767 0
18 95 292 662 671 14 133 166 199 234 239 274 314 395 426 428 448 457 485 498 627 725 783 788 845 853 871 900 926 
163 239 355 427 595 20 88 235 258 283 292 369 438 477 539 668 676 682 726 749 754 789 855 872 938 947 
548 777 62 107 133 157 225 267 433 633 649 789 815 925 
350 482 44 125 220 247 288 318 688 798 900 
551 575 703 844 18 20 68 191 197 309 411 497 512 542 554 629 653 695 798 833 871 900 969 
109 778 93 246 264 381 491 515 615 709 761 845 
74 126 228 100 234 275 710 827 843 899 950 
22 537 709 72 78 109 123 138 398 547 594 612 618 735 766 791 804 814 1000 
123 967 143 358 696 721 726 776 863 963 985 996 
163 355 936 80 114 275 339 439 473 517 537 650 672 674 676 820 
157 354 658 126 145 154 251 465 505 528 564 578 649 678 818 932 936 956 969 
128 620 163 194 224 282 369 535 583 644 847 848 884 927 951 
266 317 401 411 614 91 97 120 130 179 201 264 268 285 291 409 426 442 490 534 558 617 787 810 836 882 
104 293 407 421 635 836 876 919 1 43 97 108 142 167 189 219 228 245 247 265 328 329 355 366 397 399 436 457 574 575 581 591 632 684 705 749 774 800 853 887 894 902 968 972 
173 372 497 942 27 64 69 95 125 133 195 232 317 336 498 549 655 711 729 824 849 911 978 
654 31 65 105 579 621 717 807 814 932 
232 533 26 193 196 249 353 355 386 597 718 785 846 865 935 
1 347 449 732 744 5 20 160 209 214 235 242 275 285 294 371 394 409 438 531 549 563 565 590 677 792 794 825 847 
105 214 229 64 126 244 276 318 399 481 501 519 551 606 662 870 
65 473 492 736 869 908 987 18 5 2 56 61 114 155 160 203 223 263 297 314 329 431 486 549 591 641 689 691 731 766 800 817 851 853 881 924 935 957 997 
437 633 918 22 41 301 409 411 428 513 521 730 776 789 846 914 987 
8 180 358 570 654 760 821 21 93 139 214 284 290 291 292 369 394 439 443 529 549 574 614 647 676 700 736 787 789 795 824 826 831 841 880 902 911 918 946 950 
325 678 814 826 996 121 152 156 197 228 256 285 300 320 401 483 537 590 630 719 734 944 
394 475 587 52 104 237 283 439 503 619 716 863 866 931 957 979 
179 945 104 107 111 127 166 212 408 550 695 771 878 897 955 
226 264 362 544 652 702 710 828 985 17 38 92 111 152 165 214 224 282 303 309 328 342 351 408 416 423 440 511 514 525 560 563 594 618 640 691 701 725 735 754 794 807 836 849 851 886 952 974 
351 401 521 15 261 510 529 535 575 654 737 870 
62 92 188 230 245 292 361 391 539 716 736 762 768 845 861 
350 807 55 121 140 244 446 501 529 625 652 706 821 
625 57 235 267 373 542 591 618 856 993 
55 16 103 140 170 335 416 482 855 922 
297 93 129 133 148 178 193 368 669 780 
294 488 615 885 121 143 196 205 277 347 357 378 578 605 611 630 647 657 705 757 792 
240 632 309 462 479 490 692 741 807 847 876 881 991 
426 438 654 74 96 125 208 212 214 217 386 444 662 700 714 964 
433 446 593 55 109 114 255 261 268 277 355 530 538 579 651 707 720 756 898 935 
338 702 710 101 120 192 251 311 343 399 418 433 718 724 769 794 876 
61 252 937 996 26 214 247 296 319 346 436 447 541 602 721 754 772 
211 323 490 896 49 58 107 134 218 256 410 426 428 458 652 692 716 
163 215 92 136 141 145 232 259 273 343 382 633 639 738 939 
92 561 949 950 21 131 147 172 303 308 447 501 629 706 709 729 858 860 862 937 942 948 963 
342 643 717 74 104 175 218 266 459 760 774 782 790 819 878 917 943 
85 247 857 14 116 165 224 324 422 461 963 
642 985 4 61 259 297 401 563 618 863 875 904 960 968 
141 954 65 121 179 283 639 679 730 782 786 933 983 
639 708 988 134 193 244 336 339 379 394 477 521 534 668 671 721 796 808 884 902 
75 368 439 126 160 362 372 550 587 700 706 817 818 834 854 859 906 915 989 
347 356 478 98 176 182 248 261 335 386 426 446 498 521 607 678 780 787 833 
88 381 470 550 696 726 741 839 863 39 55 62 79 93 101 133 163 212 214 247 252 258 281 292 307 315 363 375 387 407 455 488 512 533 541 554 603 612 628 729 782 879 923 930 937 987 995 
653 940 983 70 121 125 232 286 372 407 439 472 485 563 923 964 
462 533 280 296 372 417 446 618 638 652 660 681 848 
55 252 24 88 117 280 344 355 501 605 847 876 906 908 
236 125 318 344 366 450 626 720 766 845 
220 541 101 141 422 455 470 528 752 789 836 906 928 989 
52 31 290 325 520 818 927 969 996 29 36 49 93 135 179 218 224 247 251 275 301 307 333 416 426 465 485 501 582 622 626 646 651 667 703 732 743 778 807 808 821 841 848 915 958 963 994 
75 713 848 20 99 201 215 297 452 470 471 618 671 844 911 975 
195 428 456 631 913 30 120 189 288 296 338 358 446 533 558 577 578 618 676 718 731 773 779 794 876 908 921 929 
93 618 830 39 112 140 168 198 363 458 495 521 594 675 761 797 801 886 887 981 
402 131 151 455 525 533 556 610 726 937 
105 894 119 121 523 743 782 798 837 916 938 
38 131 252 258 440 460 20 44 69 104 173 198 201 284 292 304 366 574 584 651 660 713 764 790 816 843 845 863 887 942 982 985 991 
28 138 619 798 846 856 972 3 49 307 328 374 381 445 511 551 569 576 612 634 644 649 654 669 696 787 827 958 981 989 996 
368 773 848 142 169 418 460 500 642 724 916 941 
307 347 505 829 904 15 19 71 128 141 185 232 234 332 333 350 381 395 402 408 455 526 566 674 791 821 879 934 
20 333 394 579 782 45 16 150 274 406 407 423 498 500 511 602 622 652 661 705 742 753 821 843 857 885 888 934 964 
511 322 362 542 544 545 679 724 882 950 
121 514 627 134 135 144 184 257 685 784 895 964 
78 153 562 705 968 5 79 93 113 185 243 281 498 575 650 651 696 737 749 758 816 834 915 923 938 945 984 
73 218 292 312 535 662 744 770 865 15 61 135 171 178 189 193 232 261 323 354 362 380 381 433 456 502 510 520 581 597 620 622 638 640 646 661 697 714 723 782 797 826 859 921 945 964 
702 715 50 205 229 292 354 355 417 462 538 677 706 723 
202 278 615 977 64 125 166 197 222 227 337 440 456 461 562 656 698 701 715 743 772 939 
118 436 8 198 364 508 520 593 607 654 724 821 862 909 932 
69 403 865 104 179 183 202 274 538 578 781 847 
7 450 596 656 42 35 208 214 279 356 367 405 443 524 551 612 661 831 846 848 885 906 
56 47 90 848 856 130 277 314 316 348 367 407 410 455 460 474 482 502 545 579 632 645 646 764 817 842 964 989 
702 710 179 209 228 452 481 525 593 782 830 846 859 968 
261 848 102 177 192 210 219 392 455 489 727 814 970 
68 697 731 738 8 97 149 191 200 219 247 350 353 372 501 519 616 656 660 777 871 887 944 
385 386 603 631 853 68 49 152 221 362 475 607 617 619 697 704 705 743 820 821 836 839 
296 10 251 323 386 591 729 785 820 967 
306 407 817 158 211 325 453 462 482 727 743 821 
125 266 317 600 609 620 101 124 126 162 211 237 258 278 292 435 495 547 548 550 583 619 625 737 755 778 799 845 847 902 924 976 
222 578 618 135 363 380 417 561 642 680 702 785 
386 841 452 466 470 636 658 730 738 739 843 882 941 
43 150 409 656 789 192 295 347 459 480 499 515 575 642 703 745 803 817 818 918 924 996 
133 177 210 306 362 427 505 550 571 656 776 845 963 
684 878 111 176 249 394 446 489 566 615 723 853 922 990 
49 129 369 379 633 816 963 52 2 101 103 170 216 230 240 244 288 307 323 324 365 416 477 503 527 545 564 574 671 677 708 759 779 817 929 942 979 992 
547 617 112 142 237 258 314 370 405 444 549 564 714 721 848 
75 261 773 135 155 192 206 356 511 519 744 841 
270 13 337 379 433 588 596 600 609 950 
41 28 773 26 40 153 229 297 339 344 350 356 381 483 497 550 653 785 799 927 
58 262 328 375 618 646 791 847 32 6 22 68 55 49 96 101 156 195 293 302 365 392 441 533 607 612 615 708 713 728 843 854 862 900 925 946 
432 156 160 224 380 703 718 789 845 869 
1 744 15 167 325 564 565 597 747 771 824 897 973 
153 738 843 35 93 210 218 297 435 462 532 606 825 871 881 931 957 977 991 
618 78 13 14 152 246 364 765 805 985 
423 48 117 236 373 438 508 778 876 906 
638 875 56 141 144 156 169 187 374 399 503 769 874 943 989 
477 884 7 133 374 409 448 530 566 583 895 
330 759 799 885 914 945 962 984 995 82 93 88 54 49 37 107 150 154 157 197 214 218 228 238 287 288 318 320 346 367 372 412 453 486 502 510 548 550 697 702 714 718 723 729 738 743 816 821 901 907 
385 428 77 120 135 144 146 350 472 632 725 726 735 797 
307 356 31 88 135 295 314 339 428 459 619 627 718 971 
14 190 376 500 718 61 73 25 42 24 133 136 157 201 350 374 408 501 511 523 566 607 626 633 641 657 902 947 969 
19 60 229 344 584 825 16 112 148 262 350 379 425 450 491 550 569 573 627 661 700 739 752 767 816 820 829 842 855 908 922 980 
820 835 258 327 381 383 400 540 573 643 765 785 819 876 
744 872 25 39 3 101 170 173 286 289 646 688 699 861 900 
123 14 256 572 716 720 742 806 875 947 
6 563 804 884 36 8 139 192 307 407 639 649 754 777 865 890 994 
149 670 301 329 368 410 444 447 455 484 528 570 672 689 751 
291 549 26 87 25 223 277 347 370 384 427 494 558 563 648 
495 496 512 709 742 760 864 58 89 105 145 252 272 313 325 339 354 396 420 511 542 550 569 578 579 653 658 662 664 766 786 854 923 947 976 991 
512 797 68 322 350 460 643 702 728 778 807 870 933 
395 596 656 36 20 10 325 462 822 859 987 
293 594 946 142 147 227 279 315 369 388 481 563 628 656 752 834 847 950 
179 423 501 591 651 896 914 43 135 160 198 199 201 215 227 246 295 320 322 329 350 418 452 472 481 482 514 550 638 676 682 712 727 793 873 899 905 907 981 
123 157 176 679 758 52 98 142 153 173 235 315 351 370 406 516 574 612 617 653 842 
72 185 425 447 564 125 202 292 298 347 368 455 504 551 576 607 648 659 704 723 741 824 826 866 885 900 986 998 
292 399 60 141 305 332 358 422 541 635 678 823 824 836 853 
135 442 538 623 638 640 941 102 57 37 13 125 144 164 252 259 261 296 300 315 347 386 422 533 540 649 688 689 695 741 779 782 800 808 843 912 951 958 
67 280 464 483 534 617 805 922 29 45 50 33 23 60 144 152 220 272 296 467 477 498 537 672 677 698 709 710 724 810 831 833 845 865 879 972 
396 452 550 870 238 269 368 407 448 523 603 695 760 830 845 891 
108 117 9 287 519 597 8 144 189 211 215 231 276 306 341 345 432 461 478 511 544 546 564 627 654 807 867 952 957 966 986 
173 82 247 359 425 463 632 646 731 923 
82 231 274 351 459 824 831 952 990 50 15 35 53 4 71 118 120 135 142 153 168 183 224 272 284 294 409 477 601 608 626 707 726 727 735 753 773 843 864 914 916 918 926 930 932 934 
7 309 384 395 409 539 789 19 82 47 11 144 153 226 268 325 355 361 396 411 427 461 498 512 564 589 657 659 676 678 819 843 
273 379 25 420 448 572 609 615 650 970 979 
12 64 228 281 515 551 635 729 778 895 
88 349 32 144 373 390 457 548 656 749 841 866 957 
251 472 548 777 75 13 338 342 419 499 716 735 747 792 876 912 
61 325 520 814 59 41 143 179 207 218 229 296 297 407 579 618 619 635 726 742 848 860 946 952 
701 876 210 445 449 504 514 592 645 657 760 774 903 
86 512 727 809 820 899 15 1 100 32 104 3 49 209 245 273 295 350 501 583 607 631 638 688 757 810 826 845 846 852 894 897 905 948 954 
349 350 46 67 39 153 181 281 301 354 454 495 845 865 
120 477 494 502 626 778 125 55 83 69 67 90 102 103 116 198 214 254 409 446 532 536 552 568 628 652 654 662 688 798 830 833 870 910 911 
358 474 727 760 781 821 104 40 141 152 297 369 386 391 442 467 555 726 740 773 787 811 868 869 890 912 987 
161 773 232 357 384 391 413 539 645 709 728 867 873 
62 241 833 8 183 209 322 350 358 397 407 509 548 639 645 681 896 925 
230 661 109 22 209 247 408 448 512 756 809 852 871 
167 557 691 731 968 58 29 31 161 214 252 264 280 281 350 374 460 502 590 643 939 962 
45 428 585 645 756 841 971 99 136 54 119 64 40 192 269 272 416 442 448 488 539 572 591 593 625 627 638 652 726 746 769 807 811 845 889 897 898 963 
205 237 349 350 381 415 550 870 125 117 63 89 14 115 197 234 276 305 367 389 394 395 408 454 497 559 560 578 614 632 643 706 731 760 764 789 829 853 875 884 959 968 972 987 
860 880 9 33 131 210 265 422 483 642 723 886 970 
240 250 427 610 629 740 940 121 120 126 102 129 123 67 99 152 157 257 276 300 347 382 390 407 444 448 514 539 575 600 622 637 698 843 853 865 906 908 980 
186 646 11 112 40 178 373 507 527 607 615 671 853 905 
319 501 525 651 670 914 926 102 165 296 360 373 392 437 486 497 560 580 618 640 741 747 764 778 781 802 807 832 843 928 933 
408 697 731 41 115 259 421 447 512 589 709 713 719 808 816 820 826 863 
441 455 866 105 32 173 192 277 338 358 459 551 571 603 654 702 715 773 782 860 
110 993 78 287 408 434 456 661 787 854 928 
85 450 101 65 224 307 645 834 843 935 985 
446 59 233 369 505 542 656 794 926 947 
367 524 560 628 877 981 26 136 23 144 79 97 121 291 330 381 398 429 458 582 634 640 669 687 781 834 885 
96 68 433 704 743 746 843 855 92 126 134 125 117 211 212 244 251 252 298 328 375 378 449 477 536 544 566 574 590 619 638 649 727 783 864 891 926 934 950 952 980 
784 11 101 171 227 339 369 441 460 527 635 822 914 
618 641 20 90 356 409 519 626 845 862 880 
533 733 93 99 23 94 187 259 372 384 394 592 636 832 907 
11 117 176 354 658 677 679 819 104 101 144 3 159 187 215 263 302 320 329 369 395 415 420 466 491 537 538 544 560 600 615 639 669 680 777 791 829 833 872 876 884 885 923 927 
714 976 979 81 159 259 314 370 411 551 557 901 
314 569 874 157 158 364 573 658 705 763 839 
346 563 18 94 20 47 116 287 541 571 675 680 718 
137 236 972 140 249 328 329 404 461 502 540 653 660 705 870 998 
315 672 82 203 325 539 548 614 796 875 968 
2 40 10 302 542 582 629 632 700 936 12 49 184 245 290 324 334 382 391 403 408 416 417 425 455 517 520 565 567 575 618 631 633 649 698 712 738 783 811 816 846 866 906 949 952 974 
232 120 255 353 527 584 629 671 748 807 
485 638 26 146 43 220 390 733 773 818 829 917 
284 470 726 71 1 25 256 299 320 342 446 461 525 655 693 784 788 935 
140 845 95 14 188 322 402 416 662 728 744 926 
209 257 422 491 58 125 180 321 331 381 413 449 537 757 886 996 
433 99 63 281 317 447 713 762 771 863 
453 477 511 804 834 88 31 107 175 214 249 342 399 403 501 593 622 728 757 794 848 987 
454 855 69 154 198 200 206 327 459 719 902 
661 996 41 323 424 457 533 616 717 718 752 
124 15 184 497 622 634 874 107 117 148 61 180 224 317 350 356 391 447 470 518 519 563 583 588 605 627 635 662 669 690 759 788 795 824 861 983 
296 843 314 316 336 338 438 564 646 703 801 
441 948 170 42 355 367 503 504 506 549 551 639 659 687 906 
117 157 324 87 48 181 212 280 294 315 346 369 448 450 511 627 741 748 983 
86 727 77 296 356 396 446 564 565 675 729 751 807 
696 726 69 145 32 227 462 513 521 549 643 715 782 885 936 
25 116 490 501 688 768 930 945 13 131 45 55 76 73 213 297 350 354 373 378 407 428 464 505 507 549 576 619 622 638 685 716 807 810 847 864 874 889 905 909 953 969 987 
22 864 173 168 191 314 350 416 458 469 578 633 
846 134 176 209 371 427 533 714 742 973 
511 528 48 247 257 280 320 322 409 656 760 817 846 
566 73 138 125 364 399 519 632 696 871 
173 314 372 67 163 347 356 385 401 520 548 551 564 723 737 743 745 782 976 985 
118 367 613 68 64 409 477 689 712 887 942 988 
145 191 787 374 437 598 672 705 712 743 904 998 
205 482 156 99 157 203 479 483 523 791 845 
285 167 28 718 731 737 743 754 807 976 
543 715 989 123 14 57 69 242 256 460 490 645 658 664 855 890 940 969 971 987 
104 957 193 202 203 341 433 649 651 694 702 809 967 
186 204 283 549 78 180 5 418 449 594 606 643 716 731 770 826 893 
295 296 339 363 408 433 776 855 77 148 90 109 141 85 37 224 273 289 311 314 352 456 477 501 541 566 600 617 623 651 706 747 781 824 828 833 834 853 880 926 952 
296 697 712 716 968 190 32 17 46 69 200 257 270 314 333 444 583 608 609 662 755 760 816 924 939 951 961 971 
472 12 230 415 535 540 625 644 790 890 
57 980 15 93 215 355 433 440 515 646 647 973 993 
580 33 17 452 501 638 654 678 814 984 
281 735 101 23 142 71 5 251 339 349 550 620 738 788 879 
308 358 727 821 823 58 135 61 171 116 72 301 351 359 362 369 374 504 517 619 716 746 914 926 929 963 965 996 
341 824 1 116 328 437 463 501 630 736 862 947 
672 903 171 193 78 262 326 647 654 719 776 865 868 869 892 
560 877 61 116 104 56 13 347 472 515 521 539 550 617 828 
71 540 706 73 118 190 216 354 373 376 426 494 546 600 603 691 705 816 950 
916 187 162 20 190 213 314 373 530 655 
191 549 618 223 314 478 513 632 654 702 706 799 807 863 867 936 937 941 948 
187 142 633 907 33 70 290 320 326 334 375 400 499 552 584 646 669 782 910 940 997 
237 381 90 171 214 232 256 262 605 684 862 925 
857 131 370 394 407 518 643 653 930 934 
722 74 35 270 280 350 369 609 709 990 
168 631 643 903 133 181 18 138 139 76 278 367 462 509 519 713 772 782 822 837 854 861 952 967 
286 477 611 804 86 132 143 96 77 264 325 390 456 486 515 549 768 821 860 863 867 921 975 986 
39 374 639 914 153 123 81 82 303 389 644 648 664 742 777 791 922 933 952 954 961 
297 664 810 903 153 49 176 25 35 234 241 256 358 418 455 506 564 676 727 783 833 919 
935 203 179 243 554 596 711 756 788 829 
19 248 259 515 541 548 74 26 206 35 38 49 18 22 140 101 135 170 273 332 503 553 682 728 740 746 750 833 946 958 987 
40 721 753 924 56 116 195 157 123 333 337 346 374 462 475 482 494 534 548 550 573 718 884 
834 884 202 88 354 370 401 498 744 814 830 831 926 
254 544 35 343 453 617 620 705 791 869 975 998 
69 312 347 418 744 865 39 55 101 96 131 42 288 299 309 328 331 360 468 514 519 596 601 629 637 667 753 782 804 826 854 898 947 969 
277 509 539 656 78 14 77 263 339 363 401 439 559 585 617 687 691 784 809 818 941 943 
54 259 165 121 4 278 457 466 605 639 907 910 914 918 927 
260 79 356 719 766 775 844 877 972 980 
83 71 231 385 437 523 693 798 841 962 
314 404 20 204 111 230 305 330 502 544 546 567 595 871 973 
434 466 498 583 594 718 876 890 12 150 125 26 55 43 192 173 94 256 322 351 384 398 428 433 472 512 549 566 643 691 774 873 884 918 922 935 959 
423 3 280 547 621 638 669 705 781 884 
26 264 338 126 300 397 474 506 572 583 661 768 821 893 914 968 
246 443 71 178 154 116 115 228 466 638 668 821 847 849 936 
7 247 277 377 395 539 616 692 23 101 76 14 128 227 241 242 272 286 314 320 337 356 360 417 488 496 511 538 563 574 594 622 628 633 659 673 744 773 778 819 826 884 918 919 950 
19 105 448 131 70 92 322 397 411 489 506 537 684 712 718 726 731 757 
139 927 28 223 88 194 372 474 656 657 747 813 891 934 942 958 
125 401 123 222 235 408 511 542 769 845 910 926 936 
17 164 256 358 724 69 64 40 206 137 15 50 318 356 364 435 441 477 482 633 649 665 668 691 714 792 831 904 969 
582 612 151 292 375 394 504 518 578 588 770 862 
434 500 682 1 7 212 142 64 290 292 511 592 597 647 743 749 755 
551 647 676 961 30 117 18 2 231 265 277 296 412 462 506 537 549 625 668 708 802 868 877 939 
53 161 424 773 784 846 902 950 98 243 258 264 350 355 403 491 499 502 525 526 540 542 544 548 589 610 614 618 653 661 682 705 714 724 742 744 752 754 778 876 880 927 945 984 988 
142 206 369 383 800 82 24 89 260 270 286 291 292 298 395 529 549 569 578 618 693 698 803 820 843 855 909 916 968 
547 987 122 101 270 312 363 715 726 737 751 789 853 950 952 
2 542 680 700 1 356 381 421 481 501 808 831 836 878 880 917 
34 144 653 983 88 241 386 392 414 428 441 449 509 540 541 601 645 647 722 838 853 
138 439 949 212 240 228 350 366 385 489 519 542 562 572 583 644 831 
728 913 931 228 189 18 280 355 362 446 449 599 620 755 768 773 789 846 908 
354 722 758 68 236 213 267 386 438 447 501 557 683 751 775 846 855 
583 682 957 975 88 29 46 19 153 411 446 447 452 456 458 483 519 612 663 743 820 854 985 
297 606 133 28 163 14 356 449 473 558 638 714 870 945 987 
227 392 967 6 97 116 318 489 516 521 615 651 667 669 715 799 915 
228 43 409 616 857 139 38 55 182 49 14 124 4 78 286 288 297 369 447 511 520 623 658 680 733 826 873 910 
214 48 280 287 288 398 609 721 756 919 
617 627 170 87 161 17 356 372 496 631 642 753 976 
144 329 314 317 350 379 449 537 627 661 732 756 764 769 789 
130 259 458 541 777 153 197 37 80 55 11 284 342 347 349 403 418 419 558 563 676 783 922 931 939 945 984 
38 61 52 325 650 120 112 140 49 153 337 369 381 432 445 454 470 477 480 502 531 532 726 740 784 906 955 968 
291 328 269 533 579 615 671 702 760 777 916 984 
217 652 887 135 351 428 524 562 792 797 960 968 
305 773 36 164 302 325 521 718 757 800 866 
232 321 750 815 934 23 212 206 166 189 108 224 39 385 386 391 420 421 443 476 599 615 726 773 845 853 878 886 930 
168 445 182 144 193 67 421 627 676 781 867 906 924 
61 397 969 106 82 236 89 49 2 311 355 429 726 727 809 844 
251 214 220 541 777 147 40 158 44 156 120 322 328 333 385 447 482 539 583 681 735 820 850 920 935 948 996 
221 761 792 237 378 527 682 688 714 877 910 960 
90 77 504 69 27 120 48 36 426 551 560 610 651 681 890 939 
93 754 206 200 105 273 505 590 620 737 778 
386 853 20 219 157 533 754 763 822 855 944 
226 26 710 140 6 13 210 236 281 308 315 637 644 760 777 831 926 954 
328 549 608 847 958 235 143 14 274 288 407 445 526 566 592 638 643 649 938 961 964 
13 82 468 42 291 299 408 421 425 430 442 443 631 634 658 672 785 822 825 
542 612 30 243 3 459 509 560 737 876 890 
407 718 126 36 13 297 305 370 397 409 538 679 734 769 985 
280 923 253 141 122 379 406 457 460 877 943 
91 998 193 208 237 238 292 367 373 510 645 678 870 978 
477 778 844 335 363 444 521 633 656 782 833 857 
369 842 141 112 125 121 228 296 368 394 663 881 945 
127 396 839 214 40 133 192 262 362 370 416 422 428 494 618 714 793 891 892 
125 411 824 831 952 65 1 73 265 322 328 382 426 434 486 530 664 694 710 743 749 777 785 804 821 829 887 959 965 969 
819 882 18 7 55 10 474 495 657 692 915 
676 19 142 144 123 487 631 738 877 909 
228 219 377 400 789 892 75 111 36 33 235 148 280 353 423 433 436 451 463 546 550 578 658 659 718 721 760 785 812 825 831 935 979 989 996 
71 706 220 82 209 362 484 694 752 762 823 835 935 980 
982 115 74 333 444 524 535 550 650 888 
121 269 394 402 487 782 922 52 242 225 140 182 208 248 277 176 51 283 287 311 330 474 515 518 556 577 583 621 723 738 784 785 787 794 847 875 887 919 953 956 
197 516 524 644 801 140 169 68 264 128 49 134 284 295 327 329 409 549 553 662 671 740 782 830 870 876 878 910 924 978 
501 639 26 12 382 521 638 749 879 890 898 992 
191 847 2 45 280 24 411 433 450 462 616 633 658 707 907 
166 452 592 747 870 22 281 251 125 61 325 328 352 420 422 428 497 507 528 585 627 697 708 759 875 965 
188 365 477 18 23 13 407 433 750 848 926 979 
210 884 237 50 228 107 247 301 342 372 886 968 985 
123 304 819 160 280 149 101 248 556 603 609 615 678 744 775 811 822 923 926 996 
382 497 569 634 720 811 942 218 88 265 4 57 247 248 101 318 366 391 423 446 450 460 501 526 564 602 670 690 702 744 749 782 803 814 823 847 860 912 
723 762 107 192 301 482 485 505 603 863 890 906 928 
55 814 163 22 234 205 348 512 567 574 594 659 718 906 930 
111 253 578 830 237 22 266 13 152 376 383 569 638 784 880 902 
69 119 1 399 403 649 675 2 28 270 82 234 237 118 22 49 70 61 233 367 374 398 427 470 502 549 618 682 719 736 764 787 791 800 959 963 967 984 
115 14 93 347 408 481 568 585 603 609 724 854 870 
33 125 176 18 578 713 784 882 936 996 
192 296 133 281 85 103 116 354 509 587 927 
192 174 193 80 295 697 731 738 235 146 272 38 131 120 51 177 121 57 328 369 378 444 447 549 553 559 574 586 613 651 653 763 804 816 848 867 914 
32 245 212 342 456 499 698 938 971 131 136 20 96 56 268 247 179 92 44 346 350 369 373 381 441 460 534 556 572 612 618 626 662 681 690 718 742 754 758 761 775 780 827 884 922 960 978 
329 895 118 237 153 349 406 454 538 679 694 782 867 975 
820 266 166 218 319 421 433 520 647 936 
495 724 760 820 23 120 226 144 314 339 341 374 432 563 592 638 688 777 818 895 996 
373 421 803 21 289 110 134 55 286 198 378 397 487 490 562 719 
163 653 953 93 255 157 331 372 402 413 523 586 619 807 916 970 
737 26 211 41 357 366 378 423 433 795 
287 699 61 350 421 439 498 727 739 747 770 896 918 
255 504 268 142 119 223 379 511 513 643 727 802 
81 602 123 86 428 495 647 793 819 918 976 
103 64 322 347 361 431 478 49 62 109 88 150 55 349 371 372 395 398 435 438 443 448 472 480 548 644 719 748 753 778 779 797 831 844 879 905 924 927 937 973 
198 471 264 41 432 594 606 646 661 813 817 
126 509 789 5 218 26 34 322 370 419 487 720 
356 432 357 362 477 511 558 650 734 786 803 987 
909 192 258 280 37 364 397 542 706 944 
69 218 683 238 334 349 410 456 480 514 552 553 602 615 876 917 
752 778 112 369 480 602 722 750 787 807 825 915 
184 223 159 335 372 382 513 625 657 20 174 75 250 204 89 300 228 193 1 192 103 180 158 203 350 357 390 401 409 462 473 496 544 561 575 580 591 615 649 691 751 773 776 834 884 902 954 992 
162 428 120 264 117 115 49 176 613 738 773 978 
651 806 75 174 425 668 786 874 881 954 970 
82 13 411 590 173 250 169 15 344 356 447 505 511 566 574 591 643 785 800 863 887 891 992 996 
681 731 925 232 4 288 19 53 101 246 414 588 609 735 737 881 963 989 
146 525 926 38 299 333 353 479 524 575 726 744 
361 449 649 662 889 929 157 116 23 205 166 228 101 182 344 428 451 561 681 731 771 817 840 843 848 903 922 947 994 
256 533 168 411 418 464 565 597 676 683 719 791 
307 449 649 668 744 851 862 66 224 138 259 167 113 229 274 116 309 182 345 433 444 565 615 677 707 749 813 874 915 950 954 995 
39 651 926 172 69 88 80 362 369 401 433 470 627 632 693 709 737 923 
176 392 819 163 88 43 338 343 389 465 612 628 744 852 865 868 923 968 
23 252 131 55 455 572 771 814 162 95 210 81 126 112 284 255 114 349 364 428 445 490 494 574 592 607 627 647 649 664 670 676 681 688 703 741 769 
521 614 994 205 200 354 436 463 504 515 593 623 712 724 756 763 942 998 
574 703 106 281 171 499 598 714 719 732 780 876 892 947 
253 93 265 578 787 791 958 218 199 274 14 259 153 284 296 62 26 161 330 395 417 441 446 454 469 511 551 565 631 676 703 722 767 848 854 899 969 992 
298 250 700 895 992 116 161 281 14 110 157 20 358 370 509 545 551 593 658 659 670 673 710 755 831 857 876 923 974 977 
101 984 152 328 223 280 426 712 743 778 815 
741 842 168 218 302 364 377 451 460 541 549 793 812 
805 922 986 119 214 64 358 360 612 614 719 764 871 884 895 897 
65 394 64 55 279 319 259 193 215 426 453 481 672 942 
501 567 312 163 205 408 551 643 681 682 714 719 785 817 
314 942 31 48 271 347 356 434 481 538 605 712 727 
428 491 174 46 15 404 591 602 627 684 818 
424 833 215 252 71 228 91 468 481 503 514 656 843 
37 226 389 642 917 985 324 57 130 148 174 365 487 514 541 608 653 662 674 704 708 751 785 823 941 957 1000 
192 433 480 704 888 112 197 219 300 46 154 92 10 103 386 391 493 509 517 540 657 670 752 759 805 826 885 935 964 990 
433 372 455 630 824 835 839 875 971 992 
199 605 831 123 190 300 527 650 773 826 848 857 920 923 939 955 
42 297 531 737 130 166 26 286 170 251 362 369 533 541 569 578 733 743 833 906 943 944 996 
719 217 37 40 324 367 629 862 976 996 
105 541 53 92 52 320 317 381 523 578 596 733 756 893 939 
719 963 322 123 355 436 441 458 575 773 924 926 985 
160 176 101 38 215 297 549 658 697 839 
307 18 48 64 218 356 991 293 120 33 85 335 201 144 118 111 184 251 358 370 395 404 428 508 512 534 541 578 631 737 771 772 785 786 853 860 868 900 949 994 
568 926 75 290 419 626 705 939 958 963 982 
129 142 134 379 444 667 807 298 307 251 312 197 325 420 533 619 682 714 722 727 777 809 847 848 862 880 900 938 939 953 996 
134 142 4 29 369 452 482 816 951 297 78 133 116 180 241 179 236 138 92 208 173 304 250 104 105 314 140 64 102 113 366 375 393 422 433 488 577 683 695 754 768 801 841 879 903 920 941 961 
27 125 224 26 254 198 117 355 405 420 502 542 543 796 804 
646 757 192 284 407 445 685 774 813 818 908 
381 907 78 277 319 17 164 433 511 642 679 682 757 927 
157 243 11 519 658 819 202 179 134 112 216 326 295 69 70 429 454 477 491 551 616 622 649 697 731 737 841 898 900 914 927 952 954 963 999 
10 2 427 542 612 653 785 36 236 175 17 126 52 14 345 195 242 351 70 258 357 374 451 508 510 539 551 586 594 618 638 639 647 649 692 696 710 714 901 915 
103 310 347 48 391 418 463 662 862 239 245 177 335 173 317 228 232 74 221 92 90 155 184 249 363 381 393 447 499 513 514 520 566 583 595 596 619 625 646 702 709 748 791 803 869 919 954 966 986 
460 780 927 969 996 137 355 310 303 314 33 368 437 456 501 508 533 606 615 651 715 726 742 819 833 995 
198 22 136 232 426 512 730 760 809 212 57 329 332 9 347 119 148 138 362 384 385 408 455 465 487 497 516 521 549 578 615 620 631 638 661 682 702 729 736 780 808 824 843 846 939 951 
360 965 198 124 411 431 507 567 587 656 676 890 918 927 993 
359 456 585 332 218 228 146 421 508 536 541 579 667 682 704 763 900 924 961 
307 320 391 28 126 373 485 497 684 729 756 819 
26 389 543 669 702 764 917 947 985 86 273 79 69 278 342 66 310 323 242 198 358 47 386 394 402 408 433 441 455 480 510 582 592 623 766 789 792 809 813 823 831 884 913 925 964 973 
192 704 925 219 83 356 49 271 238 58 503 643 713 736 810 886 906 914 979 995 
479 586 664 232 97 325 72 331 183 311 159 439 598 618 622 662 963 
285 551 574 676 93 88 338 385 407 444 462 482 539 555 581 657 705 751 831 852 909 920 993 
487 987 241 61 303 288 350 14 53 388 509 738 848 
152 185 447 564 880 343 75 270 101 292 209 74 142 175 383 408 432 470 585 627 727 772 778 785 800 840 894 972 
63 47 32 122 272 118 110 357 519 578 604 627 817 942 
272 88 350 237 592 633 711 807 863 963 252 208 136 176 12 115 297 154 342 313 323 296 151 2 198 157 247 22 416 430 449 456 480 544 595 622 676 678 689 706 837 914 927 952 954 968 976 
385 386 643 728 853 89 273 111 117 216 268 329 207 347 309 158 381 405 455 486 515 527 533 568 615 628 904 906 914 992 
518 18 307 181 492 641 670 702 712 893 
314 15 184 589 622 657 811 874 942 286 101 156 230 78 302 50 340 249 47 307 51 381 408 455 456 464 491 526 607 617 655 656 658 669 670 697 722 724 754 770 783 804 833 851 853 871 945 948 952 964 
301 583 765 905 975 297 146 179 270 145 203 129 361 202 98 30 392 428 456 615 655 714 771 900 918 925 926 959 971 
211 852 945 962 140 300 99 355 100 186 292 62 104 198 215 499 544 566 606 607 741 754 
93 435 578 757 153 350 49 205 233 412 463 510 519 655 729 758 790 857 867 926 977 
104 390 905 202 291 440 669 819 870 912 990 
228 277 331 417 613 726 738 825 870 897 941 998 
575 840 884 296 301 179 33 260 153 303 556 566 606 692 756 819 906 964 
88 349 127 305 91 46 105 269 250 384 502 510 645 688 727 804 810 838 
783 94 83 69 517 542 591 621 705 819 
353 49 142 206 444 573 592 696 807 6 344 168 62 252 106 69 370 92 64 239 372 297 152 356 465 473 511 521 537 542 553 596 651 663 727 729 756 819 825 830 838 879 894 923 935 969 990 
314 288 144 282 163 40 274 733 751 789 830 951 
237 106 367 291 544 618 668 681 895 949 
126 871 156 137 111 358 379 224 704 728 848 923 936 
370 79 102 456 491 928 1000 365 241 358 259 222 256 184 465 473 538 563 605 609 618 654 665 715 747 789 839 854 947 955 963 985 
79 84 370 263 429 663 698 717 362 256 339 120 80 35 17 243 48 240 136 418 430 434 449 455 497 512 528 544 571 618 648 697 703 713 718 754 774 794 813 850 907 932 942 948 950 
427 792 49 511 543 573 607 670 697 702 788 830 852 911 
754 976 115 366 391 533 573 594 626 656 669 681 935 
338 362 142 324 211 496 620 654 770 860 909 
376 718 919 129 210 314 165 144 440 457 504 508 542 579 620 633 759 879 897 943 
361 356 449 997 256 339 163 28 173 288 388 136 137 456 477 511 539 557 594 672 717 782 999 
246 324 686 967 146 93 373 77 240 402 448 485 568 570 586 672 705 
457 888 897 350 356 647 682 692 698 806 887 
65 24 333 280 547 725 869 923 46 18 362 272 156 142 87 233 22 207 432 444 474 482 530 551 578 601 624 662 678 686 773 795 827 828 890 950 
228 126 114 409 789 912 1 157 307 328 142 347 237 64 397 420 468 473 526 569 607 640 642 646 730 732 765 776 777 784 828 832 863 
273 122 126 112 177 423 607 704 736 777 809 890 906 966 969 
258 818 939 226 14 395 138 301 311 268 229 428 480 574 721 734 819 936 
647 875 8 292 248 152 307 224 439 441 721 744 777 853 942 
292 119 851 872 183 37 99 14 19 170 563 569 591 722 778 820 849 858 884 887 920 934 963 
277 656 205 106 494 614 727 767 796 809 906 
231 27 13 590 824 831 952 216 44 184 323 23 314 219 418 454 460 511 533 562 637 665 696 700 744 773 817 821 847 854 864 884 908 958 
59 280 473 908 392 302 167 64 362 439 450 477 511 580 601 696 697 724 741 822 847 918 
73 292 251 170 163 236 484 491 526 722 811 854 915 
223 161 347 336 440 479 543 638 762 806 
847 959 89 351 74 370 560 577 592 705 922 980 
678 818 939 298 65 269 117 477 659 741 777 
268 14 81 498 594 604 665 803 893 265 50 109 207 75 131 122 352 65 138 365 49 285 144 179 427 457 496 512 545 566 569 578 618 627 699 702 742 744 776 782 800 884 938 945 968 971 996 
147 192 465 705 776 843 879 149 139 266 362 142 231 334 358 26 293 367 104 25 372 163 64 417 479 496 509 515 527 534 588 643 689 748 761 789 791 889 927 987 
126 85 395 247 656 909 281 125 135 155 182 21 185 100 314 268 13 18 473 494 537 646 671 694 744 760 816 818 826 831 860 963 986 
606 110 39 312 75 654 784 864 911 916 
13 317 274 824 935 126 321 5 158 244 21 229 283 359 463 498 541 551 571 585 607 612 626 741 882 887 911 927 959 996 
782 375 235 101 433 501 653 743 746 851 
609 168 137 302 455 542 574 575 709 951 
714 822 318 240 446 491 558 591 617 619 647 718 863 935 
142 444 157 194 445 581 591 677 802 831 946 
768 790 896 369 273 163 88 31 55 26 141 180 167 832 838 923 
666 726 839 83 228 408 328 51 163 377 70 419 451 549 595 640 820 824 977 
218 356 683 63 321 212 401 386 37 116 251 191 423 473 520 525 678 823 864 987 
462 512 733 251 348 417 309 130 534 541 551 596 636 927 969 976 
669 887 947 127 395 256 157 349 351 284 112 423 448 490 541 692 745 814 853 
14 301 635 682 859 299 304 257 266 360 239 147 256 449 463 477 575 591 606 609 656 705 782 791 793 815 833 894 937 999 
168 695 707 737 350 119 143 284 54 273 43 120 465 524 544 547 816 847 866 925 957 
116 98 225 591 396 303 26 277 418 420 288 65 426 441 496 533 618 726 839 906 918 978 982 
337 236 172 560 606 615 717 910 935 962 985 
118 527 560 316 163 266 105 124 446 452 504 515 528 622 652 653 820 952 
35 358 533 552 809 821 39 330 423 274 55 261 333 13 202 1 48 498 513 562 575 695 731 752 839 847 882 885 922 940 963 969 989 
387 355 2 144 407 86 126 181 111 292 438 472 479 500 509 563 652 667 691 754 794 810 911 985 
57 102 141 336 315 643 737 254 325 284 273 397 39 347 306 320 179 224 21 103 240 1 373 438 449 474 478 488 492 508 568 609 616 759 805 868 914 921 927 946 
386 695 354 258 152 448 468 510 533 550 697 830 842 
503 803 890 386 266 369 449 610 714 843 909 953 
307 432 20 359 551 582 650 658 674 685 879 916 962 
94 431 310 449 308 252 300 123 367 394 473 574 616 670 714 819 957 
153 339 169 340 192 36 457 743 879 3 299 323 37 91 224 350 285 69 303 190 283 412 362 353 195 277 322 450 547 566 618 638 654 656 672 694 695 740 790 813 856 875 911 938 946 952 991 
234 224 604 957 274 335 386 149 493 494 504 550 686 744 761 773 792 
375 646 232 82 96 307 509 556 603 630 984 
72 628 277 38 326 14 345 624 743 923 945 987 
21 963 357 199 222 146 186 582 586 611 628 748 959 965 997 
35 769 98 174 243 18 428 307 427 2 450 494 715 
241 47 848 24 398 364 219 50 22 402 304 10 549 631 666 748 823 977 988 
61 520 678 26 195 390 404 376 71 481 598 673 706 723 744 761 797 820 843 882 
148 175 455 520 771 866 297 240 232 362 328 93 423 154 345 398 542 594 633 727 733 773 779 796 803 819 846 850 883 903 922 934 973 991 1000 
120 647 13 136 141 266 589 696 747 785 797 863 
227 266 22 307 256 74 450 622 855 971 
349 415 381 747 807 863 394 89 279 35 296 110 193 322 365 144 271 455 500 544 564 649 730 737 780 811 819 871 923 945 948 985 
257 499 132 352 415 265 252 325 62 482 609 790 812 830 837 
36 151 480 510 705 845 968 48 51 166 425 244 328 414 29 177 57 242 135 87 288 477 478 482 549 561 608 619 671 710 727 749 769 853 876 906 923 952 987 996 
118 367 644 766 860 317 244 243 147 173 38 247 169 110 259 296 356 41 497 501 515 522 656 727 799 940 1000 
229 515 624 777 894 420 141 139 429 307 127 144 176 1 122 392 100 544 583 621 644 660 743 748 782 807 852 861 884 
320 322 391 432 18 662 929 386 250 245 240 428 369 153 191 168 242 132 421 430 533 552 573 585 609 653 702 817 821 823 830 834 840 947 949 968 985 
150 74 539 656 692 978 438 402 53 443 433 105 288 283 176 455 456 460 500 647 672 675 687 727 785 820 831 875 877 887 942 989 991 
568 885 331 417 355 320 277 656 927 952 954 
350 284 122 667 56 244 116 196 76 425 84 454 595 620 638 654 656 769 783 853 861 869 966 
170 551 217 101 333 81 531 652 709 726 776 857 863 916 
171 457 704 142 328 298 354 401 134 452 252 477 522 563 568 627 884 933 965 
441 325 148 520 650 661 927 964 970 118 212 450 110 362 444 386 64 372 413 163 59 77 54 340 370 49 75 358 477 506 522 527 550 567 568 575 594 604 628 631 662 739 752 761 830 831 877 987 
57 385 360 297 489 737 810 938 210 149 312 244 192 372 357 391 69 373 71 450 369 467 468 476 532 569 677 696 710 770 813 820 835 850 865 875 924 927 937 939 969 
393 454 433 581 743 900 407 220 172 390 14 1 269 129 463 543 548 615 635 658 667 676 760 771 829 853 891 896 902 915 916 930 938 952 
251 515 58 244 152 39 180 345 654 670 927 
125 267 42 171 148 85 103 566 801 931 
61 357 826 937 964 288 401 450 140 154 269 297 63 189 113 331 75 510 602 640 737 807 945 953 968 994 
627 166 71 161 126 43 123 556 653 939 
419 51 496 552 178 114 34 314 235 81 283 209 96 215 365 70 509 541 623 705 716 793 952 953 968 
356 505 997 457 124 375 421 277 326 411 199 470 483 579 887 939 
121 782 372 179 321 565 599 623 697 715 864 880 896 973 
408 843 11 381 55 422 324 358 385 516 909 
224 84 220 227 157 541 631 660 750 841 
906 933 456 121 136 520 654 707 743 782 828 
266 429 456 337 218 395 560 790 872 928 
562 743 180 328 634 649 667 714 724 727 839 936 
166 49 734 463 84 54 173 323 56 292 252 367 568 627 754 786 846 862 936 
308 56 487 629 715 838 903 946 962 984 
194 130 427 116 201 102 307 50 224 512 633 797 901 
20 402 514 627 314 10 409 245 381 385 432 395 418 521 645 654 655 662 795 848 931 973 
136 481 394 75 226 275 230 280 428 487 597 607 714 837 
24 534 627 79 215 510 622 708 816 906 945 968 
868 456 256 494 585 610 618 782 847 950 
135 210 170 285 271 100 551 185 391 455 354 192 402 153 88 454 46 232 125 406 421 252 446 121 310 2 544 549 600 601 613 651 679 707 780 782 797 849 947 959 
307 48 829 428 446 204 123 507 760 939 943 
364 34 187 319 408 404 427 604 744 922 
446 339 252 397 312 313 85 307 362 369 501 533 628 
474 522 654 337 239 440 19 335 116 115 333 293 76 535 539 560 627 850 884 
187 350 4 800 816 873 289 446 75 445 215 31 259 394 81 365 232 116 526 557 594 627 643 698 717 732 743 769 776 797 822 942 
121 627 782 987 23 143 187 463 244 92 544 545 585 612 648 656 722 784 787 789 824 879 
541 110 403 278 782 784 807 865 915 998 
165 55 392 361 289 50 1 697 767 926 
535 755 146 101 210 20 370 274 580 794 838 905 
280 366 579 301 309 338 276 471 474 358 601 649 686 713 724 731 789 887 
33 501 540 141 228 49 428 350 510 514 561 601 649 714 786 807 
456 606 246 77 241 229 87 704 856 881 968 
39 179 189 34 301 13 420 325 534 724 745 789 998 
385 336 168 853 354 236 403 6 414 157 105 372 674 753 766 777 854 876 888 898 911 939 942 952 958 
20 371 428 495 643 747 748 809 828 889 
742 820 821 434 339 520 548 628 673 826 972 988 
135 563 676 215 434 325 438 273 202 476 400 409 111 617 668 710 
300 112 275 82 58 134 306 492 581 583 609 732 917 
112 462 742 779 408 314 228 423 407 389 249 511 671 673 718 757 834 863 913 914 936 
288 173 15 622 361 447 386 5 92 142 358 146 284 514 643 701 842 864 917 923 972 
224 407 682 859 68 126 1 426 65 48 216 304 411 15 121 505 512 586 588 655 685 800 950 
297 445 954 356 236 205 85 327 374 130 552 571 626 683 699 759 818 900 939 
104 234 65 427 450 63 444 521 571 660 668 675 724 821 
179 488 282 116 146 334 708 973 170 41 239 133 192 199 104 19 29 412 447 357 480 52 55 288 78 196 243 510 570 653 676 689 690 742 743 771 773 839 849 879 936 957 
135 827 834 878 223 140 69 161 101 351 236 292 75 379 252 524 533 645 726 807 823 865 877 956 997 
430 890 88 99 337 24 214 175 363 562 591 780 915 954 
305 261 774 198 434 175 425 118 233 132 390 326 653 684 912 944 
463 64 86 179 317 498 151 11 262 289 584 656 754 764 969 
509 789 235 226 229 175 212 455 511 520 814 956 
536 742 145 179 478 359 284 564 652 783 853 966 
833 846 355 428 347 357 390 98 360 72 523 655 920 
506 219 309 539 329 138 267 427 295 209 339 462 366 240 408 435 663 714 715 807 816 824 828 924 995 
446 557 687 900 355 27 375 460 429 69 501 362 379 270 475 488 101 633 680 719 870 975 985 996 
170 182 66 538 551 574 676 752 861 231 62 402 123 228 496 401 104 65 317 310 234 247 90 328 305 353 26 176 387 506 381 391 112 512 515 534 535 568 587 609 633 685 690 698 704 820 879 887 927 933 
112 358 133 419 113 779 915 998 407 386 498 139 511 290 472 49 126 347 147 5 224 513 515 523 528 541 542 610 622 625 637 641 644 651 676 692 700 793 805 813 843 870 994 
314 426 204 21 305 512 178 356 838 975 
67 473 923 955 144 218 337 132 497 356 338 116 488 26 312 527 535 588 710 729 734 740 793 882 929 
448 214 458 685 6 280 447 195 408 425 512 370 326 201 511 128 210 85 656 739 835 928 955 
281 465 117 358 246 565 593 663 821 965 
549 754 906 10 163 380 198 339 546 563 821 990 
371 996 207 173 280 233 695 856 900 913 942 
123 354 599 686 19 155 244 173 90 78 368 183 241 218 209 375 526 670 770 786 837 859 863 883 
55 440 441 455 131 69 247 356 493 163 184 418 506 72 467 299 608 618 641 647 699 702 704 758 777 817 820 853 918 
27 326 590 620 751 783 246 282 500 178 255 46 58 473 271 21 48 358 201 381 552 563 599 626 639 653 667 702 743 797 902 910 918 
481 797 835 447 455 454 557 702 714 758 885 
563 647 898 104 222 344 122 512 508 302 187 60 539 545 662 794 843 869 887 914 
152 281 644 74 254 502 279 319 422 621 630 688 728 732 741 826 829 929 
319 146 660 914 76 26 236 166 418 59 611 616 818 843 939 963 
709 915 236 519 403 482 288 395 265 372 64 847 871 
425 564 613 644 370 164 260 341 88 145 455 408 514 154 553 638 690 716 811 869 949 952 993 
182 875 425 386 54 110 512 284 11 916 929 932 936 946 949 
731 845 968 22 29 237 27 551 596 734 824 922 
635 718 100 203 394 36 274 550 575 764 910 996 
342 18 453 252 534 711 714 950 968 988 
556 918 96 135 456 252 624 760 791 804 831 901 
51 156 321 426 17 566 724 998 253 449 93 181 357 370 429 401 502 49 59 388 342 480 263 423 172 57 120 349 542 590 627 638 661 699 768 836 897 900 914 933 978 982 996 
475 121 808 986 13 531 347 46 490 419 408 511 297 215 606 615 640 654 698 740 765 855 927 
69 486 481 12 27 511 194 514 279 579 700 828 935 
507 360 153 135 542 551 607 817 862 938 
8 570 724 769 250 381 235 168 121 409 229 10 23 157 542 642 679 715 726 731 906 985 
511 120 878 298 385 73 228 335 157 70 268 36 737 744 809 879 993 
126 219 509 228 450 656 789 144 137 201 2 259 523 481 391 141 355 162 28 365 548 591 608 639 653 705 768 777 805 834 885 923 983 989 993 996 
488 202 194 106 120 236 240 161 339 544 737 748 810 853 
344 259 484 54 251 214 512 411 240 419 331 347 466 49 160 192 462 420 342 119 38 338 360 542 668 726 754 756 773 821 827 847 889 947 961 
355 239 267 163 595 740 936 956 512 381 541 537 231 351 66 536 380 311 413 236 241 441 30 390 5 533 151 112 549 699 728 744 773 790 839 870 874 875 882 915 939 
189 362 545 457 387 404 351 564 741 826 855 914 
26 217 669 786 828 916 157 123 483 448 540 422 444 66 477 369 386 383 374 223 153 314 236 585 599 637 692 772 804 819 870 898 961 
543 989 88 483 66 407 75 523 329 547 649 664 676 932 992 
672 980 277 123 223 517 202 626 700 710 927 
394 89 238 8 82 545 422 225 433 615 733 829 
3 130 214 493 138 307 129 101 82 457 539 236 215 184 162 656 715 716 782 919 
191 265 517 204 111 641 714 830 346 296 358 210 175 179 446 20 224 237 281 477 542 417 178 331 15 89 292 235 439 18 22 555 613 627 662 692 697 707 712 741 773 832 843 909 923 
122 142 49 666 719 907 918 279 277 25 112 201 434 215 82 105 429 116 197 92 455 101 47 86 530 576 664 709 743 762 818 820 833 837 847 875 881 990 
477 5 235 453 365 511 563 638 328 354 394 411 419 529 175 355 118 158 334 128 261 184 74 148 62 431 19 536 329 561 593 613 614 718 747 759 761 855 876 893 924 932 942 969 1000 
426 462 521 135 312 205 499 449 623 749 755 848 853 969 
898 527 312 381 296 281 214 561 614 659 
578 618 213 5 49 574 594 655 674 705 777 783 884 
749 365 549 136 559 573 670 703 831 877 
532 816 839 59 378 287 435 297 280 461 609 662 775 886 919 939 
140 510 522 391 158 243 482 569 575 669 742 790 837 918 
658 679 251 245 310 13 57 111 414 654 661 923 933 
729 142 219 555 296 752 872 895 903 922 
201 152 425 564 766 157 405 146 468 142 26 424 481 267 261 577 595 599 634 677 892 955 
41 773 950 83 488 320 446 314 551 553 615 670 734 752 850 883 933 945 968 992 
68 469 681 503 241 401 71 254 426 301 583 698 750 789 890 914 918 988 
494 160 551 109 523 574 385 521 173 517 50 454 228 111 44 399 115 251 300 26 427 18 635 649 693 715 754 782 808 813 870 
527 118 367 560 877 174 123 444 507 184 177 543 95 11 288 89 88 126 212 606 715 727 778 788 826 834 908 922 940 
799 945 95 328 18 177 322 163 464 516 321 566 756 760 927 
183 533 570 601 974 356 100 87 265 104 192 378 64 407 153 317 224 433 374 459 565 642 649 746 754 845 848 935 
334 739 290 223 455 359 163 570 701 707 847 848 886 
451 348 706 454 470 428 392 135 293 455 370 511 668 866 942 975 
159 288 657 557 395 407 456 105 62 399 112 342 237 291 626 772 779 906 
537 566 22 567 110 392 501 573 812 830 848 948 
702 989 86 411 500 386 148 499 160 666 706 814 849 960 
325 771 241 127 108 297 141 226 594 685 776 
381 807 863 387 570 215 555 105 388 106 449 159 575 627 752 901 908 927 931 952 
563 511 365 327 875 884 117 228 413 432 296 554 14 397 61 317 22 88 153 325 290 577 696 707 770 828 845 912 935 942 945 966 986 
378 5 638 703 861 413 144 163 85 314 573 421 455 319 530 14 27 68 345 557 426 605 609 633 740 897 909 927 
944 118 179 62 550 612 894 921 922 988 
824 831 935 952 280 350 57 560 574 405 607 611 631 709 817 887 996 
328 554 291 375 83 646 689 906 959 368 294 57 73 407 358 237 11 180 112 394 347 142 233 277 342 33 344 583 606 609 627 632 643 670 674 675 705 726 765 795 828 833 845 848 925 970 
487 65 607 16 112 131 75 253 463 360 535 36 390 654 674 724 732 899 926 993 
196 146 314 402 486 583 722 725 876 939 
457 365 69 495 14 415 601 608 884 963 
163 233 621 966 437 431 362 55 152 603 631 658 710 724 772 873 
373 244 224 718 946 173 495 280 356 259 100 578 580 193 82 562 133 448 12 241 226 631 645 715 717 773 774 
105 61 164 205 505 642 728 751 943 968 
360 141 643 544 219 476 293 449 483 284 411 367 618 718 833 888 898 
364 296 302 437 498 355 392 727 839 873 
24 922 511 295 359 47 614 685 718 731 975 
615 962 318 498 173 91 408 233 514 789 996 
372 236 126 147 442 614 737 743 775 854 
401 317 521 153 23 533 140 262 18 606 617 644 703 811 812 826 875 897 918 993 
423 116 806 926 984 20 317 30 414 399 14 380 539 415 80 503 141 314 421 336 613 622 653 758 767 777 821 866 906 996 
381 284 369 726 734 907 405 325 362 265 300 156 132 234 637 652 661 686 714 805 806 831 832 854 878 902 998 
36 910 76 141 329 170 551 326 516 72 815 
224 407 115 911 308 455 290 58 355 482 388 441 391 191 228 26 8 554 572 666 737 745 747 981 
2 542 612 356 417 560 223 452 369 815 888 967 
74 114 91 381 218 356 213 419 529 344 660 854 980 
123 819 95 474 321 69 234 17 644 673 676 853 981 995 
909 364 186 440 327 709 727 847 848 891 
519 521 256 544 242 560 464 662 710 834 
82 477 192 202 91 157 144 777 926 979 
566 727 125 402 477 240 488 581 218 394 487 633 876 914 
306 919 38 312 460 65 313 288 336 640 744 752 962 988 
79 756 954 293 122 289 435 49 202 582 287 148 656 661 787 923 
434 407 368 479 455 687 742 796 807 922 944 
341 831 52 335 173 33 220 385 206 575 611 636 736 
410 245 489 756 19 374 378 191 308 357 564 590 534 578 421 96 424 648 676 781 824 979 981 985 997 
579 627 725 782 808 869 923 387 395 411 79 396 48 133 325 93 104 474 72 536 577 374 372 145 118 610 638 652 724 726 768 870 898 939 950 981 
265 906 581 446 338 539 193 520 125 622 937 953 
82 413 751 837 935 952 990 578 449 556 318 248 208 127 428 287 293 445 193 575 385 495 421 91 511 629 656 683 697 702 712 737 742 804 818 833 865 888 984 987 
144 261 476 607 236 430 512 59 763 829 
210 623 577 33 605 525 437 656 687 708 713 726 841 889 
355 595 233 267 62 8 49 324 74 297 576 332 411 483 244 93 117 647 694 779 831 900 996 999 
527 185 296 377 549 477 591 551 315 662 777 778 806 945 992 
326 13 883 589 587 142 551 553 162 400 332 236 22 655 707 787 918 963 984 
33 588 71 670 799 984 993 314 287 357 373 424 157 87 534 6 457 145 253 370 547 256 93 246 358 127 561 312 322 654 697 705 727 803 808 953 
247 228 909 283 525 172 432 78 428 354 635 663 725 746 807 900 910 964 981 
249 121 89 414 219 13 192 117 494 79 372 201 217 590 706 835 880 935 
58 93 155 97 204 554 83 787 791 847 163 585 273 57 44 386 423 292 355 520 8 30 433 476 364 51 26 383 385 146 297 407 236 56 237 131 633 681 738 765 770 782 872 873 876 907 915 
62 833 848 950 179 131 82 198 302 414 349 103 153 79 24 446 356 632 670 672 864 927 939 975 
12 82 521 358 390 197 452 262 217 69 389 242 643 648 858 897 923 956 985 
582 785 225 16 280 524 380 448 723 907 952 
497 372 173 942 512 443 170 354 69 179 369 364 144 425 55 65 591 608 228 475 633 675 789 820 
120 611 464 326 192 362 552 462 247 768 836 935 996 
448 532 436 394 643 702 909 920 985 987 
30 314 634 194 141 82 356 512 29 235 651 817 
135 640 684 854 388 499 104 55 546 521 569 125 53 297 348 411 155 646 659 696 731 814 824 864 906 
473 475 607 483 67 461 249 693 367 141 284 578 103 325 470 257 407 573 123 454 368 481 176 549 533 336 323 482 1 250 105 173 648 649 656 659 682 727 753 789 791 874 941 
436 152 981 135 480 370 49 115 455 324 493 228 437 631 889 909 
144 163 785 940 41 218 609 471 343 164 5 642 861 905 958 977 998 
638 435 23 524 33 199 340 677 833 924 
79 209 57 655 853 347 266 249 276 163 358 628 577 328 466 582 133 583 455 439 767 814 839 874 904 936 966 984 997 
163 34 721 204 323 578 619 142 102 183 14 75 124 752 819 897 923 969 974 
205 88 21 369 807 999 472 163 390 271 618 40 104 441 283 3 510 511 575 601 232 180 622 228 639 690 767 847 892 917 928 949 961 
173 288 625 266 560 62 469 152 692 843 922 
421 530 14 803 563 616 128 173 154 457 131 119 638 703 795 922 943 
686 819 84 419 605 156 649 714 789 807 923 
922 144 544 218 401 592 264 512 718 813 
120 99 630 551 165 575 694 804 961 227 358 116 51 527 141 282 265 291 533 355 153 300 69 133 607 179 245 225 452 433 404 196 635 671 691 731 846 860 899 907 978 
211 282 46 914 539 109 138 157 175 633 521 45 40 355 220 665 676 718 737 743 877 893 955 
120 626 676 395 146 534 460 69 152 26 602 417 744 760 771 830 923 
549 155 960 512 520 371 104 20 735 777 816 
44 338 795 985 584 353 83 395 249 566 629 85 143 537 63 656 736 754 801 812 833 883 992 
42 428 370 209 585 1000 207 317 224 178 106 482 578 140 408 142 113 497 624 305 334 363 191 265 492 620 647 700 733 789 821 885 887 972 
527 281 447 524 211 590 307 194 448 12 597 512 241 62 264 666 739 773 867 979 999 
141 655 664 1000 583 132 189 502 270 138 473 240 379 137 150 75 652 662 711 727 914 918 952 
352 93 435 145 578 55 195 75 174 308 409 395 69 626 205 107 124 356 662 678 702 788 796 806 824 978 986 996 
398 442 523 235 676 788 854 414 33 325 299 195 240 393 234 450 22 612 355 520 306 200 643 668 672 688 725 739 756 761 795 799 800 863 864 893 931 984 1000 
920 934 627 483 111 386 118 620 211 606 831 
322 320 292 675 744 796 889 904 190 545 3 120 488 636 444 153 163 62 627 563 487 265 109 354 469 232 566 355 11 314 325 664 698 702 750 769 785 792 843 845 877 884 935 1000 
455 252 964 68 10 279 431 341 310 127 702 710 769 811 850 895 997 
116 146 316 323 984 261 625 381 246 36 61 55 68 512 190 192 477 296 357 666 676 726 777 789 820 844 931 934 985 
26 254 850 141 507 51 607 592 135 29 427 425 453 65 645 39 798 888 987 
240 302 50 355 296 425 5 161 236 92 117 449 338 412 539 207 461 112 591 521 501 504 726 768 
35 481 16 22 762 901 915 389 558 72 579 467 62 410 458 473 196 200 123 452 204 385 615 534 148 27 135 433 676 683 770 834 888 894 923 987 
631 645 672 203 554 166 375 372 373 15 473 508 498 614 869 948 992 
85 450 219 114 400 409 74 539 892 230 182 452 388 372 151 627 642 337 421 359 548 447 505 609 603 433 86 483 515 271 451 115 71 78 611 129 682 684 696 697 727 
372 314 569 132 339 230 104 275 365 33 126 719 781 866 888 899 952 
157 354 11 558 690 819 247 159 582 277 372 431 266 84 457 112 189 329 283 346 681 785 803 824 950 997 
779 781 329 118 406 175 553 126 626 290 228 627 277 987 993 
525 926 78 161 596 61 500 466 448 51 809 854 961 
139 455 172 927 996 358 592 65 603 105 69 74 250 226 308 558 533 149 236 705 722 731 757 792 828 843 906 913 972 
449 1 320 356 69 732 891 645 173 19 599 193 523 112 646 455 556 167 281 297 338 35 364 473 135 394 549 613 696 699 727 754 756 812 818 888 924 927 
386 698 616 509 272 381 516 244 676 798 807 820 883 
212 364 645 737 545 325 550 112 649 274 211 189 744 807 828 854 992 
407 401 232 385 639 675 721 733 792 913 
417 550 571 644 651 594 439 851 929 941 974 
452 349 360 427 521 218 55 469 457 246 848 913 
322 675 770 383 541 316 227 500 2 232 647 235 568 494 46 911 
362 420 544 152 173 388 205 32 246 372 376 62 557 225 157 698 951 
615 146 110 984 988 561 458 387 372 519 329 339 432 325 288 371 578 555 619 676 698 773 823 870 880 888 
1 744 56 638 409 253 496 145 164 281 46 88 446 680 882 
655 200 546 162 931 619 647 450 121 333 10 110 392 266 433 391 186 741 743 826 906 937 
777 493 597 440 496 329 228 874 876 941 
914 995 554 10 431 338 578 579 491 64 687 727 732 808 824 
649 292 668 622 578 177 500 160 58 450 665 731 908 918 927 975 983 
235 365 276 494 511 647 640 748 834 961 670 597 321 328 369 251 639 663 325 2 606 651 126 457 10 57 212 359 654 501 22 512 545 116 257 698 702 730 774 835 866 892 916 922 954 982 989 
157 415 456 88 630 322 18 560 70 121 
23 406 440 119 394 48 196 270 418 126 646 11 369 287 689 734 870 946 
558 157 117 477 298 537 353 45 268 66 918 
239 247 671 510 160 157 83 765 800 882 
562 318 705 743 897 925 334 259 388 51 138 618 297 261 383 658 325 320 726 831 853 857 889 904 959 973 
421 498 244 234 701 876 236 393 214 627 656 116 349 260 292 334 360 358 2 353 688 693 706 714 743 755 814 827 885 897 914 923 950 
418 312 499 609 654 321 350 243 840 945 969 
626 87 336 14 361 656 206 504 229 731 785 
515 777 352 587 498 179 431 572 67 511 764 919 939 
392 636 519 394 434 592 487 694 778 814 831 918 
510 843 611 450 219 674 175 152 604 721 727 760 789 831 832 
179 708 973 107 325 300 135 4 682 647 260 524 133 120 379 737 815 824 921 
578 906 369 20 185 678 110 501 408 120 692 727 
658 173 288 633 501 511 297 527 839 990 
140 224 427 314 219 202 232 20 638 26 
228 450 789 932 378 393 689 34 420 549 634 355 512 275 39 544 702 720 829 947 977 
627 987 323 222 682 563 237 166 827 857 956 
638 278 409 433 612 298 274 686 190 843 
422 429 120 518 350 122 5 426 25 433 909 990 
381 49 178 747 355 183 9 62 401 456 662 574 402 626 656 442 68 709 796 803 973 
193 147 78 296 843 464 429 284 79 549 609 346 485 615 354 372 69 656 386 387 402 101 724 781 782 808 851 926 
386 297 663 853 676 144 71 511 393 534 237 670 163 562 121 649 669 482 701 760 826 830 984 
304 499 542 107 662 533 520 407 835 988 
329 239 163 643 512 47 105 535 22 401 546 35 731 788 820 829 852 914 
682 132 26 71 497 567 698 756 764 789 834 966 
37 70 362 76 571 26 715 764 793 947 190 650 449 522 624 609 371 520 83 101 521 676 387 692 356 113 148 358 253 649 204 288 646 407 746 754 756 798 843 863 878 892 942 971 978 992 
575 5 327 386 55 328 555 174 85 325 590 635 94 744 813 826 952 959 
454 339 153 363 520 118 79 338 511 384 360 489 396 742 744 782 887 
681 446 408 68 731 843 879 615 421 539 365 33 217 405 392 79 380 65 161 462 186 348 661 225 578 202 159 14 236 554 767 796 919 951 982 990 
202 278 568 790 993 311 47 682 204 142 192 571 440 617 369 70 41 29 883 956 979 
422 737 567 549 467 614 283 574 36 125 477 322 736 893 
46 501 688 88 611 338 284 235 475 93 800 860 
526 112 8 413 577 41 137 598 121 323 356 453 6 147 696 208 550 787 871 872 
264 76 37 26 274 456 329 582 494 546 355 650 514 121 599 446 7 711 725 811 888 
369 710 15 213 531 645 831 853 899 927 
193 738 549 186 330 229 116 163 609 185 371 326 335 769 
56 833 848 363 147 487 611 294 386 169 93 209 61 760 807 831 855 869 
549 158 414 754 757 791 847 906 522 327 101 260 181 682 432 89 355 509 273 430 531 474 636 592 469 236 373 334 245 488 232 349 69 35 808 844 869 877 947 963 991 
70 702 189 729 887 916 509 148 238 564 246 471 464 178 357 563 583 71 537 438 548 385 726 731 843 853 927 942 963 968 975 999 
193 879 130 24 191 108 462 179 198 548 527 28 39 913 
386 42 172 583 482 424 16 391 734 804 820 937 
583 224 268 104 530 390 57 290 229 277 37 172 414 160 103 188 496 386 101 297 94 639 551 17 637 255 585 215 587 766 824 842 848 884 945 
343 345 550 873 332 292 301 147 321 171 657 200 23 510 221 307 327 334 762 788 877 905 953 
288 36 53 108 692 309 731 917 946 984 
215 632 9 665 248 89 397 277 687 46 398 38 883 918 
208 243 882 483 372 399 580 313 403 240 328 349 661 886 897 939 966 987 
289 867 87 440 280 184 118 621 143 69 101 70 747 898 923 
300 537 533 232 835 579 402 500 66 37 236 487 490 697 469 607 63 326 582 372 293 72 121 793 822 916 922 
607 394 1 580 710 26 102 616 647 804 823 916 
417 166 49 178 592 741 863 963 2 141 681 423 9 252 611 653 607 131 229 715 256 537 102 59 136 319 125 377 578 541 651 238 357 258 502 453 728 804 867 877 884 909 922 937 973 
177 133 198 601 136 760 762 769 881 81 304 258 564 674 450 662 212 446 335 627 381 400 447 379 689 367 153 77 598 586 305 125 687 645 469 441 656 615 116 349 789 799 803 807 824 875 886 926 941 
242 370 524 542 170 113 214 93 584 167 726 384 137 744 
715 559 101 128 177 49 15 41 80 381 361 358 375 514 913 
358 21 84 676 444 395 45 807 848 960 
140 529 147 78 296 318 705 487 720 700 354 675 638 626 57 587 124 188 537 229 661 142 20 191 320 684 715 426 956 960 987 995 
18 662 579 495 250 674 524 327 395 55 482 801 826 837 951 
419 156 247 643 342 665 165 547 344 382 441 752 775 780 905 
470 592 397 529 561 514 717 23 678 268 310 745 764 793 835 
197 318 125 641 130 102 8 259 26 960 
20 782 22 358 642 605 199 28 396 707 363 292 810 865 935 
664 342 707 422 428 456 303 594 68 27 267 238 188 609 538 262 323 318 347 354 444 82 639 589 184 688 540 460 807 836 887 927 
712 96 296 78 101 197 276 377 40 163 84 315 366 280 618 747 863 918 966 977 993 
567 304 84 515 105 455 644 647 907 908 
144 542 281 534 214 136 252 514 433 575 948 984 994 
726 331 49 807 34 325 543 406 374 549 146 118 411 176 672 524 402 120 769 781 790 812 846 903 
493 507 112 496 604 407 357 557 236 65 609 704 108 181 297 501 211 131 746 792 833 877 927 
469 681 153 457 433 897 900 672 682 55 81 71 101 184 550 342 330 244 521 79 501 412 448 482 589 467 234 436 639 274 188 60 186 760 773 777 938 996 
107 218 95 649 69 671 322 18 398 407 288 167 728 434 479 401 236 440 287 602 324 704 538 90 228 640 542 703 216 409 664 319 756 781 807 848 859 868 869 874 884 915 940 946 979 
847 184 594 734 420 490 85 783 899 961 
153 214 742 702 141 616 198 412 566 846 
284 444 696 800 230 304 723 738 146 551 492 442 594 95 130 385 192 760 814 835 865 871 936 
676 788 437 540 164 408 492 448 176 356 439 307 857 870 936 
555 886 234 446 552 274 129 288 322 68 282 14 2 760 934 
256 649 466 285 214 313 562 775 813 908 
521 609 314 365 238 177 243 110 382 584 338 924 933 974 
313 511 827 838 105 561 455 339 54 236 632 278 602 172 573 733 559 115 426 759 815 821 830 940 969 
215 218 249 627 491 125 65 307 821 993 
714 517 262 388 830 979 109 38 563 505 188 470 372 642 427 541 702 2 236 566 662 26 297 350 374 263 386 819 856 868 876 996 1000 
486 991 193 82 552 329 682 234 242 762 860 871 939 
603 141 606 853 378 662 701 139 213 36 565 702 647 541 326 361 250 248 744 344 381 802 807 816 
375 352 714 170 255 33 133 353 661 496 168 229 782 796 865 902 
117 243 522 297 68 375 591 520 760 805 858 925 
101 977 499 390 428 284 339 752 551 173 88 836 886 920 
112 358 136 727 300 22 823 944 698 532 758 687 478 182 457 122 42 253 565 132 193 277 713 142 409 264 747 640 743 749 772 782 789 856 858 883 937 
260 924 297 455 58 408 440 434 647 551 6 
727 654 289 755 550 28 719 169 278 404 888 965 
884 326 263 159 610 296 360 765 836 929 
702 362 887 250 332 75 734 505 685 146 292 142 61 701 530 888 900 969 987 
373 975 97 618 578 680 106 763 534 395 770 804 922 923 986 
560 447 8 491 362 53 718 112 20 221 821 836 884 925 
798 705 328 400 591 633 631 105 485 965 
416 179 350 226 623 533 28 210 242 607 653 539 831 
438 537 727 920 712 268 250 446 649 741 325 650 231 141 482 452 37 99 905 922 978 
668 69 865 304 233 191 618 372 389 654 574 765 519 456 814 823 
441 325 572 457 501 169 347 25 373 95 320 640 801 819 834 892 952 961 998 
870 760 38 544 367 209 347 582 569 71 
92 236 561 255 137 90 63 501 242 644 542 256 125 549 148 57 401 541 441 583 394 314 743 341 228 315 434 136 670 345 165 804 818 830 907 997 998 
504 14 224 676 386 583 132 42 352 989 
817 876 556 750 589 287 221 297 243 733 813 901 990 
192 408 900 9 395 407 572 453 200 314 482 86 21 820 875 927 929 
251 685 259 673 448 130 3 743 109 641 491 613 398 264 554 78 300 600 157 520 396 211 253 274 406 539 591 349 651 395 792 847 857 927 933 938 
313 6 135 271 55 98 128 613 307 228 686 564 236 262 146 367 113 330 399 82 887 906 926 993 
512 659 496 120 569 57 307 88 441 612 843 900 
357 814 48 358 444 503 477 733 297 327 32 
136 659 823 192 697 152 657 741 146 73 744 257 225 606 803 884 906 938 948 
65 736 412 607 280 483 464 923 49 697 76 178 476 391 563 548 407 467 288 209 757 42 271 45 218 298 484 421 760 60 120 69 704 448 148 281 205 618 184 477 844 925 
521 380 372 452 251 507 163 153 745 1 212 554 944 945 972 
236 154 846 483 484 166 252 67 291 410 219 294 395 280 836 875 
621 355 629 992 684 17 277 334 658 450 266 83 317 92 274 347 649 106 280 367 338 442 80 925 
544 470 45 310 112 519 488 316 347 923 
186 328 618 48 614 136 149 313 280 62 292 709 603 22 13 483 838 970 995 
748 647 700 213 173 1 197 564 387 166 646 719 833 865 983 
85 395 539 126 277 506 692 309 701 22 94 382 636 3 622 362 643 490 21 250 2 242 54 142 483 760 627 651 687 385 588 727 408 562 238 487 808 819 851 884 927 947 994 
706 416 557 194 468 375 42 542 61 741 433 445 804 929 
618 93 328 714 906 408 532 211 187 356 421 8 64 321 217 627 157 292 839 948 975 984 
260 387 362 18 649 130 434 665 33 661 254 232 777 742 
702 916 512 116 331 273 724 306 514 734 421 462 894 933 943 
927 939 948 26 486 151 280 18 427 386 170 57 37 523 795 825 869 894 930 
642 917 22 578 473 394 303 173 794 647 635 822 843 
649 851 46 162 705 604 351 646 400 696 757 441 
113 522 440 442 58 472 69 477 254 307 482 521 102 817 997 
767 62 950 4 222 652 663 60 702 135 5 
615 565 101 92 82 727 246 447 204 647 967 
482 237 747 813 317 120 292 407 498 20 647 367 680 14 708 255 803 819 874 969 989 
281 174 350 642 732 771 459 58 911 989 
921 989 146 305 756 415 235 807 898 922 923 
430 301 407 635 817 441 310 615 781 356 727 696 237 85 658 288 800 862 885 906 915 918 
170 109 638 210 717 790 218 372 532 8 609 773 765 544 379 726 296 274 725 351 984 
332 121 512 592 339 758 97 539 428 832 971 
316 591 926 108 646 613 404 393 592 854 923 
369 29 741 381 633 573 444 349 907 951 737 756 730 55 616 177 146 663 313 488 26 448 664 34 302 727 113 164 509 16 188 123 713 636 204 141 744 604 802 460 179 484 502 819 875 914 957 
534 607 923 358 120 563 789 46 697 55 615 674 239 147 714 892 919 988 991 
133 358 426 396 400 538 349 139 219 492 660 258 190 362 814 840 959 963 994 
212 456 13 540 133 427 379 121 736 363 179 834 877 930 
288 372 650 136 141 403 527 710 287 590 444 163 907 916 
875 570 741 331 277 662 642 590 445 869 
800 918 963 433 512 352 362 775 230 322 308 456 386 637 750 703 563 846 961 967 
290 780 23 131 325 927 626 77 809 216 16 506 682 571 288 770 747 8 196 420 686 631 876 897 929 974 1000 
256 688 3 752 330 595 593 421 837 997 
88 350 482 556 61 296 756 641 163 193 202 409 475 509 147 422 101 68 105 840 848 853 900 
803 81 775 911 520 75 536 182 20 368 334 47 85 797 625 577 308 449 320 401 88 895 942 945 
406 397 55 939 165 47 11 219 773 85 300 662 609 352 550 499 409 336 525 847 922 936 977 989 
636 597 275 354 287 157 324 658 432 381 106 807 380 632 228 444 754 771 42 306 126 361 800 397 789 544 357 378 441 376 820 821 859 870 901 938 939 
106 133 300 299 493 881 974 10 417 520 80 399 717 776 440 450 700 237 622 819 79 244 425 663 259 105 511 456 147 651 550 827 831 853 916 917 927 986 
493 136 198 426 22 901 500 516 517 643 64 226 55 72 274 401 29 819 227 591 101 541 753 210 766 752 65 449 79 81 906 935 983 984 
414 906 933 960 287 114 209 263 266 482 154 724 402 795 861 920 
198 781 760 670 119 418 439 502 338 725 770 278 362 288 449 995 
125 577 401 199 274 411 831 95 118 173 340 483 119 358 15 626 646 509 718 674 417 688 529 22 658 727 192 606 830 863 864 872 875 881 900 914 924 974 
105 313 381 96 266 18 794 377 277 874 
23 460 886 939 970 996 118 22 524 732 218 493 409 543 341 703 590 69 339 698 191 247 228 133 147 564 672 845 862 884 951 968 978 999 
502 752 541 682 820 297 62 394 7 693 956 
26 544 394 395 201 535 509 664 574 192 492 661 467 578 
64 478 457 274 524 692 213 700 547 157 142 165 610 105 
754 291 58 549 943 122 698 570 449 216 387 76 445 429 135 381 382 640 455 824 773 281 752 917 942 973 
605 274 577 401 125 824 341 935 555 307 455 74 415 648 820 686 592 450 121 687 365 329 22 362 532 232 264 713 711 768 216 681 409 241 612 239 277 846 847 858 869 959 968 969 
837 592 687 805 395 146 549 156 416 904 
508 138 337 619 713 372 192 585 742 642 630 48 5 421 135 550 578 271 357 214 342 609 212 788 157 121 857 904 
170 676 216 502 701 599 449 47 68 496 152 150 192 771 654 564 115 810 314 539 912 
106 724 522 747 456 515 734 278 340 676 617 699 900 926 963 995 
14 957 766 26 763 79 784 54 737 623 13 759 239 119 533 
609 832 732 815 519 550 209 557 369 474 445 60 862 920 
752 884 381 486 471 240 513 379 787 416 927 947 978 
49 417 556 273 469 346 586 423 340 426 542 159 79 501 385 791 631 690 914 943 988 
378 854 320 683 809 449 367 816 850 921 970 
84 141 350 354 129 55 90 222 611 466 22 925 960 
331 272 918 497 117 429 718 105 75 880 956 
96 174 687 408 153 465 705 697 146 649 694 84 430 549 661 125 795 61 634 126 702 337 358 440 120 65 523 237 93 779 7 525 144 512 715 320 150 862 869 896 946 996 997 
271 5 961 651 221 56 714 782 258 307 914 939 
167 446 529 888 968 121 61 28 86 566 231 133 187 134 578 94 53 574 155 1 649 82 6 122 826 256 141 865 964 990 
62 508 181 236 784 746 17 76 21 74 741 813 638 242 831 358 163 182 133 243 441 470 861 884 891 894 901 
93 265 714 618 745 405 283 12 777 526 422 426 227 280 541 288 401 402 18 476 34 179 73 633 550 115 349 82 52 831 818 567 598 897 907 954 
56 75 63 713 439 77 619 570 51 552 384 349 566 320 567 74 131 730 667 296 89 744 328 12 341 170 718 366 55 285 578 816 473 598 916 917 994 
992 399 477 26 227 501 571 15 860 912 
652 947 259 386 441 840 650 561 481 456 882 926 927 
322 796 399 697 26 789 20 412 372 666 980 
374 448 139 324 700 365 387 133 866 989 
756 698 631 79 263 491 370 457 240 820 192 816 507 119 256 238 398 347 14 597 540 681 1 20 144 142 715 520 420 552 145 372 87 446 452 711 859 935 972 
626 840 647 858 664 589 218 328 806 592 596 401 244 385 47 491 112 293 209 93 149 403 660 952 976 
153 192 171 910 31 237 2 105 551 534 263 443 713 243 189 543 857 
75 62 902 489 518 754 30 760 433 987 990 
43 247 207 871 375 681 329 65 777 855 453 271 833 748 693 341 
854 861 831 41 620 760 399 758 916 939 964 
498 421 76 744 69 47 819 114 519 853 914 
143 447 389 708 409 131 148 210 347 638 41 755 849 288 920 
858 511 575 941 629 448 173 209 822 846 452 107 28 877 909 923 966 
322 356 929 536 349 843 826 72 93 470 343 41 199 803 837 206 233 155 
369 49 573 726 444 169 414 702 147 289 453 317 44 204 395 824 647 24 9 519 210 442 61 738 496 867 922 958 995 
180 112 867 619 824 153 125 418 647 410 497 179 626 401 464 919 1000 
69 770 73 218 502 121 144 747 609 456 200 736 757 17 109 324 845 484 134 788 896 931 936 987 
148 441 568 591 676 657 118 24 422 852 129 255 163 879 966 
723 864 375 863 644 210 298 726 123 204 137 257 296 
476 942 754 136 744 200 428 324 347 235 889 982 
607 20 394 923 136 356 843 831 527 713 452 523 217 94 200 714 794 812 744 655 924 
284 122 772 142 918 281 19 542 510 376 512 113 293 670 161 748 27 607 270 377 678 544 563 135 245 819 936 984 
384 857 978 709 444 526 183 372 96 1 755 5 139 78 747 332 223 963 990 
399 107 157 2 559 468 709 618 824 960 979 
482 719 582 137 224 247 586 618 116 903 1000 
173 372 159 942 99 316 179 800 322 542 627 825 673 631 744 959 963 
99 528 398 812 574 340 807 280 590 142 284 550 456 433 727 784 44 824 108 776 162 450 542 924 942 952 981 985 
224 775 682 132 14 551 34 446 130 312 267 814 580 57 236 618 329 98 327 673 754 491 157 106 37 601 52 281 888 998 
201 152 564 981 810 235 269 221 455 639 649 260 450 502 555 714 861 726 719 742 276 906 991 
502 538 87 592 281 25 42 256 239 702 991 996 
433 716 408 705 282 307 501 431 381 390 64 121 350 483 866 511 197 538 49 988 996 
367 143 842 617 155 22 464 192 291 239 670 236 349 890 
820 727 489 96 824 318 550 316 20 34 272 892 945 962 
275 722 440 411 514 294 426 13 680 542 66 84 671 850 949 
614 519 760 706 642 721 561 441 663 962 
838 378 763 286 109 216 574 100 297 766 228 215 649 399 225 481 744 142 157 554 448 314 826 581 362 781 407 224 401 846 726 454 12 46 789 718 332 895 906 951 969 978 988 
101 33 451 643 682 157 522 178 339 426 65 803 152 74 118 539 902 918 927 942 
826 749 58 727 168 26 143 256 556 567 286 759 363 722 999 
420 254 764 715 778 393 14 463 704 737 399 487 317 523 78 643 511 185 274 411 450 61 58 280 577 
339 393 845 876 595 279 657 710 764 609 762 652 585 670 662 491 65 654 
320 649 541 681 179 408 492 141 611 868 628 
503 224 430 189 261 289 136 109 194 396 267 359 394 562 282 880 996 
662 153 846 122 273 598 457 230 317 956 
277 656 676 273 808 702 633 881 771 560 327 200 
407 226 191 371 647 344 707 551 639 976 
448 60 133 421 576 14 367 381 793 846 794 654 999 
329 298 650 100 559 128 300 332 67 817 383 884 
39 416 116 464 457 138 304 865 843 922 960 
743 393 681 900 533 25 575 722 390 590 620 814 682 632 377 95 847 141 332 133 916 955 994 
553 523 141 607 802 544 585 723 36 354 491 218 282 
133 328 638 7 579 657 745 116 711 907 
743 776 510 897 457 835 824 612 616 1 373 354 764 347 4 5 779 499 93 533 360 816 518 349 107 118 992 
821 654 158 101 573 819 775 355 532 472 846 967 
236 856 757 885 291 82 104 14 171 592 521 457 22 314 46 
209 212 200 132 320 873 441 559 471 741 350 
649 64 44 186 232 833 832 370 681 631 975 
376 373 116 307 733 769 719 179 145 133 486 629 996 
822 689 517 791 578 608 714 467 626 778 821 591 378 252 446 475 144 98 47 803 423 400 370 342 363 396 781 569 884 54 661 163 52 257 289 877 537 290 175 672 74 915 942 982 
353 205 592 550 807 283 739 116 618 156 386 638 220 101 847 899 773 811 621 952 956 995 
20 402 675 144 57 52 242 105 564 739 573 401 750 352 
311 409 616 598 978 237 726 465 861 695 365 575 628 549 179 276 430 389 624 72 964 
593 855 616 281 247 424 220 521 231 260 530 135 205 
594 817 22 491 387 427 411 15 801 410 56 668 135 433 1000 
395 834 288 849 574 504 136 376 130 120 
57 242 980 729 661 716 665 496 518 362 667 959 
116 101 639 674 525 146 211 824 601 859 369 220 700 154 125 682 523 226 533 645 844 839 21 354 198 370 363 496 562 807 296 428 543 927 939 982 
526 654 512 974 906 322 484 55 618 542 403 355 68 313 47 803 275 457 246 744 503 923 952 
715 544 203 793 897 848 676 811 431 457 63 725 453 858 410 724 60 253 302 237 820 125 528 955 996 
362 795 338 820 239 497 720 42 830 848 633 312 165 495 952 968 
21 532 842 870 550 813 738 304 645 885 803 562 520 557 220 125 721 614 359 228 306 675 85 590 423 521 224 686 22 679 373 402 919 931 968 
602 390 14 946 248 556 705 212 864 918 548 808 685 280 228 356 987 
769 648 860 365 399 341 822 350 624 759 837 259 508 
802 576 57 840 210 688 69 428 926 939 
332 587 637 121 280 987 559 726 320 105 896 676 564 405 297 87 635 479 765 211 31 426 251 863 604 224 818 634 802 441 529 724 576 769 957 
514 394 607 269 869 808 782 987 324 287 323 603 620 861 682 806 444 68 539 157 124 802 49 384 786 915 636 50 558 654 765 416 632 341 497 446 723 329 640 436 381 549 112 
215 761 936 956 82 360 869 85 824 281 751 509 630 875 551 20 193 345 257 456 662 307 985 
318 681 363 782 766 785 206 841 578 373 93 362 3 758 422 138 
348 323 660 806 319 146 591 921 216 778 231 192 125 850 151 375 485 697 579 153 1 727 373 285 345 264 287 198 600 167 835 983 
814 230 55 357 661 455 794 939 969 354 295 92 307 737 534 458 820 575 675 511 456 157 565 850 711 715 353 12 777 236 885 419 838 742 428 546 408 662 573 220 359 619 776 451 411 789 369 914 945 956 
385 515 289 633 146 54 149 468 935 987 
320 449 862 666 763 814 88 514 790 198 776 524 57 528 946 1000 
179 207 125 290 810 457 49 794 256 996 
672 242 647 573 918 251 24 459 651 473 96 865 964 966 
692 11 551 386 528 545 72 125 16 994 
822 467 561 793 751 211 454 45 533 777 558 146 511 113 
648 256 125 64 207 230 153 399 65 651 441 749 
609 577 831 213 411 952 574 414 649 36 617 150 17 224 259 388 166 20 424 278 277 853 623 928 566 381 736 821 339 535 947 949 950 978 987 
10 542 163 924 992 747 496 204 818 865 294 384 748 299 11 178 870 469 231 470 397 501 631 528 227 985 994 
460 38 726 59 717 456 608 49 204 760 307 672 421 41 952 
297 456 777 457 819 349 2 781 433 536 743 68 407 60 265 
927 794 397 406 826 818 969 996 140 261 491 556 348 235 619 542 685 461 478 463 499 844 40 921 71 358 819 456 858 580 755 722 341 251 525 344 193 349 607 914 944 952 997 
50 144 629 744 752 564 205 189 426 447 969 
861 120 219 727 377 666 673 204 350 63 84 627 338 970 
335 15 622 874 868 288 372 450 518 906 830 333 398 61 88 230 326 817 715 551 568 185 41 368 482 574 386 491 885 702 875 966 
830 959 42 839 342 390 793 635 269 584 219 99 478 
760 576 939 23 783 311 342 263 604 78 504 984 
179 374 565 101 25 817 475 683 613 372 927 783 68 444 460 436 251 561 407 574 718 245 69 272 881 236 
919 115 583 720 843 93 929 415 131 471 528 744 678 428 214 433 22 
362 420 850 702 477 838 449 935 2 104 108 151 320 327 218 385 692 789 112 541 714 199 
794 175 372 41 791 781 259 444 570 740 204 133 655 386 
241 41 882 449 527 383 528 633 163 347 935 
41 236 619 561 798 658 238 228 607 202 153 386 682 394 322 22 66 91 476 7 531 935 498 115 959 963 984 993 996 
807 350 884 358 382 120 413 12 193 826 705 732 669 
125 401 935 609 274 577 990 994 446 26 192 621 153 372 915 163 907 425 917 123 645 771 238 937 657 354 457 209 875 939 131 527 573 854 211 491 462 433 369 451 703 979 986 
302 966 608 719 280 349 615 179 430 462 460 991 
45 603 499 314 354 503 676 264 356 369 133 211 451 847 316 322 
514 385 515 639 916 25 252 897 341 560 
924 542 966 620 280 706 506 11 891 907 827 927 502 731 842 693 993 
836 244 434 190 922 123 20 129 501 96 24 432 338 807 422 971 
265 328 348 120 863 401 230 214 55 62 629 491 
405 578 943 292 913 437 831 274 224 411 950 703 874 373 809 142 477 681 965 
822 641 260 872 896 254 571 731 297 44 730 735 841 975 
638 676 235 844 544 660 771 350 193 745 265 360 813 211 633 541 989 
374 101 588 140 431 471 424 602 222 883 881 992 
369 726 813 345 437 88 525 714 399 364 874 292 9 581 385 809 715 835 614 318 348 43 198 41 141 871 950 426 354 86 55 409 
650 460 455 67 35 909 75 616 378 372 50 265 69 339 362 858 65 845 931 
359 516 198 274 762 767 454 284 437 959 
953 582 956 574 452 631 356 396 931 123 507 866 701 861 942 722 738 
392 9 246 813 292 190 209 80 799 901 595 
68 845 529 446 140 193 826 44 252 254 142 237 14 531 489 162 917 369 226 584 462 449 918 475 324 715 831 460 286 76 407 561 
927 55 939 357 258 632 800 426 232 683 218 551 274 328 456 381 189 884 752 419 831 552 764 505 396 179 104 940 5 11 
826 455 941 127 316 578 143 77 840 787 302 
141 297 373 443 193 957 702 340 407 189 805 103 
62 161 367 497 853 643 783 661 14 493 221 121 142 
501 688 995 473 95 223 441 181 195 362 696 307 830 681 726 464 
566 915 820 163 814 329 26 632 666 751 824 983 
244 373 765 791 675 587 904 56 513 619 217 568 510 210 715 960 298 
388 158 184 419 369 188 343 306 112 893 249 854 82 
71 759 439 329 629 96 417 375 818 738 692 
871 450 909 884 281 769 838 638 297 315 423 826 646 935 702 270 15 533 998 
754 158 88 706 277 744 24 127 363 285 606 952 872 600 644 
913 195 546 105 405 221 153 851 278 144 596 992 
152 628 877 616 606 594 58 62 875 597 116 607 
279 533 348 705 676 423 868 61 914 906 
50 240 974 926 176 539 788 45 675 173 821 
101 670 615 591 330 651 292 720 253 471 804 631 740 251 236 944 647 68 821 614 435 609 196 870 698 950 791 
362 338 44 26 642 9 444 244 510 268 875 537 184 936 624 286 424 620 427 651 449 61 924 385 150 97 606 345 
534 332 574 409 210 118 123 356 765 646 820 952 992 
922 20 238 366 483 693 923 310 179 928 659 624 722 436 856 446 136 142 114 170 189 919 418 731 654 935 455 21 214 245 764 609 865 49 652 408 989 
46 670 562 839 602 576 185 808 884 699 531 439 493 879 236 
802 571 189 545 277 54 62 99 676 987 539 450 426 774 800 818 961 318 75 47 801 852 
952 125 609 550 871 845 705 517 856 775 208 690 87 376 339 695 381 995 
347 755 96 112 878 433 953 877 450 808 34 441 61 714 
849 936 785 329 980 370 702 642 545 613 88 900 962 282 561 328 664 317 655 340 986 314 
149 615 706 539 359 195 527 659 538 753 365 778 579 30 738 950 590 956 
326 952 848 109 936 347 809 512 897 932 320 460 789 740 55 
101 973 674 363 49 357 731 787 322 823 907 863 835 597 990 509 
939 661 55 357 23 518 172 826 38 905 533 916 539 349 168 612 591 446 623 754 277 85 743 198 294 411 890 879 588 510 259 343 287 300 930 342 62 843 950 577 530 878 9 317 646 407 
391 463 631 773 815 650 205 797 606 437 502 658 843 20 939 
270 512 533 484 876 161 771 377 592 490 118 773 978 186 326 217 629 
633 715 826 644 354 886 391 894 612 421 
385 643 645 754 814 441 647 929 447 911 551 873 8 338 649 864 
