1000 9757 0
65 91 133 151 227 294 296 308 322 332 355 416 505 616 668 718 733 740 821 837 854 924 962 993 137 150 246 361 373 377 388 403 405 459 477 499 540 591 637 655 710 
61 229 330 594 628 689 418 681 893 984 993 
147 167 572 747 791 829 877 628 644 676 677 878 
59 117 170 175 204 218 389 442 477 543 554 714 766 825 899 908 979 984 25 109 153 219 330 379 461 649 686 802 922 953 995 
40 147 238 299 302 336 419 501 534 572 641 780 783 829 911 918 921 969 981 15 102 265 364 387 594 620 661 748 763 845 852 861 917 
90 374 399 621 872 942 36 335 617 877 
19 49 55 434 493 785 865 121 426 774 804 870 
25 111 130 558 689 970 299 489 685 706 
52 126 152 408 492 598 100 386 834 891 955 
224 306 682 777 797 915 166 292 405 628 
122 360 456 466 721 779 129 471 672 710 758 
248 306 421 559 761 831 915 126 323 516 659 834 
380 431 435 552 763 882 885 926 949 178 225 263 330 488 903 953 
42 62 69 76 144 164 254 301 304 437 520 650 697 713 792 88 160 440 653 726 838 933 945 959 
172 242 436 441 502 623 996 5 161 547 592 613 787 
71 103 226 278 393 424 569 775 811 166 431 493 507 752 863 
80 244 317 410 528 561 584 622 642 757 349 375 538 583 787 816 899 
227 357 416 582 670 768 924 46 129 361 433 469 769 
7 81 184 501 572 842 865 921 981 25 388 433 546 683 
50 90 132 241 314 345 374 386 439 457 496 609 621 652 657 710 720 725 765 855 867 887 894 942 959 966 988 106 227 240 376 470 580 630 649 718 733 755 781 786 838 920 950 955 
64 113 454 483 568 843 955 375 632 690 719 931 
50 108 225 426 621 725 732 828 332 780 794 885 896 910 
100 344 380 522 552 562 763 802 986 171 748 873 988 995 
44 325 442 535 714 764 302 361 457 850 
8 99 111 173 229 236 305 318 323 388 413 455 497 517 527 540 549 558 566 578 632 689 691 769 796 805 834 925 4 19 104 192 247 301 422 423 437 440 446 551 621 665 735 812 844 859 870 921 
52 89 163 385 411 458 586 602 664 704 730 793 922 157 182 303 317 430 483 485 486 972 
293 318 527 769 770 813 972 217 503 583 611 624 916 
169 262 370 599 751 973 428 643 725 779 986 
39 234 350 624 724 927 301 511 554 855 
117 211 324 325 351 358 459 535 537 745 764 778 782 899 903 135 333 473 606 620 669 779 813 913 
161 209 255 582 630 649 672 760 768 784 844 901 116 268 351 599 693 725 734 775 
147 238 695 780 865 911 483 663 683 888 
70 100 208 285 321 347 363 417 430 431 435 475 522 611 636 639 696 850 856 860 864 880 882 910 917 964 986 50 57 165 315 316 378 392 405 556 572 644 724 728 746 803 838 872 970 
193 257 266 361 392 531 59 151 188 959 
60 235 456 523 690 779 51 200 315 645 
38 140 325 432 459 477 714 895 903 6 156 205 309 435 765 
141 309 329 404 539 681 709 866 943 482 527 579 601 779 807 891 
36 140 171 211 515 745 746 782 903 935 992 201 272 383 635 672 838 
29 47 63 73 135 157 210 275 367 425 488 624 637 706 848 863 890 927 55 119 216 235 248 369 423 477 537 665 722 821 865 
5 49 134 147 312 354 384 415 489 510 534 572 641 695 783 785 791 829 857 865 906 918 920 957 113 204 212 216 261 358 371 497 513 582 594 688 794 925 931 
79 80 106 139 247 292 307 317 382 410 495 524 528 555 577 607 742 743 744 757 762 810 870 875 131 224 302 405 419 472 500 511 515 572 664 705 745 755 878 
14 154 178 254 301 437 542 650 659 874 52 189 457 744 764 916 955 961 
53 223 306 531 661 761 777 781 822 831 838 861 897 915 219 251 454 481 628 649 779 832 
24 117 264 373 446 698 235 300 503 791 852 
123 128 168 195 310 387 748 853 889 931 46 487 657 677 747 805 836 
88 106 244 292 317 382 402 410 495 524 556 622 742 743 744 810 977 45 18 84 126 293 476 602 665 671 780 788 917 
39 73 275 350 637 863 119 357 897 901 
57 121 126 231 371 385 408 530 533 683 879 922 80 170 171 278 503 520 629 875 
40 7 55 147 184 238 336 415 434 489 501 510 512 547 563 674 695 865 877 920 948 87 103 111 158 163 276 346 389 437 568 582 619 715 822 887 
22 20 132 225 241 314 345 399 439 457 545 596 657 867 872 942 959 978 33 120 239 328 469 484 595 650 666 670 878 993 
103 138 159 226 329 337 379 383 393 469 504 546 569 656 736 811 893 912 943 35 124 235 290 341 347 356 413 501 558 647 713 848 910 
9 26 57 84 101 112 126 219 277 385 395 407 500 530 533 586 602 664 683 704 727 730 758 879 958 42 55 113 153 239 422 510 522 623 643 671 713 781 839 866 905 914 975 
43 224 559 781 797 831 515 614 666 723 904 
159 278 379 893 912 990 116 568 810 882 972 
49 7 147 510 547 695 39 52 638 830 
72 160 202 223 248 272 284 297 361 391 392 465 548 559 750 761 781 797 822 830 838 878 909 915 991 65 99 144 159 195 233 252 449 469 608 611 612 809 812 845 924 961 
48 52 75 104 259 277 283 311 385 458 533 586 602 734 980 33 281 394 435 443 536 547 715 779 862 992 
230 258 300 349 460 588 629 715 244 426 465 488 514 749 
4 175 211 325 343 442 935 984 992 34 100 266 475 733 795 837 
35 253 316 466 521 523 653 779 794 963 195 263 336 450 821 869 880 962 
2 111 201 517 769 847 227 314 443 945 962 
14 178 304 643 650 697 699 771 869 952 93 132 222 338 665 788 848 986 
39 143 573 637 663 724 848 863 936 212 353 432 580 728 761 
21 206 491 568 703 955 961 147 325 543 906 940 950 
1 78 96 227 332 464 472 505 630 645 649 740 741 774 821 836 951 962 56 79 88 110 164 215 302 449 477 571 620 677 927 
118 191 871 896 923 996 148 234 293 399 
201 413 594 606 770 847 907 354 539 610 645 888 
135 275 375 425 484 637 712 848 863 945 111 164 244 248 292 727 1000 
14 216 313 328 418 520 600 615 643 713 905 149 209 351 390 558 734 744 746 872 
33 431 522 640 812 850 864 174 451 645 903 930 
16 141 309 383 469 486 580 687 722 803 893 954 85 258 319 471 621 670 794 922 
56 217 248 306 361 392 421 445 531 559 617 797 846 915 164 264 307 350 378 497 740 758 764 841 
47 39 327 350 375 863 890 196 689 761 935 995 
124 308 505 630 670 684 800 297 438 572 725 885 
57 101 126 277 395 511 533 598 727 793 922 980 997 129 139 217 290 318 394 414 703 784 
14 95 154 254 473 520 650 771 820 952 221 325 431 562 720 722 752 858 
181 196 212 242 243 482 502 923 950 252 315 470 612 722 829 935 
65 378 667 774 798 821 395 501 638 687 
41 88 555 743 810 965 65 384 640 673 846 
17 41 244 317 410 453 463 467 495 555 561 577 584 607 608 642 757 762 888 891 947 48 111 194 203 286 369 392 440 761 821 849 893 900 949 955 
19 167 336 489 501 572 948 154 265 448 484 503 848 
332 357 412 579 701 868 178 410 459 686 
113 438 454 461 483 525 568 703 756 928 955 227 258 466 652 728 861 902 992 
52 93 126 277 407 591 598 683 879 46 520 588 714 752 809 
275 346 484 712 863 936 71 365 676 931 
116 317 338 410 495 608 757 947 965 194 357 818 920 972 
286 388 497 628 632 881 970 49 151 279 781 794 942 
46 79 292 317 555 742 743 14 65 278 494 559 934 
26 121 126 219 407 411 511 140 279 792 822 830 
20 6 108 188 241 374 386 399 439 496 545 621 652 657 710 725 867 887 942 978 983 91 106 147 154 179 181 322 354 417 472 505 619 654 796 936 
1 124 416 487 593 616 749 90 111 523 648 682 856 
229 315 330 497 540 632 970 195 336 668 743 792 
84 385 492 511 734 758 997 62 238 279 607 718 
98 432 543 688 862 903 510 667 768 846 
76 245 301 473 490 532 615 618 697 874 240 274 688 730 762 844 920 943 
65 115 151 227 672 854 873 117 142 498 602 695 906 
109 169 352 671 755 787 806 413 472 649 777 865 
94 264 688 808 903 935 118 378 556 909 
25 201 229 286 293 318 323 330 331 388 400 413 497 558 566 614 689 691 769 796 805 881 900 971 56 153 198 220 249 367 477 531 723 809 817 861 871 905 919 952 992 
33 23 148 183 208 240 291 321 431 435 514 802 913 917 976 9 59 120 492 588 730 859 901 958 988 
52 75 277 407 530 598 734 793 997 320 373 387 494 589 722 
164 600 635 659 792 820 5 206 535 860 
16 51 158 165 278 320 329 403 469 539 633 687 722 731 893 49 166 274 502 560 640 644 667 724 910 984 
57 533 598 704 815 879 922 25 108 186 215 714 866 
316 359 521 590 759 779 188 473 476 507 
41 46 292 524 556 577 608 20 90 230 498 675 
120 282 460 588 625 752 933 340 384 410 554 745 963 
90 22 596 621 725 839 867 104 113 313 641 870 877 
97 110 194 365 398 480 4 350 720 727 856 
109 119 194 269 365 799 65 255 413 519 748 
25 61 8 229 237 330 413 497 595 648 805 972 80 91 68 49 258 383 761 784 
52 126 231 277 407 500 533 704 727 734 735 879 886 922 997 116 120 284 332 482 552 564 674 910 972 
83 21 206 340 438 454 461 478 483 491 525 568 610 675 676 703 716 756 804 832 843 849 883 904 928 955 998 40 108 52 158 243 277 311 357 476 578 627 662 732 805 817 821 850 952 976 981 985 
140 325 335 537 564 603 764 788 859 935 126 286 412 496 499 501 915 981 
96 151 227 249 464 472 579 616 701 718 733 821 836 844 924 120 381 383 517 558 665 725 911 973 
86 244 247 292 307 410 428 495 743 810 870 875 888 54 31 112 173 412 635 714 805 821 887 
30 4 44 356 537 862 935 96 496 649 666 911 
66 181 265 376 444 665 98 617 635 810 
110 194 262 267 268 274 370 398 450 479 480 599 604 638 660 671 755 799 806 884 973 39 47 192 242 309 501 508 557 648 747 782 788 832 880 
107 187 198 215 258 263 280 287 290 300 349 460 470 476 513 519 565 678 679 715 737 809 933 995 115 100 50 112 140 147 274 473 507 621 686 697 780 795 893 895 947 
89 48 277 408 664 730 7 197 548 562 662 
11 213 348 521 739 779 226 533 545 702 
45 128 168 339 409 448 509 728 989 367 439 450 454 533 795 867 
91 74 151 209 227 249 332 368 506 507 667 733 774 821 844 51 260 272 291 373 522 612 781 797 842 
139 244 247 524 744 947 173 179 397 582 934 
48 75 89 84 52 112 9 152 192 219 259 385 397 408 452 492 500 533 591 664 683 704 726 727 730 793 922 958 12 114 46 153 166 201 244 246 393 398 465 476 625 642 656 821 823 896 929 955 
244 307 570 607 743 891 977 327 605 673 797 881 978 
123 45 409 728 748 826 989 323 407 477 523 861 
187 215 222 230 232 258 263 280 282 290 300 349 353 372 440 476 513 516 519 576 588 707 715 752 790 933 75 18 11 165 169 332 423 434 455 493 524 569 612 682 725 797 867 955 
8 173 413 517 632 666 242 555 870 922 933 
194 267 370 638 773 973 41 162 168 254 529 
50 20 399 496 596 657 720 725 765 867 62 418 490 525 685 795 845 850 
1 255 273 645 924 962 993 194 311 460 711 883 
40 147 238 336 415 510 572 695 780 829 877 920 921 172 229 237 470 497 552 609 817 867 943 
39 68 210 234 275 327 375 484 488 503 573 612 613 655 663 706 717 754 786 818 848 863 936 945 987 30 178 224 230 232 295 384 454 554 604 622 677 684 694 767 908 922 984 
291 514 636 812 882 926 188 195 842 915 
291 435 812 852 856 882 919 934 964 976 986 1 170 212 595 749 788 863 887 
51 165 278 379 803 990 408 456 470 931 
41 125 524 556 742 744 75 531 572 823 953 
36 114 38 170 220 468 535 537 554 567 766 801 825 859 935 89 120 296 413 540 565 644 802 844 846 954 
71 37 155 158 165 278 379 469 504 546 656 685 719 731 893 249 318 438 520 544 574 759 761 842 929 950 
194 197 479 526 589 604 773 787 939 96 285 453 484 854 926 
63 484 637 655 848 863 890 238 397 497 681 912 
14 164 473 615 635 644 659 874 56 677 750 882 
146 173 396 614 628 666 300 380 686 803 882 
145 179 330 396 405 628 504 685 864 915 
32 134 3 49 5 40 55 167 336 510 547 583 674 695 829 857 865 921 981 90 64 120 168 263 280 335 469 552 649 720 802 986 
100 344 431 562 692 763 852 917 66 256 510 618 643 673 
203 213 235 316 359 360 366 423 456 466 521 523 581 620 653 739 753 759 779 794 816 817 819 892 930 941 963 967 69 258 261 333 343 347 396 430 552 558 580 596 642 667 725 812 835 871 944 
199 359 366 557 759 816 851 1 230 317 527 778 
96 124 115 1 368 505 630 733 774 901 938 953 34 87 254 269 347 381 502 906 
126 9 277 283 411 591 726 734 879 227 341 368 488 544 692 
155 320 337 379 403 469 486 504 585 731 803 893 940 943 990 99 52 4 126 217 246 282 500 840 844 
42 76 254 256 304 542 634 635 643 644 776 792 820 975 81 90 233 540 636 724 761 818 860 963 
153 141 278 469 504 569 321 327 343 576 
226 251 474 504 538 569 633 656 709 719 731 803 893 912 943 36 515 518 649 815 817 848 879 934 942 953 
39 275 346 375 425 612 786 848 945 26 444 653 727 850 929 
141 103 165 383 569 631 722 912 940 49 113 562 778 781 864 
51 54 251 403 424 469 546 569 722 866 56 316 369 454 495 752 992 
56 248 257 361 682 781 991 14 183 215 294 377 415 
31 209 249 464 507 579 645 649 701 733 768 784 821 938 993 15 236 396 415 599 787 793 874 905 960 
170 171 220 279 281 335 343 459 515 554 567 603 746 764 766 788 789 859 903 131 229 244 349 371 474 506 533 545 729 774 797 852 
26 385 397 458 730 815 879 49 301 482 512 577 853 
144 14 102 394 418 473 490 520 615 643 644 647 699 713 771 792 820 952 72 68 65 201 238 255 399 482 766 785 867 
138 103 141 158 226 239 309 403 504 585 633 719 722 943 33 129 244 483 592 721 935 960 
364 523 653 845 892 982 999 126 10 16 103 373 550 
81 3 147 336 501 572 780 920 969 981 212 273 378 614 668 844 894 
123 45 182 189 195 339 387 409 448 728 748 889 931 147 131 370 484 629 630 650 779 871 
97 28 262 267 370 450 480 526 773 806 884 939 129 291 302 381 580 598 801 815 845 
140 162 4 204 442 459 515 746 782 788 801 935 992 137 48 182 323 407 429 726 776 785 865 
38 162 218 279 358 459 554 714 745 807 908 48 23 522 596 675 719 729 760 
15 191 196 212 242 243 376 444 447 574 665 686 711 767 795 871 923 956 996 134 214 277 410 445 470 488 548 630 752 815 855 857 880 
130 145 25 413 455 578 632 805 813 907 125 116 198 444 645 728 848 903 
223 257 361 445 559 617 822 838 878 70 319 469 547 703 978 
4 59 325 442 515 535 824 903 908 295 505 623 659 865 
233 431 435 552 562 860 351 489 515 676 827 
335 389 432 459 468 627 688 745 992 392 641 898 976 987 
62 42 205 254 303 313 462 618 634 643 699 713 776 823 833 876 13 82 135 248 461 545 715 719 798 860 986 
146 293 330 401 413 540 606 628 769 90 125 303 504 536 782 
252 377 520 542 643 820 291 720 929 953 
118 77 191 242 265 369 436 441 502 574 623 665 686 711 767 795 827 871 896 916 950 956 90 218 292 459 517 523 549 610 663 674 694 702 706 743 772 774 
168 190 342 387 409 448 705 728 748 826 853 968 26 170 375 379 426 516 693 727 964 
100 291 514 696 802 856 913 919 986 160 384 511 689 780 953 965 
19 49 238 302 336 384 493 512 842 981 265 329 375 402 619 792 834 894 
248 272 306 392 682 838 432 436 456 601 715 
298 325 335 778 782 992 104 231 605 660 
129 120 215 230 258 300 372 513 588 629 715 752 380 418 462 521 568 645 742 
90 241 652 720 725 855 894 942 983 34 136 105 279 502 616 
168 433 448 748 826 889 931 968 974 989 42 307 396 462 581 591 623 932 
182 433 728 748 853 931 335 361 594 688 821 
66 172 181 207 242 319 326 946 259 437 668 845 
126 407 498 586 602 727 735 119 25 202 248 398 
34 361 392 571 781 838 343 582 821 978 990 
109 119 131 110 142 197 221 262 268 269 362 365 370 479 589 599 638 660 662 671 700 751 755 787 799 884 973 80 133 86 244 290 369 421 523 545 618 628 643 648 669 774 780 919 962 
168 45 342 705 826 974 989 56 136 92 60 388 802 
77 172 207 212 265 326 369 376 436 502 518 550 623 686 711 738 827 871 73 215 278 305 361 432 651 729 766 778 860 945 
142 194 352 370 599 638 884 121 431 649 784 942 
120 215 230 263 282 372 440 443 460 576 625 707 715 752 790 933 99 173 298 503 579 596 743 844 874 912 997 
150 466 794 816 858 941 963 212 257 416 483 901 
472 536 668 672 774 821 35 223 739 862 
61 99 67 305 318 323 405 517 544 549 558 606 632 666 796 834 972 126 164 38 298 327 472 530 552 728 795 848 920 
56 248 392 548 571 617 822 192 278 293 695 760 848 
149 235 523 601 673 739 779 845 941 963 80 277 308 344 697 790 812 951 
4 170 218 477 515 764 40 574 642 787 
178 252 256 427 437 508 520 634 635 643 776 840 902 36 230 332 515 528 633 704 730 883 976 
113 64 454 461 568 703 955 102 332 345 416 635 
191 196 212 665 795 956 431 468 544 597 990 
33 100 291 522 552 592 693 696 856 438 516 796 888 903 908 970 
31 161 124 332 472 649 669 740 768 837 951 69 291 344 551 636 759 816 973 
39 135 612 814 818 863 253 307 589 977 998 
38 30 59 218 220 432 468 745 782 217 283 379 483 569 728 
196 172 77 207 242 243 319 326 369 381 429 436 441 444 447 482 502 574 665 711 767 795 871 896 914 946 956 167 199 63 40 137 213 285 329 475 490 520 544 546 635 845 853 898 941 
122 149 253 316 581 794 817 212 275 369 606 670 827 
316 348 423 690 772 963 172 447 463 742 743 
187 198 120 129 232 300 390 443 460 476 513 588 625 678 715 752 809 995 65 196 160 104 228 425 436 486 623 643 725 824 
69 252 462 490 520 643 792 40 39 400 566 796 917 
72 248 257 284 289 306 361 392 414 559 571 761 822 835 838 878 991 27 211 75 153 335 439 511 667 920 922 959 960 
211 171 4 204 228 325 335 406 432 554 567 745 764 788 801 181 229 249 437 439 517 566 647 672 713 865 
126 89 52 598 758 793 43 4 412 670 819 
140 211 162 324 325 406 432 459 535 543 564 903 935 99 370 455 520 558 572 645 665 728 
194 268 365 370 479 480 604 638 799 806 884 944 76 392 485 532 699 734 752 954 
129 258 353 390 460 513 809 995 62 429 747 935 
43 56 174 248 257 414 822 200 477 652 734 744 
53 10 248 392 471 781 861 878 909 41 135 616 648 703 
22 50 374 457 621 657 710 720 765 828 855 867 887 898 937 942 988 13 427 476 537 695 768 779 782 783 847 
51 156 165 16 337 383 486 539 631 122 304 374 385 651 925 
124 1 18 65 96 115 273 296 308 412 506 616 645 649 654 672 718 733 768 784 844 924 932 951 993 20 152 61 83 277 286 300 323 461 569 585 770 789 811 825 882 892 943 
218 335 358 459 543 567 778 782 788 801 862 903 908 215 249 314 607 664 864 885 910 957 
99 92 111 2 25 237 286 413 558 578 648 847 925 970 972 134 218 162 235 522 562 631 638 716 849 985 
58 198 129 187 258 263 282 440 513 519 576 588 715 933 995 150 106 205 135 243 273 384 504 917 
112 48 311 591 727 730 879 186 571 720 884 935 
129 215 263 280 588 995 135 346 350 497 
176 291 321 552 636 639 677 802 812 852 880 926 56 154 362 405 632 797 803 995 
135 29 375 503 573 624 655 848 863 66 400 714 730 741 819 966 
149 203 35 364 521 523 590 620 653 739 779 845 39 44 229 51 335 478 763 899 
25 286 330 388 578 925 161 838 911 1000 
111 229 318 323 331 400 401 485 595 606 628 632 648 769 960 971 972 134 257 325 386 410 559 619 635 645 757 837 865 
134 32 49 5 184 299 312 336 384 434 563 572 674 780 785 857 906 948 981 164 143 93 290 457 504 612 634 727 761 825 849 876 
165 320 469 539 546 569 580 685 719 50 52 304 316 487 554 772 
100 321 562 729 860 885 949 964 976 20 95 461 533 721 927 
20 188 90 50 457 545 710 725 839 898 959 405 454 466 491 493 530 750 878 
181 191 212 77 15 172 243 265 369 376 381 420 502 665 711 767 795 119 130 405 428 532 634 652 658 673 697 736 882 
212 172 242 77 265 420 441 623 795 896 923 956 230 113 307 385 442 451 737 
127 46 116 125 17 80 292 307 333 338 410 467 495 561 570 584 607 642 742 743 757 870 947 965 165 126 162 194 68 58 248 257 279 331 461 469 587 783 843 893 994 
95 597 635 650 694 840 265 369 602 814 
431 619 802 882 926 934 976 126 153 1 364 469 838 
116 125 41 292 307 382 524 742 965 25 521 571 713 980 
56 202 217 12 160 224 223 185 72 266 306 421 531 661 777 797 822 830 838 846 861 878 897 915 991 68 39 244 178 192 340 415 449 455 566 598 632 719 748 801 820 848 978 
124 115 161 294 378 412 416 487 616 630 669 670 741 821 901 218 141 228 99 330 585 614 828 848 883 935 
291 321 431 435 692 852 964 976 349 530 584 657 682 691 
156 159 486 504 893 954 43 468 497 882 
205 216 180 418 542 635 644 776 874 902 77 56 383 534 590 672 737 873 
213 60 601 653 772 999 210 320 399 443 734 
178 14 42 154 76 301 427 490 635 659 697 699 902 905 952 131 151 262 310 327 607 714 769 821 835 
31 133 422 593 645 684 854 110 164 284 413 745 986 
205 154 304 490 520 643 699 723 952 148 370 636 695 703 704 980 
217 34 174 223 160 548 617 651 777 797 822 915 244 199 237 398 760 885 896 951 979 
58 230 120 222 187 129 263 280 282 287 290 349 390 440 460 476 519 588 625 678 679 715 737 752 995 83 71 111 149 375 410 424 441 450 498 561 572 730 734 778 792 804 951 
57 126 311 511 591 734 922 191 369 571 723 732 750 
335 343 358 432 459 698 807 124 355 425 523 735 920 
325 351 459 782 908 935 40 149 421 502 774 
169 194 119 28 362 398 560 599 700 751 939 944 254 400 634 646 672 845 974 
258 232 129 230 120 198 287 353 372 460 470 494 513 565 576 588 629 679 707 715 737 752 809 933 995 13 147 60 278 357 379 385 388 408 457 497 781 822 890 952 966 990 
98 44 279 358 764 903 908 935 985 72 497 533 637 694 894 
118 196 242 243 181 270 369 381 441 550 738 767 916 946 81 5 184 245 299 562 565 861 895 976 
248 34 272 306 421 651 781 822 838 59 700 879 926 935 951 
131 119 169 362 450 480 660 671 755 944 302 341 388 429 515 572 672 
194 119 221 269 274 370 450 700 755 884 939 944 31 294 581 615 616 717 855 
110 194 268 398 662 671 700 151 415 468 485 511 
265 369 436 767 795 896 371 727 861 880 935 
357 472 645 667 774 953 545 648 674 952 
185 266 56 471 617 661 682 781 822 838 909 991 124 38 311 312 570 709 715 908 
227 133 296 332 416 579 718 167 230 319 325 330 606 
268 119 370 480 589 755 944 103 95 120 721 845 861 
47 135 157 39 85 68 425 655 663 712 724 848 863 213 277 469 526 559 567 739 856 952 958 
278 424 504 546 569 893 49 312 401 868 
84 57 112 121 101 75 152 52 385 395 407 408 458 492 511 530 602 664 704 730 734 735 980 997 227 275 172 113 203 291 365 379 432 546 619 623 629 782 795 873 993 
54 103 276 138 155 16 141 329 379 486 504 569 631 656 719 722 893 263 202 88 196 48 444 457 774 845 848 875 963 
171 162 264 358 515 567 745 782 788 807 808 935 979 89 93 87 188 244 289 403 634 887 975 
232 120 258 129 287 476 516 588 715 147 425 458 524 558 930 939 
162 335 468 515 788 935 985 57 314 357 416 944 996 
107 258 230 198 129 470 519 588 737 153 371 433 572 843 
57 152 586 727 886 997 211 332 581 627 
56 217 471 617 682 781 797 838 915 991 112 255 303 399 615 665 674 714 
33 291 449 552 640 850 910 142 212 312 364 679 
236 229 87 99 315 323 401 405 544 549 595 606 632 769 796 907 972 80 227 114 360 406 565 657 733 776 837 
280 263 120 258 460 715 430 644 672 757 
293 388 405 413 549 628 328 608 968 995 
217 471 781 797 861 991 279 321 594 623 955 
129 120 258 300 372 460 513 516 588 678 707 715 752 933 995 51 238 75 194 419 493 718 730 757 
208 137 136 100 285 250 233 183 522 552 592 611 636 763 802 864 885 917 986 1000 277 169 124 209 180 366 372 408 494 591 683 754 906 969 
88 106 46 244 247 41 116 307 317 333 410 481 495 524 556 584 622 742 743 762 870 875 888 891 977 10 181 68 293 538 568 617 633 669 699 782 802 813 823 833 845 861 
288 27 99 179 305 544 595 606 769 847 925 970 972 202 292 46 66 426 460 490 504 798 905 
1 249 332 341 422 472 630 649 667 669 837 160 268 402 448 459 671 714 940 
522 552 619 639 856 917 949 964 976 175 135 320 555 743 863 
1 273 227 332 579 582 645 649 667 670 873 953 140 467 497 596 778 843 968 
56 559 651 682 822 838 909 74 554 646 713 715 
186 459 537 745 801 985 198 201 471 806 
238 5 493 780 906 911 981 8 265 304 436 452 778 
120 129 187 290 215 58 440 470 476 513 588 629 933 227 145 44 334 384 492 548 583 753 991 
95 14 42 254 520 532 647 697 713 771 792 874 25 29 163 379 431 494 794 901 
5 184 334 384 501 510 512 534 674 783 877 918 921 65 24 169 41 267 432 502 632 956 
178 304 532 615 650 697 713 723 776 284 26 179 374 625 714 
154 256 14 62 303 418 462 508 618 643 644 650 697 833 905 952 226 299 239 366 521 527 538 576 689 719 799 851 
293 201 25 330 497 540 578 614 796 881 196 435 446 593 908 944 952 
185 10 248 217 266 72 12 43 361 392 445 781 797 846 861 338 511 619 653 715 740 758 792 899 
244 292 41 247 116 127 317 382 499 524 528 555 556 608 743 744 762 810 888 243 189 210 72 356 517 633 636 648 708 805 822 986 997 
1 74 227 472 506 630 654 733 203 347 411 413 480 942 
165 37 71 474 504 722 943 119 36 619 643 801 820 
45 728 748 826 853 968 974 254 375 532 653 807 944 
231 259 57 385 530 533 591 683 815 133 113 272 733 740 781 
238 40 415 674 695 780 785 920 285 276 272 683 696 759 820 899 
69 178 394 532 597 650 108 385 606 653 893 
50 20 725 765 828 887 61 281 228 604 
286 92 401 405 485 497 632 834 847 33 35 77 384 787 893 944 
60 105 214 149 213 348 359 364 366 523 557 590 673 721 772 779 794 817 845 967 239 33 159 435 516 570 577 639 704 728 788 842 
80 86 41 292 46 307 88 17 338 410 428 453 524 528 743 810 150 26 359 381 476 491 653 663 745 753 781 
237 99 201 25 27 330 401 540 558 566 628 632 796 805 881 907 75 141 362 379 402 460 502 543 603 613 763 986 
212 191 369 420 482 502 896 996 273 71 174 631 881 985 
239 153 103 379 722 803 811 893 954 990 295 101 253 762 768 770 951 
250 33 233 240 100 417 475 677 696 926 155 289 400 618 825 876 991 
1 378 487 579 667 733 836 90 348 551 581 769 
286 25 237 99 201 331 401 405 497 595 606 632 689 769 805 12 128 170 227 480 532 615 955 977 
220 30 335 778 801 908 344 528 664 821 976 
186 24 218 30 59 114 220 36 175 261 335 373 432 446 459 477 535 537 543 564 766 788 801 862 899 908 935 984 985 992 273 64 76 237 423 497 606 636 663 667 742 804 823 865 889 911 930 932 939 
212 191 196 369 896 914 382 492 606 764 
135 73 375 425 503 612 655 663 814 848 936 201 155 254 127 765 794 891 915 
69 618 644 650 697 952 288 50 700 761 910 
37 278 51 103 383 474 585 687 943 954 212 184 515 533 579 714 796 997 
236 2 111 99 318 146 179 92 305 396 400 405 413 455 497 517 540 544 566 587 594 606 614 691 796 847 881 972 13 273 249 4 358 370 378 411 412 425 460 496 574 617 688 743 745 767 872 877 
323 99 237 388 606 689 769 881 972 244 335 539 705 878 
296 65 273 82 294 1 124 209 416 472 487 505 582 616 646 649 654 667 668 733 774 784 821 868 901 932 938 962 993 206 129 205 283 22 112 359 513 549 552 595 632 652 715 730 788 803 874 908 949 
292 244 463 524 743 875 149 30 537 674 
302 510 572 674 783 857 906 911 948 300 385 424 514 629 684 878 
186 177 162 325 114 218 260 228 281 324 343 356 358 373 432 459 702 714 766 778 903 908 985 992 331 6 147 235 190 217 368 410 451 500 657 678 731 768 797 828 963 
184 81 5 134 238 49 167 147 354 384 415 419 489 493 501 547 572 674 695 783 865 906 920 948 981 60 92 374 376 390 432 511 544 638 723 730 774 809 867 880 882 953 976 
153 51 226 539 546 633 656 866 954 990 381 441 457 470 478 678 923 
317 244 86 382 495 528 556 608 742 757 762 870 947 306 62 413 432 462 571 697 873 879 964 
168 123 342 433 728 748 368 372 487 726 927 
113 525 568 716 804 849 928 955 107 248 365 565 615 853 
294 507 667 670 774 924 932 938 951 267 152 51 720 728 898 
195 182 339 728 826 853 931 367 369 431 522 638 917 
162 260 59 335 432 698 782 859 903 992 193 155 149 478 542 612 725 
148 23 449 522 562 934 324 209 203 533 978 
20 50 621 720 887 942 206 645 655 697 933 
85 157 613 818 848 863 927 49 232 459 512 696 782 
33 431 435 619 802 812 860 880 976 149 308 151 51 506 814 998 
122 316 214 673 817 819 930 967 322 587 922 973 
258 129 120 58 440 752 933 995 17 250 162 518 552 797 
47 73 29 484 624 663 786 848 232 72 109 366 566 857 
30 261 406 515 537 603 688 714 764 778 862 984 992 69 176 31 651 803 831 840 906 918 974 
97 197 526 671 799 884 711 768 771 923 975 
263 222 129 476 707 933 63 726 738 851 981 
40 336 501 572 842 906 67 90 598 622 654 
1 582 616 645 667 749 821 901 953 260 578 696 705 903 988 
335 117 515 554 626 627 788 51 307 381 743 907 
18 82 271 368 416 630 873 932 953 86 47 281 263 113 693 889 
30 171 335 260 279 264 228 543 702 714 789 40 330 420 852 877 962 
150 149 316 105 360 364 541 620 653 794 817 963 317 332 459 524 621 743 833 943 
11 359 149 466 653 673 816 286 437 522 582 734 
193 217 34 160 56 306 72 174 392 445 465 471 531 559 781 797 822 861 991 18 190 24 196 1 436 476 553 756 875 898 926 940 
267 262 194 662 751 755 233 318 633 976 
33 430 802 860 976 986 392 546 655 991 
166 235 316 359 466 673 759 779 816 845 858 967 982 5 285 246 388 469 502 535 820 837 859 
110 221 194 109 526 638 773 799 277 85 340 490 749 767 
149 150 316 523 553 653 690 794 816 845 851 858 350 304 291 407 520 667 964 980 
39 425 503 612 637 655 663 848 987 99 342 123 379 679 958 
151 124 357 507 733 741 784 837 844 152 339 335 529 648 782 810 
319 326 242 196 265 212 270 181 376 429 436 502 574 738 896 914 923 946 194 39 259 80 213 245 342 159 475 512 733 796 841 
268 194 197 169 28 131 274 221 119 398 450 479 480 589 638 755 884 973 256 330 220 168 406 495 588 837 863 872 962 970 
48 458 511 683 704 727 734 40 162 270 282 914 948 
187 263 198 129 290 476 519 707 933 291 339 600 796 919 980 983 
325 44 335 515 567 801 992 124 166 101 1 394 434 
90 20 6 225 399 426 496 529 710 725 828 867 872 887 942 959 336 303 226 408 502 551 649 803 851 862 922 940 
327 73 157 68 135 234 425 503 612 637 655 717 724 786 863 945 184 21 182 17 310 258 437 447 478 633 650 964 
172 118 369 196 242 447 623 711 795 956 20 336 415 421 487 743 861 979 
180 418 635 723 820 840 1 160 459 1000 
322 249 78 422 645 667 669 672 774 798 854 953 962 167 33 72 330 98 712 720 813 922 955 
51 278 320 54 153 141 138 469 538 539 569 585 709 775 943 954 277 4 301 211 367 318 263 182 541 609 897 985 
23 13 417 677 708 852 986 145 187 648 924 992 
265 212 242 420 429 444 482 502 665 767 896 946 996 317 115 151 337 169 356 476 847 937 938 
247 307 46 41 338 642 977 326 532 595 879 908 952 
51 71 329 226 158 469 486 539 546 569 633 719 731 811 866 912 940 990 111 115 252 38 391 401 429 716 761 774 879 911 
184 336 40 302 238 415 493 501 512 572 674 695 865 906 948 79 300 230 315 183 107 135 535 725 
26 126 57 277 311 48 52 93 163 408 411 458 511 533 551 591 598 727 730 734 735 793 815 886 922 980 997 226 313 334 263 243 403 420 459 460 491 545 548 572 695 747 797 846 
90 20 496 720 839 872 887 9 237 624 746 941 
45 182 168 433 448 728 748 853 931 974 989 101 5 711 767 790 792 
331 87 236 25 288 99 400 413 497 558 566 628 648 691 900 960 267 195 364 1 263 19 570 642 685 730 943 
4 177 446 468 537 789 49 795 880 886 
215 222 258 476 588 752 336 69 732 754 789 
56 392 661 682 797 822 838 861 878 383 628 697 881 951 
72 56 224 34 202 306 391 217 361 193 185 421 571 682 750 777 781 797 835 838 861 897 909 915 177 33 221 363 80 410 464 469 497 636 652 677 778 780 801 908 920 
51 16 404 538 709 722 126 493 557 840 
164 313 418 643 697 792 952 75 57 373 540 900 
75 52 277 397 452 734 997 78 420 501 554 558 877 
146 145 330 497 544 558 566 594 606 632 689 769 796 972 149 189 161 468 568 650 860 954 
395 126 163 500 591 727 125 143 699 917 
269 370 109 119 262 560 638 660 787 799 192 126 257 598 609 669 746 893 
132 6 50 90 374 596 720 872 959 978 66 284 164 253 464 534 674 703 
99 330 237 388 401 413 587 960 970 321 234 262 216 955 
179 315 237 323 400 318 286 527 578 628 648 796 834 881 972 383 276 415 422 448 667 727 800 912 981 
46 499 575 577 810 947 184 294 318 653 930 
159 165 103 153 474 633 681 990 385 1 279 463 523 898 
37 393 569 722 775 954 802 824 827 837 
201 330 315 286 288 146 323 455 497 558 566 587 595 632 680 689 847 907 972 33 41 241 242 1 10 233 433 435 480 576 686 697 989 
351 220 218 446 554 626 702 862 935 984 370 286 472 689 883 898 999 
84 277 89 192 112 52 101 458 498 683 730 922 366 128 170 432 572 608 875 889 993 
277 385 121 126 9 48 492 533 602 879 138 263 291 374 474 688 689 
168 182 123 128 433 931 989 425 562 711 869 998 
46 80 116 41 317 292 17 244 86 463 607 742 744 870 875 947 977 258 172 237 335 107 82 392 501 502 559 837 904 
152 385 89 26 458 734 879 308 330 447 716 991 
82 227 249 472 646 654 672 684 749 760 768 821 114 330 116 219 699 702 794 859 
67 25 179 229 99 111 400 130 388 288 330 173 497 558 578 628 632 648 666 680 689 769 796 834 847 881 900 308 51 140 338 97 255 110 525 559 626 681 698 703 732 759 766 776 886 963 
223 217 421 471 761 822 835 838 909 75 543 621 663 707 725 
134 49 40 336 312 384 489 493 572 583 674 695 791 829 857 865 906 911 948 981 248 376 161 401 269 160 467 562 567 568 632 725 769 872 
249 18 357 1 91 332 273 582 645 873 924 938 199 281 206 522 546 737 804 915 
380 321 33 431 562 763 812 90 734 788 820 963 
252 377 304 164 394 69 874 902 952 132 187 2 472 541 907 
336 5 493 674 695 906 41 290 420 930 
381 242 243 319 436 444 502 518 623 665 827 923 358 385 419 395 498 765 980 
12 392 414 266 72 248 617 797 838 861 878 915 261 376 194 477 755 771 921 925 
294 255 378 472 667 784 873 938 962 52 401 25 763 767 994 
214 149 753 779 845 851 39 129 25 325 677 
159 16 276 474 569 685 719 912 954 258 334 431 462 660 840 
39 157 68 367 375 327 275 612 655 663 814 848 330 215 409 280 260 504 533 588 915 
22 374 496 621 657 720 725 867 887 898 942 966 7 293 182 58 442 505 772 811 
254 205 490 635 820 952 225 779 805 826 871 
317 116 524 622 642 743 875 888 891 242 28 590 617 710 735 763 
369 212 381 623 711 795 923 222 383 170 267 474 584 
33 363 693 708 802 860 149 26 287 990 
13 347 250 70 246 417 148 100 33 176 435 449 522 552 562 605 619 640 763 802 860 880 882 913 917 976 986 301 342 207 424 197 16 76 463 472 495 510 542 606 631 733 824 881 997 
218 325 36 260 177 211 335 94 220 343 446 459 537 554 688 714 788 801 824 929 992 277 63 338 196 407 185 336 302 475 476 565 774 829 919 977 
189 339 409 387 190 748 826 853 931 18 405 19 282 792 884 887 
49 238 7 501 534 780 857 129 373 525 703 887 963 
250 347 13 176 100 137 431 33 522 552 636 763 841 850 852 880 882 913 917 986 57 405 36 316 305 486 594 644 706 707 745 771 906 944 
369 181 15 420 196 270 212 502 574 665 795 916 215 299 185 361 474 816 830 935 
42 14 205 542 644 697 699 713 771 820 823 833 952 218 191 360 25 49 375 452 624 777 788 
113 83 454 461 483 568 716 74 208 141 493 536 826 
20 50 90 596 609 710 725 839 217 218 123 459 468 908 
258 230 300 349 129 198 715 737 809 14 80 25 963 997 
15 181 212 243 265 444 482 550 665 738 914 950 337 258 446 450 483 540 762 797 874 
4 24 175 170 59 535 745 778 903 243 426 512 548 655 947 
215 198 476 516 588 995 57 253 61 487 
212 420 118 441 172 381 665 827 173 278 157 596 722 959 
72 174 306 361 781 822 861 915 991 172 485 704 981 986 
44 406 432 325 389 459 745 929 935 305 441 25 467 476 529 
376 212 172 482 550 795 996 214 375 411 547 
168 189 182 387 123 705 989 294 401 81 539 577 
344 285 431 522 592 639 677 763 812 248 56 65 599 642 679 748 
370 119 268 169 267 773 944 258 123 441 60 847 
521 653 721 779 794 817 845 70 243 335 632 715 880 
395 126 492 551 726 730 997 437 299 596 666 687 
317 80 495 555 570 575 607 743 762 142 461 606 612 650 
113 206 83 21 438 461 478 483 525 568 610 675 703 756 883 955 961 998 241 159 43 135 123 470 502 803 835 896 908 915 
25 405 330 173 558 769 220 129 248 647 943 
11 35 149 523 779 845 185 138 488 684 
225 50 241 20 529 545 596 652 725 765 867 898 988 42 24 263 238 278 337 638 656 715 
411 277 407 385 26 57 163 371 530 533 664 683 730 886 997 280 705 708 711 722 821 829 908 947 
171 36 30 432 220 446 335 228 325 260 298 162 177 261 170 477 515 535 554 603 627 702 764 782 788 789 908 985 181 359 1 377 439 346 294 385 82 508 552 586 656 711 715 718 826 928 955 968 
58 290 198 258 222 287 120 263 215 107 470 513 576 629 715 809 933 995 385 330 133 318 293 535 611 639 695 696 810 963 
438 454 113 206 83 483 525 568 703 843 883 904 955 961 4 240 178 227 453 244 616 751 791 808 
178 216 304 473 520 697 876 424 189 338 187 826 955 
333 410 80 607 642 762 977 214 431 403 593 745 931 
65 161 115 645 672 733 784 392 399 483 495 573 954 
56 361 559 658 761 838 126 58 630 779 871 
149 360 60 364 199 11 620 653 759 779 845 999 83 241 588 596 616 689 793 862 924 
80 244 495 555 742 743 875 446 415 296 588 592 806 
140 389 177 281 211 477 515 537 554 564 688 714 745 807 899 903 935 992 439 396 207 269 251 513 606 738 833 838 943 976 
153 103 383 159 141 379 51 155 71 239 486 504 546 580 585 685 687 709 722 731 866 893 940 943 954 392 364 275 174 246 147 56 18 50 244 503 520 650 812 851 873 895 920 
300 460 120 263 282 476 494 513 588 707 715 752 134 454 337 77 172 20 138 628 
414 272 289 284 361 224 531 761 777 781 878 915 298 71 11 476 612 644 697 856 
422 209 294 271 308 412 65 115 332 200 487 507 593 667 670 672 701 733 740 821 837 873 951 962 431 418 41 406 97 201 90 480 497 720 804 833 849 915 917 989 
164 76 95 144 462 490 618 643 650 723 869 874 952 975 30 120 105 533 574 786 800 812 838 865 
156 424 309 329 403 585 656 731 940 943 436 162 429 408 672 763 867 970 
321 33 522 552 605 611 692 812 986 1000 369 59 432 212 698 747 914 
215 120 470 372 280 390 300 443 353 258 129 588 625 629 678 707 715 737 752 809 995 105 126 361 432 113 46 225 381 471 446 317 654 863 952 
468 4 325 204 459 36 535 554 603 688 714 745 764 788 862 899 903 935 992 99 128 39 1 223 421 65 502 566 645 649 783 959 995 
113 454 483 491 568 610 716 235 375 343 337 523 953 
194 221 370 142 119 799 495 556 906 972 
370 274 169 109 267 119 221 599 638 662 755 787 884 939 944 973 405 308 472 323 535 554 764 842 856 875 957 
292 495 575 642 742 875 43 677 748 838 988 
319 441 77 447 212 381 502 916 946 950 112 164 163 37 571 730 812 
113 478 461 83 438 454 21 525 568 676 703 716 756 832 843 849 883 955 961 998 26 211 199 441 165 32 464 575 753 755 782 891 967 984 
85 135 350 68 143 624 927 81 50 168 142 888 980 
237 315 517 558 628 648 847 925 972 221 26 269 445 688 730 793 
383 469 71 278 251 153 226 504 538 539 687 866 435 26 215 496 517 564 610 670 
332 472 91 249 322 507 593 645 649 667 670 733 741 784 798 837 901 924 951 962 443 45 376 239 339 559 628 675 820 861 965 999 
135 39 706 724 754 818 848 863 987 152 58 456 13 172 835 838 
415 336 49 81 40 547 563 572 780 8 176 559 736 824 935 989 
95 254 164 256 473 427 216 635 643 650 792 820 823 905 212 365 293 132 715 780 890 946 
113 64 478 568 703 928 955 241 385 317 552 695 972 
408 93 452 277 126 9 498 511 586 730 735 300 326 100 866 880 935 
419 384 336 299 184 415 7 572 674 865 877 969 129 438 241 290 393 16 602 654 
470 263 513 715 752 809 995 301 101 291 88 569 
80 41 244 338 116 86 453 46 292 467 481 555 556 561 570 577 743 762 810 875 888 891 947 431 464 370 159 479 496 552 626 697 793 823 868 927 932 942 992 
374 90 426 20 132 386 545 621 657 720 725 872 894 959 495 486 114 330 117 670 744 834 903 979 
396 92 323 388 111 99 413 87 405 305 330 25 315 540 544 558 578 606 614 632 666 689 769 770 805 813 834 881 970 972 40 251 134 263 296 143 72 472 264 392 232 325 591 600 643 693 837 862 903 
492 407 192 704 730 980 96 106 420 258 
307 402 555 642 743 757 114 1 935 946 
112 126 397 52 533 664 153 335 41 601 784 
19 302 81 336 354 434 49 5 167 384 572 780 783 791 920 969 395 119 51 410 78 114 621 763 880 971 972 
420 381 196 181 482 319 369 242 212 77 436 15 518 550 574 623 711 767 871 914 956 261 374 410 364 318 151 103 188 454 477 302 682 772 791 822 
327 367 135 375 234 612 613 655 663 754 848 927 44 81 198 48 469 27 658 757 925 
278 165 51 276 486 141 153 251 156 155 309 469 546 580 631 633 656 681 719 866 893 912 238 146 425 293 230 179 515 523 534 543 651 678 714 771 780 848 
65 332 151 1 74 593 649 821 844 426 175 90 632 707 770 
227 308 124 649 741 774 347 162 643 663 
124 341 472 487 161 368 668 718 105 16 120 758 
304 205 694 840 869 874 459 119 857 997 
123 705 728 826 853 968 527 561 590 933 
49 55 147 40 134 334 302 572 857 981 148 431 94 52 530 577 875 
277 93 75 371 89 492 259 385 533 598 727 730 734 735 758 793 815 922 41 269 29 306 336 217 183 688 692 764 797 828 966 
184 49 302 384 674 747 857 906 948 369 163 346 442 959 982 
222 129 230 263 300 120 494 215 187 470 460 290 565 588 679 715 752 809 995 40 332 468 543 552 638 670 776 787 836 859 884 953 
136 100 183 640 708 986 334 58 853 967 
204 281 468 162 170 459 38 373 351 279 356 175 535 554 714 778 782 788 801 824 903 908 935 985 992 176 329 156 504 53 267 205 41 544 552 634 663 822 838 843 853 928 
443 290 129 280 588 629 752 809 316 12 208 182 592 935 
25 130 330 201 485 61 544 549 614 648 689 805 218 115 307 181 486 518 524 555 
420 502 196 711 795 896 956 517 156 349 552 820 879 
282 230 372 120 258 129 588 110 772 793 867 878 
14 301 69 256 76 205 216 164 180 462 542 615 634 635 643 697 699 771 792 905 952 84 212 220 141 366 469 48 521 568 578 648 654 674 761 841 
105 235 149 60 451 122 721 779 794 816 817 892 930 963 967 304 520 187 247 522 534 683 786 856 
208 449 435 291 295 33 431 70 475 23 344 552 592 619 841 852 986 52 171 521 416 124 360 229 342 523 645 905 946 
456 203 366 35 166 235 316 60 149 541 553 557 590 601 690 772 794 845 858 930 982 999 260 181 504 91 403 128 478 194 522 654 738 800 834 860 918 
125 247 41 46 307 139 428 292 106 317 333 556 743 757 810 359 129 280 517 558 591 628 651 695 850 986 
454 461 83 113 483 340 568 610 676 703 716 756 804 849 928 955 961 998 434 413 132 599 691 845 856 857 973 989 997 
142 365 352 169 638 660 700 275 591 779 854 892 
25 401 27 628 648 907 509 37 150 304 863 
307 41 17 338 317 608 205 324 698 717 773 
374 457 720 725 867 942 966 446 131 368 695 704 
458 277 48 101 311 52 591 727 730 201 510 250 241 719 981 
34 361 72 43 248 471 682 761 781 822 861 99 139 591 759 809 903 974 999 
313 301 95 303 615 618 634 643 723 771 820 382 221 242 310 323 582 673 800 
52 57 511 126 75 311 104 48 500 112 385 408 458 591 598 704 730 734 758 122 473 264 425 162 123 240 344 329 552 619 760 823 986 
302 40 434 5 547 563 583 674 829 865 399 504 252 521 689 795 933 
30 515 175 24 140 477 220 442 325 459 537 714 746 782 908 929 384 460 480 364 102 598 618 623 772 804 845 864 
200 630 646 667 798 800 821 951 953 57 179 438 544 650 847 981 
535 432 30 468 325 117 389 114 351 140 298 543 554 626 778 788 935 333 39 225 676 743 916 923 924 961 974 
393 156 379 486 722 803 943 304 17 292 684 713 908 
379 37 486 226 239 337 383 103 990 448 67 331 605 890 923 
305 179 497 330 92 25 318 614 628 666 680 796 900 394 441 1 154 140 543 616 655 787 979 
359 523 759 794 817 845 892 379 418 545 769 785 
437 252 180 42 520 154 723 343 431 557 875 908 
220 537 325 4 94 228 358 714 903 908 979 985 513 540 414 64 318 504 563 664 917 
330 201 286 517 293 497 396 587 594 606 648 689 769 847 207 212 141 152 336 536 515 567 645 949 
457 241 496 90 50 596 621 710 720 725 894 898 942 959 978 178 271 541 122 385 194 162 706 863 899 984 
239 504 159 337 141 276 383 51 469 722 775 943 363 277 212 19 416 786 822 848 
489 534 147 55 336 49 572 911 948 981 15 174 447 57 649 718 734 934 
257 202 56 559 838 861 172 442 385 121 300 
288 517 201 286 25 628 666 680 689 881 925 332 181 622 820 858 863 
441 502 265 447 196 827 871 166 551 618 927 985 
385 452 591 815 958 997 322 374 550 25 209 
23 208 475 435 13 295 522 176 431 285 233 291 562 619 636 677 693 763 812 856 860 864 882 910 926 976 1000 518 349 459 515 495 134 332 533 491 201 147 112 513 149 655 661 675 888 916 
523 366 557 794 816 817 819 858 999 361 702 708 722 822 835 
468 432 459 356 515 140 162 537 4 406 477 171 218 698 764 788 899 903 935 480 135 107 395 239 297 29 573 628 633 697 711 716 901 
88 79 499 495 467 41 80 453 307 743 810 875 888 947 517 295 130 603 731 822 845 857 
307 106 524 495 139 338 292 46 742 870 479 33 98 643 662 752 997 
553 316 150 523 581 601 739 759 542 119 393 596 915 949 
405 497 485 8 201 455 388 413 25 99 318 396 229 628 666 680 689 805 847 925 960 524 220 69 51 149 115 280 395 751 762 844 886 897 903 926 
217 297 361 174 548 465 53 72 12 56 571 661 781 797 835 861 915 275 489 237 88 410 487 413 636 756 769 798 934 
398 262 599 662 755 973 103 566 622 661 743 
495 80 244 17 575 762 258 509 645 802 
552 176 344 431 240 417 148 23 592 605 619 640 677 696 802 850 860 864 885 919 986 1000 415 158 265 76 229 409 121 579 609 727 808 829 936 938 948 
49 489 534 238 865 948 543 667 715 894 
468 325 220 114 627 782 979 486 112 840 893 940 967 
513 120 263 588 679 715 432 140 340 265 286 
330 396 318 25 388 405 99 606 813 248 560 218 477 350 216 811 
140 228 279 162 373 218 824 935 992 275 544 415 707 896 912 
113 483 525 454 461 478 83 340 491 438 206 64 21 610 675 676 703 716 756 804 832 843 849 883 904 955 961 54 415 520 396 187 292 49 585 588 592 593 693 796 820 821 844 886 941 
51 379 404 156 159 276 158 424 383 239 155 278 16 631 685 709 719 811 893 912 940 129 494 227 211 584 588 628 630 642 699 704 794 817 909 961 
495 244 453 127 743 757 947 977 272 316 388 627 718 952 
559 392 193 217 202 750 761 822 846 915 65 231 338 259 482 247 932 
501 354 336 81 238 3 415 547 493 5 134 489 167 40 19 384 334 510 641 695 780 783 785 906 957 969 981 385 282 74 220 267 41 258 139 407 33 746 750 756 771 830 847 912 994 
234 63 135 612 637 712 818 554 464 664 901 956 
212 181 502 436 172 369 686 330 141 204 473 763 
402 561 481 453 757 870 483 881 895 906 931 
129 460 230 198 263 715 304 155 405 963 
106 402 495 80 41 607 977 510 448 316 163 761 
25 236 229 305 413 173 401 497 595 606 614 648 769 971 520 113 355 638 730 773 804 812 965 989 
273 115 322 161 82 296 582 733 800 854 562 37 329 198 606 708 847 933 
239 71 469 504 719 803 20 63 169 149 
557 149 213 779 817 845 930 963 999 189 322 268 283 984 
579 31 18 355 416 332 296 630 733 125 532 193 360 49 40 781 
534 415 147 747 780 906 27 17 300 862 
80 17 292 244 743 744 875 250 569 429 727 908 
153 329 165 379 469 474 681 722 227 249 568 781 961 982 
26 57 52 192 283 492 683 459 677 721 731 930 970 
330 544 400 405 769 881 900 348 244 685 814 882 
470 258 263 443 290 476 390 519 300 513 280 58 129 230 282 107 187 516 232 565 215 707 715 752 790 933 995 569 370 84 466 467 100 425 568 608 645 720 763 779 848 861 903 964 991 
194 370 274 142 638 773 210 101 696 822 
105 235 316 523 673 759 772 779 845 851 963 982 428 509 252 709 761 763 824 921 985 
385 231 126 397 311 84 530 533 551 152 259 602 683 704 727 730 886 922 980 526 291 497 189 524 1 531 605 635 738 769 903 949 
291 208 522 449 562 611 619 864 882 986 516 568 467 165 15 709 808 
505 91 255 472 487 836 932 463 568 305 788 822 825 
2 544 67 330 396 606 614 190 40 289 5 435 
323 286 405 578 237 293 111 606 382 50 332 137 767 964 
439 457 545 108 399 132 50 609 720 725 898 942 959 149 557 198 452 444 296 466 171 857 860 
313 245 635 643 840 952 207 623 951 970 
533 84 219 101 104 9 385 511 75 602 734 398 354 169 535 248 632 840 891 
197 28 119 560 194 480 262 638 884 944 525 449 31 161 672 780 838 972 
69 102 644 650 874 902 372 497 733 866 867 
203 557 523 253 779 845 892 963 37 500 185 634 884 947 
591 192 277 57 408 26 598 52 726 46 245 96 493 659 838 
477 351 162 114 459 862 985 318 555 767 802 853 956 
221 142 119 787 806 944 135 314 797 936 
562 475 431 639 812 934 186 591 539 127 698 
396 497 595 544 293 179 330 331 201 594 67 323 578 286 566 237 628 632 648 666 689 796 805 847 881 900 972 326 273 468 431 30 579 325 213 313 453 715 719 748 754 797 808 841 894 
453 80 463 127 41 244 577 410 743 947 93 228 254 648 663 684 996 
106 80 528 86 338 307 947 407 56 588 288 873 984 
439 596 20 720 732 839 867 887 134 562 398 379 883 903 
568 113 478 454 525 675 804 955 961 181 486 67 738 949 
291 33 475 592 708 763 885 917 976 56 27 460 740 826 853 868 
375 210 135 425 327 157 367 573 503 663 712 717 754 818 848 863 927 945 471 124 343 77 453 238 56 129 616 674 796 914 
503 346 135 663 706 724 15 318 777 801 901 
540 497 99 330 594 145 578 517 305 972 53 249 167 704 708 857 922 
144 520 532 303 164 95 69 635 694 952 323 340 284 268 707 797 863 884 
249 227 115 332 355 91 1 645 667 733 938 962 612 188 461 466 224 268 540 648 989 
202 272 174 72 257 284 421 761 797 330 118 428 6 292 983 992 
473 304 328 178 95 532 792 550 148 535 194 321 997 
295 592 431 552 562 347 246 522 636 639 677 729 802 860 864 880 882 917 919 184 49 533 90 306 237 309 277 711 775 824 906 948 961 
149 359 235 466 721 753 65 30 5 689 823 
496 345 225 426 20 545 6 90 22 108 652 720 725 765 887 959 966 988 25 414 501 120 359 71 636 663 667 820 986 
46 292 17 428 743 762 354 135 560 549 724 
502 376 196 15 429 420 181 243 711 827 916 956 597 535 289 175 52 277 215 189 838 
350 234 29 39 484 655 663 786 848 936 945 987 386 437 27 697 742 794 882 957 
215 198 258 476 107 629 752 126 303 725 821 974 
537 356 406 714 935 992 413 495 846 972 
564 356 177 459 688 992 994 113 570 283 661 670 952 
318 413 485 527 2 401 540 179 146 145 606 237 549 87 388 558 288 648 666 680 769 834 847 881 970 971 470 554 487 10 569 194 524 43 391 3 681 721 744 760 819 962 
58 516 460 300 263 476 187 625 715 933 277 48 168 334 655 701 935 998 
31 357 65 582 294 308 151 249 536 74 836 868 20 465 168 569 172 687 769 
158 569 226 504 278 681 940 943 990 229 319 431 688 763 831 
173 323 405 201 396 92 286 25 237 315 318 130 606 497 87 413 648 680 769 796 813 834 505 233 598 302 332 451 21 248 415 723 748 829 843 898 938 948 
165 337 504 403 383 156 103 681 731 775 912 990 362 307 554 292 205 375 699 
154 520 205 178 532 635 643 647 659 792 820 952 601 242 262 279 238 515 765 948 954 
615 427 520 490 102 377 245 597 634 205 154 144 252 254 644 723 823 833 975 212 116 118 38 591 237 206 696 707 712 875 908 956 987 
33 435 291 136 552 233 619 677 696 708 763 850 856 880 934 964 392 209 256 154 621 307 325 559 734 881 987 
375 68 573 39 63 47 143 367 717 1 264 773 846 986 
480 194 589 119 370 131 365 526 197 221 599 398 662 787 884 939 944 457 513 342 336 55 578 78 229 643 667 805 969 
295 449 605 619 33 233 763 852 926 316 460 776 847 884 998 
514 562 285 431 70 880 910 1000 79 103 702 731 
572 40 5 674 829 920 177 108 770 875 
244 463 80 17 428 481 499 382 743 388 449 569 149 126 204 898 
473 62 520 216 180 394 205 532 178 154 490 256 597 304 69 634 164 644 647 650 697 699 723 820 823 874 876 902 952 52 148 215 28 638 194 556 497 506 309 690 722 779 816 847 848 863 896 976 988 
643 144 635 164 304 154 437 252 328 600 647 650 776 876 975 33 103 471 287 3 140 435 704 847 857 964 
416 271 296 227 161 133 255 464 616 355 65 378 487 654 667 668 669 684 733 760 774 784 837 844 951 345 477 561 67 173 544 35 70 187 220 588 237 522 660 710 785 822 834 
536 412 332 749 760 844 262 297 864 888 
164 643 301 644 634 792 51 455 218 916 
544 485 578 401 237 628 388 606 229 413 111 517 527 632 666 680 796 805 834 847 925 520 91 307 607 119 271 616 368 224 194 380 745 942 991 
294 487 505 332 506 227 209 161 296 65 31 670 672 733 774 784 800 837 873 901 924 962 4 374 547 117 477 147 156 97 43 197 20 713 752 802 931 968 
473 644 490 76 42 14 328 303 62 245 313 304 643 600 659 697 699 713 723 771 792 833 840 902 453 50 375 469 536 396 168 669 683 766 774 797 942 981 992 
297 266 257 661 822 878 897 351 524 504 196 226 
457 90 188 621 20 710 839 937 959 988 392 332 242 83 223 664 895 
359 466 253 360 60 166 451 366 149 235 721 794 845 851 963 982 157 306 313 402 14 310 317 720 743 752 770 
412 332 227 308 645 667 784 901 924 493 523 354 520 476 90 
375 234 327 275 503 425 367 624 135 143 663 786 848 987 629 442 540 1 345 363 552 821 989 995 
156 51 474 337 278 504 141 459 126 457 713 739 947 
90 496 20 132 50 426 225 710 720 725 765 828 887 898 937 959 966 983 250 335 45 286 713 724 774 799 826 843 866 943 
465 777 797 835 861 915 242 503 780 994 
102 42 144 254 634 650 792 840 952 175 602 12 692 807 880 
194 267 398 526 119 973 424 186 645 661 933 952 982 
651 43 559 272 248 391 750 761 781 822 861 878 560 5 552 627 660 730 742 752 854 
560 638 362 480 194 269 556 121 113 990 
613 135 624 63 275 367 425 612 350 327 503 655 712 818 848 863 621 607 317 32 506 515 181 414 325 776 954 959 
126 500 277 458 52 26 121 726 730 997 41 324 228 652 573 543 680 868 
381 181 444 172 212 118 436 441 207 242 420 767 914 916 956 284 46 39 220 25 62 115 730 826 947 
606 540 628 413 145 201 130 648 497 549 558 881 452 50 53 117 795 863 874 903 982 
124 296 332 78 654 294 616 271 536 378 472 322 487 645 341 355 422 668 733 741 924 962 366 149 563 621 103 94 325 401 217 638 710 715 717 728 775 967 
332 507 1 200 645 667 760 774 844 92 167 191 729 948 
378 645 209 294 249 924 398 194 292 650 30 
472 649 74 249 341 296 487 18 701 718 749 768 868 951 962 627 486 219 513 496 213 50 71 906 947 
194 269 352 119 97 267 52 294 46 735 
227 96 649 31 200 412 472 464 378 733 749 760 774 821 868 11 599 287 267 474 262 218 38 252 969 
360 316 590 348 364 203 779 794 963 127 242 79 148 532 924 
238 302 534 312 641 384 49 415 147 493 512 419 336 334 857 877 906 957 399 112 612 520 181 271 333 284 700 801 805 818 
113 568 454 610 703 955 171 106 552 487 933 
113 568 525 483 703 928 961 85 537 176 3 682 999 
380 552 449 636 233 321 562 619 729 850 856 860 880 882 917 934 986 1000 586 45 392 65 481 144 423 3 135 726 735 999 
215 120 290 258 476 715 504 337 335 690 703 
263 258 513 120 565 809 367 449 285 685 
549 405 628 413 540 558 632 648 970 664 773 779 942 956 
504 633 585 403 37 631 143 628 413 2 861 
391 531 10 297 272 160 392 185 284 761 822 846 676 250 91 502 129 982 983 
407 371 84 52 126 586 48 311 458 591 704 727 734 735 886 997 312 650 291 521 32 19 695 739 865 866 881 907 
74 255 645 412 718 740 800 844 873 924 456 607 334 135 538 823 882 961 
424 469 239 141 569 803 912 146 8 587 388 679 132 
196 574 172 181 711 871 946 82 145 4 405 120 866 
329 469 71 103 486 940 452 630 78 701 799 
177 468 477 351 94 432 627 98 764 825 908 984 992 511 40 190 631 485 330 408 95 952 
2 8 558 413 405 323 396 331 606 99 25 497 544 517 549 770 805 847 534 304 183 466 406 620 408 73 739 800 899 954 
214 523 35 366 963 999 643 678 21 824 
25 388 99 330 769 796 525 250 817 973 
148 475 250 841 885 919 976 152 659 511 735 930 996 
430 552 208 802 812 850 934 964 31 357 497 182 568 806 
615 508 245 713 792 905 264 135 181 821 845 
55 49 147 336 415 134 312 384 32 40 419 572 747 791 829 842 857 865 877 911 948 981 460 202 385 491 524 225 256 96 529 683 733 743 752 787 821 822 
321 636 33 562 208 183 763 864 913 926 589 312 346 355 460 635 742 
62 394 304 14 650 520 301 95 437 303 643 254 328 462 713 723 771 776 833 876 905 952 345 203 554 495 624 120 391 242 471 405 338 790 835 939 982 
260 554 343 44 824 908 528 475 413 605 948 
62 520 164 256 178 650 254 643 437 713 823 869 292 221 412 633 569 397 734 995 
194 269 526 262 268 884 973 674 328 266 924 934 
115 161 472 670 82 951 962 687 629 722 765 995 
459 406 358 335 745 859 929 553 412 181 122 640 809 
568 113 461 454 64 206 83 676 525 675 483 491 716 756 832 849 955 998 174 434 399 256 413 75 678 224 742 774 887 986 
112 277 104 533 52 498 126 591 371 26 683 727 730 734 980 997 205 644 569 529 614 445 316 256 737 844 924 
182 509 195 448 728 989 355 41 458 331 
613 135 39 488 814 848 435 8 181 545 
198 129 353 588 290 476 263 372 470 715 790 995 505 635 414 435 615 567 867 873 
514 611 430 636 380 802 841 910 976 553 614 307 458 579 966 982 
469 156 393 37 379 569 731 736 912 954 592 590 272 788 810 839 959 
652 90 545 657 225 241 20 439 374 720 725 887 898 978 11 1 667 645 428 821 882 944 
181 212 376 502 518 686 242 172 429 623 196 896 950 956 458 352 133 554 409 459 387 619 844 845 
663 68 612 275 85 573 378 635 765 929 
164 14 178 650 303 699 694 301 697 69 437 776 876 975 297 218 649 52 656 657 247 51 538 742 
468 4 543 477 358 515 351 432 626 24 535 335 171 36 862 899 994 234 294 303 329 504 254 104 84 284 116 734 864 
588 129 215 287 58 707 470 678 513 258 280 565 120 629 187 263 290 198 576 460 440 494 230 476 737 752 790 809 185 563 457 332 459 606 178 490 451 297 49 667 272 57 306 848 972 993 1000 
568 703 483 438 340 113 525 478 804 843 928 955 961 229 554 383 411 826 864 869 912 915 940 
375 637 135 612 754 848 268 528 667 828 999 
507 1 670 273 684 227 115 733 821 953 993 20 93 290 459 570 547 
278 504 383 165 580 239 569 156 424 141 722 893 530 304 248 171 606 178 21 861 992 
496 386 188 596 132 225 710 609 426 621 20 529 399 545 657 345 725 828 867 942 988 341 588 231 653 147 472 378 109 180 76 764 823 860 874 955 
620 11 316 521 653 451 772 845 999 586 274 628 240 165 723 991 
585 393 546 320 719 404 309 103 165 469 71 538 159 278 158 731 803 866 940 39 458 643 553 77 444 701 101 76 749 793 867 874 976 
303 650 643 635 256 697 377 532 542 473 792 823 952 721 632 336 259 53 99 814 848 933 
613 275 29 63 375 488 848 863 890 33 154 622 103 657 
20 314 188 657 90 22 426 545 457 621 439 132 374 108 496 720 241 596 529 710 867 894 898 942 959 966 978 215 625 414 343 129 115 28 149 384 31 74 415 785 794 798 805 930 960 965 
664 126 152 602 452 735 758 677 14 353 170 339 
231 591 112 397 530 192 126 683 371 704 385 283 52 75 511 730 734 758 182 270 157 238 584 401 562 109 68 733 770 915 
310 190 182 705 387 168 123 509 342 128 339 748 826 853 931 968 316 341 33 667 173 211 83 63 201 220 918 
619 240 677 763 882 949 196 162 668 171 
533 458 52 163 126 407 121 704 727 498 664 385 277 452 26 231 591 530 511 492 734 793 879 997 290 661 332 95 485 100 205 234 482 336 258 388 665 578 893 932 989 
156 474 469 722 103 709 633 383 141 153 803 811 335 586 555 640 877 942 953 956 
609 22 765 867 942 959 988 413 259 113 390 733 
718 464 332 616 151 322 582 368 649 227 579 124 667 115 161 1 645 672 472 487 308 768 774 798 821 932 286 600 59 732 431 727 311 369 20 695 799 876 915 926 936 948 
598 259 683 57 533 727 395 411 152 730 112 93 511 277 371 101 704 385 922 221 31 258 417 714 636 699 360 223 69 253 547 741 962 
492 511 192 726 277 683 112 385 922 980 692 260 671 428 677 25 832 971 
709 51 775 803 811 940 242 489 745 779 
120 440 476 282 258 715 263 243 416 704 252 993 
265 441 369 196 914 950 610 468 523 591 353 
203 149 235 557 122 779 656 689 275 683 200 
1 472 65 684 209 837 901 611 311 306 72 931 
249 368 65 506 667 487 734 234 797 870 
139 467 46 556 88 481 247 338 244 292 41 410 762 870 891 713 187 696 325 661 624 703 214 759 845 853 
333 41 79 607 555 292 570 116 584 88 642 127 467 428 524 622 499 453 244 317 46 307 495 744 810 870 875 888 947 977 537 560 295 356 330 695 214 359 181 92 376 198 653 755 812 820 903 928 980 
584 46 410 139 307 125 743 41 875 947 496 42 223 69 628 878 906 935 
477 211 468 442 38 177 30 298 702 218 171 279 446 782 808 895 903 908 929 985 992 255 648 463 435 41 736 107 317 330 777 780 805 857 933 959 
162 38 535 170 766 984 985 398 69 572 33 386 
695 583 512 3 785 911 948 385 475 45 222 119 
190 310 128 433 168 387 728 45 189 339 182 853 931 968 989 449 632 23 5 606 481 248 110 758 878 981 
646 91 672 412 355 670 774 365 58 722 137 790 985 
571 56 661 392 761 797 846 572 144 259 241 789 
262 362 28 194 944 973 461 558 796 936 
625 107 263 494 349 198 129 390 513 588 516 476 215 187 470 258 290 715 809 556 695 172 16 84 76 653 221 649 159 661 850 906 
620 423 149 772 779 963 317 300 483 831 
135 612 717 503 488 848 927 606 291 390 802 990 
267 97 274 119 560 194 362 370 268 480 884 939 944 743 20 421 483 41 764 796 810 887 
568 113 483 454 703 525 83 904 955 572 361 559 802 859 862 937 
86 80 499 338 570 244 575 41 17 524 237 290 287 503 836 912 991 
93 727 726 533 511 219 52 306 11 507 72 748 810 
149 105 364 150 557 541 466 590 779 794 845 963 982 312 413 742 531 141 209 893 903 966 
646 31 668 645 672 412 800 821 837 844 854 953 171 257 202 533 628 771 882 947 
414 471 217 571 661 531 465 43 750 56 12 617 682 777 797 822 830 831 835 838 878 915 63 577 80 328 520 590 154 73 141 111 238 383 810 924 959 
453 80 622 742 338 495 292 307 41 561 463 810 870 558 95 441 320 818 819 847 915 937 942 
696 611 636 13 417 291 552 23 431 729 639 435 449 148 802 850 880 885 934 986 235 501 590 422 474 5 428 631 588 574 318 814 921 958 
688 459 114 264 30 204 351 477 554 24 162 218 782 808 824 859 899 903 480 42 326 720 72 511 755 812 860 881 887 
132 621 732 457 314 657 225 20 887 898 959 978 712 701 420 634 327 36 792 973 
4 162 140 325 746 335 908 985 992 650 413 164 196 783 811 962 
242 270 172 665 212 181 381 265 502 916 956 387 422 135 603 330 365 595 997 
161 733 412 31 209 18 670 227 800 951 953 962 352 335 320 94 225 805 864 970 992 
691 578 323 396 413 99 61 237 27 628 544 632 455 331 25 497 286 293 179 587 770 972 415 541 322 18 630 254 559 591 784 837 870 879 934 942 945 988 
497 769 27 67 689 805 970 641 227 653 727 320 505 
520 697 650 301 62 532 437 164 76 820 975 435 760 421 572 504 352 
753 316 721 214 590 253 523 779 819 982 181 502 426 239 535 519 873 
142 365 589 169 131 450 944 528 680 578 637 983 
506 151 672 668 271 733 378 200 332 749 124 78 65 645 341 649 821 836 837 844 962 650 336 657 432 278 7 181 261 703 194 162 383 896 911 925 
633 546 736 16 379 404 803 31 619 667 812 858 
154 644 697 303 205 713 178 252 792 905 170 286 413 513 663 639 828 992 
392 471 43 10 248 761 257 658 822 97 437 745 613 931 
186 228 335 351 324 442 30 537 515 825 859 908 984 994 299 196 158 258 392 150 296 847 964 981 
590 11 235 601 673 521 60 456 753 149 203 423 772 581 759 316 364 122 739 466 451 35 105 817 819 845 967 736 57 37 588 28 225 30 168 465 643 427 526 43 680 911 927 943 986 
5 583 312 501 572 434 32 489 299 167 134 238 918 920 921 490 392 194 658 120 22 46 745 183 599 504 
289 224 445 56 392 559 272 160 53 471 531 266 661 284 193 43 306 361 830 846 878 897 20 158 124 317 87 585 311 52 582 263 800 845 852 881 955 
535 515 30 279 564 343 211 261 38 170 745 186 764 459 228 807 483 277 368 292 179 346 119 225 809 846 871 944 
572 501 5 302 40 334 336 906 981 766 225 477 244 861 967 
464 31 332 649 487 227 161 368 422 645 654 821 844 901 938 197 500 75 111 769 838 902 903 986 992 
7 238 572 40 312 747 906 164 725 541 170 645 955 
375 157 655 624 350 135 20 521 546 473 
142 604 194 398 480 97 638 806 884 939 315 15 161 204 695 17 540 513 
162 432 228 114 459 515 281 477 218 325 537 554 279 356 170 824 895 935 417 137 119 46 332 593 316 62 709 437 796 864 905 
459 389 162 358 801 935 390 227 750 822 976 
129 198 715 707 588 933 387 203 697 749 855 
3 695 415 501 40 981 502 461 44 802 
647 694 301 659 216 723 618 490 154 520 14 394 650 102 634 164 776 905 765 89 306 92 387 258 184 433 793 870 878 921 
75 126 219 101 385 26 511 730 922 161 495 519 792 466 485 722 
149 759 653 541 451 673 523 366 359 60 213 521 199 553 316 858 941 624 71 569 40 301 87 22 725 327 412 
436 181 270 212 518 447 376 172 243 429 242 207 827 923 666 59 132 534 120 201 123 277 389 962 
99 318 632 648 540 606 330 691 396 401 413 286 25 201 305 805 960 972 788 568 372 612 208 755 369 329 216 90 751 986 
257 391 392 617 10 361 72 750 284 53 559 761 248 306 421 56 289 658 822 830 831 838 861 878 385 741 615 511 604 162 349 441 233 124 129 650 127 606 335 829 
378 733 78 487 536 924 178 559 725 293 
352 194 398 221 479 365 110 119 884 687 657 733 304 881 
579 74 649 768 536 684 760 473 689 523 781 401 532 
373 789 228 515 170 325 298 324 218 432 140 895 613 169 248 309 674 392 977 
708 763 246 183 363 347 100 430 291 693 431 562 619 233 23 850 880 882 195 649 754 147 292 4 561 756 603 404 140 791 887 
685 775 156 153 731 736 320 538 722 580 138 71 454 33 351 374 233 145 332 
568 113 525 610 340 716 849 904 955 472 578 325 535 416 258 7 
558 517 648 99 323 173 318 689 796 497 770 25 606 111 881 925 674 427 116 638 45 745 113 725 307 768 922 
97 169 119 221 787 604 298 467 693 851 
468 260 171 279 782 935 37 659 310 810 
764 98 279 745 935 992 461 592 562 606 821 
679 215 222 513 120 476 516 460 715 440 752 494 263 933 531 782 336 702 56 99 84 943 
41 402 317 495 762 555 743 116 307 524 79 46 947 807 755 758 709 54 460 118 368 761 917 
320 736 569 383 16 731 51 426 766 227 566 908 
449 347 70 605 552 475 137 136 693 233 417 841 852 882 913 976 203 578 743 56 473 775 482 25 149 469 764 865 
27 173 497 632 566 881 30 378 292 838 
327 210 425 706 848 863 987 587 763 245 347 723 935 
511 551 385 311 163 104 958 172 156 169 828 971 
149 360 553 199 521 366 150 364 845 436 209 643 17 905 
521 581 451 213 149 553 359 316 779 348 541 845 892 156 134 113 691 569 99 849 897 958 
346 663 210 135 573 488 612 890 936 154 674 86 762 921 966 
149 772 553 348 779 845 963 219 762 628 234 939 
490 377 634 643 180 164 532 437 154 102 771 427 76 823 902 905 621 417 248 518 309 549 487 743 312 364 568 
332 505 412 249 784 124 1 78 65 672 536 760 355 161 733 200 774 115 472 718 837 844 873 901 932 953 993 126 39 324 694 190 80 254 710 60 458 116 625 113 808 655 695 193 568 967 
257 571 266 248 43 414 797 777 361 202 661 761 223 391 272 682 651 217 297 445 56 531 174 838 846 878 915 991 307 593 89 502 789 263 49 515 695 645 546 553 555 589 829 834 925 938 947 
635 820 490 178 699 643 437 723 840 874 902 952 684 292 139 126 533 495 720 620 325 
788 698 764 515 432 567 175 903 992 431 489 590 404 690 215 619 
688 4 778 140 929 992 321 238 593 227 893 
433 310 728 342 195 189 128 509 182 889 931 968 974 611 716 438 459 462 427 665 657 887 
550 420 181 196 795 444 623 176 213 404 829 924 
314 657 374 22 720 225 978 511 815 776 335 249 717 
534 147 641 5 3 695 134 415 40 865 877 906 911 920 458 562 822 632 77 827 797 432 892 898 
761 781 56 797 248 861 572 55 89 436 975 
12 797 53 43 761 878 351 753 631 995 
703 113 568 483 883 955 119 735 43 868 942 
650 178 635 304 437 697 359 472 468 292 
315 632 497 648 25 413 201 401 628 523 184 496 12 645 822 9 
761 414 392 217 559 658 846 861 915 254 553 149 488 697 454 913 
65 115 593 322 630 774 951 513 45 757 853 876 988 
294 740 760 487 368 649 1 774 821 209 472 645 901 769 286 404 237 410 364 59 370 497 991 
193 248 266 761 797 43 391 465 414 548 421 392 297 284 56 822 217 174 272 185 846 861 915 991 246 784 236 602 515 14 599 623 20 33 488 473 813 468 481 38 869 
108 439 609 386 241 652 894 52 709 858 890 938 
508 659 650 597 377 245 823 205 351 564 598 153 424 393 
435 812 708 522 692 964 369 72 520 606 
695 19 184 354 911 918 921 124 480 141 316 136 871 
21 113 568 461 716 483 955 244 296 282 515 657 632 
505 668 124 760 645 31 227 774 115 784 821 684 368 646 924 962 153 95 704 558 140 167 711 198 25 568 848 972 
235 816 423 590 203 817 166 366 721 653 779 523 364 601 466 451 316 456 819 759 581 541 858 941 963 967 982 555 169 132 278 781 535 212 525 191 742 274 262 5 56 694 711 292 913 
822 72 306 838 835 248 571 682 781 750 897 991 782 140 94 637 79 385 626 925 956 
405 648 558 628 293 544 315 606 330 229 413 67 689 61 485 881 450 639 579 762 536 644 643 225 381 778 572 
724 143 68 624 663 503 346 754 350 39 275 488 655 63 367 612 157 425 706 717 234 327 814 135 863 890 927 945 643 249 278 546 81 62 51 202 715 248 844 156 588 173 201 723 504 972 992 
113 483 568 703 804 340 525 928 955 229 80 817 238 472 906 
693 763 562 435 802 636 33 70 285 677 856 917 752 113 132 157 524 24 906 907 997 
590 423 653 150 366 930 982 469 304 353 806 374 
380 148 435 639 522 250 812 233 137 885 5 44 781 358 162 863 914 939 
387 748 728 190 310 182 45 509 342 433 889 931 974 989 514 340 611 163 836 603 212 515 742 933 
255 760 579 96 378 1 142 661 526 948 
225 188 20 872 937 983 988 172 29 268 790 938 962 
636 677 183 33 552 208 295 137 850 910 917 976 986 109 471 521 525 275 480 91 890 962 
512 695 510 147 334 674 40 238 434 415 906 918 957 969 745 596 350 555 172 644 525 614 508 935 
553 366 845 199 523 794 364 775 839 549 76 901 
140 702 778 343 764 162 114 903 992 25 364 756 100 513 412 889 
562 176 619 430 347 677 431 363 33 552 240 864 882 949 986 396 764 720 523 154 102 596 178 196 884 
531 361 445 548 661 248 391 838 224 830 43 289 421 392 835 797 658 559 306 5 270 83 292 274 128 681 99 588 487 783 265 719 376 
325 228 714 603 477 351 94 406 117 903 992 994 756 57 374 583 466 497 200 991 
663 39 612 73 135 346 375 848 275 143 724 63 68 210 234 488 85 47 814 890 945 527 666 295 16 370 615 137 852 549 643 476 545 896 924 931 
592 696 33 70 860 552 619 562 291 880 926 964 1000 535 716 146 714 768 646 788 228 158 952 
563 695 384 534 7 829 415 40 49 32 147 336 493 19 906 911 920 981 325 97 39 170 812 175 473 237 683 218 889 
486 337 504 469 37 383 722 159 893 912 943 600 104 52 686 492 657 683 969 
732 225 374 132 609 725 426 720 50 90 457 529 108 20 887 942 983 988 123 164 722 129 474 519 134 336 600 707 901 903 917 
332 670 630 82 672 873 938 664 276 832 611 495 881 
473 699 62 508 874 905 60 716 409 838 918 
41 575 292 410 556 762 244 742 116 338 743 875 947 25 7 741 108 130 792 769 882 909 
212 196 181 66 686 550 502 172 896 99 427 842 168 465 782 149 
496 374 399 855 50 6 386 415 370 33 69 330 886 
416 821 296 472 684 357 649 96 868 422 901 924 707 469 608 23 277 338 252 772 
600 869 42 95 301 643 823 144 473 418 252 508 876 441 666 332 722 720 161 198 940 968 992 
870 743 333 410 428 116 292 744 481 41 584 495 467 555 891 965 635 407 542 480 48 641 510 361 278 881 916 952 
462 713 697 644 178 643 874 836 238 321 733 899 976 
3 302 493 674 49 829 695 134 906 108 330 6 395 731 358 
661 822 248 217 831 421 174 781 651 761 471 224 797 56 391 915 334 519 3 41 241 744 50 748 331 792 884 
163 104 730 152 112 231 48 408 84 411 52 958 769 383 266 382 156 338 518 992 
640 636 347 802 864 233 33 431 763 619 435 677 885 934 949 976 492 172 119 60 501 270 389 451 659 336 959 
87 331 401 666 587 318 99 330 413 305 805 628 813 549 606 497 847 971 972 764 636 683 391 875 319 575 868 127 781 431 799 902 903 
435 137 802 677 729 552 13 619 33 431 812 136 246 592 860 885 917 926 976 144 145 587 624 242 251 54 227 336 870 684 710 760 992 
568 113 483 454 461 832 955 249 406 609 205 133 
194 268 638 169 755 119 352 197 787 599 221 480 370 700 799 939 944 433 231 639 860 615 601 513 878 920 935 
763 240 882 852 880 291 611 13 692 562 949 986 257 228 22 74 943 955 983 999 
458 283 112 591 385 683 997 872 568 389 558 413 928 
386 345 867 657 426 314 609 374 765 621 20 225 90 710 894 898 959 764 137 434 433 755 279 802 116 826 49 703 928 
495 307 116 555 743 80 428 292 965 208 484 552 32 67 646 
853 189 168 826 45 931 357 865 407 325 859 
143 863 724 73 39 848 818 539 839 263 490 856 
742 495 875 127 80 292 428 9 327 483 598 37 
817 601 149 521 166 541 526 227 829 909 946 
153 504 276 141 866 156 320 278 569 251 719 54 71 103 469 51 940 990 825 730 313 244 564 80 315 120 2 398 759 894 957 
20 496 725 839 887 188 545 942 959 167 563 264 893 184 606 
36 801 745 788 899 903 992 575 120 469 652 265 
381 326 871 243 270 181 212 518 369 319 711 66 774 863 643 257 567 126 22 454 938 
248 781 392 846 651 43 47 817 379 558 
596 710 765 241 545 426 725 225 887 657 457 937 966 642 212 403 632 177 829 341 406 361 
30 477 4 714 764 554 895 468 325 876 312 689 545 17 306 235 
587 413 99 388 540 606 960 971 394 80 924 1000 
355 332 654 784 249 649 487 873 837 740 821 31 151 858 554 613 573 867 301 199 100 47 
418 252 205 254 650 643 600 820 823 881 83 784 940 981 985 
515 442 859 764 477 36 94 98 220 745 895 335 264 162 862 554 824 38 30 468 228 343 543 175 908 935 979 994 497 591 867 784 558 881 531 208 666 609 759 13 588 743 496 173 70 355 971 
568 461 113 756 804 955 53 410 940 949 
520 69 490 697 792 820 304 694 254 869 776 952 816 788 161 293 99 52 522 
384 299 336 857 829 674 877 354 783 572 334 415 419 785 865 40 512 238 583 921 948 619 744 351 752 850 435 96 575 151 291 670 64 479 849 946 
173 67 286 405 527 318 418 850 356 683 
324 778 543 171 745 261 325 4 175 459 228 903 515 335 535 698 766 264 688 979 984 992 382 208 305 439 811 392 135 538 584 332 635 272 458 542 454 926 
56 297 414 392 224 272 870 569 98 892 
856 285 640 708 552 33 917 228 328 103 51 112 22 
547 334 747 695 5 415 299 842 32 865 829 920 383 117 236 115 774 779 325 972 
383 685 51 569 866 504 633 156 709 158 54 424 757 401 716 572 198 143 567 942 997 
696 183 435 812 100 431 845 30 835 924 
441 369 738 212 326 665 502 52 852 475 371 612 944 
471 12 445 658 10 559 571 56 835 761 257 284 878 822 838 421 248 392 43 72 991 727 327 114 557 146 425 733 454 472 762 716 416 136 951 961 
436 482 181 265 767 623 665 923 956 647 42 27 552 537 875 
882 431 33 291 100 148 677 619 910 850 435 295 611 856 472 216 810 397 5 342 46 543 867 230 
302 857 780 5 842 40 351 523 869 728 
619 183 562 692 137 976 99 432 194 372 
134 780 40 501 167 829 49 641 312 865 911 336 957 86 20 469 217 201 392 95 884 260 990 
842 302 5 147 134 780 19 906 763 25 818 792 590 421 
407 112 591 385 259 734 126 511 75 26 793 735 104 48 348 374 130 135 217 71 4 614 805 378 
795 66 77 172 369 916 420 429 243 539 352 537 337 942 
798 487 669 844 873 654 649 227 115 667 1 18 341 416 684 133 951 953 673 863 827 537 704 900 380 466 56 913 761 700 
229 485 236 558 648 293 549 805 25 774 822 40 503 421 846 226 
552 233 639 864 321 882 696 136 246 13 949 976 908 733 361 142 558 266 935 973 
29 503 484 346 848 39 612 754 936 495 779 240 65 550 339 
676 525 849 83 716 340 491 113 955 459 886 743 887 515 952 
535 702 745 825 446 432 126 712 157 141 180 
523 851 581 521 348 149 941 963 967 999 586 70 725 325 280 419 402 692 
728 748 889 433 168 853 45 342 189 826 387 190 409 989 463 649 85 138 863 21 40 740 777 575 
357 821 227 341 332 733 593 189 730 571 325 495 
790 107 809 353 263 349 629 300 120 230 129 290 198 588 460 372 579 509 853 745 660 675 14 723 345 534 130 
137 880 636 677 246 344 763 605 693 547 559 700 88 769 156 125 
281 38 808 788 117 220 98 789 406 59 807 477 515 903 567 468 325 554 626 170 114 279 264 140 261 446 537 992 994 857 165 884 249 926 73 492 436 270 629 231 77 744 222 499 266 814 489 516 955 
135 624 327 818 927 85 63 604 751 90 562 733 
657 898 652 855 225 959 762 756 381 992 
332 616 416 868 161 341 784 151 422 855 839 632 822 896 381 562 
142 638 169 755 787 268 884 480 262 280 819 325 852 697 974 
469 569 722 158 383 631 474 736 893 153 687 943 990 64 564 874 294 716 902 361 374 904 944 
930 149 794 845 199 203 568 386 212 992 
894 374 50 732 6 867 720 225 596 345 529 20 426 90 188 545 725 959 978 983 988 308 197 650 648 912 156 87 832 680 762 769 731 923 495 948 
474 309 37 546 469 631 379 329 156 51 538 153 165 866 940 779 388 885 359 227 134 809 455 468 657 95 
274 450 599 480 751 773 268 262 884 604 755 638 221 267 782 315 149 914 435 305 310 940 281 710 
612 375 863 848 135 624 157 68 769 196 14 61 
369 191 212 482 265 686 381 892 490 906 499 522 
80 495 607 125 744 244 555 743 870 86 608 570 338 402 410 810 822 458 601 665 656 760 120 442 670 
238 336 512 695 415 384 547 81 906 563 334 747 49 957 634 619 668 942 733 632 371 698 854 562 
729 13 880 295 885 926 240 860 964 986 591 557 610 332 544 904 80 
711 441 738 77 482 181 64 141 20 955 
645 670 768 227 65 209 341 701 536 487 924 472 836 953 257 597 915 266 203 258 391 320 
254 437 697 427 164 643 473 394 905 328 304 520 62 256 597 615 823 659 723 418 634 76 660 275 382 99 570 113 928 476 875 271 688 305 864 627 263 
271 768 378 536 951 357 760 296 924 718 355 151 821 183 156 336 180 513 4 478 139 13 731 
424 320 469 404 379 251 709 71 329 337 634 221 689 140 396 464 663 
568 113 904 64 525 454 703 716 491 83 21 804 461 610 340 928 832 883 483 849 843 756 206 675 961 998 720 935 129 885 42 323 400 785 462 9 20 950 781 126 289 378 459 80 
172 916 502 243 767 518 665 207 711 181 623 376 212 302 846 603 635 731 680 573 972 992 
948 674 857 572 920 40 480 893 624 228 
551 126 815 879 52 997 100 367 763 817 275 
652 399 765 894 374 732 50 937 621 496 241 596 545 942 20 887 725 657 880 709 512 477 663 14 217 34 444 761 745 995 
900 237 796 400 558 388 217 161 165 725 
461 610 955 483 716 454 525 64 676 568 537 915 56 619 42 684 585 569 
332 487 844 701 133 649 472 768 670 378 667 774 1 65 616 422 194 358 856 370 734 766 60 855 795 61 628 989 
581 60 590 149 359 203 845 819 214 653 521 690 759 199 930 673 601 753 417 335 154 413 434 278 107 460 440 576 990 
693 841 295 240 636 137 864 949 33 250 976 986 338 182 644 595 366 778 375 588 
875 247 244 79 86 888 578 725 487 183 
426 725 20 657 529 621 898 818 511 234 708 263 759 
149 364 348 779 316 845 521 930 483 514 821 564 783 667 
509 826 182 310 748 189 728 296 459 288 874 649 990 
5 493 167 857 501 572 638 866 672 291 
628 87 92 293 680 497 400 770 8 229 33 586 768 208 474 370 597 973 
99 900 237 628 578 881 815 501 903 735 
405 111 769 485 331 401 606 286 881 796 27 201 293 614 330 396 497 229 237 501 479 848 599 911 491 956 626 112 54 26 844 86 715 
194 480 751 560 28 370 660 119 700 131 765 348 970 691 115 926 525 209 
853 826 189 310 387 195 989 625 531 537 351 262 939 
154 473 644 713 635 771 279 352 52 830 
708 250 552 692 964 919 431 611 880 347 295 246 137 812 926 240 100 363 856 882 986 265 177 324 722 468 336 643 113 876 789 205 362 997 
410 292 743 570 463 382 577 46 127 432 323 801 210 996 
710 942 545 90 828 725 765 399 50 174 193 248 127 344 996 
4 908 903 543 279 564 376 257 540 496 
385 591 735 57 75 704 498 277 997 420 484 366 247 743 372 256 
695 572 865 791 238 783 147 336 547 510 19 299 167 415 184 5 778 748 353 113 114 902 530 536 401 445 650 
166 523 653 851 845 364 759 590 772 999 697 666 660 682 512 708 585 
855 188 942 657 90 867 372 773 885 682 617 
908 746 406 4 778 688 351 325 59 135 483 608 103 545 581 2 
264 281 746 603 543 766 335 515 745 459 325 298 379 319 550 113 229 749 590 902 
363 380 856 964 291 885 562 592 435 23 949 137 431 860 183 522 475 763 677 976 514 33 637 28 621 796 318 524 703 784 255 445 178 533 307 147 779 62 
814 655 367 488 135 624 635 636 177 999 
457 621 720 855 225 732 20 867 942 652 100 836 643 481 23 769 355 
448 409 748 128 189 853 195 387 974 123 705 931 525 405 730 616 962 489 472 578 655 
940 383 153 138 320 631 633 403 539 54 893 337 968 430 963 193 207 263 920 662 754 
284 445 160 56 822 272 838 248 289 361 846 217 915 721 300 757 321 588 411 648 363 862 837 
335 186 688 825 515 59 468 808 895 432 859 170 477 38 862 373 766 567 935 351 908 325 627 343 626 824 745 177 848 380 495 768 956 57 719 650 776 874 937 159 784 83 882 941 99 879 617 
821 133 227 161 1 718 332 407 2 715 277 737 50 
935 627 903 862 714 778 572 422 658 244 
120 513 230 290 232 258 476 588 707 443 263 215 494 349 222 460 233 959 477 655 23 73 699 4 288 701 831 
15 381 447 66 319 172 281 978 977 692 607 
112 551 277 886 664 101 452 283 93 75 958 385 683 730 458 395 980 704 508 976 198 525 767 440 329 556 307 431 618 912 850 
454 525 703 113 483 955 639 210 347 629 409 
581 721 166 466 553 930 523 253 690 982 487 676 531 406 987 677 885 717 
640 291 562 475 677 552 864 715 377 236 68 900 
