00:00:06.80
141
141
11
315
520
822
520
450
678
11
141
543
635
59
520
949
141
315
59
141
141
141
141
917
450
659
520
822
520
141
141
822
11
822
659
587
659
141
822
276
59
11
213
315
635
520
11
822
141
520
141
59
822
213
659
59
141
59
213
59
822
881
59
450
213
822
315
678
837
949
659
635
141
822
59
520
141
822
635
59
213
141
543
543
635
315
315
11
450
837
213
635
822
315
315
543
837
59
587
837
881
11
11
213
543
678
315
59
837
678
450
315
141
881
11
315
315
659
543
520
543
543
141
520
659
59
141
837
520
678
587
141
822
213
141
635
450
450
213
635
141
141
543
822
11
276
543
659
141
450
635
822
837
822
11
141
822
11
881
213
822
837
543
659
659
450
678
543
949
213
837
59
543
11
520
659
678
213
213
59
315
141
315
450
678
141
543
543
315
59
11
949
822
315
520
141
635
315
450
450
822
678
635
213
659
659
822
315
659
11
543
213
450
822
59
450
450
11
822
141
315
543
520
141
949
520
315
315
822
450
520
213
635
678
450
141
822
315
635
635
659
59
11
315
635
520
11
59
917
450
520
822
659
520
59
881
543
587
141
678
59
450
450
881
213
141
543
635
59
543
213
659
315
141
543
141
276
659
141
298
450
635
11
141
315
450
59
822
315
930
450
822
520
659
822
315
543
315
635
213
822
822
315
141
659
543
59
11
678
11
635
141
315
141
11
315
11
822
11
543
315
678
450
315
450
543
543
450
543
949
881
543
141
11
536
543
635
213
635
450
59
949
11
450
678
635
315
141
213
659
678
837
450
450
520
315
520
59
659
678
822
536
543
141
543
678
635
536
11
11
659
450
59
520
315
587
587
315
881
141
11
520
213
543
141
315
141
141
141
11
949
949
450
543
543
315
543
213
678
520
822
59
678
141
141
450
881
59
520
450
261
450
11
659
450
315
930
59
659
822
450
659
450
450
635
822
11
678
213
543
141
315
543
141
520
213
315
678
11
543
141
822
450
141
678
635
141
949
315
543
881
315
450
59
520
543
315
450
659
213
59
59
837
315
141
213
141
59
141
678
315
543
213
536
450
822
635
11
659
11
520
635
141
520
881
141
678
520
59
822
450
315
543
678
520
11
822
635
659
213
141
450
822
635
11
450
315
543
315
837
450
678
450
635
261
822
141
315
659
11
520
141
315
917
450
520
11
520
881
141
543
635
659
822
543
59
141
520
11
543
450
11
141
213
59
543
450
678
659
59
450
949
59
822
315
141
635
141
141
141
678
949
59
635
949
141
213
315
141
11
543
837
822
141
822
141
59
822
659
141
659
59
315
543
213
635
141
635
635
543
59
450
59
11
11
678
141
59
822
141
635
635
141
837
315
678
659
520
450
213
678
315
659
59
59
59
543
213
141
659
450
450
11
315
520
450
678
635
635
822
822
949
141
141
59
635
11
141
315
11
678
141
659
659
59
315
822
11
822
822
298
822
141
635
635
837
11
141
141
520
315
659
11
635
450
59
213
11
298
315
315
315
59
11
543
141
315
59
678
543
450
837
678
11
315
659
213
261
450
587
822
141
678
11
678
678
315
450
543
659
315
536
141
635
543
543
678
450
59
536
837
520
543
141
11
837
949
536
141
543
543
141
141
141
659
141
520
635
450
141
543
11
11
141
213
678
949
822
881
141
450
949
543
678
11
450
141
213
520
450
543
11
315
543
659
837
520
543
635
141
141
543
59
520
450
543
822
450
659
11
917
315
315
520
11
141
822
141
213
520
837
659
141
635
659
837
678
635
141
822
822
450
141
11
59
635
635
11
678
298
659
822
450
520
543
543
315
141
450
450
678
450
59
881
837
659
450
822
11
881
543
678
822
298
11
59
678
678
141
450
543
315
315
543
141
315
678
837
837
822
837
11
659
543
536
315
659
450
822
678
59
678
213
141
520
450
141
635
543
881
678
520
520
659
543
11
543
141
213
543
543
543
450
917
659
450
678
59
315
141
213
141
520
678
141
213
59
822
822
315
678
520
520
659
59
930
450
11
213
315
315
59
141
822
315
837
822
213
450
59
11
141
543
822
141
678
678
837
315
520
822
141
213
659
659
822
11
450
822
141
520
315
315
659
678
659
213
543
141
315
450
141
315
635
59
822
59
543
59
11
520
543
678
678
678
141
141
59
520
450
543
543
520
141
520
11
59
822
520
315
213
141
678
59
543
59
822
141
635
141
11
659
635
949
678
822
635
141
450
59
141
520
659
450
59
949
315
450
11
822