1000 9766 0
18 23 132 442 499 653 737 929 65 146 168 185 217 261 279 370 412 478 531 678 680 749 832 845 859 919 939 986 
150 687 762 4 22 120 187 667 716 970 991 
167 379 520 786 803 891 79 82 159 169 233 269 314 369 375 382 506 521 614 895 
395 396 650 730 939 997 2 42 60 171 274 370 431 649 699 774 831 888 931 948 
10 124 181 288 407 415 476 557 664 856 884 897 973 976 6 50 63 67 87 125 167 211 248 260 293 339 370 387 394 395 411 419 432 448 552 575 633 681 795 813 855 880 902 904 915 979 988 1000 
416 689 893 5 391 406 424 541 637 673 678 747 
177 418 615 619 813 946 64 146 147 173 194 204 308 443 465 489 530 971 
71 191 300 546 827 91 329 356 364 445 597 608 727 734 754 755 869 885 887 
147 171 232 237 259 417 548 592 622 878 885 49 64 137 149 234 272 327 348 349 387 406 442 453 483 495 502 576 591 595 608 639 731 787 795 964 983 
5 124 187 268 352 382 530 553 816 910 973 996 92 161 173 180 183 241 294 309 377 442 504 540 598 615 636 647 670 673 750 761 773 819 888 903 960 969 
113 390 498 19 235 275 299 324 485 961 985 
349 694 869 934 237 242 250 256 262 328 553 882 906 965 995 
54 281 368 426 650 688 825 951 88 99 119 143 175 180 228 306 341 359 431 454 489 516 560 570 587 744 835 950 958 
122 378 637 817 51 167 218 272 529 633 667 675 899 950 959 
29 41 108 139 341 624 805 37 130 243 262 382 508 526 617 640 723 732 742 810 869 937 953 984 996 
22 506 528 983 33 575 613 616 624 659 864 878 900 952 
174 348 676 929 113 284 713 741 782 816 824 
1 157 199 349 399 552 620 697 785 811 27 66 178 250 268 272 306 310 351 410 425 539 578 603 639 680 827 841 854 900 939 944 969 993 
516 570 682 11 71 124 234 351 670 702 
60 206 508 146 293 446 500 541 758 903 991 
280 386 463 850 307 391 599 688 699 897 965 
16 42 60 65 188 670 740 879 2 132 184 229 277 285 293 318 365 392 434 606 641 724 731 908 926 959 965 989 
1 348 378 694 833 866 34 46 62 241 400 510 560 602 628 650 713 725 835 972 
93 241 284 308 365 414 603 700 114 157 203 303 304 348 452 463 467 503 545 628 640 774 781 833 892 944 956 957 970 
505 576 583 106 449 516 539 694 813 947 948 
39 130 353 463 711 750 795 821 993 52 114 123 198 212 217 254 283 293 296 461 501 503 527 545 592 663 666 682 684 716 807 929 946 
48 293 405 945 977 981 18 222 246 295 297 418 491 521 592 595 603 723 752 950 
91 452 969 60 239 481 622 676 766 910 
15 139 151 169 245 572 805 218 232 288 303 305 327 332 393 503 583 636 664 701 717 888 950 953 
91 250 317 549 613 969 40 158 176 183 220 260 336 355 495 676 768 772 964 965 
36 324 764 813 855 196 197 211 376 406 489 498 566 572 720 742 805 833 900 
130 248 294 812 948 40 60 235 320 349 377 379 433 664 678 922 943 946 968 
77 145 187 192 268 288 382 407 664 801 856 973 16 117 133 155 248 264 281 290 293 295 302 404 422 465 467 484 490 516 535 594 655 693 708 872 915 932 943 984 987 
635 772 859 23 45 159 397 487 581 666 825 
710 770 806 868 102 168 231 613 636 752 905 966 968 969 
31 86 358 272 296 489 578 622 749 806 
159 367 416 433 743 849 862 880 893 15 54 70 74 81 139 339 371 422 511 532 552 568 580 648 687 737 891 905 922 958 
259 592 628 965 53 100 125 135 456 506 688 745 841 957 
26 248 401 308 334 581 673 687 716 747 754 784 934 
230 260 357 375 392 422 467 669 895 30 32 49 90 141 168 241 308 479 510 526 575 592 607 642 650 675 688 793 856 897 
15 108 624 110 165 218 292 338 601 712 726 960 995 
22 180 206 573 922 4 52 168 272 276 516 519 646 702 768 844 865 899 963 
319 370 772 72 86 142 203 344 507 869 
364 373 920 119 136 347 439 625 737 924 
254 258 822 921 995 34 70 84 105 111 320 459 463 517 671 712 945 955 959 
54 426 503 824 23 145 185 370 384 506 524 585 620 745 842 
82 111 270 896 986 95 258 297 416 418 447 516 622 688 838 893 901 920 965 
27 465 474 779 150 275 567 587 863 874 998 
187 440 530 664 9 40 61 128 212 254 426 501 589 642 658 969 
489 835 872 5 316 327 393 578 662 697 754 973 
716 807 894 14 77 340 395 819 901 930 
84 110 168 315 356 516 774 798 969 987 26 42 70 81 135 176 217 247 258 260 289 294 299 312 410 422 464 578 706 767 795 887 895 953 965 
345 619 867 903 38 67 108 140 702 975 976 
13 46 120 327 395 426 477 481 535 721 731 782 932 953 37 162 191 192 221 241 319 322 332 351 365 367 392 461 491 514 562 603 612 633 660 696 725 742 750 763 770 807 827 911 913 938 976 978 991 
123 178 249 413 681 827 68 100 203 248 271 349 380 495 592 622 730 753 863 865 886 
345 464 984 60 107 356 390 395 440 521 682 846 853 
173 237 319 501 512 622 733 961 63 159 184 217 271 325 489 528 582 617 649 658 725 739 752 777 900 909 926 
125 404 858 930 91 154 222 399 465 543 613 617 713 736 838 
195 333 383 579 773 781 837 919 955 104 128 197 209 247 335 391 440 446 511 518 531 534 556 715 900 910 941 
20 22 156 508 670 755 840 922 4 56 32 28 70 85 86 187 195 214 350 392 394 408 464 501 645 888 965 973 980 
285 595 792 902 49 147 176 292 506 696 735 765 808 888 966 
400 667 790 23 130 158 370 531 600 717 970 982 
64 127 235 325 349 442 459 778 5 57 91 101 111 128 277 328 336 381 466 491 574 579 755 765 885 899 921 
63 137 235 325 348 378 459 514 577 836 935 7 9 139 181 220 228 304 324 329 342 368 407 504 546 572 635 639 672 702 749 786 791 807 827 903 945 995 
22 180 534 1 116 164 268 375 644 673 826 943 
196 328 702 872 881 18 78 88 92 106 381 413 615 623 629 676 849 895 
90 237 370 585 589 628 810 878 965 53 5 108 110 131 234 293 353 410 422 458 467 479 523 535 537 564 612 613 645 696 701 777 820 
483 634 642 675 55 92 162 164 545 595 697 794 955 959 989 992 
119 336 687 306 361 377 486 732 899 922 943 
94 122 158 235 339 495 550 620 673 683 720 869 954 968 45 52 37 60 89 145 159 213 226 229 234 241 277 300 397 535 553 568 578 661 695 757 826 840 875 901 964 965 969 991 
8 569 827 19 97 213 368 528 687 836 847 
241 360 735 917 43 114 122 200 530 594 943 
184 532 876 190 286 378 422 594 639 977 
396 477 481 542 784 37 119 366 385 462 539 567 578 581 684 728 859 888 959 
111 611 658 830 78 91 157 464 554 665 720 765 788 869 894 981 
158 283 339 399 869 904 91 191 258 271 404 410 445 454 478 546 687 800 984 991 998 999 
33 187 225 239 557 884 51 114 168 215 380 491 521 527 549 745 770 796 818 819 
350 389 735 66 75 119 145 259 388 435 501 767 
88 191 531 569 617 3 83 91 119 225 395 567 605 607 643 773 890 937 
338 489 835 234 560 569 622 636 678 825 950 969 
209 271 464 37 52 147 380 511 574 585 630 780 839 
47 246 655 797 3 85 191 220 310 378 462 647 678 827 844 
137 141 354 371 550 748 869 79 298 347 368 426 446 463 507 565 615 666 719 746 772 820 871 961 974 
52 105 168 242 317 613 45 122 247 273 299 302 328 449 637 710 731 899 907 943 996 
272 395 784 82 60 216 364 428 517 862 961 
36 274 559 745 946 43 60 168 246 280 506 507 546 681 752 774 817 849 865 
267 431 451 605 693 5 156 167 203 248 283 525 670 738 742 765 864 929 940 
79 723 827 66 13 415 479 639 703 858 899 965 
147 298 511 592 600 839 70 99 156 220 289 299 338 368 378 526 646 673 840 895 950 952 
67 237 965 40 119 168 216 218 293 320 526 573 939 
30 28 242 315 356 388 455 483 549 675 76 58 79 8 75 63 117 240 284 286 325 370 441 443 468 471 477 485 644 653 710 835 840 842 
465 547 779 945 10 68 66 125 192 659 710 734 764 820 953 
24 414 747 204 240 309 339 570 694 840 
70 141 335 354 378 399 442 514 673 811 929 971 178 184 212 229 385 402 410 435 479 489 509 520 548 556 598 605 607 623 624 687 712 743 754 804 806 812 814 834 881 930 976 
340 391 631 769 47 201 346 481 503 587 652 796 819 847 863 
99 228 794 113 154 283 323 408 548 919 941 946 
114 163 293 913 937 71 199 349 407 420 481 516 626 680 809 849 910 
157 524 581 120 211 259 486 525 569 745 907 917 979 
96 166 231 297 301 318 320 413 497 546 569 574 13 89 111 151 180 224 232 283 349 376 378 485 525 526 532 684 685 729 735 772 792 793 817 839 859 869 969 985 
362 611 797 829 896 38 55 188 273 277 366 482 533 599 708 739 906 940 
328 489 699 63 228 234 349 510 751 978 993 
197 428 786 35 119 183 206 295 315 523 545 731 
119 162 307 391 656 958 197 203 223 228 335 390 518 589 696 714 784 943 
241 308 590 760 59 146 233 299 421 587 873 
84 479 556 45 183 276 293 399 558 567 687 952 
355 359 443 530 66 25 251 277 282 374 379 479 701 998 
489 835 881 56 158 164 441 461 623 728 824 902 
41 15 169 245 397 475 765 766 805 67 53 220 241 248 378 400 419 562 597 607 636 660 703 875 884 893 927 943 958 972 
180 528 732 740 164 196 203 309 437 514 676 
52 479 783 41 67 119 159 453 731 755 
47 75 257 362 498 536 582 781 896 898 63 45 99 156 167 178 229 232 250 284 382 391 408 422 512 560 600 635 673 734 757 763 831 864 968 990 
325 673 737 114 360 498 769 781 835 881 
11 218 579 96 17 392 476 604 605 643 709 954 
97 131 293 465 473 644 677 832 887 24 77 26 72 112 268 280 287 307 316 342 495 528 564 572 576 610 615 624 646 737 788 990 1000 
241 308 360 760 917 999 228 341 534 661 692 748 775 809 824 904 952 
673 833 869 65 171 183 241 549 600 911 
247 277 402 419 725 91 33 196 224 229 352 396 564 571 577 678 849 933 947 
703 862 980 335 445 592 618 668 745 877 886 
69 103 219 449 492 631 639 949 958 102 44 90 79 110 13 78 74 227 259 261 317 319 324 350 352 569 716 755 791 805 818 846 983 
54 223 254 368 458 521 576 691 883 98 2 168 204 224 307 316 317 417 427 451 475 483 491 523 543 629 653 664 670 694 736 865 985 
303 361 380 156 172 306 316 368 514 778 904 
70 14 325 637 748 72 84 187 330 351 390 518 569 829 842 923 991 
55 569 841 26 408 537 789 808 897 913 
5 10 382 19 231 235 324 551 849 932 971 
58 156 227 427 528 534 670 840 863 92 38 5 166 235 409 422 481 496 588 659 673 722 757 762 800 821 830 978 
510 644 716 754 807 852 325 333 416 500 503 590 611 627 687 710 744 864 931 950 952 957 
63 495 620 231 257 574 630 782 969 991 
605 669 956 49 59 63 369 381 755 795 819 935 
198 324 424 791 222 377 434 447 736 825 965 
32 26 278 314 491 607 62 15 231 262 292 391 412 427 676 874 946 981 
114 164 167 211 264 304 410 465 641 891 913 67 137 200 237 254 284 306 350 364 376 390 454 531 581 589 620 624 640 658 671 686 710 756 849 943 950 966 971 
1 157 552 22 145 357 368 565 681 767 787 827 914 
295 471 858 922 33 489 525 635 756 956 992 
315 408 632 950 337 429 623 625 629 686 745 898 929 945 
469 812 875 899 38 52 169 209 399 518 715 866 869 895 
477 939 989 44 239 306 339 359 391 600 763 876 1000 
83 64 175 378 495 527 581 627 811 968 131 9 187 222 231 232 273 280 385 400 436 491 538 551 578 645 786 797 806 825 849 902 903 930 995 
522 846 899 274 587 610 653 761 787 788 849 859 984 
15 29 245 430 446 908 37 64 160 176 180 319 395 473 532 559 573 712 728 897 
211 428 441 53 236 355 422 459 758 961 
94 83 235 514 527 40 293 316 521 557 567 598 603 663 667 946 975 
565 820 943 43 343 373 448 508 722 806 819 885 898 
539 647 662 956 13 348 426 436 582 735 754 788 869 984 
238 259 490 733 842 961 965 155 161 162 478 486 536 556 615 660 701 737 756 788 825 869 877 896 921 
33 153 181 239 243 352 415 439 530 816 910 959 46 132 70 78 201 249 279 293 360 369 370 412 422 472 518 521 576 644 652 654 675 687 697 715 751 835 864 903 921 986 
287 395 477 521 705 1 20 7 104 164 293 465 474 489 610 773 991 
9 89 232 652 936 961 965 7 81 61 191 211 256 257 312 341 485 535 581 631 662 677 688 821 899 
574 617 681 153 266 491 646 715 868 929 
217 271 306 486 518 615 633 729 857 946 988 994 9 160 206 208 240 268 316 319 368 373 408 410 411 426 441 458 466 489 537 676 727 784 801 808 842 847 888 944 
2 194 275 391 567 639 656 48 190 215 368 375 381 422 433 469 526 550 613 621 781 864 930 969 
29 341 446 624 99 158 386 398 421 461 526 550 657 896 946 
159 743 849 270 589 650 691 702 832 999 
145 593 976 148 222 246 283 532 563 580 733 981 
254 535 565 820 889 96 58 377 415 589 617 642 706 709 817 856 926 
445 474 887 891 33 144 280 306 726 735 978 
125 60 188 291 488 506 732 823 930 89 111 87 121 164 224 257 267 281 375 400 457 613 674 703 719 750 871 
98 18 132 888 24 75 370 376 436 477 525 786 891 989 
76 70 552 608 694 888 982 30 62 151 107 311 384 440 445 452 493 501 560 607 644 732 736 760 765 880 
152 37 213 367 416 433 502 689 703 880 893 980 57 110 70 3 34 201 274 316 320 349 380 478 489 587 676 729 735 761 780 805 841 864 897 926 934 943 973 996 
495 580 720 954 149 139 236 308 560 650 973 
337 782 826 144 10 224 242 551 595 873 
103 292 958 54 144 68 165 211 376 549 873 954 
97 441 525 786 807 909 937 228 271 272 360 373 418 464 491 503 549 592 605 620 623 671 752 969 
131 482 754 757 786 832 852 909 146 109 156 107 68 65 231 274 364 436 555 613 668 740 813 838 868 884 905 930 979 
193 745 764 162 41 219 264 354 600 739 
99 531 794 125 263 293 410 718 873 933 
131 3 474 641 677 887 981 111 5 14 87 174 209 230 241 271 298 343 375 549 635 658 813 954 
52 84 369 549 632 642 682 926 987 42 40 1 86 35 120 77 90 235 261 270 287 383 413 438 517 550 651 683 791 864 933 939 
108 29 430 805 3 135 288 594 599 699 806 810 817 861 
457 676 904 1000 188 250 319 350 395 464 677 680 688 763 918 969 
9 562 589 726 906 979 992 116 4 254 329 358 400 431 448 487 514 519 556 660 679 700 702 718 977 981 
320 569 744 121 248 321 374 454 668 757 899 922 
57 273 859 7 10 301 340 408 559 574 889 891 
17 371 550 737 888 929 968 167 301 381 404 511 521 529 555 634 646 664 670 689 728 763 773 804 886 969 
137 339 637 13 192 319 362 415 546 618 632 865 
368 429 503 715 808 139 61 52 30 180 232 569 623 706 742 918 920 
7 704 745 220 228 346 399 491 720 875 921 928 
55 318 515 111 18 94 201 271 290 325 495 662 908 
272 323 943 211 237 265 353 508 732 899 
65 42 109 206 364 488 506 738 740 930 139 176 99 13 10 224 293 337 355 396 410 446 529 599 603 620 716 745 762 765 791 811 842 887 
5 145 407 593 996 64 202 209 234 257 277 808 869 921 
316 351 491 629 330 358 379 620 660 742 999 
347 558 646 717 718 736 998 116 30 102 10 105 239 268 270 404 408 485 535 536 601 617 675 696 864 
73 185 247 277 419 485 701 719 725 57 94 22 209 240 313 366 374 449 458 468 536 623 663 691 767 781 789 792 840 897 
184 247 277 402 419 532 563 701 719 838 967 1 46 216 253 292 297 322 339 366 370 449 517 542 586 618 629 711 758 767 768 772 776 811 828 919 929 
381 871 893 412 514 560 580 602 603 710 831 982 989 
77 10 49 33 192 897 973 996 122 60 137 2 206 241 274 494 508 513 515 629 732 740 747 761 807 812 901 950 968 
22 156 466 738 918 922 100 170 518 545 602 673 674 680 696 700 731 747 979 982 
471 708 922 237 267 349 399 443 571 737 938 
281 334 368 400 777 953 73 150 206 209 232 280 467 489 607 681 762 905 
79 8 229 617 794 76 54 82 147 284 369 374 406 496 593 710 718 
33 187 856 92 175 54 284 442 623 640 
165 217 306 464 500 248 304 425 448 613 621 794 804 843 851 875 899 973 
150 449 684 958 7 246 291 516 582 675 705 723 739 902 
59 504 663 60 200 321 419 491 497 562 859 903 
66 338 489 614 702 835 966 117 31 109 223 227 229 277 327 332 687 708 709 737 806 842 896 952 996 
102 279 428 890 59 103 31 241 423 440 454 574 623 973 
129 324 745 26 246 323 373 748 808 812 
18 399 577 581 653 737 938 97 224 268 274 284 350 351 518 576 615 827 842 847 881 910 928 945 
212 375 422 467 494 612 873 886 72 195 131 246 284 335 343 351 552 573 574 678 705 728 776 786 835 903 927 
495 540 552 697 737 869 934 95 159 178 145 233 353 377 400 419 563 569 665 750 810 856 873 973 
422 467 818 181 294 322 353 488 505 520 795 855 
402 419 485 701 706 967 24 43 109 87 55 103 248 319 353 401 462 508 510 623 681 713 994 
268 616 801 7 93 120 237 463 729 737 950 992 
376 484 747 804 524 575 675 709 729 754 764 829 837 857 956 
20 42 180 471 922 187 190 102 149 234 288 317 400 581 706 790 896 
222 660 718 398 423 508 571 758 790 807 969 
412 511 800 149 258 508 545 553 597 639 
81 274 324 500 615 619 704 729 745 767 190 59 181 135 167 184 317 354 393 419 452 461 554 617 658 673 716 807 812 860 873 878 935 
649 767 874 279 355 444 661 682 707 712 798 835 899 
131 140 264 293 520 786 814 890 894 913 977 147 179 31 98 162 5 213 235 309 353 378 400 418 552 565 568 584 673 684 725 744 788 818 849 885 893 906 954 
200 467 561 895 94 26 49 228 434 531 631 648 666 687 857 880 
159 893 942 211 70 71 376 873 881 903 989 
651 666 672 60 241 321 477 483 664 818 981 
436 709 864 865 150 77 389 475 550 565 620 687 839 931 
351 448 696 185 90 85 259 388 474 490 495 612 672 
193 149 271 518 619 984 26 57 52 1 284 296 364 560 594 600 675 677 678 794 859 981 
113 362 380 498 797 927 41 14 90 29 326 327 433 452 492 503 506 673 767 906 939 
119 567 631 165 321 368 478 618 827 878 888 935 
353 507 756 846 915 940 993 108 89 177 64 30 82 292 350 499 516 569 652 744 782 783 819 849 
381 739 893 54 478 546 641 694 748 964 
207 575 660 710 717 844 27 153 137 129 58 235 298 400 437 678 820 911 927 928 
120 334 943 196 103 230 325 362 450 681 714 890 
493 654 703 739 849 871 893 942 99 180 199 117 120 156 161 279 360 362 372 509 565 604 734 742 756 807 827 993 
77 263 910 976 79 287 360 465 563 655 681 729 795 970 974 
665 709 865 978 70 239 370 377 386 542 575 798 805 893 917 
125 471 508 930 119 196 378 610 619 841 886 921 950 961 966 
96 320 531 574 681 723 892 64 103 212 101 13 115 177 163 298 388 458 477 494 607 629 719 739 943 
191 487 515 744 841 845 117 22 196 111 94 70 477 543 600 604 664 761 898 910 927 
40 605 662 802 873 895 223 167 308 352 368 378 399 550 566 615 637 708 749 837 880 952 966 
99 300 322 546 617 681 723 127 130 124 164 137 35 232 260 323 349 400 555 649 714 788 867 952 982 
9 147 298 319 585 622 726 800 176 190 111 231 29 137 99 234 292 402 403 533 578 629 702 716 717 723 728 884 
497 531 578 834 104 3 201 442 599 602 625 726 829 833 873 
271 290 424 513 625 745 764 791 813 857 911 946 206 101 80 181 9 67 232 19 70 257 277 322 383 400 478 571 580 581 597 609 670 700 714 737 741 761 832 836 897 973 986 
141 63 64 70 349 459 571 610 673 676 817 861 968 32 222 168 124 211 11 125 259 297 310 352 356 370 383 391 400 404 485 568 570 629 646 661 703 709 747 763 792 810 825 835 870 887 
612 693 895 140 160 629 689 772 780 939 945 977 
57 90 9 67 434 562 589 628 695 761 810 839 961 131 179 204 12 189 243 268 320 366 368 398 404 409 443 504 545 566 680 687 735 737 751 805 817 836 869 882 896 897 926 950 954 975 
144 623 885 433 470 541 550 682 703 763 801 888 
77 145 268 916 28 226 136 183 271 349 383 689 794 823 942 958 
326 385 539 609 944 149 93 184 91 293 297 550 552 577 617 667 780 
115 72 24 104 311 350 360 484 590 735 747 931 54 40 10 108 187 70 23 197 167 214 116 285 324 325 335 337 424 436 529 531 563 626 670 692 890 892 932 942 975 990 
84 91 408 661 969 161 12 285 409 696 737 748 750 793 949 963 989 
145 355 616 15 237 274 285 287 479 561 921 
784 939 952 421 427 476 637 774 949 958 
139 108 29 396 427 498 531 605 687 843 935 
82 390 454 504 519 587 663 773 198 27 200 153 86 194 325 378 514 538 542 575 619 629 695 782 791 796 825 866 883 
185 184 117 277 419 485 876 59 84 52 260 321 325 380 392 404 513 597 630 632 732 888 900 927 930 991 
32 39 294 316 448 607 657 750 55 203 193 87 172 5 33 108 259 356 521 597 647 651 681 716 748 786 926 
55 320 617 145 363 652 702 726 735 926 
30 377 388 455 570 613 675 18 170 111 12 263 282 439 459 461 491 576 624 631 782 869 888 922 956 983 
294 316 696 993 106 324 419 432 500 552 591 697 735 737 
589 847 979 254 549 662 691 745 899 957 
261 441 525 185 355 370 376 566 617 643 748 778 
154 45 120 368 426 477 503 565 583 939 49 252 131 171 26 383 385 430 431 497 504 514 529 531 631 695 713 738 773 789 853 856 862 876 920 
718 844 990 305 322 391 740 743 800 929 984 
257 296 582 919 12 147 297 345 526 670 747 817 851 899 950 
111 256 270 504 837 927 955 234 127 156 181 147 337 356 368 562 575 589 623 761 817 888 905 935 
45 565 943 952 76 52 208 47 274 526 629 748 915 949 987 
9 144 38 600 695 906 965 992 235 216 248 119 98 78 340 360 404 477 495 550 561 590 620 851 871 955 974 996 
40 357 422 451 470 539 605 746 231 5 52 30 247 383 405 440 501 550 615 617 722 755 793 870 900 915 929 948 958 
253 379 716 119 1 168 336 352 717 725 967 
366 408 632 12 15 130 445 653 662 754 
225 359 553 166 250 294 315 318 349 508 699 835 
131 211 410 977 165 33 277 338 370 535 548 819 896 921 
387 597 864 179 317 361 481 509 522 690 725 843 973 
426 535 939 148 463 491 539 727 764 849 922 969 
87 662 873 156 189 524 532 629 832 945 
10 204 239 33 664 856 897 149 114 237 183 199 18 65 346 366 512 531 603 653 782 818 935 968 
386 507 821 3 459 584 721 735 889 941 
47 257 602 658 168 183 152 366 399 481 589 667 669 807 864 
81 217 149 234 345 358 529 591 595 615 625 903 178 163 57 76 167 55 239 346 366 444 479 482 483 525 528 629 634 651 806 835 841 883 909 926 931 933 943 959 990 
179 85 276 287 374 542 565 730 731 36 163 18 42 9 14 280 290 350 370 457 465 504 605 723 739 861 886 891 919 929 965 
173 319 623 979 100 84 137 574 617 629 869 
86 209 529 619 625 680 791 994 159 187 199 243 138 258 4 164 308 334 348 457 505 582 626 670 673 710 811 934 
150 292 666 11 48 381 401 430 478 483 541 557 720 
272 808 825 105 42 459 516 580 627 906 
185 117 247 184 402 419 485 532 563 701 876 967 234 264 181 70 106 196 22 100 63 293 316 519 531 602 646 682 692 735 752 796 825 854 873 893 901 921 937 1000 
130 696 821 284 303 364 400 472 605 745 797 
197 445 947 1 224 145 210 396 442 687 
21 523 696 137 155 86 190 272 114 543 577 838 947 
13 190 521 790 156 33 283 352 391 464 546 653 776 856 958 
309 721 939 106 250 455 561 689 899 994 
76 495 697 869 281 96 99 87 26 153 324 372 636 873 967 
24 350 365 603 734 771 199 91 111 217 192 191 200 17 131 278 313 345 537 658 878 977 
61 432 518 595 680 704 729 764 911 22 243 241 242 326 438 442 444 474 495 507 574 630 655 657 663 888 936 953 972 977 
293 304 891 909 73 91 324 438 557 678 784 816 922 931 948 
146 272 305 395 458 542 824 243 114 168 225 313 326 383 439 456 531 570 572 606 639 687 709 888 906 930 
5 33 973 996 169 206 29 321 386 469 505 538 594 657 946 
290 551 615 52 89 481 520 779 814 823 
289 234 306 178 33 272 344 408 419 510 668 
156 732 930 194 299 548 652 754 804 948 
162 275 567 631 651 684 762 949 41 61 232 130 185 220 308 407 411 442 552 612 617 627 722 754 830 926 934 
114 27 211 286 97 482 525 716 754 786 945 90 141 166 145 146 26 180 277 5 67 20 22 105 240 33 298 318 459 528 545 603 659 823 886 910 943 964 969 
248 251 32 353 435 507 607 812 52 263 10 202 310 336 349 400 409 488 550 578 621 631 641 739 831 925 929 
133 573 670 970 102 27 33 440 580 613 650 923 927 938 
256 333 582 26 217 36 301 398 438 849 903 970 
99 487 794 841 870 27 235 240 256 47 185 400 407 466 483 542 660 691 773 
89 232 928 961 167 228 222 293 83 472 567 606 729 747 804 974 
379 465 644 677 716 754 89 84 52 291 104 11 316 369 395 491 640 668 756 812 839 951 
8 231 546 578 744 70 359 361 404 489 514 619 630 958 
99 617 845 870 296 174 173 348 404 544 662 711 750 882 920 924 
463 629 657 84 33 652 679 823 869 913 
121 390 582 278 24 29 317 344 415 518 834 970 981 
131 286 945 193 64 24 325 433 446 556 996 
287 368 678 29 255 600 646 812 966 968 
149 290 193 324 680 791 903 923 131 136 18 155 13 69 121 361 410 487 491 503 543 546 658 676 750 784 798 885 
103 340 684 975 114 120 21 337 350 392 501 550 617 621 817 856 
104 115 24 350 590 700 804 160 230 292 39 7 274 40 349 384 565 567 628 759 766 836 849 879 982 
282 337 648 93 211 10 109 441 515 757 836 
702 853 966 82 18 294 235 401 441 470 478 864 
241 603 735 158 361 643 676 709 737 790 
537 567 594 52 147 467 479 498 506 922 
466 670 732 755 184 287 284 365 618 751 773 787 821 987 
130 316 696 899 3 382 588 662 937 984 992 
91 134 52 363 570 926 263 102 349 387 400 422 429 491 558 609 893 933 
251 248 182 314 351 435 491 629 991 120 299 121 277 114 141 50 149 159 360 479 518 552 597 624 682 697 706 712 768 831 901 955 
30 84 408 452 516 570 632 638 926 303 120 209 206 265 119 320 338 501 543 596 685 707 716 718 724 781 812 819 876 920 946 
99 178 681 815 293 263 22 341 388 597 643 662 705 817 855 922 
43 57 232 273 490 584 623 761 962 992 139 175 119 149 54 203 170 466 486 610 670 680 684 708 712 770 771 848 854 855 869 895 902 976 982 983 
228 99 172 249 515 574 578 617 744 794 831 892 32 159 90 45 317 237 361 471 491 503 506 521 536 539 581 648 655 675 714 737 766 791 792 806 916 917 930 947 969 
678 705 715 195 219 288 172 247 214 508 684 690 839 
231 681 744 202 185 54 255 234 550 573 971 978 
179 429 943 231 198 96 345 529 644 735 829 
129 209 31 198 306 358 500 625 686 764 768 283 64 11 251 286 241 119 124 344 371 428 501 510 528 558 646 692 699 708 710 828 839 841 847 881 907 
112 64 63 122 550 653 673 748 905 178 223 304 246 241 91 57 126 247 351 359 576 584 588 597 602 603 639 642 753 821 825 865 901 
240 392 467 545 561 873 287 218 285 362 412 477 500 505 569 657 658 735 806 815 843 863 896 
54 468 678 824 196 50 218 9 29 516 577 785 909 968 
66 101 835 966 972 63 84 12 347 404 418 562 606 624 873 949 951 
397 475 707 766 805 64 8 171 339 379 472 476 511 587 663 835 880 965 
530 816 856 182 122 605 679 723 805 810 864 867 
709 882 964 340 351 420 658 715 817 873 
348 836 888 29 196 54 410 476 721 993 
296 59 361 126 460 675 684 689 739 853 
190 223 426 274 39 479 508 710 786 894 
94 349 524 241 103 200 118 59 350 740 873 922 
69 393 537 639 651 949 63 30 261 294 398 474 486 516 624 653 670 740 785 943 973 989 
161 309 426 542 688 241 257 180 307 134 348 380 619 643 709 819 926 971 
80 196 344 702 972 264 89 317 41 340 623 673 901 908 943 951 
76 175 70 580 581 637 869 1000 329 185 136 93 37 5 383 392 468 510 516 554 681 684 739 747 752 839 858 884 943 
95 307 449 639 684 338 173 51 331 259 629 653 659 778 827 837 897 956 961 
15 151 446 624 765 115 147 318 13 345 352 449 637 715 827 852 932 984 
368 374 535 822 114 64 406 444 479 516 912 
381 849 862 142 200 167 407 458 519 643 755 971 
338 835 881 290 324 43 303 391 419 472 535 615 901 
271 53 56 728 323 256 341 284 356 511 600 607 653 683 968 979 
609 640 818 873 268 271 95 177 419 430 479 551 606 715 760 816 
183 660 868 328 44 83 467 499 521 651 794 832 917 
17 23 64 332 934 1000 337 24 143 301 274 9 422 428 601 645 681 684 685 791 801 825 826 
63 335 12 18 235 442 527 540 552 581 610 620 653 836 32 97 294 308 55 231 263 189 239 99 101 159 9 315 351 362 363 407 479 506 507 583 703 716 794 816 821 822 873 885 896 931 969 980 999 
308 241 284 78 700 771 272 335 170 131 220 119 307 60 199 416 528 625 665 686 786 797 981 
182 216 316 394 463 607 750 753 812 846 899 18 54 199 122 19 200 331 325 349 392 455 477 487 561 567 577 606 710 784 814 835 837 919 926 945 960 
145 10 382 659 816 973 230 119 261 281 235 341 117 653 656 764 786 831 869 945 969 992 993 
26 220 294 469 821 203 202 67 211 201 179 362 419 465 740 930 979 
83 94 694 209 165 553 575 638 891 907 
106 243 407 897 140 180 210 30 253 532 631 676 807 921 987 
52 91 460 926 345 248 235 8 257 56 487 709 749 887 929 946 
40 260 422 605 132 369 471 506 508 528 594 637 720 775 844 958 
271 324 36 424 496 559 615 728 984 182 171 393 402 403 456 471 506 579 606 620 623 636 662 860 897 906 942 996 
106 263 973 13 325 136 300 450 471 477 919 926 
72 115 241 389 461 603 734 735 747 771 804 145 259 224 163 316 112 225 390 395 400 457 490 503 506 546 575 576 658 666 678 707 756 790 815 922 933 996 997 
121 333 498 582 655 692 829 311 69 265 320 306 300 418 537 581 616 680 681 872 890 906 952 957 993 1000 
100 111 218 380 383 390 409 606 223 326 353 349 175 224 371 382 453 468 508 510 584 657 737 755 758 935 992 
315 388 586 349 249 399 470 643 717 794 796 936 
44 180 403 471 506 528 823 131 8 217 85 278 164 495 526 615 620 707 754 841 881 886 909 965 972 
284 24 603 54 22 313 390 422 482 530 726 856 
262 369 516 586 621 661 682 727 774 271 270 185 100 184 74 237 268 381 407 465 503 580 730 744 806 808 826 879 902 970 
159 37 849 54 459 467 477 696 704 742 846 859 
120 176 254 342 305 190 13 374 426 477 650 820 843 889 943 237 257 219 150 83 89 121 64 132 71 230 149 371 382 399 415 428 438 457 500 511 533 607 629 704 708 737 771 807 828 862 914 
366 168 452 478 900 950 969 191 357 145 128 3 299 571 576 601 681 686 697 744 816 833 891 946 976 
43 67 511 635 643 695 761 810 847 859 878 885 145 264 5 253 46 235 62 157 226 4 1 272 91 185 384 400 404 474 477 631 650 658 727 752 901 927 942 989 
83 174 796 836 935 37 324 362 368 507 566 622 738 913 
463 491 812 224 283 387 480 637 686 778 977 
44 403 404 488 149 142 163 198 631 650 653 744 786 972 
272 342 368 106 172 191 184 639 773 955 
200 40 543 167 150 3 156 65 495 630 680 864 891 
205 389 437 747 804 917 131 157 162 99 31 253 213 384 459 664 800 971 
250 408 455 472 479 516 638 154 32 10 226 69 201 129 387 531 679 746 791 800 840 946 961 967 
64 23 14 137 94 577 673 737 796 73 89 246 108 82 99 230 211 227 386 510 603 686 735 758 805 820 863 907 925 964 
299 3 261 465 525 807 329 32 106 182 419 454 456 463 477 535 546 622 697 870 883 995 
362 121 218 602 896 159 247 55 337 81 77 433 550 718 785 793 836 874 985 
343 221 186 849 980 174 66 128 63 150 275 366 459 473 585 640 652 872 966 
124 33 352 10 407 440 801 976 3 368 15 362 111 314 413 446 458 561 565 709 760 811 849 904 906 960 961 966 993 
59 362 519 579 606 690 692 714 254 239 235 260 234 287 339 168 391 392 447 472 495 565 612 623 659 750 867 971 
408 555 759 783 158 376 308 46 370 581 615 720 744 749 772 
240 685 873 254 74 137 94 391 499 754 766 983 
21 269 899 226 378 151 288 738 805 939 
265 597 598 679 709 752 864 865 964 9 5 315 377 372 476 493 506 508 529 542 571 581 596 817 843 851 866 899 917 991 
250 91 363 78 216 318 228 412 804 918 
376 360 78 215 694 762 808 837 878 949 
303 362 246 11 606 103 131 122 360 365 56 439 590 646 723 835 844 847 984 
95 150 103 449 492 594 639 666 687 958 975 21 130 281 136 59 111 385 255 383 344 235 6 404 419 523 575 600 645 650 663 695 801 845 890 893 925 950 
40 326 467 561 662 685 693 383 351 60 247 113 22 54 339 307 395 524 596 679 785 791 823 856 943 
336 449 492 769 933 949 29 358 209 50 395 427 430 469 472 513 650 819 912 923 
351 435 850 60 5 443 465 472 730 755 786 807 
85 287 4 54 146 576 650 825 392 360 56 51 139 5 299 393 79 170 547 652 658 662 677 789 806 817 827 859 948 
74 4 503 825 117 180 245 279 450 653 696 752 774 818 835 
108 329 766 34 70 516 677 916 960 973 
550 577 737 938 237 151 336 207 296 426 534 603 639 698 
94 199 76 18 457 581 888 368 177 270 230 363 135 189 105 58 402 493 506 537 561 661 733 851 859 
190 62 468 503 542 565 678 799 808 851 907 921 924 995 201 370 235 315 231 206 360 234 294 211 278 137 222 156 171 108 23 297 467 495 511 514 516 617 711 722 735 772 831 872 897 901 954 
39 448 491 854 948 275 310 203 423 570 648 670 727 835 870 878 904 
277 203 185 117 419 532 94 358 232 399 414 502 562 581 590 817 900 913 948 977 
364 373 626 930 970 232 358 419 514 530 735 816 961 974 
373 58 471 508 544 626 740 755 823 858 879 922 970 301 174 328 183 235 300 259 76 370 33 237 247 391 418 451 518 521 531 589 639 646 671 699 701 711 742 782 794 812 852 921 
27 410 644 937 985 260 460 462 471 503 517 799 835 855 
740 749 920 9 191 6 31 342 518 589 695 765 872 
355 181 5 382 33 816 973 996 366 97 64 292 349 297 343 466 467 512 539 580 605 623 697 737 829 839 903 
262 242 377 384 134 317 682 742 183 60 173 96 123 111 290 149 413 416 495 571 611 618 705 719 761 794 915 978 
362 655 658 974 242 125 294 237 480 565 678 737 750 816 852 877 
131 264 405 441 803 814 832 891 894 94 149 180 18 67 166 306 52 332 76 478 634 681 782 872 917 958 984 
526 646 660 5 149 292 825 834 849 888 
208 417 501 584 761 842 878 906 186 1 145 326 388 130 459 465 538 575 666 679 709 727 775 827 850 942 971 973 984 
99 55 574 66 408 382 168 519 726 839 
24 93 735 402 509 612 618 665 704 723 
5 145 816 154 175 368 88 303 527 683 730 773 955 
6 37 159 493 689 350 126 47 408 554 677 749 804 894 897 918 966 
412 9 810 847 120 472 577 689 811 876 898 926 955 971 
7 450 596 776 903 911 984 404 328 47 361 27 163 211 459 492 565 594 681 688 808 850 859 989 
277 117 247 185 203 402 184 485 701 719 725 967 290 379 346 209 201 5 195 391 403 251 353 108 344 421 449 477 620 624 659 661 681 759 805 826 848 874 875 909 920 948 969 
839 906 965 97 331 644 790 817 827 873 891 
598 828 864 151 244 104 419 749 779 833 850 989 
200 357 40 202 260 431 467 470 545 612 662 685 145 365 37 111 33 315 150 140 52 125 348 73 67 444 479 542 573 580 623 644 672 718 785 804 827 865 882 989 
489 614 872 966 401 207 197 493 593 606 631 824 836 873 990 
358 129 234 776 241 6 780 784 856 858 934 
545 873 941 193 18 538 553 635 670 760 764 975 
266 54 46 13 254 368 337 334 782 149 83 398 49 143 456 464 474 526 593 612 615 624 631 682 718 810 811 819 865 911 916 979 
125 670 823 244 130 393 120 245 629 798 804 864 
140 102 197 368 348 85 324 710 726 818 
323 176 503 134 315 494 506 610 664 906 
139 169 707 805 393 346 254 275 542 552 564 639 641 786 916 
422 87 873 171 254 4 13 471 623 670 709 806 
285 559 596 764 5 251 581 622 805 829 947 
37 159 739 380 238 304 32 150 218 614 826 845 976 
237 604 761 22 212 129 721 747 835 980 
394 316 294 491 629 696 78 94 531 542 599 702 705 710 811 888 901 969 
215 679 709 137 241 157 164 143 578 827 942 
376 735 804 109 222 580 611 613 697 929 
528 573 749 296 286 168 368 285 698 990 
145 476 959 250 390 44 287 697 881 961 
382 49 476 659 916 973 158 59 260 56 197 295 467 471 510 565 580 633 882 970 
410 253 140 163 947 981 107 91 310 149 309 544 575 579 581 802 936 939 961 970 
63 349 94 1 653 720 292 192 279 10 9 233 285 484 569 647 650 718 800 805 837 873 927 
106 856 925 996 237 7 394 91 189 551 594 619 645 740 828 858 
597 679 864 342 210 422 285 271 611 617 
155 279 510 158 262 76 8 118 682 976 
341 151 139 707 766 908 59 382 180 304 20 83 640 679 698 797 856 899 
583 848 952 47 383 129 597 627 644 655 971 
401 216 248 523 541 193 5 171 142 641 643 646 690 732 745 807 897 970 
393 194 119 391 340 537 594 631 639 958 25 185 84 184 419 341 477 540 550 573 619 688 745 754 761 809 836 888 904 936 961 
418 518 595 615 359 223 396 453 617 679 709 773 826 883 952 
87 260 818 941 404 120 512 532 620 638 646 712 854 856 
317 28 369 661 24 209 158 218 467 485 529 532 678 880 952 
607 899 991 362 110 9 450 498 723 792 820 
246 606 896 927 76 13 131 172 197 379 541 616 832 930 934 
250 377 91 969 282 351 459 467 593 608 745 805 828 919 943 
714 773 775 379 358 287 426 38 722 735 860 
399 170 737 954 272 368 274 360 156 510 516 565 760 773 867 901 
287 120 943 228 67 382 184 149 343 600 615 990 
235 63 64 552 580 934 250 381 412 45 293 367 455 269 276 140 376 418 506 564 913 980 
356 556 661 900 405 333 464 467 526 589 868 
360 590 747 54 250 151 107 26 209 577 614 
554 901 926 950 74 82 405 203 470 484 521 615 740 757 858 921 
351 302 21 372 26 696 266 45 83 24 379 204 521 566 671 835 890 895 896 914 980 989 
193 56 81 529 745 923 52 170 60 426 281 75 460 163 498 533 735 866 930 931 
299 379 114 131 92 48 547 786 807 353 58 7 146 272 394 225 366 33 412 477 479 503 535 552 604 688 694 724 764 940 989 
313 188 858 863 319 149 297 63 407 777 806 
202 392 200 40 326 422 212 539 612 685 802 873 886 895 312 407 67 455 347 190 452 460 400 367 33 24 440 471 502 517 622 627 641 674 709 717 777 813 832 862 949 965 987 992 
400 327 503 576 650 943 91 184 339 362 488 510 531 577 605 629 694 
353 135 522 288 150 393 474 603 658 739 796 
260 422 802 310 462 238 363 484 573 641 682 716 
206 227 133 189 364 404 544 670 840 983 405 320 357 440 91 358 359 467 431 530 539 555 562 574 590 641 662 857 869 885 935 950 973 979 
377 516 555 613 632 950 383 393 278 344 329 394 298 145 417 526 552 603 612 708 794 966 
114 913 945 139 381 489 550 632 713 943 
167 48 155 641 909 426 336 285 216 469 370 146 595 623 740 953 968 
329 108 766 215 120 586 639 658 676 872 943 
439 440 5 910 387 113 244 332 329 633 699 750 870 939 
136 254 368 146 74 54 650 705 799 825 848 921 157 326 367 229 449 359 379 370 228 419 259 351 214 91 465 546 559 607 672 694 723 726 752 769 802 819 841 903 923 946 
369 479 516 613 950 219 144 221 76 159 310 410 1 275 234 506 663 734 
377 105 478 110 564 798 926 987 346 342 94 316 334 243 465 88 40 106 349 422 67 271 312 678 687 688 723 840 966 
601 615 984 372 409 528 568 681 786 788 802 888 996 
54 74 521 542 921 97 265 289 125 28 270 95 555 737 846 858 941 
164 293 677 894 271 100 365 605 696 744 776 799 893 912 
91 68 564 613 901 271 275 120 9 214 297 678 752 757 773 996 999 
205 241 590 603 462 470 442 33 506 586 743 863 872 912 
247 203 419 184 277 701 235 99 91 147 183 11 452 548 587 679 755 877 910 950 
149 509 791 69 319 336 144 98 495 552 685 688 888 
229 297 636 827 171 34 306 351 356 561 756 799 833 901 906 991 
180 156 373 508 294 468 202 601 623 678 750 818 828 839 947 988 
50 80 101 423 196 107 538 668 835 872 881 914 966 146 31 300 190 36 149 473 159 7 133 13 57 94 491 606 615 644 649 664 673 718 786 822 845 847 849 850 859 869 903 923 934 956 
319 144 928 360 216 33 536 786 949 988 996 
182 130 435 372 316 401 629 750 756 821 940 991 250 195 266 163 177 54 137 27 299 120 320 63 306 77 315 148 489 517 569 578 581 617 620 726 772 786 807 893 
393 391 119 418 218 518 547 603 681 682 752 946 954 
224 416 739 387 423 399 158 815 833 892 933 
200 605 612 429 187 228 620 770 844 848 
160 127 201 70 283 137 524 552 748 751 785 259 285 375 9 30 486 55 408 400 383 216 114 178 364 518 631 703 744 754 819 849 856 859 868 930 981 993 
358 768 984 191 125 606 623 740 797 878 954 973 
233 99 723 195 254 653 729 772 886 917 
11 218 111 361 690 837 245 453 31 312 112 464 542 600 673 740 854 947 
1 610 817 833 385 347 220 542 570 650 681 744 944 967 
193 324 209 792 957 251 126 368 326 20 506 539 577 647 739 743 836 884 943 
412 57 623 652 726 260 158 324 78 307 317 26 60 49 542 611 708 740 904 
159 689 893 402 9 467 546 660 745 769 807 
400 468 429 254 176 46 396 521 565 741 951 465 366 24 306 360 218 26 163 29 95 320 405 126 569 573 580 589 615 673 685 716 774 823 840 915 938 991 993 
195 257 246 587 10 272 237 64 254 539 570 583 768 895 
25 691 843 274 288 202 326 550 592 802 857 980 983 
180 156 16 364 508 534 544 670 708 732 740 755 918 459 500 312 38 484 360 218 320 3 61 358 478 387 399 357 86 429 46 349 545 645 664 702 709 763 786 789 830 847 893 957 
269 220 294 533 541 83 371 86 285 349 43 584 673 721 860 873 887 935 
488 404 227 506 20 60 670 740 970 357 179 142 187 334 203 15 263 362 387 207 208 321 518 525 615 721 745 780 828 839 844 873 964 
486 513 601 414 265 94 224 549 565 725 734 786 934 
126 445 757 887 981 985 40 324 362 203 290 23 468 440 101 339 457 378 607 672 698 709 
370 208 89 800 885 368 329 59 37 81 345 400 174 701 741 828 881 
57 623 992 407 451 268 111 518 554 615 744 823 
509 234 704 187 393 247 565 583 737 889 
94 141 64 550 722 751 811 869 888 929 971 109 254 121 403 171 54 400 246 300 186 535 615 660 687 710 731 732 736 754 806 862 874 894 
320 178 229 187 309 532 588 706 777 780 852 901 952 
317 478 19 52 366 472 377 549 742 780 900 950 336 400 397 47 42 339 457 194 220 97 276 25 33 327 342 13 550 566 620 710 749 841 845 888 915 961 
585 592 600 623 772 878 85 405 185 45 467 168 491 549 572 696 782 823 834 864 884 904 935 
450 217 149 285 591 596 633 649 508 512 188 316 404 406 103 303 199 495 135 145 122 59 492 574 623 655 856 947 991 
383 246 658 277 413 42 171 343 585 752 
3 211 757 909 202 289 94 580 689 709 725 787 805 851 904 997 
481 503 146 281 120 667 777 822 825 826 851 932 939 952 989 347 174 404 141 463 56 248 145 462 320 77 27 3 523 550 559 612 655 656 658 676 684 748 786 791 810 818 829 833 866 867 882 896 958 973 
469 138 993 265 540 608 625 646 682 822 829 
280 448 629 756 812 993 521 102 67 120 391 589 656 661 708 716 785 842 871 935 965 
495 98 335 552 673 869 205 392 46 267 542 597 626 650 679 718 731 747 807 853 
253 293 379 163 977 157 133 99 98 508 87 271 589 594 603 709 750 
411 560 575 588 646 763 787 806 819 868 151 90 150 460 258 256 89 364 40 99 15 472 426 527 530 638 715 754 797 832 909 930 970 999 
349 137 141 526 415 26 77 614 664 704 764 837 958 
364 438 125 16 109 573 749 930 57 71 293 357 114 271 350 324 480 562 583 607 685 753 821 874 888 915 919 
271 464 274 745 960 14 387 241 180 323 254 452 174 530 552 620 716 899 950 
330 145 10 49 106 916 529 526 72 365 471 403 7 653 850 885 908 913 936 966 
228 79 166 233 546 569 578 617 723 794 827 834 845 404 435 212 277 1 268 59 241 254 62 131 245 377 468 287 554 565 591 637 661 691 712 741 812 826 851 889 939 958 965 972 976 983 
402 185 277 73 698 706 838 963 355 139 37 99 153 515 267 452 451 638 654 656 748 786 888 897 926 938 
507 657 750 368 464 100 232 710 727 916 
65 125 506 398 115 59 736 779 805 807 985 
154 342 266 54 648 989 147 514 264 183 465 67 70 33 344 379 559 623 901 911 973 
111 663 690 714 320 490 183 184 144 656 984 
449 312 336 399 123 361 149 67 284 737 819 1000 
489 835 872 966 137 246 288 412 425 576 609 633 894 905 
143 240 467 260 545 605 873 956 504 74 320 18 25 407 500 266 471 546 558 602 677 737 743 793 797 825 849 866 991 
201 349 935 449 522 10 593 815 821 966 997 
448 507 750 875 915 275 6 20 238 454 581 612 684 718 732 805 894 970 996 
287 400 74 481 272 337 788 921 943 498 435 430 422 185 297 499 524 387 226 246 501 546 595 607 717 725 791 864 869 971 984 990 
375 612 873 229 317 280 306 58 120 635 684 830 961 
471 404 506 670 301 441 565 612 635 666 764 
425 422 326 539 669 912 941 237 208 24 188 68 506 293 26 102 549 567 573 615 680 724 726 749 752 
531 231 300 99 8 681 723 827 831 221 76 64 175 539 306 477 86 502 360 542 281 379 580 638 662 684 710 768 808 812 897 930 995 
92 465 786 492 395 608 831 849 865 961 976 994 
9 600 965 291 264 94 485 96 738 886 
30 91 516 168 613 712 727 252 163 509 162 77 116 167 545 517 646 694 839 922 953 
83 398 70 325 174 514 552 608 620 785 968 971 240 168 473 322 215 150 238 151 230 521 294 505 260 380 449 307 259 516 565 584 615 706 749 777 806 892 895 901 911 943 946 
289 923 988 346 124 443 161 137 646 748 812 922 
201 158 349 18 495 459 550 132 524 748 211 472 486 5 430 292 251 37 465 240 316 200 529 574 606 640 648 650 681 686 761 854 907 911 950 958 
263 10 897 976 12 354 208 425 70 569 637 718 791 826 
462 638 675 416 512 339 209 75 531 656 697 
384 472 774 174 231 481 164 471 569 696 725 911 
460 105 634 712 171 304 59 94 144 582 636 693 809 829 893 964 
77 5 897 286 141 275 766 784 954 998 
183 710 806 819 539 315 105 324 576 648 825 835 969 981 
86 432 358 477 521 535 139 173 709 884 
526 646 770 819 186 158 111 160 217 23 80 13 564 651 670 992 
392 212 326 612 662 912 351 282 382 487 243 399 259 578 582 613 642 745 752 901 908 948 950 
171 237 810 859 528 471 195 328 402 54 108 257 784 815 943 969 
185 277 719 225 201 241 153 647 791 856 992 
483 479 682 114 459 117 560 67 430 639 755 782 867 
272 154 400 258 142 254 503 650 741 808 820 952 989 995 457 418 509 308 550 383 132 531 409 83 513 440 211 215 224 382 544 628 651 684 719 733 798 810 830 836 840 879 910 918 927 974 1000 
919 927 974 31 371 253 516 230 463 237 733 805 
219 292 150 312 639 656 684 687 949 958 79 141 105 308 48 351 298 545 74 607 670 671 747 827 870 873 911 952 961 965 971 985 991 1000 
579 582 692 235 37 70 211 480 808 965 
79 123 99 71 531 172 574 744 845 860 201 326 503 491 80 553 442 176 119 220 122 555 98 603 632 735 737 953 970 976 985 
317 315 19 250 901 969 499 13 401 504 93 287 235 598 745 782 834 836 849 936 
235 778 817 869 905 207 387 408 117 369 189 234 576 579 615 639 728 994 
29 624 766 64 114 517 287 31 952 999 
295 42 528 438 708 809 139 200 90 545 322 422 503 470 449 613 782 791 812 897 
569 413 320 228 148 99 285 81 471 552 127 63 273 518 200 173 197 712 752 781 852 894 998 
222 526 646 710 718 736 763 806 990 16 5 412 40 360 205 226 246 441 257 391 354 650 673 740 862 864 891 913 
120 395 25 468 784 808 943 360 250 538 558 9 145 571 369 114 325 199 584 673 674 722 764 785 827 
64 378 199 398 653 697 461 417 117 500 240 280 468 351 327 649 674 747 859 958 990 993 
531 233 300 320 681 831 491 52 561 18 36 70 50 232 294 137 436 74 961 963 
59 383 568 113 898 63 571 441 358 670 734 812 823 971 
160 339 459 637 676 694 722 737 811 836 869 935 954 366 407 520 546 276 437 37 503 422 153 295 186 234 440 594 611 667 686 733 766 832 834 877 902 924 925 927 930 944 956 958 965 974 
98 349 339 399 137 199 869 888 968 131 320 402 361 34 39 491 147 432 234 206 387 384 74 541 441 650 687 730 750 848 881 896 969 
568 111 296 361 256 303 561 274 194 57 556 143 598 646 693 738 789 827 862 899 918 956 
25 254 447 528 504 29 513 349 617 658 689 767 852 
412 319 695 325 269 550 362 211 576 507 588 745 
67 232 517 81 381 519 46 753 766 836 937 973 
366 363 727 969 185 484 475 607 785 865 910 
246 504 773 485 13 104 48 159 95 138 329 947 
526 646 710 736 806 819 584 515 325 125 314 610 615 801 802 807 817 832 869 894 897 
171 237 67 252 622 936 961 525 103 257 131 270 460 49 406 152 154 503 404 523 618 774 780 813 994 
461 104 308 484 241 804 999 402 259 390 471 126 643 693 695 722 783 821 873 926 955 
518 271 615 9 531 251 715 731 787 796 962 
89 9 517 38 163 26 40 55 27 118 505 669 681 730 796 905 
153 181 897 191 455 540 423 426 618 722 753 928 
449 391 312 651 684 687 933 169 288 580 217 357 73 418 33 443 72 525 613 690 704 761 808 970 
450 61 285 271 923 474 542 68 27 161 9 780 840 864 906 979 989 
418 518 432 317 387 392 654 709 718 836 937 
387 265 444 618 709 752 828 877 8 325 316 208 108 247 248 234 524 318 447 638 703 705 711 725 739 754 876 900 961 
421 387 618 570 10 141 94 582 695 703 704 736 763 
640 818 895 100 233 169 180 435 21 985 
548 259 517 89 623 842 391 345 111 217 458 62 498 165 136 305 116 229 673 877 
509 480 902 488 183 41 348 369 836 889 
270 380 896 233 277 325 23 188 186 539 607 832 
484 360 365 24 311 284 734 735 747 804 378 293 141 569 525 180 18 469 27 325 472 268 492 186 54 398 677 716 789 795 823 890 901 903 924 928 
434 839 961 224 113 465 229 741 817 849 871 894 
494 260 357 230 87 539 128 612 647 802 886 468 407 278 79 245 272 163 94 330 113 482 606 630 681 694 710 763 778 807 899 931 945 966 
390 383 454 362 658 714 775 896 287 351 328 489 298 552 605 496 358 22 423 346 624 628 740 770 794 895 935 961 973 
453 351 130 294 248 657 696 750 756 812 899 991 40 108 228 510 567 94 586 79 158 345 542 528 477 368 190 602 613 654 692 723 737 744 794 825 836 853 864 902 942 996 
158 550 673 455 547 9 8 522 650 864 
240 346 818 315 234 538 683 822 919 974 
499 235 349 836 227 319 429 114 138 146 588 623 775 800 864 
100 75 919 408 126 444 580 501 437 887 
236 422 467 494 561 543 605 200 873 472 67 292 216 426 541 383 54 414 544 521 622 674 730 817 942 989 992 993 
84 483 30 478 250 549 472 780 969 295 35 16 594 67 561 573 156 150 193 437 164 607 58 622 673 688 815 935 965 979 
423 196 699 461 433 3 527 615 893 919 
480 450 7 149 289 591 271 209 358 649 857 946 984 994 503 458 199 66 614 260 508 10 489 83 514 230 426 364 550 384 462 571 144 512 114 588 545 344 746 801 832 914 939 945 958 985 987 
204 243 664 454 361 16 702 705 737 869 
301 191 531 320 79 148 249 231 681 723 744 827 860 491 209 444 307 154 400 15 57 292 273 260 583 450 253 58 240 183 699 786 820 836 837 876 905 
598 597 758 864 865 185 313 593 219 118 175 414 408 589 
7 274 53 209 217 246 227 300 443 337 449 712 741 803 834 907 991 
127 550 70 349 18 673 676 748 971 516 182 46 529 364 215 358 131 419 451 180 163 494 259 491 650 660 678 878 912 930 
366 645 900 307 150 294 193 710 773 840 894 948 951 
57 589 9 232 962 965 379 612 28 371 47 432 613 55 80 36 467 632 718 780 899 900 
501 238 600 512 517 319 273 643 810 842 885 961 965 992 496 184 431 176 107 610 518 535 407 197 163 66 422 474 192 134 94 383 488 257 338 358 203 676 678 774 821 880 911 913 918 938 940 969 
572 151 41 341 15 805 114 419 328 16 250 131 316 94 606 426 336 646 705 825 1000 
234 274 324 271 911 522 350 134 44 233 760 805 836 871 
404 403 708 274 524 241 97 647 844 965 
137 789 811 276 467 447 126 292 793 876 
237 38 67 979 308 23 565 606 24 631 748 811 930 945 949 
302 523 182 491 316 435 674 696 711 795 948 991 134 246 273 271 267 187 258 66 368 468 340 120 228 185 427 232 235 236 658 662 680 723 739 745 803 820 923 946 970 
652 965 979 81 247 375 605 285 300 127 738 792 893 
219 95 292 119 449 672 687 958 370 294 373 212 628 250 495 147 423 254 426 355 657 764 857 872 875 969 1000 
168 472 134 317 262 175 247 473 569 622 641 650 694 735 791 817 917 
518 149 792 54 538 5 476 14 440 878 
556 68 901 410 174 271 813 840 892 949 
34 370 859 425 543 167 133 64 544 111 804 946 
487 744 827 80 556 35 10 358 108 29 283 701 726 
175 580 339 14 122 778 84 372 244 6 553 341 230 531 357 739 776 812 832 898 899 908 948 
377 317 554 901 532 546 597 526 354 451 673 827 869 933 985 
449 336 119 391 340 150 567 651 684 687 933 958 975 404 73 64 9 475 564 430 571 374 287 398 208 18 325 88 670 689 696 763 775 781 808 812 831 836 845 864 909 916 945 973 
599 346 685 873 299 192 24 552 15 381 446 131 667 795 923 994 
131 167 474 803 832 430 22 467 294 448 471 470 221 632 774 857 912 
168 68 780 901 561 325 40 154 49 646 838 872 879 891 
370 623 761 839 885 113 253 448 337 363 343 311 318 79 590 855 937 
405 126 114 299 716 158 447 489 91 422 420 145 323 65 839 946 998 
621 661 682 950 506 348 443 391 60 67 137 778 839 869 874 991 
183 575 526 588 560 411 660 710 736 806 819 844 990 148 174 235 522 448 582 89 324 642 624 305 451 114 549 277 551 390 404 42 694 702 703 707 734 745 750 766 772 797 839 946 
605 143 873 912 248 442 626 500 82 10 563 786 949 984 
309 535 951 558 37 401 552 320 212 685 
210 518 615 577 231 4 57 489 685 833 921 970 
395 368 468 4 565 13 477 730 793 808 883 943 620 499 23 608 632 524 152 581 370 575 442 393 160 295 40 373 391 552 670 702 704 742 778 801 810 873 957 998 
292 214 336 639 594 958 565 347 168 271 560 248 654 711 802 848 934 941 948 972 
630 501 147 291 302 145 95 249 395 220 381 685 737 
349 577 199 1 442 325 748 817 861 888 373 352 336 530 138 281 120 268 340 91 497 345 396 262 678 719 732 763 813 857 909 921 932 947 980 988 
224 849 893 651 532 145 596 607 711 832 
82 409 361 837 518 285 320 33 521 225 447 657 742 859 869 936 
567 150 103 532 521 554 536 523 352 706 
248 607 533 302 821 655 151 362 288 631 285 326 814 816 893 906 921 
75 606 409 270 519 663 773 896 927 306 395 131 360 167 370 469 521 49 57 583 209 475 629 331 326 284 664 674 691 704 791 851 932 
440 352 664 125 16 419 383 340 92 293 
411 646 207 347 222 718 171 108 182 620 297 144 54 502 514 673 708 755 792 827 970 979 991 
242 645 460 452 366 742 531 70 115 419 235 210 523 399 662 745 804 814 828 858 861 898 952 
561 422 143 230 392 267 746 471 50 358 301 314 252 318 178 546 629 661 262 147 395 688 750 908 967 
536 658 246 195 391 478 184 285 26 329 141 732 779 819 820 848 
616 659 268 33 5 49 910 527 229 506 174 120 32 29 489 429 658 376 214 723 822 835 939 951 989 
226 671 709 414 75 350 201 673 971 992 
391 275 214 672 544 34 412 360 26 83 212 791 807 873 911 
62 521 799 2 240 580 141 640 14 270 786 789 
489 835 966 299 172 164 290 118 818 995 
128 545 40 592 270 748 836 849 965 966 973 986 
295 506 471 125 313 508 22 427 544 60 708 755 823 858 970 10 174 120 567 274 401 579 639 336 256 431 87 560 19 650 241 425 319 234 682 685 705 714 728 766 783 800 818 859 866 869 893 917 939 949 
665 752 758 163 463 45 567 131 404 954 
214 631 666 687 510 64 216 422 477 806 921 
524 112 70 94 116 378 325 620 608 235 683 737 789 904 905 498 274 503 613 211 218 111 10 89 665 65 125 576 600 209 507 338 660 188 6 489 39 575 638 689 708 744 769 777 848 925 951 959 980 988 
629 899 940 948 991 576 188 612 658 577 467 156 678 856 
91 554 68 250 900 926 205 194 183 320 14 40 217 145 333 681 709 873 995 997 
170 235 620 580 17 683 904 130 28 306 623 311 109 521 149 66 355 159 475 30 735 797 798 807 886 919 
114 167 299 482 814 397 147 170 539 217 603 416 395 691 885 983 992 
400 321 305 327 688 777 820 825 943 951 479 222 286 32 483 674 488 452 80 117 82 623 1 409 217 6 360 620 200 653 696 709 733 740 812 999 
436 444 387 709 713 752 392 412 485 302 171 377 524 450 446 330 684 771 856 902 930 943 
285 274 306 686 874 903 960 375 188 18 97 170 237 319 1 629 545 361 800 806 848 849 869 882 912 959 
578 231 55 546 617 318 322 148 228 723 794 827 834 892 190 410 418 132 5 203 248 480 419 675 552 492 225 592 348 86 361 499 605 369 339 223 709 754 786 806 808 814 832 837 879 901 961 
564 168 645 19 366 408 712 926 316 492 522 426 445 670 210 238 277 470 56 26 723 820 836 957 965 970 980 
70 676 673 345 168 609 415 696 732 802 
639 594 307 340 194 567 292 543 679 339 74 541 565 521 26 319 321 348 211 546 99 333 743 811 873 
392 640 422 467 385 818 912 648 99 670 503 317 486 528 348 649 652 767 794 814 891 893 919 
680 324 984 350 369 378 372 580 552 134 131 835 849 
567 391 594 2 631 672 639 69 958 479 212 76 245 105 71 39 126 145 37 287 514 581 237 94 196 279 215 689 720 778 811 
337 678 13 793 822 932 170 147 38 662 40 47 449 418 613 479 465 486 21 770 875 910 991 
416 502 6 159 849 862 333 174 639 520 417 687 583 239 673 282 236 740 759 779 841 930 991 
536 498 383 775 321 265 448 594 764 833 869 
505 120 848 531 658 184 152 677 297 252 865 
361 383 568 324 241 607 277 115 762 810 864 947 
87 236 392 818 556 582 33 590 797 846 883 910 929 955 
23 580 12 354 158 1000 221 93 549 468 389 120 605 25 465 477 632 646 776 783 984 997 
370 259 237 584 961 590 254 246 598 70 391 406 838 848 923 954 969 
280 278 629 463 314 251 435 607 216 750 854 67 683 396 555 54 517 188 61 639 183 367 242 678 103 482 713 728 773 818 843 849 911 963 
577 201 283 18 737 789 861 888 437 379 439 68 316 145 50 251 407 554 369 704 716 744 775 882 896 958 981 
532 706 725 446 510 438 398 812 825 883 
614 101 914 966 617 4 476 263 21 169 404 324 750 771 993 
308 24 350 188 171 234 818 925 935 982 994 
184 277 419 185 485 203 706 963 636 67 106 144 29 511 404 724 735 777 803 852 863 911 956 958 
310 66 338 196 835 853 872 881 966 53 171 19 64 249 232 435 42 506 616 650 152 646 737 810 820 840 842 922 927 951 955 
118 224 159 739 743 849 880 893 980 156 598 235 495 88 646 597 349 108 238 710 753 794 805 819 898 909 926 930 955 958 999 
513 177 285 209 367 697 598 368 527 650 594 414 658 869 949 966 
477 146 321 824 848 939 624 616 194 318 435 597 670 200 408 772 786 886 923 947 954 962 986 
532 698 701 203 725 154 176 515 550 52 316 206 656 816 865 928 981 
329 430 446 360 210 317 646 364 824 965 
189 506 670 573 626 840 501 196 472 319 230 673 523 100 368 660 33 324 
436 215 387 331 597 226 665 679 752 828 864 865 877 978 525 205 675 510 154 559 235 520 678 311 467 337 431 506 196 356 113 382 412 596 681 287 450 727 737 773 831 834 837 870 923 954 982 994 
558 646 35 588 222 575 787 819 998 126 703 324 274 91 334 435 131 84 621 514 516 533 605 92 186 428 546 351 191 748 764 921 
629 26 850 404 185 597 651 400 654 301 
682 556 549 727 798 901 969 41 94 316 139 619 45 531 210 319 574 451 723 753 793 820 872 895 910 932 
679 864 882 696 17 23 473 203 254 58 754 762 818 848 
383 536 456 606 234 670 231 103 223 320 764 791 814 895 900 993 
321 176 843 952 145 135 346 148 526 341 591 331 59 878 966 
261 126 299 644 293 51 754 786 814 470 2 523 349 317 39 232 180 209 248 697 119 503 26 603 529 763 769 802 839 857 
183 222 763 467 62 542 363 232 29 261 942 
255 660 183 207 575 770 806 819 489 442 553 524 422 166 317 380 171 191 541 596 622 426 849 910 
563 185 419 184 228 408 565 653 156 83 735 737 873 958 972 
160 70 442 357 384 275 31 687 177 75 
282 54 883 269 508 332 434 507 867 926 938 
580 514 817 836 593 590 292 142 260 125 576 400 456 944 950 969 
681 497 231 617 88 546 531 228 831 330 272 27 629 682 232 453 194 607 712 414 390 15 479 664 477 755 888 941 966 992 
830 919 955 701 22 317 465 545 969 987 
117 706 184 419 698 967 265 597 23 261 211 520 542 57 54 555 509 745 750 755 771 981 993 
232 171 501 772 965 545 636 477 41 491 428 233 249 413 365 155 828 864 
712 366 586 549 950 969 370 412 149 709 266 8 401 533 734 754 766 1000 
358 345 791 874 957 232 174 74 571 139 670 696 200 107 761 879 910 
285 149 209 767 159 204 298 99 205 225 497 810 831 868 924 
4 650 272 907 612 592 581 366 55 415 394 879 911 999 
54 272 889 952 22 84 188 102 591 514 110 524 9 761 861 893 
109 506 291 156 313 879 653 179 69 541 683 15 448 187 663 158 247 514 733 876 912 950 971 
57 144 772 961 565 678 732 399 566 580 153 775 789 919 
360 284 603 579 509 727 92 646 478 111 224 8 858 
311 360 414 437 72 241 603 78 747 760 917 931 378 323 155 719 277 99 569 143 456 403 464 159 251 237 701 326 269 676 61 632 400 249 805 828 884 887 
588 575 183 646 598 158 534 129 120 58 514 791 807 820 865 
174 457 112 1 673 199 201 378 398 580 697 796 817 935 481 242 407 513 537 539 311 44 320 607 196 251 234 237 616 719 652 362 114 189 368 204 709 569 702 409 144 37 767 856 878 882 948 
188 180 930 254 548 386 630 371 87 582 
433 703 493 221 224 849 500 637 100 165 597 228 629 57 333 294 272 194 469 339 786 842 858 
404 22 180 406 506 508 109 809 918 474 255 575 501 462 678 496 606 353 336 689 498 164 443 335 187 752 782 827 954 991 
565 503 808 619 604 531 511 234 17 802 
661 408 516 774 901 926 969 404 31 650 87 182 15 54 176 367 224 655 752 773 807 852 916 934 957 968 
37 152 703 871 684 484 500 94 255 539 806 894 
322 172 617 636 320 300 229 569 815 834 860 13 211 512 373 495 369 384 499 126 220 607 697 482 673 366 747 764 766 830 847 850 888 889 910 926 954 
198 177 165 86 209 464 529 234 960 584 449 661 278 134 508 455 570 561 502 180 118 38 725 646 98 629 448 46 252 77 770 871 973 
662 260 944 377 83 615 756 764 779 929 
205 461 360 241 93 603 735 376 298 188 39 187 256 434 577 235 524 339 744 6 567 754 756 761 862 916 975 
620 122 552 325 83 495 653 888 935 521 669 710 253 551 628 221 258 532 198 115 242 248 801 837 875 901 910 960 
406 528 438 840 1 545 64 356 516 421 36 230 384 416 550 992 
533 26 491 351 607 248 696 541 821 662 488 525 201 156 476 581 301 383 242 54 409 699 646 725 306 10 853 864 960 961 
514 495 971 145 237 313 101 781 850 894 
671 679 597 709 387 828 864 877 964 277 57 477 574 740 396 519 561 339 742 86 35 545 163 27 492 370 483 855 910 918 984 997 
351 812 991 528 712 703 585 593 325 55 758 791 995 
299 126 164 716 293 786 807 832 894 977 727 526 747 364 681 8 50 385 262 597 291 94 495 713 514 143 205 449 39 292 874 899 907 992 
313 404 670 506 60 920 970 723 564 362 343 260 119 63 394 8 725 128 110 485 660 794 821 891 935 952 
220 607 491 523 915 144 133 299 131 746 224 360 487 747 774 819 849 876 951 
510 164 520 807 309 111 70 462 172 125 483 819 866 868 971 984 
671 618 864 378 207 362 185 140 753 20 862 986 
384 780 950 689 419 308 797 831 913 968 
115 735 104 457 346 425 382 158 625 893 901 
370 319 643 237 434 412 859 961 159 187 552 449 234 594 731 747 408 10 229 138 257 728 775 872 957 958 969 996 
292 2 769 180 389 190 713 125 692 882 
717 575 526 819 998 653 170 506 54 136 598 639 235 716 605 111 174 238 
324 285 432 234 165 31 911 923 744 714 746 690 92 527 710 352 544 266 425 576 465 631 205 852 
108 341 805 61 87 75 180 158 63 406 797 851 995 
446 108 572 475 329 397 308 320 670 580 744 585 385 28 646 727 557 951 
209 210 729 984 218 132 184 583 52 185 737 78 685 820 965 
496 324 791 30 316 546 42 185 504 837 961 985 
95 393 762 502 673 112 716 477 786 878 883 
560 35 718 606 688 77 319 54 494 745 808 842 873 
360 284 350 699 368 725 319 679 791 959 
726 34 733 517 43 885 30 646 236 83 185 400 384 705 491 99 497 804 811 970 987 
587 59 658 456 246 829 898 955 696 374 483 254 10 457 146 174 709 742 297 450 621 415 79 313 808 835 864 893 903 
366 742 555 52 901 950 4 86 641 589 396 756 24 503 623 244 834 
606 456 690 697 761 412 610 733 357 639 115 842 
424 418 957 185 637 482 694 200 281 842 878 888 
190 521 678 921 550 673 57 466 467 515 701 67 827 910 
63 571 637 982 605 340 687 121 372 645 253 650 837 839 
48 92 786 981 534 289 421 689 663 746 824 921 951 965 
516 759 613 642 900 901 424 622 515 236 240 589 81 508 159 595 791 845 940 976 
59 111 797 955 150 184 24 574 317 112 751 639 787 869 967 
161 426 54 943 952 989 220 404 573 268 250 517 127 740 564 17 570 246 410 787 893 906 966 
110 384 969 220 694 670 590 866 896 949 
244 74 576 85 103 557 351 306 424 149 39 562 286 821 827 885 
550 18 495 576 586 327 523 336 422 380 392 883 
293 102 163 211 779 754 465 3 716 164 547 832 890 909 647 430 394 509 521 532 352 491 200 334 137 64 157 350 480 489 769 506 681 373 739 248 490 667 617 705 817 836 849 921 934 943 971 990 
526 710 806 520 132 781 782 138 591 313 9 
542 848 924 480 231 138 114 144 211 143 75 862 895 
673 697 627 796 836 184 603 582 733 506 667 254 395 123 897 926 984 
281 62 808 420 207 360 206 311 810 885 
486 274 306 234 129 728 768 855 874 903 946 960 632 64 180 320 666 753 542 392 377 119 780 348 736 573 168 553 714 658 246 563 521 771 823 860 885 924 925 940 
61 500 633 453 235 99 630 320 660 184 
688 650 989 712 260 539 380 242 40 627 99 868 974 
297 191 681 531 320 166 96 404 607 363 606 755 68 408 217 703 685 347 239 472 193 349 869 875 897 900 
629 26 899 225 52 9 202 640 5 603 128 
371 378 737 789 971 277 469 95 363 591 592 246 77 873 913 930 967 
218 82 781 100 278 765 539 526 137 446 350 676 646 693 759 496 
52 712 479 226 210 565 676 306 427 823 914 930 
667 400 477 482 405 487 803 805 807 841 973 
511 208 232 878 979 992 610 670 377 680 255 442 76 125 376 862 916 943 946 968 1000 
382 33 204 897 650 615 588 238 149 391 748 348 807 969 
605 467 230 470 588 505 441 651 716 741 477 683 480 848 894 
641 410 3 799 629 619 701 849 942 952 972 990 
205 437 590 308 603 376 360 999 427 298 635 416 388 174 291 193 422 772 94 661 847 864 878 973 
108 169 430 15 29 329 765 624 908 378 735 432 31 159 455 419 119 386 534 703 237 226 625 799 541 566 520 442 330 863 872 
35 575 588 526 787 558 718 646 819 514 681 550 196 672 36 466 169 271 137 743 431 320 366 326 680 142 94 395 893 945 975 991 
163 51 757 126 465 379 754 852 891 937 981 394 666 742 502 355 524 224 368 534 801 799 54 491 588 676 209 448 187 207 270 64 736 605 26 828 830 865 875 
576 400 176 565 741 790 650 276 952 149 546 773 366 594 639 681 770 568 198 181 123 61 418 389 823 885 900 961 
740 573 840 115 449 556 97 817 834 992 
67 562 417 237 623 370 878 965 692 565 702 650 729 426 235 15 521 330 201 169 790 829 845 869 899 982 984 
137 627 514 18 94 580 180 687 185 684 772 628 274 417 435 426 382 922 
294 753 523 351 607 32 372 135 991 94 546 579 698 573 531 187 639 198 404 637 317 299 678 305 551 209 878 894 902 923 
234 7 31 855 902 653 589 5 164 467 167 634 25 833 863 882 991 
410 677 211 716 657 661 714 94 289 685 681 351 934 935 
318 744 870 326 562 540 613 493 360 873 917 939 
10 407 145 352 330 415 409 706 286 657 403 349 346 369 17 834 961 988 
14 235 722 653 737 571 499 836 866 331 387 154 307 237 420 86 588 256 632 786 604 169 809 257 318 402 99 395 612 843 988 
202 599 451 609 685 346 693 670 119 696 211 521 268 77 700 713 428 488 214 668 396 872 905 911 922 943 
646 588 526 560 710 763 718 806 558 990 495 10 128 95 477 393 426 756 537 77 264 703 317 663 337 757 142 220 51 820 837 922 923 943 963 967 
678 565 142 154 368 924 702 712 67 378 663 767 682 222 453 83 629 819 617 92 736 839 864 
269 278 657 491 353 26 750 623 590 147 349 125 528 325 540 784 313 755 917 968 984 
688 45 342 521 489 522 664 609 349 892 
427 670 364 156 404 858 983 503 517 798 239 791 293 808 289 302 579 392 512 603 872 901 924 949 981 
287 327 705 46 107 779 707 423 115 17 908 
678 396 13 276 395 477 521 144 325 137 624 277 539 411 348 80 698 129 235 34 558 607 246 893 968 
521 161 921 450 419 70 553 366 65 433 348 531 827 
636 8 71 55 617 531 88 487 681 546 831 841 892 660 582 395 340 740 82 64 422 412 784 341 777 132 18 567 826 420 638 576 219 54 199 436 224 911 926 954 989 
709 597 752 421 864 865 508 735 661 368 455 324 807 511 488 443 185 726 965 980 
100 361 773 986 233 432 556 407 522 810 122 323 205 521 
724 75 986 565 543 292 744 506 125 807 839 843 926 
546 320 578 827 723 834 759 111 400 186 547 352 4 729 316 709 639 294 869 935 950 985 
641 754 114 164 410 786 913 588 615 526 152 580 602 234 681 637 467 454 267 654 1 347 871 923 958 
499 116 23 929 982 31 421 487 521 369 493 813 233 24 690 649 858 864 965 
831 744 531 681 233 774 94 303 570 580 619 809 517 816 411 709 940 958 965 
702 80 50 107 344 489 328 196 538 668 914 972 351 91 773 200 112 329 145 271 235 405 13 401 396 263 210 23 390 558 463 434 686 664 861 882 889 945 984 1000 
64 817 332 610 789 722 580 349 371 869 982 380 607 565 234 585 423 601 596 570 625 237 639 308 309 71 500 682 449 786 617 669 851 914 928 963 999 
655 59 498 257 896 955 389 709 230 351 768 617 681 442 748 527 819 778 340 205 850 885 
185 532 963 58 695 642 164 47 280 848 885 
237 604 89 643 420 847 906 962 965 644 321 407 81 645 646 508 820 324 778 299 339 830 549 99 413 215 488 716 849 864 916 955 
471 125 60 809 749 708 970 634 377 595 93 184 565 503 702 89 621 70 479 91 896 
229 123 827 297 227 364 689 799 477 18 516 38 271 159 324 942 
412 144 600 623 878 770 149 180 775 91 199 702 196 122 46 776 739 523 
505 715 368 326 193 245 817 387 696 830 265 846 
222 646 255 357 390 82 508 626 42 494 885 
229 301 569 531 516 489 639 391 780 433 810 1 849 881 952 976 
220 138 351 915 693 119 843 481 367 56 904 
839 417 370 252 199 324 804 95 744 390 71 489 506 149 895 944 
691 477 705 788 447 939 997 581 673 680 319 494 802 695 651 713 838 663 419 975 982 
703 152 654 343 367 224 381 739 689 37 893 942 980 686 382 680 131 669 547 66 604 117 839 696 803 308 137 220 539 786 296 266 845 124 97 718 489 86 138 211 756 495 411 570 854 858 
711 21 394 875 489 837 530 418 751 421 744 412 952 977 
521 400 995 997 836 531 259 193 765 387 256 399 520 658 
126 164 807 945 947 574 515 583 764 341 404 742 409 701 854 899 911 
310 702 966 750 56 254 333 607 524 973 
401 696 991 498 18 849 852 319 451 552 277 887 
813 791 31 5 202 319 752 405 318 643 993 
5 192 443 268 33 330 996 201 392 40 674 281 307 365 737 424 451 563 495 254 679 154 446 518 864 886 
615 149 234 653 205 631 641 505 212 471 716 969 
133 670 404 58 823 466 339 424 88 833 443 849 462 661 739 734 481 921 951 963 
635 370 761 562 34 173 906 489 138 577 74 495 195 99 399 418 395 655 367 670 217 1 876 927 944 
569 744 617 209 358 507 456 791 895 965 
653 235 697 661 731 272 169 835 893 933 
343 689 37 118 942 758 368 514 582 800 788 85 747 575 254 467 921 950 981 
466 125 922 930 378 813 484 95 701 48 805 326 55 911 991 
215 265 444 752 421 709 618 387 713 828 758 882 964 310 517 111 150 427 839 16 773 804 726 820 856 145 159 595 375 833 639 270 168 183 750 87 607 330 542 126 610 575 608 692 935 983 
387 215 709 618 828 226 882 422 175 807 86 120 547 586 706 55 325 736 42 691 426 883 929 961 
817 23 968 246 539 464 757 670 783 135 521 387 
53 911 984 231 721 457 564 521 383 330 910 
347 35 526 460 148 495 793 757 729 164 931 
76 836 83 581 116 571 524 580 12 514 70 339 283 201 655 250 670 616 302 638 704 794 144 645 680 8 273 471 319 43 352 181 542 588 690 831 143 135 75 15 489 810 781 99 237 937 958 962 966 
815 297 301 379 260 401 567 709 235 476 919 949 983 
186 224 743 523 156 625 259 604 832 745 83 897 952 
702 423 538 489 66 50 642 712 406 33 475 818 361 761 805 484 823 410 400 631 381 940 
385 230 539 346 267 543 326 431 640 425 612 467 200 647 944 420 209 650 684 335 162 508 161 283 442 590 423 233 719 104 201 796 328 815 213 349 277 675 666 567 166 507 331 770 883 890 924 958 962 963 
791 210 728 680 419 514 380 48 645 754 528 130 986 989 
541 135 850 419 631 177 807 70 193 688 748 108 794 
73 277 247 317 756 859 597 417 627 617 732 136 254 
709 597 752 144 409 118 485 600 580 944 
370 810 9 842 67 517 412 800 401 737 496 284 812 715 209 219 16 389 804 776 633 769 620 914 919 922 942 969 973 
732 22 404 642 366 730 308 728 681 565 969 
159 37 703 623 230 212 5 452 158 329 907 
489 107 702 66 344 972 581 94 439 112 213 199 324 511 845 364 901 994 
864 713 865 331 978 237 680 521 697 813 422 762 301 835 440 737 12 890 915 
120 650 721 921 693 450 379 246 865 873 785 769 698 271 
5 77 973 232 517 735 559 164 339 500 108 958 
370 643 238 511 9 623 772 349 8 211 306 808 784 63 677 844 471 837 790 791 838 530 142 921 964 
605 467 200 944 293 55 856 548 705 227 676 272 174 118 497 364 
155 167 510 114 235 735 507 8 52 180 854 356 611 991 
697 514 399 748 174 158 157 653 332 581 938 954 238 285 480 744 247 776 10 60 486 149 74 250 4 516 219 723 449 435 528 532 411 29 287 257 61 899 912 983 
731 154 368 835 173 744 531 513 601 269 897 988 
211 786 197 603 361 223 873 241 882 391 463 79 987 
3 131 807 410 286 155 354 755 575 369 173 157 685 420 375 272 37 642 
320 681 228 827 634 822 550 493 241 24 893 
654 703 159 502 37 221 6 213 186 849 224 806 277 731 108 391 226 482 506 211 760 782 556 630 315 491 861 773 657 825 47 892 685 670 614 911 930 943 977 
482 211 410 51 754 588 334 802 541 743 604 514 751 574 621 416 75 538 812 
40 212 599 236 467 230 606 463 550 860 66 504 712 847 135 788 3 52 319 89 714 903 926 
837 658 47 100 454 380 602 606 111 521 840 264 581 144 326 783 697 151 196 206 349 237 463 921 939 952 961 971 975 984 995 997 
553 355 557 801 268 5 593 187 925 959 234 400 184 21 159 794 340 123 789 416 588 871 358 573 448 889 237 40 546 139 532 922 939 962 965 981 
773 111 579 229 703 661 134 142 417 637 921 953 
351 453 607 386 138 674 314 795 135 991 637 622 63 210 529 605 282 179 852 42 810 147 888 256 14 172 582 754 84 446 193 88 252 69 387 909 
460 621 369 675 780 516 901 926 16 247 794 57 402 31 808 714 622 59 260 597 18 904 945 979 
774 780 642 634 638 570 483 462 900 742 712 987 487 344 457 370 187 70 277 823 881 400 435 535 748 316 47 760 681 603 515 561 338 325 550 51 906 919 937 989 
813 601 61 984 812 679 607 366 194 137 107 5 319 580 906 
680 271 53 791 306 418 895 407 64 773 195 477 145 137 10 200 20 489 213 296 603 
170 673 76 676 5 449 520 501 115 900 401 517 121 846 382 986 
325 571 673 257 617 164 538 37 818 190 35 592 
171 420 412 859 259 839 902 211 595 12 361 901 487 276 358 657 429 782 287 100 218 382 
730 400 921 880 754 84 552 378 98 619 324 354 969 
139 446 805 22 178 824 338 637 662 530 561 
163 786 474 286 164 520 419 899 57 364 639 703 327 653 526 271 962 965 979 984 
145 664 476 10 225 916 925 973 867 777 485 293 28 229 744 728 693 752 59 718 712 688 199 565 586 748 97 
867 234 418 764 285 625 946 988 666 701 222 550 827 552 535 696 567 730 893 863 555 623 54 426 852 116 818 914 973 
647 685 561 545 620 680 482 342 484 732 641 888 393 939 
473 832 211 131 97 402 123 371 575 759 54 530 302 623 459 796 926 984 
835 699 489 911 798 132 878 368 615 836 463 
541 846 756 220 528 503 882 260 408 5 33 516 258 941 
239 530 440 910 639 839 430 426 533 742 800 397 747 320 937 
735 376 72 115 226 410 347 387 320 497 632 821 670 815 98 
188 506 740 582 752 623 176 170 416 388 565 964 
724 59 256 611 566 974 1 272 609 359 901 685 96 870 351 185 528 676 733 614 878 455 926 
755 44 406 254 301 419 176 47 317 939 
883 400 907 542 45 777 481 477 826 953 989 995 462 63 264 145 657 649 858 672 862 896 227 898 277 404 885 181 710 779 653 144 177 355 786 243 925 982 
863 188 404 189 42 60 206 133 970 335 266 819 69 37 250 551 312 318 811 172 32 878 549 818 702 286 360 897 937 980 
306 551 764 464 595 122 640 629 705 489 819 477 709 832 295 393 812 695 
820 400 788 873 729 44 823 603 791 580 301 
910 443 897 921 580 700 378 294 791 391 673 
356 168 675 682 315 479 900 742 317 462 154 830 22 789 271 249 532 337 913 827 351 292 744 919 590 359 248 57 159 895 703 237 417 721 955 
566 454 658 257 218 442 565 859 580 702 200 295 370 108 229 247 222 
490 298 936 603 593 706 177 199 222 836 1000 
94 514 1 174 17 833 746 26 260 294 134 356 272 255 87 693 185 865 148 437 944 978 
528 291 738 403 180 863 58 156 227 983 798 689 526 703 546 580 454 150 679 495 164 620 94 893 247 51 628 287 796 320 137 353 464 987 
735 241 999 868 215 464 271 286 605 126 349 4 
688 54 521 124 712 341 653 241 33 658 
639 594 393 360 168 271 315 638 166 117 493 861 959 
459 348 12 201 742 424 159 651 786 39 509 814 292 274 489 454 
580 737 540 748 64 371 954 1000 245 209 268 219 507 613 755 517 700 831 471 523 606 128 257 362 864 814 972 
589 928 147 285 363 530 655 441 449 570 
807 405 163 97 15 901 596 643 79 922 314 585 916 277 869 973 
398 199 888 189 295 54 623 721 532 503 
254 521 244 282 4 266 705 848 136 236 815 664 531 18 920 168 441 897 386 615 218 670 476 90 896 1 912 
674 220 491 780 791 834 465 623 872 100 87 
451 425 545 269 915 59 481 96 651 723 
224 213 862 849 841 358 370 436 612 607 717 239 878 241 803 412 
678 458 179 468 142 258 223 323 368 576 782 650 542 989 271 893 228 103 800 679 818 336 562 550 293 786 819 65 339 33 455 69 475 392 159 131 500 473 108 338 32 72 84 954 
873 886 240 746 929 877 722 859 847 18 149 580 499 24 978 981 
293 304 92 473 852 27 835 605 615 134 267 352 639 199 236 64 806 45 628 900 351 962 
149 791 86 615 234 7 911 141 130 629 477 151 369 492 96 356 26 644 550 635 646 288 800 377 317 32 
852 279 441 985 432 488 587 653 117 518 498 25 280 692 705 320 
629 401 32 674 993 637 402 419 286 291 561 651 25 4 260 395 621 737 958 
567 292 336 119 393 958 670 244 328 870 783 242 490 467 704 647 634 258 389 628 823 952 
774 478 134 369 516 462 759 472 727 645 13 80 552 485 14 227 722 391 529 831 237 204 732 126 187 29 131 561 862 471 256 27 89 980 992 996 
678 13 648 503 621 779 338 702 673 756 328 858 766 299 664 968 
731 447 808 521 715 565 258 782 244 452 105 231 89 896 16 567 755 361 845 803 515 196 850 949 230 450 572 661 871 126 115 963 
54 190 921 898 549 29 285 569 15 52 92 474 
457 70 160 935 888 580 968 496 237 557 400 705 167 744 695 113 162 492 709 671 827 740 211 943 958 991 
781 257 837 773 59 724 316 926 68 374 259 415 693 839 590 417 703 702 45 989 
539 143 128 701 582 205 340 250 24 580 489 133 987 
776 728 500 761 506 252 682 24 126 650 361 38 742 
567 162 194 651 639 631 391 103 949 687 119 449 37 577 521 552 761 719 948 281 300 13 410 869 697 239 357 244 873 954 701 108 834 531 615 832 527 580 260 703 884 965 
439 145 897 973 271 680 22 673 14 45 933 771 74 68 
745 791 680 529 748 397 750 351 10 41 382 
589 144 695 298 57 733 604 147 237 761 623 992 816 547 83 543 567 681 340 896 403 439 140 516 377 750 606 768 578 85 11 441 227 597 449 382 865 808 968 973 980 
622 839 319 909 591 897 705 873 869 945 
838 701 532 952 873 42 578 696 836 819 858 242 
864 331 752 387 508 293 918 30 221 556 885 9 70 378 
90 548 147 810 144 259 67 38 839 630 420 726 623 622 897 531 626 707 828 958 30 669 12 467 272 21 580 779 129 70 52 613 523 767 833 47 909 682 834 22 860 364 88 60 567 568 329 993 996 
423 489 328 668 196 699 310 853 702 538 61 131 381 479 305 723 540 605 715 227 382 669 782 704 416 472 530 35 230 869 973 
203 185 419 277 725 662 796 781 283 819 377 499 261 993 
581 70 174 954 235 866 137 550 825 305 474 961 800 268 187 759 35 951 821 32 742 327 111 345 
570 28 455 727 783 586 52 369 30 613 242 712 742 987 857 10 293 320 99 879 581 878 150 35 80 163 174 18 724 207 127 170 761 695 722 349 49 352 70 435 419 558 631 623 801 562 266 907 
670 840 295 403 404 922 508 755 225 526 448 649 441 366 569 24 594 682 772 541 62 296 629 303 440 2 660 984 
514 796 620 94 550 751 982 757 322 131 579 665 447 343 383 417 732 124 7 542 376 412 337 786 896 567 
328 338 835 881 108 285 531 803 373 364 719 935 651 23 
959 5 910 359 407 33 288 187 440 352 10 884 669 412 336 471 265 878 160 60 961 201 585 853 799 937 606 397 159 535 193 521 639 745 50 197 496 911 804 966 234 978 979 
566 919 409 259 793 83 225 609 298 565 580 403 
639 307 391 896 237 848 747 806 53 425 141 241 
153 225 382 5 553 845 54 780 531 433 569 369 319 94 547 53 445 
211 27 754 264 525 284 402 73 171 236 850 285 893 372 
226 882 709 155 125 929 101 973 54 408 322 944 
171 273 252 630 800 628 471 345 98 188 5 973 595 660 426 353 164 900 613 909 
849 381 703 159 118 682 434 950 922 653 349 505 673 459 463 828 961 60 981 
27 167 441 510 807 779 985 725 75 944 706 697 171 350 217 130 897 980 303 153 495 214 823 862 558 
778 158 971 833 836 700 231 319 188 186 810 709 308 848 62 921 994 
16 823 930 471 119 864 888 250 677 319 9 870 505 385 531 987 
615 418 767 480 867 358 56 686 217 496 902 33 15 810 694 410 542 757 341 314 789 536 138 896 143 835 412 909 913 647 970 752 255 390 76 821 992 995 
947 981 405 510 638 615 11 599 380 569 831 99 534 768 120 567 
829 47 830 904 145 669 234 874 758 1 705 993 
479 52 168 969 901 615 772 724 258 930 890 983 313 33 467 956 355 
911 551 149 817 673 488 490 5 816 653 889 
921 565 793 535 943 136 782 521 901 213 421 186 242 463 68 418 465 955 157 336 664 595 874 370 612 422 827 22 
646 819 255 575 114 803 423 438 241 577 786 271 458 542 111 
607 674 812 753 453 899 629 854 491 316 993 54 619 122 487 76 2 539 660 127 518 146 387 247 806 688 70 863 645 567 503 887 954 813 740 689 20 
171 319 800 961 259 512 623 984 560 204 467 723 362 352 133 809 754 314 749 677 68 563 665 612 950 
522 948 991 26 523 251 220 725 986 101 361 612 332 495 855 577 382 714 352 965 224 18 503 699 967 996 
149 274 615 640 203 547 700 589 982 881 282 571 709 
400 921 565 45 851 546 765 379 675 137 64 896 668 753 984 41 12 
407 10 181 187 443 288 856 159 358 965 259 196 607 483 950 15 541 84 490 480 360 993 304 761 
4 848 851 360 675 752 694 520 896 540 
763 710 183 650 48 106 644 557 574 76 
115 590 804 931 703 572 678 730 483 526 182 349 76 152 836 
348 339 694 935 170 565 277 727 631 5 624 114 136 537 361 800 567 928 835 
