1000 9766 0
235 627 676 748 905 934 938 1000 22 131 198 237 251 334 370 381 401 466 542 544 649 671 695 746 772 825 892 973 
292 336 594 234 277 661 727 744 850 947 981 
167 441 786 852 945 977 144 188 235 337 380 514 731 742 791 823 831 835 838 930 
374 521 542 650 777 851 70 111 200 225 237 318 339 363 389 404 467 507 729 817 
106 153 181 187 352 530 553 616 856 910 916 973 976 996 35 59 94 99 105 108 120 159 214 224 231 238 255 283 339 477 500 521 581 667 698 733 737 751 777 784 799 805 825 835 842 849 888 966 
37 159 213 15 259 287 353 356 474 680 772 836 
31 209 324 500 518 857 58 70 175 440 507 628 712 786 870 889 963 993 
79 166 578 617 827 34 54 158 174 272 293 353 471 567 711 869 901 928 980 
90 600 604 622 623 628 635 772 847 961 965 61 81 150 234 311 348 369 404 408 495 500 575 595 636 740 786 827 837 841 931 947 955 968 985 987 989 
33 187 225 288 407 415 440 443 616 664 801 816 12 24 74 165 224 266 285 477 480 495 499 543 545 618 670 694 706 739 740 774 780 839 922 926 989 993 
111 566 829 163 384 539 607 745 943 946 954 
94 127 371 552 10 302 368 458 482 709 714 732 819 827 893 
54 136 400 458 688 730 790 943 15 18 33 144 180 188 214 326 336 352 467 491 520 534 537 553 567 592 605 641 672 
17 550 836 934 40 84 217 254 275 345 375 411 561 646 790 
29 341 397 430 624 765 805 13 6 35 206 220 285 293 339 384 517 560 574 608 722 764 811 860 900 
156 180 670 879 77 225 250 385 426 477 735 744 791 859 
14 339 349 673 289 299 497 681 848 851 874 
112 116 157 325 378 514 550 811 817 982 13 26 49 58 65 72 186 196 237 242 358 445 453 467 493 565 568 570 575 583 703 754 775 840 
30 727 969 29 94 347 512 550 616 713 
44 206 755 40 69 102 260 692 876 935 991 
523 607 821 854 38 212 299 637 703 766 943 
60 189 313 471 626 749 920 983 1 114 115 192 241 287 339 352 371 453 462 646 669 686 716 737 771 778 785 907 
325 339 577 580 796 905 86 117 217 302 360 392 395 516 532 595 639 668 742 757 
93 115 284 350 360 590 804 931 10 25 71 185 247 293 340 429 542 563 613 620 670 746 786 849 886 962 969 973 992 
396 477 939 24 84 274 351 398 494 845 856 
135 372 448 463 522 821 899 948 991 18 120 141 185 238 247 301 319 399 406 422 468 527 545 575 621 623 663 670 710 800 839 919 937 
211 293 299 754 786 977 119 187 232 295 336 404 426 532 545 569 615 623 673 849 
242 479 564 45 420 489 552 789 805 812 
15 169 329 446 624 805 908 19 66 126 142 224 326 551 567 586 633 680 682 702 763 864 874 980 
19 242 356 452 570 901 67 217 246 319 359 403 502 537 561 569 750 786 849 855 
7 61 217 290 764 119 256 267 438 542 623 651 660 673 678 742 818 847 884 
269 294 629 753 899 114 151 164 228 281 415 441 647 662 668 690 772 931 989 
10 77 145 225 268 330 352 382 440 816 910 973 13 35 108 209 212 232 249 250 255 323 326 340 349 361 395 491 508 545 607 691 695 714 740 831 909 943 960 965 989 
259 273 878 8 111 121 545 702 727 907 910 
222 646 718 819 33 15 5 220 231 459 743 849 911 979 
217 649 686 256 320 391 401 459 508 658 
6 159 186 213 224 689 849 862 871 39 111 125 138 147 195 243 272 308 370 391 467 567 580 600 616 678 808 832 925 991 
370 622 885 965 21 66 118 119 183 207 535 636 926 983 
386 491 696 37 200 423 618 705 786 815 880 896 964 
200 212 240 543 605 612 818 944 956 14 20 55 63 307 374 493 516 594 619 629 675 680 683 695 714 718 752 754 958 968 
139 446 572 127 129 149 332 333 525 578 670 747 862 
125 471 528 670 823 53 103 197 209 271 369 451 467 505 677 683 782 821 884 
237 623 965 104 266 419 629 675 709 817 
20 732 930 302 388 434 449 518 548 727 
223 287 327 521 705 28 89 98 236 268 299 408 508 569 669 670 732 867 930 
190 678 820 825 132 163 320 360 404 512 589 605 619 683 720 
380 519 658 663 714 159 215 248 274 349 391 449 595 694 739 858 959 968 991 
126 164 852 891 158 177 234 246 504 896 963 
145 440 553 884 18 127 163 237 356 437 560 590 644 799 802 863 
344 538 702 76 320 326 431 501 550 577 632 760 
114 131 211 56 111 193 223 543 651 998 
250 315 377 388 472 549 570 632 901 926 79 159 176 237 247 258 264 273 357 417 418 441 474 477 491 569 589 728 748 800 801 814 873 952 958 
289 595 625 857 42 78 89 292 346 382 952 
13 179 276 368 400 426 429 477 521 542 576 705 790 889 8 93 101 150 211 283 306 320 354 372 376 390 404 428 455 463 464 467 629 640 669 670 696 728 771 832 866 886 899 915 926 930 942 961 970 
297 322 531 546 578 617 40 159 168 177 314 366 435 511 609 652 679 697 806 861 878 
271 791 923 51 144 400 681 730 827 932 980 981 989 
232 370 412 562 630 839 859 928 66 85 141 210 284 354 363 387 403 461 495 503 558 594 716 802 852 868 945 
295 466 930 983 18 7 111 131 299 353 516 594 684 834 836 
75 246 409 498 690 773 781 837 986 5 209 281 392 422 491 516 562 676 723 739 784 805 894 901 926 965 969 
22 156 180 364 403 404 840 863 111 149 182 214 324 350 353 417 475 536 589 607 618 660 758 785 786 806 857 891 904 
31 234 432 903 9 226 232 316 449 498 550 657 919 928 956 
136 535 790 76 125 143 158 241 379 384 412 551 
132 137 201 495 527 673 697 935 40 67 91 96 244 277 288 315 328 368 416 479 531 709 786 835 950 981 995 
70 116 199 325 580 620 673 676 722 836 888 78 101 148 149 241 268 306 319 392 393 397 465 469 470 565 624 646 660 691 750 773 816 839 864 893 910 998 
125 670 930 18 66 341 358 400 408 503 688 903 
101 489 835 881 966 57 65 29 38 91 122 272 467 508 594 677 773 991 
171 237 252 517 589 623 652 859 979 30 63 100 292 348 349 364 387 403 484 487 491 580 606 624 649 749 759 789 826 853 893 896 990 
134 408 642 783 75 217 234 328 380 487 541 650 663 830 833 856 
567 672 958 20 145 359 378 576 607 696 973 
64 83 122 174 325 349 495 527 550 580 673 737 888 971 4 7 73 85 114 208 212 225 365 432 570 575 662 724 735 790 797 835 840 854 865 873 874 899 933 960 969 986 988 992 
228 531 574 24 287 428 653 655 727 754 840 
241 308 360 747 18 268 353 552 681 709 741 
277 402 706 70 262 506 617 623 729 973 
254 342 731 741 989 10 311 322 341 508 571 589 601 638 639 684 744 856 992 
59 121 257 380 68 291 307 359 371 472 589 646 697 706 813 873 
83 457 550 673 751 888 50 62 126 139 196 329 494 505 543 679 784 807 837 882 980 984 
33 153 268 407 530 973 16 90 110 144 164 259 274 295 422 463 472 503 731 810 
241 284 311 53 64 188 472 569 597 782 888 902 
8 546 574 723 831 52 255 405 525 596 600 607 630 687 760 783 818 972 
101 699 835 106 167 180 277 402 495 515 902 938 
464 615 745 9 94 265 312 396 516 604 605 953 973 
111 383 837 986 171 307 382 552 580 656 707 883 888 965 992 
70 76 116 495 540 581 968 107 131 203 217 239 246 252 277 340 385 401 426 463 638 692 801 943 959 
250 356 408 460 613 900 14 25 93 118 237 357 410 531 572 689 845 856 880 947 966 
468 503 924 57 70 113 284 419 694 896 958 
271 274 559 902 984 23 189 265 366 455 458 524 576 581 727 737 800 817 955 
200 267 346 357 467 186 241 268 366 378 380 523 567 687 717 869 897 947 991 
166 301 845 192 395 441 503 737 783 881 939 943 
173 259 370 622 906 936 45 53 135 209 230 346 392 620 629 639 653 667 705 896 900 966 
9 885 965 77 360 407 495 619 661 739 846 888 983 
317 369 479 554 570 661 727 798 900 969 66 63 100 220 232 259 291 446 488 510 565 569 576 580 673 703 755 827 886 894 929 935 942 964 
114 786 832 913 184 250 314 446 454 471 561 610 875 921 942 
24 414 747 54 84 118 477 508 704 721 
12 98 349 378 459 552 580 608 620 697 869 888 19 81 5 179 204 237 248 268 285 306 320 328 360 370 376 391 479 531 573 631 639 647 651 670 735 839 847 944 961 975 981 
340 391 762 958 125 199 306 623 642 677 685 748 858 869 970 
546 578 827 63 171 240 409 417 615 659 678 817 
264 465 786 807 981 181 285 297 317 360 404 417 531 567 673 709 836 
94 627 982 45 119 233 464 471 597 695 723 743 897 
191 231 297 300 318 531 617 723 794 831 845 892 5 128 136 306 319 325 369 387 434 467 540 615 639 644 648 688 811 825 862 913 919 928 930 951 963 969 970 983 
218 390 498 579 606 67 91 145 224 271 306 368 406 478 747 843 864 873 
66 80 835 54 64 108 131 399 416 552 605 
405 786 887 20 141 145 194 334 360 869 914 986 
119 150 391 631 639 958 42 139 182 185 259 448 468 494 506 539 617 695 
115 360 414 804 43 373 551 662 750 916 973 
384 472 926 5 106 145 345 349 370 485 578 605 
5 239 382 925 105 80 172 318 351 422 481 755 937 965 
423 489 966 83 254 351 478 555 825 826 863 946 
139 169 245 329 341 624 766 805 908 5 33 101 138 185 260 382 404 432 521 528 546 629 634 711 777 837 888 891 927 1000 
403 506 573 858 316 340 569 817 835 839 950 
377 556 950 77 167 404 587 650 779 958 
11 82 361 362 582 724 773 830 919 955 51 34 60 58 37 4 131 158 160 215 237 250 259 281 306 319 336 388 448 499 553 557 599 812 910 958 
18 673 817 203 274 361 478 626 880 973 
390 606 830 85 234 506 597 648 734 799 832 964 
51 92 131 286 441 677 852 947 981 22 32 70 119 148 149 153 159 162 205 258 272 378 450 505 605 620 634 640 687 856 873 904 939 
24 104 205 241 350 771 22 239 248 323 383 400 449 522 682 720 902 
83 64 18 183 404 430 654 693 705 791 
185 247 277 419 719 23 202 230 245 262 268 284 326 459 467 495 542 749 926 
224 493 893 84 93 38 355 570 731 755 998 
103 150 449 492 567 639 656 949 958 27 114 31 38 98 201 206 223 256 268 283 285 293 317 338 440 574 641 768 799 813 832 971 999 
190 281 287 368 400 477 521 943 951 26 5 151 174 220 227 233 234 271 366 409 596 599 613 620 649 693 738 833 842 865 950 955 959 
75 579 837 34 225 271 349 408 703 767 875 
70 349 514 580 697 66 380 406 542 560 569 576 655 739 777 837 953 
297 320 636 259 304 406 541 674 804 945 
145 440 801 218 280 526 624 681 684 893 953 
65 42 156 295 406 708 740 823 840 62 37 95 153 475 477 510 531 553 559 611 631 643 679 739 915 925 942 957 
48 155 164 677 779 894 29 76 156 240 297 303 399 408 622 640 698 710 723 764 906 950 
12 325 817 49 41 228 306 543 702 734 
212 467 605 99 296 301 318 349 613 742 839 899 
271 486 619 813 41 182 370 697 884 893 969 
351 353 491 507 657 821 175 193 320 324 400 489 514 524 682 720 970 976 
114 51 164 167 279 304 465 644 852 894 947 101 83 58 1 111 158 165 170 325 382 383 407 461 469 490 506 511 529 580 669 691 806 841 855 864 901 958 970 
63 459 748 46 241 272 419 488 498 530 662 712 875 
670 755 858 930 524 675 685 700 736 911 948 
68 555 613 926 176 319 322 372 421 696 808 838 965 972 
26 463 491 991 89 222 232 234 404 420 527 590 637 847 
13 62 565 99 208 465 543 647 676 703 805 819 920 
63 141 174 349 495 527 751 811 833 869 159 180 209 234 248 303 324 351 368 446 476 496 533 564 605 606 607 689 755 794 806 812 853 950 973 
541 711 756 37 108 365 378 403 647 683 715 841 900 
108 41 151 341 430 766 103 76 228 320 378 506 620 628 660 725 807 835 867 927 
379 644 945 391 397 430 506 669 862 987 
137 158 697 869 938 26 57 102 196 245 345 366 384 503 729 773 823 
477 535 793 29 388 417 538 590 617 638 645 669 789 
392 467 470 545 62 241 329 389 464 490 557 843 933 952 
237 412 420 600 630 695 961 56 13 3 77 154 310 340 378 401 686 718 725 782 888 913 915 922 966 
33 49 124 187 288 355 439 440 530 593 856 884 105 69 102 100 157 287 313 368 395 404 423 447 470 545 556 571 583 588 589 602 607 643 723 744 790 803 812 828 933 969 
282 337 481 825 995 188 204 235 357 464 643 652 694 735 814 922 926 
232 434 501 517 548 878 979 37 210 241 242 335 351 369 529 539 547 641 671 703 723 741 786 817 951 
320 569 574 64 114 274 419 467 535 579 
177 274 358 418 513 518 619 649 704 729 764 911 114 41 60 64 187 259 303 311 328 511 593 600 655 687 688 710 716 737 748 762 798 835 842 859 873 897 937 971 
103 119 275 631 639 684 958 54 9 317 334 345 370 400 467 474 549 555 811 872 897 915 980 981 
139 245 765 805 32 120 228 249 369 393 473 526 558 670 959 
493 743 849 324 454 550 565 687 777 953 
5 77 443 125 114 361 470 540 643 713 965 969 
368 576 667 848 943 144 290 348 413 441 518 624 640 658 728 817 980 
126 428 716 890 500 552 839 840 896 935 995 
60 125 16 227 471 670 738 863 970 126 173 200 207 232 265 280 304 329 491 495 527 538 580 640 642 664 836 
18 235 676 789 145 428 462 607 617 692 707 807 891 963 
141 398 514 581 869 971 1000 62 131 8 48 111 206 211 294 300 431 441 477 568 572 606 639 719 837 911 
6 37 224 381 416 703 739 849 862 880 893 942 52 47 114 55 5 137 164 176 280 325 410 426 428 442 456 518 655 690 718 740 803 812 842 848 856 872 883 995 
399 577 748 888 111 211 271 317 364 605 949 
266 447 921 196 253 320 537 570 869 954 
391 639 949 114 241 432 522 545 560 668 836 969 
164 261 379 441 525 754 909 49 46 11 444 466 506 546 573 658 666 763 796 835 842 932 965 986 
131 48 163 126 211 379 757 909 32 77 159 234 313 348 351 368 464 492 556 562 588 591 628 745 796 812 864 870 939 
209 729 768 131 10 537 546 783 806 835 
8 88 841 196 298 526 529 538 911 965 
131 3 474 641 644 716 807 110 80 216 246 312 316 394 418 471 499 521 545 781 822 889 955 991 
262 317 452 483 516 742 774 900 926 55 230 234 237 330 379 426 500 501 521 532 561 589 673 689 756 807 865 873 935 938 968 979 
29 108 329 805 171 374 432 485 635 705 723 827 891 905 
349 580 653 869 131 196 224 289 294 318 472 520 648 713 725 925 
67 173 512 623 839 847 965 82 169 96 293 346 363 399 438 646 689 724 755 821 831 893 930 952 987 990 
231 320 681 106 223 406 493 659 702 806 966 995 
171 89 589 156 236 264 333 537 675 763 856 860 
137 70 235 348 457 627 694 8 120 215 237 254 312 317 340 415 419 471 496 688 727 802 831 852 873 922 
354 524 737 130 7 290 308 650 706 744 749 890 
368 650 820 921 995 52 134 159 352 519 543 562 856 869 882 958 961 
149 591 984 55 48 359 413 584 606 914 927 965 
531 681 831 276 299 482 483 575 601 696 710 717 722 
54 691 848 94 181 235 279 352 408 925 
60 16 227 313 364 404 506 708 823 970 13 80 137 246 293 297 339 346 352 359 361 376 412 479 485 530 552 561 581 653 714 794 826 872 
5 476 664 897 996 97 179 259 319 368 585 712 922 970 
251 507 657 993 60 103 129 195 214 396 542 
255 646 718 736 787 806 868 116 38 294 331 404 499 528 552 554 590 600 603 658 675 849 856 864 995 
185 485 532 563 701 706 725 876 967 92 254 373 435 515 520 521 600 658 716 755 757 791 839 849 887 909 943 949 973 978 
117 184 203 277 402 419 485 532 563 701 963 24 103 108 26 201 252 269 325 387 415 487 507 517 538 594 664 696 703 709 803 818 829 890 914 941 977 
37 416 743 18 87 241 308 661 673 700 819 911 968 
145 5 10 359 897 910 973 996 27 149 232 349 377 455 471 500 514 521 525 542 556 595 599 627 717 842 893 898 901 
404 471 755 922 930 983 3 78 146 13 443 477 486 521 526 696 701 754 821 904 
22 740 922 86 199 317 392 463 507 739 893 
46 120 374 688 843 943 230 241 313 348 364 604 653 711 761 887 896 996 
99 297 301 617 827 230 294 308 329 426 482 521 568 615 676 732 935 
225 288 352 22 88 264 421 550 885 901 
271 274 464 595 874 130 51 214 247 362 484 521 675 825 872 910 914 969 
336 393 594 949 102 218 293 390 443 468 547 654 901 981 
218 582 896 182 37 234 253 430 462 554 787 863 
338 489 538 668 835 872 881 166 141 76 18 161 170 350 382 588 745 820 825 827 839 870 899 922 985 
445 525 754 947 42 243 359 427 439 493 597 661 696 921 
450 496 984 1 287 377 466 674 875 930 
64 339 514 550 796 929 954 95 189 237 240 242 281 285 394 402 462 497 607 788 824 885 911 939 
87 40 240 267 357 467 561 647 39 156 4 216 336 515 517 529 542 670 721 742 755 820 849 892 911 969 992 
63 371 581 637 748 934 938 119 185 234 253 318 327 364 429 449 506 563 624 749 766 901 943 983 
467 539 685 117 333 415 488 651 758 772 851 892 
185 277 419 532 701 967 83 112 272 319 366 368 400 447 516 566 625 655 656 731 949 954 969 
243 407 959 146 94 272 274 277 607 657 681 731 
115 241 308 735 114 254 277 304 459 463 619 732 793 809 923 
20 471 508 840 858 119 15 158 349 383 627 658 792 818 892 943 969 
222 526 763 156 38 274 583 680 738 888 977 
562 761 961 136 70 477 491 787 811 974 
165 7 274 358 615 729 855 911 923 957 89 59 33 42 137 235 332 353 474 479 498 526 539 687 689 709 785 801 824 886 910 989 992 
529 591 745 147 57 315 329 514 520 709 808 922 965 
27 164 51 261 405 410 641 677 754 757 814 160 54 158 229 231 349 370 393 411 435 443 446 528 534 580 608 657 681 685 693 709 743 816 828 836 879 899 958 
128 40 326 539 70 21 33 410 461 510 577 613 744 768 797 810 
37 6 224 219 419 554 570 610 688 887 989 
292 567 975 182 5 193 13 60 220 725 791 
265 387 828 864 47 174 111 231 328 434 520 750 917 996 
278 491 533 167 200 366 489 666 721 774 871 924 995 
36 31 234 285 345 768 30 83 14 23 68 272 368 612 655 670 681 725 749 804 893 939 
195 100 246 380 409 602 124 194 249 294 352 358 382 416 423 425 472 778 888 921 991 
449 639 933 213 235 362 433 702 770 884 912 964 
248 294 353 394 507 629 993 91 120 35 214 15 275 425 487 503 506 558 619 630 709 801 963 988 
381 703 849 420 586 651 662 897 908 922 
207 35 526 558 718 819 135 348 464 488 514 637 667 728 764 773 851 899 931 973 
45 400 784 51 172 119 407 479 773 814 985 994 
118 213 159 37 381 502 703 849 5 100 170 29 10 360 366 408 436 509 517 530 531 589 632 636 797 887 911 965 
10 33 192 355 4 121 70 16 273 276 429 571 603 641 911 
618 709 752 978 61 470 622 633 644 653 712 773 894 948 993 
180 156 404 670 120 258 339 603 620 649 664 737 743 786 950 
71 229 300 569 744 794 827 32 139 127 151 244 323 368 426 468 489 552 750 809 912 945 966 985 998 
228 231 681 794 827 834 211 272 390 426 460 505 551 553 600 657 699 748 863 878 956 
346 422 467 609 818 895 89 117 190 168 191 284 341 374 459 540 687 716 829 843 913 928 975 
172 99 229 569 681 723 831 215 35 211 5 250 264 285 361 611 718 782 791 808 840 879 884 930 966 
57 147 319 370 412 726 962 992 61 33 156 27 135 187 91 292 382 386 438 455 514 535 546 620 699 941 980 996 
320 487 531 892 98 120 292 298 338 369 589 606 631 655 948 
61 217 285 324 418 496 591 625 633 764 767 960 113 168 9 164 68 137 201 195 135 48 2 120 248 299 325 355 383 417 419 433 460 507 528 654 804 818 826 869 975 987 993 
1 157 174 283 459 580 653 673 737 751 785 817 968 209 179 3 146 219 275 346 360 408 443 477 491 506 558 615 622 636 670 688 696 705 708 747 752 754 763 805 810 820 831 865 885 951 
422 612 873 45 173 503 507 551 562 774 784 846 
144 43 67 501 585 592 761 772 800 810 842 928 979 4 111 1 199 174 84 18 94 52 49 168 303 306 324 364 400 473 518 522 523 530 531 545 582 679 687 689 697 876 882 930 958 997 
726 839 961 26 5 261 320 326 650 679 756 994 
106 530 856 910 83 115 285 301 327 360 380 548 578 589 873 878 
40 200 599 746 873 96 199 126 325 407 498 531 549 714 752 766 853 
205 78 115 72 284 308 365 389 590 603 804 917 87 162 132 147 186 62 143 64 190 22 257 316 339 351 391 418 486 514 526 538 703 754 787 794 869 891 894 939 981 984 
28 30 516 774 969 18 147 199 426 427 443 654 733 736 874 954 993 
204 816 856 197 37 313 418 622 785 880 913 
342 782 943 228 63 506 528 756 977 983 
108 151 766 141 117 257 370 635 719 723 806 
59 218 296 303 498 579 773 896 48 83 167 30 180 271 275 284 349 393 435 464 539 651 684 725 726 798 838 861 981 
117 419 532 698 719 725 967 52 24 26 193 281 480 527 537 593 796 807 830 888 903 958 974 977 979 984 
220 280 469 541 607 696 899 991 115 94 137 47 234 293 337 377 400 412 510 582 679 701 744 835 845 869 989 
413 723 831 33 218 151 552 604 756 757 
52 84 315 472 479 682 950 33 111 16 231 92 357 362 383 511 603 704 730 750 758 791 818 820 971 996 
182 435 657 696 1 290 348 376 419 452 509 592 745 759 
67 548 733 185 83 365 542 762 811 954 
410 852 913 201 161 195 257 357 523 776 991 994 
74 468 477 650 688 705 824 921 939 995 205 184 107 14 174 283 292 297 508 533 546 549 566 608 615 617 657 658 676 710 840 865 965 976 982 
183 575 763 5 79 33 288 290 641 800 805 
303 536 663 797 31 36 119 324 351 382 434 555 577 708 717 
75 333 498 568 655 724 896 241 245 253 317 451 489 619 668 693 761 763 819 836 873 885 887 930 
521 650 721 953 227 114 52 482 545 573 653 740 785 849 861 
89 34 319 511 630 726 842 885 123 103 149 6 91 77 181 111 372 399 481 491 503 518 693 705 745 897 926 947 
375 385 422 539 640 647 685 693 20 108 370 409 434 477 485 500 518 664 701 774 780 807 812 899 974 976 979 995 996 
163 211 482 238 332 492 630 682 701 702 856 
168 727 950 73 117 370 845 907 965 990 
382 816 959 550 571 661 698 782 852 893 922 970 
97 405 474 913 173 52 192 231 463 492 581 589 678 704 
215 752 864 156 86 81 286 287 295 473 678 806 958 
161 272 782 10 43 336 460 644 659 677 756 823 
200 87 561 31 301 340 752 778 883 916 
33 77 288 330 664 910 973 94 119 117 87 64 72 45 282 348 386 413 673 675 742 782 901 923 
32 314 812 185 360 370 647 732 912 920 
362 454 829 898 313 341 378 392 416 524 594 685 739 894 922 
193 56 86 129 306 358 464 745 776 791 946 984 246 160 100 121 120 42 286 287 341 360 379 489 597 603 606 607 629 647 664 697 701 708 742 789 834 836 884 912 913 
266 321 477 542 565 730 820 822 952 37 66 217 114 132 8 229 203 204 348 371 385 393 440 675 768 773 801 817 868 888 926 
34 298 695 842 52 225 327 676 917 918 952 
209 193 149 86 358 615 729 946 112 148 77 47 204 207 25 323 474 501 550 578 640 709 718 821 950 974 990 991 
150 687 958 246 220 14 235 407 527 579 737 744 891 
54 721 907 178 225 296 344 670 772 845 
73 117 203 185 419 485 532 701 706 725 838 967 2 83 80 205 204 63 281 307 338 368 423 432 451 457 472 521 531 551 605 660 696 740 798 806 842 904 952 966 
216 629 899 343 438 677 712 744 819 924 967 
131 293 299 179 362 436 597 639 736 984 
248 294 629 156 159 124 324 378 550 620 650 664 926 
120 337 688 808 199 32 111 59 277 247 324 328 387 873 961 
146 374 939 268 383 439 563 748 812 986 
235 335 620 673 254 5 54 119 569 630 705 726 820 883 909 
241 78 24 350 360 484 230 57 117 246 85 306 357 392 412 451 483 673 737 759 765 769 
234 217 306 559 596 615 704 745 984 94 199 10 15 119 231 239 97 525 547 713 742 819 852 870 901 924 948 958 963 970 
114 379 482 891 271 265 377 418 449 580 676 818 829 878 951 
120 45 535 777 822 843 883 71 271 6 198 22 265 145 288 404 506 603 617 663 781 814 834 866 895 902 
192 10 145 268 255 287 63 320 383 442 509 629 639 923 941 
53 324 595 17 170 303 715 822 825 929 
31 324 509 154 175 251 255 498 656 748 869 
364 858 863 91 75 410 615 671 719 765 
2 214 449 537 639 687 762 958 232 67 254 233 53 390 475 514 570 582 807 813 874 882 930 939 960 973 976 
27 279 299 410 473 510 754 779 786 913 977 194 8 119 180 171 15 24 248 306 317 337 353 426 435 436 446 449 530 535 568 586 597 661 719 806 919 927 961 
280 220 32 795 846 850 875 993 170 158 218 191 183 437 440 508 519 536 632 650 702 718 767 859 895 916 982 
58 125 404 626 27 77 265 397 739 750 793 895 943 946 
246 383 655 276 128 467 650 751 761 796 937 1000 
55 99 191 123 681 254 126 180 97 306 353 425 429 556 590 704 779 940 972 
273 600 936 962 166 233 325 485 496 603 696 709 817 949 973 987 
293 27 279 641 803 807 178 45 17 234 58 21 419 425 437 462 504 580 636 725 776 830 
99 228 497 531 569 158 422 493 561 749 832 903 921 941 
191 88 569 841 239 26 128 267 395 516 565 593 660 708 779 850 
351 629 753 23 12 44 387 399 417 726 
256 246 927 149 289 126 237 137 443 448 529 744 894 
131 716 977 123 156 205 368 612 635 703 827 
368 678 808 547 676 745 754 872 896 950 
271 285 358 424 902 923 960 984 297 237 100 99 293 94 64 111 127 284 95 54 314 316 531 567 673 694 703 810 
312 639 666 684 82 277 75 40 347 379 480 514 653 658 703 996 
72 205 241 360 461 603 735 191 186 175 37 335 442 447 550 567 606 617 673 676 811 813 919 953 988 
565 939 943 316 373 402 478 506 682 888 946 
835 966 972 144 319 471 485 598 684 895 969 1000 
78 376 760 9 149 74 419 558 778 780 
307 639 958 174 81 167 408 580 623 862 
22 180 544 732 145 190 164 243 270 682 751 794 873 961 
269 316 756 854 55 306 92 359 544 734 828 
52 250 478 554 621 900 210 63 381 565 592 665 818 869 897 940 958 960 
314 353 372 607 657 750 756 812 821 61 241 109 306 309 167 391 400 405 480 556 574 595 617 699 715 752 786 839 859 895 929 943 
168 91 479 613 642 727 900 926 950 150 97 119 189 160 293 174 257 422 502 620 674 676 680 735 810 820 848 915 939 978 985 
99 320 569 834 170 106 4 201 128 471 658 776 836 937 966 990 
259 232 517 695 761 800 810 842 885 965 111 99 26 64 203 181 310 134 30 329 358 364 383 497 579 595 616 624 728 748 764 781 805 860 946 958 
233 123 148 318 172 531 617 681 744 815 827 870 161 54 130 288 50 46 139 94 36 238 389 463 628 629 657 662 747 764 821 825 851 896 897 949 969 979 985 996 997 
272 468 678 490 491 528 581 719 727 750 805 865 984 
55 515 860 74 134 575 581 652 800 829 856 971 
691 924 943 228 115 33 274 581 638 874 996 
289 7 234 290 358 418 513 791 874 946 984 137 237 280 60 281 152 130 256 366 384 399 419 420 457 521 575 670 691 780 789 800 804 864 891 934 971 
23 70 127 18 64 349 459 514 935 131 298 234 159 99 240 185 472 476 534 578 592 678 685 690 732 749 840 873 875 896 897 932 973 
212 545 612 662 669 685 238 13 50 29 33 117 380 515 565 591 720 758 809 849 893 948 961 
45 477 691 943 273 239 201 482 510 545 656 810 839 869 
489 668 702 853 872 94 215 281 149 63 68 474 693 709 712 842 856 
108 29 169 446 475 76 156 143 319 191 210 410 550 604 650 658 948 968 
33 268 973 168 368 381 489 517 550 620 748 934 
421 597 865 183 379 395 571 661 829 943 
378 552 811 209 41 261 650 690 752 976 
257 658 896 202 41 173 531 535 687 971 
400 648 921 1 150 102 509 670 794 992 
283 495 971 308 147 422 503 799 878 933 991 997 
2 194 391 594 631 639 111 200 266 27 13 361 495 502 577 682 696 730 773 880 922 934 
281 146 368 503 808 3 248 293 404 501 632 714 775 779 786 818 853 981 
196 344 423 489 872 277 119 233 360 646 675 722 793 926 958 961 
17 23 199 349 653 789 817 904 15 22 180 5 227 4 241 461 531 551 589 631 644 650 681 703 763 834 849 865 989 
95 651 687 769 958 267 33 109 24 83 144 174 382 408 522 628 741 841 844 
139 108 15 624 805 65 271 74 270 230 349 401 452 636 713 807 877 992 
244 74 368 921 441 448 489 491 506 685 966 
381 689 739 278 395 612 627 655 705 835 934 989 
338 50 489 276 525 571 594 637 773 814 887 950 984 
217 776 946 994 150 105 14 141 354 694 814 815 827 832 904 930 
87 230 467 685 171 89 235 53 180 479 526 576 789 885 961 969 
588 646 819 19 307 369 484 568 724 744 753 840 866 
174 495 620 737 778 971 251 67 164 190 272 222 9 154 268 365 546 642 651 702 780 826 920 
70 122 17 339 325 94 137 170 378 580 676 888 935 971 246 128 211 187 33 67 206 47 105 121 341 357 381 391 412 415 449 464 471 534 544 605 702 708 783 827 864 865 889 895 918 923 927 944 983 
115 24 284 389 603 999 60 196 352 382 514 526 577 581 589 623 722 750 779 833 887 918 969 
130 302 401 491 607 629 696 812 846 850 993 137 107 241 147 25 256 106 164 378 383 402 416 421 459 488 530 623 663 781 786 788 807 816 874 961 970 
192 5 33 439 664 959 350 176 218 22 179 180 13 370 390 449 526 615 703 737 753 814 986 
220 316 130 541 991 58 297 72 6 8 209 60 293 392 767 771 992 
175 637 737 54 57 345 639 749 969 981 
225 145 553 856 234 118 468 597 673 705 719 785 789 903 935 
84 30 516 969 6 49 412 442 471 679 754 782 805 896 941 976 
87 200 422 873 349 84 146 52 250 253 284 416 665 826 952 967 
324 274 271 306 209 149 418 680 855 18 319 65 218 361 393 400 454 573 580 731 755 760 777 849 869 914 955 997 
187 476 897 197 314 75 30 69 177 180 613 958 
308 72 104 284 24 603 734 747 771 804 931 224 269 239 338 97 235 23 271 102 90 94 46 403 422 449 500 565 578 638 642 654 658 721 885 919 945 965 989 
111 454 582 602 606 663 781 336 231 153 112 33 180 358 378 408 517 583 631 636 639 791 803 818 951 965 
270 111 390 606 611 919 955 974 219 250 193 279 429 475 490 492 571 576 596 634 683 722 761 770 789 866 965 
369 516 642 4 171 57 368 453 477 491 567 732 
60 180 291 506 573 708 922 237 319 160 190 67 201 394 409 426 429 463 672 735 763 791 792 906 969 
241 437 734 70 252 138 348 680 701 813 926 952 
455 460 516 549 632 682 742 901 969 224 87 216 203 141 120 55 86 324 373 376 386 414 442 535 559 610 725 739 788 963 
849 862 880 435 490 617 646 673 795 841 923 933 
54 342 154 337 120 305 176 477 481 650 667 678 883 921 952 12 277 363 304 203 145 228 181 217 63 100 330 164 137 371 378 386 512 525 538 612 613 623 665 772 789 810 816 850 873 954 990 
91 363 462 483 774 798 901 347 99 233 147 42 9 151 410 456 535 641 688 697 706 763 843 850 985 
232 89 57 38 420 511 623 800 839 878 906 962 37 352 260 211 129 105 1 262 269 245 94 150 396 457 479 521 581 619 636 637 681 788 867 901 919 958 971 982 
201 12 399 495 577 272 75 22 368 434 489 595 641 738 
316 26 812 54 259 134 390 736 737 804 935 
506 626 740 755 104 366 184 309 396 462 479 555 637 810 
190 4 282 169 40 230 758 888 915 975 
260 543 612 14 516 531 592 750 791 801 841 913 984 
311 484 590 603 700 735 54 94 366 251 180 402 457 523 527 685 978 993 
110 52 452 516 759 950 987 187 286 248 198 420 458 511 531 644 666 696 699 726 739 868 881 911 
332 349 18 94 581 637 683 817 888 270 87 139 69 280 351 144 114 138 361 368 454 504 582 699 711 784 841 895 921 964 
140 164 163 286 803 977 331 62 168 307 271 392 480 532 597 613 670 681 735 827 839 935 
47 75 218 568 919 239 68 87 326 3 122 430 507 542 543 603 784 859 979 
159 224 221 343 893 330 315 1 349 576 688 701 786 817 864 868 905 913 956 
106 33 263 407 801 910 916 976 82 232 340 131 196 108 350 218 53 256 404 452 524 577 615 784 833 917 955 966 987 
296 82 504 611 692 714 781 927 234 282 288 351 206 250 115 131 319 400 507 634 709 718 756 813 845 971 991 995 
105 455 632 638 15 324 141 11 62 410 552 685 835 888 986 
260 431 543 16 83 272 416 680 711 742 864 996 
39 607 629 366 232 268 368 737 939 945 
215 444 618 665 709 752 864 865 877 67 99 281 57 185 302 395 411 433 458 485 503 508 592 620 629 639 678 688 742 805 
52 483 900 142 111 44 465 665 846 849 
350 241 735 143 320 4 515 607 682 858 
113 362 100 658 690 194 372 292 54 352 229 420 550 605 621 670 825 888 946 
95 162 103 336 449 492 567 631 639 687 975 241 37 140 316 47 94 36 349 419 457 464 465 486 524 546 575 605 673 694 791 827 836 854 950 962 973 994 
143 451 467 605 647 818 873 59 270 89 23 189 284 353 64 379 404 481 542 710 786 836 909 919 983 
194 537 567 631 666 684 358 272 246 64 151 211 412 413 429 515 542 622 827 845 
220 533 850 167 364 199 404 502 794 823 941 944 
429 503 521 730 731 822 921 989 387 88 343 301 331 145 33 23 442 534 539 549 598 657 675 689 735 819 926 979 990 
25 503 505 650 81 182 373 370 483 623 682 756 817 829 930 
15 572 766 295 64 140 431 576 679 900 
158 550 737 954 25 596 615 691 837 870 877 936 939 990 
371 160 457 499 540 888 968 302 171 259 101 26 324 126 412 461 536 556 664 708 735 752 764 875 950 
13 120 223 334 54 426 477 583 648 782 824 825 848 952 248 316 150 358 237 383 130 115 56 203 65 418 422 427 624 645 659 670 674 683 697 725 757 760 778 810 821 836 950 975 978 980 992 
351 463 753 812 846 1 341 36 144 83 479 486 508 736 832 879 909 
73 185 485 701 706 876 309 199 351 80 376 512 606 688 694 788 867 900 933 993 
109 60 466 708 755 67 138 30 57 360 541 649 653 941 
295 180 60 227 188 506 508 534 544 573 755 918 922 108 183 110 392 382 46 287 394 337 97 9 116 27 145 54 4 135 465 479 552 600 653 725 730 794 889 890 927 961 974 994 
264 102 211 441 474 316 79 545 638 646 705 747 752 794 
125 466 573 172 122 123 100 26 446 546 752 860 885 
77 382 204 10 415 593 664 973 275 240 90 131 223 517 521 580 646 653 747 812 869 881 893 903 909 949 978 
68 84 455 479 638 661 759 987 235 121 9 179 224 65 361 312 126 340 45 506 512 673 752 755 756 762 885 946 
218 59 773 919 260 96 364 120 436 514 549 746 831 915 921 948 
211 253 293 520 547 786 887 937 985 291 384 159 369 329 212 84 413 471 479 481 491 522 615 756 805 817 872 
710 844 990 211 387 14 531 607 701 828 
144 57 232 417 434 643 878 885 356 349 284 62 393 180 399 248 414 427 452 476 493 560 678 744 793 884 917 952 972 
249 531 723 154 393 268 177 410 564 916 
93 104 771 366 412 436 554 684 733 987 
407 10 897 202 32 349 185 174 595 642 665 687 908 
159 186 502 893 980 101 218 351 63 357 270 385 483 610 639 829 988 
412 772 859 885 97 142 60 302 234 96 52 555 806 872 
358 149 324 234 480 615 625 52 241 400 286 243 167 624 702 712 726 737 744 833 859 968 972 973 
277 117 185 203 247 485 532 698 701 706 838 967 148 174 311 324 391 43 85 251 132 299 234 213 442 475 518 526 581 606 632 649 674 758 782 790 859 864 895 960 965 978 979 
370 144 800 390 135 324 221 377 28 445 586 
331 598 752 351 134 192 524 539 641 715 732 929 
236 230 260 357 451 467 539 599 612 640 873 895 26 300 360 106 335 77 59 317 400 465 485 488 530 557 573 619 620 680 699 701 705 737 786 804 821 955 965 996 
107 338 914 966 277 218 39 145 471 509 644 670 757 849 864 
306 551 615 633 426 477 748 755 798 808 971 
545 561 912 299 297 218 220 446 687 935 946 950 
54 400 503 565 650 715 788 907 997 83 27 168 16 424 293 159 242 229 364 228 191 459 588 710 775 812 819 847 855 874 888 948 
471 749 823 400 412 197 242 489 499 716 745 779 
155 525 981 159 71 54 157 771 819 934 
54 395 705 225 297 362 364 393 24 201 
15 139 475 707 380 195 140 116 517 528 722 772 865 927 973 
385 605 612 50 397 158 629 666 737 799 932 948 
61 509 680 813 277 70 108 169 162 433 603 
703 849 893 387 219 234 432 565 728 735 812 907 989 
412 147 695 256 44 260 99 371 215 776 
251 453 523 812 899 940 246 367 55 293 211 184 623 704 760 791 885 969 
709 864 882 279 414 293 409 224 584 661 753 
365 735 917 49 299 294 463 497 555 864 
506 863 970 31 171 232 278 592 621 865 
145 352 593 197 282 534 549 797 858 965 
49 124 10 33 145 996 272 119 294 7 448 480 508 521 604 612 745 835 888 895 
3 114 405 163 445 779 158 32 52 342 88 154 491 658 660 709 745 896 897 935 
514 552 571 954 968 1000 159 308 395 419 356 366 288 478 536 569 624 657 709 712 788 827 844 
153 10 530 910 188 211 303 194 235 242 445 548 723 802 821 869 
387 597 864 163 565 660 763 855 937 991 
441 197 894 420 443 18 558 574 791 963 
329 29 41 765 805 908 91 425 92 293 211 406 137 552 803 819 871 944 
161 576 921 145 308 203 507 548 818 881 908 
26 491 846 899 993 303 111 342 440 103 489 508 663 742 764 832 922 934 
391 292 119 219 594 631 666 672 949 958 61 360 352 349 115 286 293 44 47 201 465 481 514 602 653 740 848 873 922 953 996 
198 596 615 680 114 472 571 628 650 652 685 712 735 752 807 
392 422 802 873 284 257 277 42 606 613 623 628 709 948 
30 168 377 969 341 251 382 412 563 617 752 781 893 929 972 
435 711 899 363 18 22 510 813 864 926 951 
270 361 498 896 92 152 358 378 462 539 615 661 681 783 850 
408 384 366 969 86 54 232 187 458 489 525 631 734 848 935 
582 690 837 369 159 607 693 696 755 890 959 
174 399 76 694 376 277 391 324 370 486 646 753 773 900 911 916 
13 521 851 86 387 377 12 455 522 646 830 840 
325 235 94 132 550 836 117 35 351 426 230 205 36 526 656 709 716 886 906 917 923 979 
84 366 462 549 229 234 266 504 594 615 673 
308 590 804 131 339 399 57 212 631 676 913 
460 369 712 798 299 373 157 454 199 195 22 470 573 787 831 832 
26 401 135 674 756 915 320 83 189 77 264 54 364 205 437 583 677 740 765 782 863 959 
193 81 271 518 559 680 143 54 222 146 98 391 164 246 349 636 689 808 885 954 
97 131 547 677 754 786 887 909 981 136 449 422 391 388 64 404 468 478 489 565 569 579 603 631 737 750 822 826 885 914 968 
406 403 58 528 198 163 1 547 550 581 802 
230 202 392 422 200 346 143 87 128 539 605 609 818 895 54 4 37 13 66 42 150 117 148 18 296 99 492 587 602 627 629 645 653 781 805 806 835 853 876 877 894 920 981 1000 
254 321 85 481 667 989 355 194 465 103 228 26 550 639 908 980 998 
248 523 629 131 64 503 606 622 751 759 765 
143 662 685 153 64 462 226 145 544 580 859 940 
427 156 206 188 42 22 508 670 732 983 167 8 98 174 187 318 410 349 423 356 92 310 529 536 569 606 611 617 684 723 856 878 897 947 
250 105 52 479 780 987 450 75 325 218 170 77 277 78 528 644 702 703 750 778 825 928 
293 525 814 151 265 237 650 829 878 994 
167 264 405 677 716 274 209 150 328 52 6 631 761 921 933 935 939 
430 329 572 362 60 125 292 419 506 521 764 
181 359 557 816 325 412 137 481 513 606 724 861 864 978 
142 120 368 327 25 254 400 272 54 565 650 820 158 208 424 93 10 235 16 188 5 52 363 125 260 495 585 629 646 677 775 785 794 805 862 894 928 930 956 969 972 979 
315 613 661 682 969 112 107 442 309 465 100 654 787 819 864 873 943 951 
91 472 28 317 250 408 642 950 346 94 373 209 401 404 180 223 63 410 370 653 689 728 733 745 896 921 965 966 973 
418 704 994 307 10 379 440 316 247 670 682 744 761 
146 468 368 808 820 259 476 410 449 392 106 516 547 584 597 632 984 
261 286 716 807 327 12 178 191 258 678 748 808 830 878 
388 369 168 712 950 284 396 178 416 566 612 678 715 752 777 800 991 
376 284 603 735 193 67 347 601 604 607 807 845 873 973 
402 277 419 184 185 563 260 180 310 169 387 298 105 422 546 589 622 660 807 824 
129 776 874 241 391 457 401 188 538 546 581 773 979 
233 574 723 744 185 68 220 67 637 639 768 810 819 862 864 968 
508 534 544 749 422 202 91 132 351 222 585 728 780 924 967 985 
66 344 107 196 338 328 614 699 702 835 853 872 966 455 130 257 228 330 448 271 28 465 371 216 342 427 506 528 562 567 584 629 651 682 732 738 747 766 774 794 798 829 889 963 987 992 
589 622 965 362 143 321 367 131 580 831 871 
130 216 351 448 39 135 523 607 750 795 821 948 321 259 13 342 52 59 363 410 33 235 156 208 441 67 565 575 637 650 666 713 720 744 770 834 843 918 935 961 
119 391 684 467 261 164 362 264 681 794 846 898 984 
118 152 980 18 40 172 197 412 300 642 692 
693 818 886 103 76 25 495 658 861 897 
70 83 371 63 348 335 137 581 673 796 954 336 156 477 10 9 90 117 494 57 80 501 518 523 530 539 541 561 598 718 726 740 835 858 873 919 942 957 
234 198 615 174 137 298 520 635 640 690 828 999 
300 531 617 319 437 199 17 588 745 949 
100 246 257 454 59 611 132 61 240 290 209 520 560 804 899 903 954 966 
399 737 811 836 427 167 183 111 10 545 644 702 777 813 
7 601 686 764 767 168 187 5 360 260 155 9 503 660 775 793 961 969 977 
237 147 623 810 992 337 168 274 50 495 624 639 664 680 830 871 894 950 976 
416 224 849 317 30 336 394 541 737 825 869 
426 396 85 337 395 678 799 851 939 952 997 88 141 220 335 500 77 469 65 259 57 387 236 506 536 557 563 580 607 614 664 687 849 857 874 878 885 895 906 
383 655 898 927 299 460 378 48 556 569 571 590 752 782 
396 784 822 76 42 229 114 538 695 719 745 827 955 
373 180 364 438 404 109 508 528 573 732 740 930 970 244 489 73 408 287 342 220 201 235 113 503 163 140 475 103 139 309 131 624 625 633 672 678 684 685 700 731 735 878 961 969 
182 130 220 541 875 447 189 380 234 236 185 383 7 4 686 742 890 971 
404 488 206 471 506 670 732 809 840 45 66 74 401 387 448 254 440 36 93 33 294 510 533 604 613 681 688 726 750 810 847 906 957 
290 432 984 288 224 251 423 334 514 526 783 856 972 
293 520 641 786 807 981 91 248 508 327 453 125 212 572 582 678 726 732 741 763 797 885 
259 370 589 622 965 149 250 55 131 377 515 580 626 696 827 899 934 
171 592 772 19 402 368 408 46 570 725 815 939 
149 324 791 476 607 670 766 800 932 949 
18 158 325 122 199 442 550 748 785 836 929 232 449 3 409 187 292 350 241 509 222 130 307 210 544 623 675 761 764 849 881 901 958 987 
322 636 827 389 511 393 184 200 80 326 525 710 988 
363 377 168 366 242 356 549 682 727 774 901 969 81 375 481 59 203 58 40 23 301 526 542 674 687 694 697 756 773 794 797 883 904 929 932 943 984 985 
147 67 319 562 733 906 330 430 224 15 200 407 361 185 523 646 653 737 758 805 811 869 980 
7 464 149 745 857 911 946 988 419 154 237 259 159 260 44 495 532 560 574 575 642 681 739 754 814 823 881 948 965 
47 568 919 176 294 570 575 618 681 696 
510 410 894 909 210 215 184 13 498 170 496 607 712 759 802 910 
120 458 45 258 54 395 4 535 542 565 705 808 907 939 943 370 168 440 193 184 277 407 5 167 187 191 188 324 475 108 546 552 567 581 598 615 621 637 645 673 675 733 827 849 894 896 937 946 958 966 
26 674 696 340 237 162 115 410 458 791 803 
469 491 21 435 657 696 237 253 517 495 376 87 552 612 639 689 709 748 839 912 958 
175 577 637 683 694 697 133 86 382 270 130 421 391 567 775 835 849 852 893 950 
473 428 197 163 832 515 187 455 79 344 285 368 41 605 737 817 921 
207 222 558 646 710 717 718 736 806 819 241 459 346 350 209 166 124 151 516 509 419 188 352 529 629 699 727 764 864 873 878 892 951 992 
70 63 137 135 26 376 247 156 275 623 828 893 936 
506 42 466 573 670 738 740 840 244 321 472 234 211 108 430 183 489 577 592 650 702 781 817 852 854 953 954 
210 745 764 867 902 147 471 166 526 200 303 131 565 574 617 714 718 820 869 
443 77 5 239 145 659 293 422 351 237 224 180 495 132 533 600 617 724 760 819 
497 413 233 320 300 71 99 55 178 569 617 831 860 237 84 306 333 377 277 375 97 240 125 94 339 63 411 224 573 591 615 618 642 747 757 768 830 832 882 906 911 923 932 939 975 986 
185 277 247 419 184 203 701 876 27 518 168 379 23 580 594 661 662 703 730 786 796 921 949 970 973 995 
216 394 812 530 508 137 254 691 757 982 
488 404 930 13 439 349 325 211 395 584 973 
142 287 62 521 825 826 38 333 369 293 148 232 366 635 643 792 806 836 919 930 944 
256 606 781 919 471 399 294 60 442 503 981 
292 393 567 173 161 247 30 13 165 581 607 1000 
50 196 702 881 185 368 486 156 241 505 142 166 603 620 
422 202 212 467 260 545 605 647 421 246 395 495 209 11 454 147 103 567 600 671 682 694 744 745 808 858 960 982 988 
83 399 971 230 153 99 561 631 807 865 901 
138 248 507 353 756 495 123 68 502 403 552 615 623 635 670 715 827 893 999 
4 521 54 272 715 741 782 793 799 122 380 393 392 516 31 187 117 200 1 182 252 24 580 586 701 739 744 798 859 879 901 947 
375 40 385 10 127 136 176 51 380 76 559 629 869 
404 488 313 840 1 349 470 514 314 687 725 
143 326 425 539 612 802 944 499 10 162 145 27 167 26 327 237 258 33 405 34 615 688 772 897 930 
96 55 79 569 636 681 744 827 834 485 348 406 108 521 391 163 232 486 254 165 595 621 658 673 750 791 793 800 902 923 929 945 987 
410 465 807 194 305 285 466 147 481 729 782 864 
147 252 643 239 443 447 44 823 864 969 
516 366 460 52 613 634 675 240 395 439 150 409 254 622 732 740 758 786 799 930 992 
70 459 76 14 398 199 18 514 653 737 866 869 390 274 19 468 329 152 280 330 466 61 192 263 308 50 554 592 607 640 661 738 749 788 810 823 899 919 925 946 953 965 981 
424 619 686 62 277 104 339 229 236 29 687 819 
442 332 12 94 580 722 869 888 904 954 180 28 523 101 404 446 72 541 521 249 155 228 183 82 384 576 578 631 641 646 698 745 775 805 864 965 
355 49 5 897 229 13 111 125 560 565 660 673 837 878 
91 315 774 213 183 550 195 414 588 653 897 
134 645 661 373 417 437 150 107 256 756 828 875 
110 586 682 783 297 316 164 187 504 399 145 605 628 973 984 1000 
476 664 973 422 503 143 111 651 715 969 
526 222 710 868 151 220 235 311 445 57 629 696 812 993 
86 285 464 543 125 366 562 602 828 896 
646 660 710 806 162 553 122 498 412 518 49 15 669 679 737 957 
200 425 267 662 685 873 180 168 495 540 300 30 92 14 595 808 815 847 872 878 887 903 984 
208 517 57 623 176 236 489 164 59 559 607 734 756 779 856 901 
485 184 185 452 282 201 503 24 602 797 820 
28 645 987 413 137 670 729 749 809 821 827 984 995 
521 426 136 309 477 272 576 648 777 808 826 843 932 939 433 64 553 152 18 301 326 529 444 315 491 91 360 465 585 588 590 593 658 702 735 737 755 767 827 857 887 901 916 949 954 970 971 
11 658 898 254 203 483 680 686 834 844 866 897 
393 537 391 69 119 214 594 639 687 769 306 87 37 29 13 97 524 363 8 308 521 539 489 588 686 703 740 782 836 842 865 961 969 999 
257 519 380 191 347 158 18 293 617 944 
546 231 318 300 228 148 531 301 617 827 52 109 465 45 471 283 27 91 442 122 504 78 30 580 667 759 795 808 811 821 945 
91 52 30 682 712 901 213 161 70 118 18 512 292 519 607 679 701 812 873 958 
442 610 653 720 869 504 450 225 74 145 344 331 263 362 634 810 839 984 
475 397 41 158 510 84 876 899 955 974 
506 528 406 364 109 404 462 531 422 358 94 258 163 607 622 624 645 890 894 935 
79 148 487 71 617 827 518 445 119 15 316 529 579 600 603 605 639 697 774 873 964 989 990 
255 588 646 660 763 806 819 990 998 178 9 26 322 519 391 324 491 518 70 18 595 662 680 827 834 869 933 989 
447 154 565 54 820 883 952 381 346 552 86 91 69 397 122 362 609 612 620 658 700 742 844 910 926 
160 371 524 23 673 676 336 528 382 50 212 256 350 614 628 696 730 740 786 816 849 958 
55 8 96 681 744 815 552 105 41 239 325 360 274 583 616 700 721 797 832 888 
246 100 121 658 829 574 275 319 465 148 812 815 821 823 
170 552 94 349 235 23 70 122 64 778 811 833 869 503 286 211 299 358 407 131 67 511 470 156 82 312 532 37 91 542 490 569 590 603 615 631 640 643 645 667 670 707 780 906 919 922 
201 378 83 495 158 673 748 817 904 537 521 370 466 5 86 323 419 350 264 321 486 180 322 658 679 689 726 750 832 840 864 879 962 
111 456 361 195 797 955 510 292 248 237 378 629 657 676 716 718 720 747 811 823 961 995 
400 678 932 361 207 463 578 18 145 645 701 870 910 
592 859 936 489 481 177 534 436 588 886 902 956 
237 695 979 565 477 181 488 615 709 833 931 991 
556 613 780 926 420 221 293 542 29 723 788 
658 773 837 467 110 607 612 735 747 782 875 887 
575 347 763 806 819 844 554 426 196 164 145 567 565 584 497 647 694 751 753 786 994 
173 67 490 511 761 878 885 239 60 233 74 339 46 224 264 485 350 168 75 52 145 615 786 791 866 
241 461 376 24 603 747 999 49 504 565 580 297 135 142 183 655 669 718 769 910 934 
210 234 177 326 164 531 623 663 742 970 976 
584 512 237 992 251 438 325 528 375 550 387 315 13 687 688 974 
145 407 439 301 149 247 565 622 700 754 842 921 
194 567 449 2 336 651 958 270 58 185 66 57 532 460 344 40 615 650 690 777 837 903 984 992 
289 53 193 728 911 47 371 575 187 316 9 319 561 23 415 546 958 
450 285 923 362 120 79 398 742 804 916 952 
444 331 618 679 709 758 864 865 355 481 78 113 271 293 197 279 98 379 603 658 714 735 744 754 768 872 903 905 927 
421 758 864 310 495 395 521 614 621 644 849 929 982 
422 240 873 111 120 187 630 650 737 860 
9 298 144 733 761 800 530 404 229 184 79 539 149 37 183 574 748 817 824 943 
500 680 745 178 74 484 695 723 825 851 
218 361 655 467 145 449 559 563 612 834 849 895 
590 350 308 484 241 376 360 700 735 747 298 432 380 574 580 287 250 225 183 227 597 271 538 465 610 638 639 653 697 742 862 871 888 901 926 952 
9 622 842 484 190 81 508 440 249 329 680 951 
539 431 392 467 128 40 640 685 693 873 912 114 46 525 137 390 13 81 574 160 277 349 101 556 105 391 701 706 723 737 768 862 913 976 
362 536 113 100 361 773 775 986 177 308 451 271 233 158 476 419 67 137 469 471 402 696 723 756 822 893 934 954 965 
351 21 316 491 386 248 629 750 812 821 854 915 204 145 537 137 503 60 484 562 570 33 11 389 79 456 513 520 69 573 550 271 199 411 157 587 682 702 765 825 909 931 
94 673 929 15 254 211 630 906 943 967 
467 230 886 55 576 710 717 848 926 993 
571 720 737 861 603 416 366 92 213 622 623 624 640 650 655 
498 383 362 471 231 125 723 774 844 869 
40 375 431 422 236 326 545 669 873 587 602 440 576 483 304 523 217 368 343 684 708 728 737 772 791 837 864 986 
549 134 586 478 317 84 632 742 780 359 379 212 508 120 128 368 451 24 623 709 754 776 778 875 899 952 955 962 991 1000 
489 881 966 577 598 503 625 899 931 956 
274 424 450 285 496 418 81 209 649 764 767 791 813 911 585 27 589 460 580 96 594 254 99 454 541 235 352 191 398 382 521 531 291 410 545 617 650 662 667 674 711 735 835 899 930 931 956 
10 5 973 37 19 578 319 729 882 909 
99 497 569 8 531 320 191 574 55 681 744 841 892 471 367 529 308 287 254 568 157 73 142 452 615 530 103 316 620 627 649 684 849 851 906 909 966 
387 597 226 709 864 531 60 39 519 10 678 703 712 927 
149 551 129 791 874 220 422 370 90 205 46 40 257 731 752 819 969 
94 283 64 348 653 673 778 796 935 422 387 538 24 576 232 617 139 330 227 89 280 120 317 114 643 686 764 898 912 961 
315 675 950 438 598 26 521 390 546 639 673 694 852 
511 9 89 604 38 490 485 126 243 549 226 393 235 469 593 573 610 646 791 833 898 937 
370 562 501 9 171 43 67 726 761 839 847 928 961 965 350 95 396 527 451 591 312 613 31 541 368 73 351 514 435 26 610 27 632 679 692 753 774 780 781 791 828 850 897 912 920 969 982 987 
15 29 341 108 707 766 319 201 610 124 400 64 67 573 154 442 418 501 506 626 971 
53 418 234 792 902 506 203 614 705 757 789 800 838 881 
373 295 22 624 511 112 666 674 678 869 
98 174 1 343 617 467 187 206 855 901 
9 839 965 992 139 164 451 320 577 340 556 450 7 836 861 
280 220 469 32 302 607 278 351 386 750 821 948 431 387 108 43 526 288 558 467 89 271 582 320 54 489 477 40 543 654 662 664 689 718 754 864 888 893 901 936 950 
57 144 259 220 283 608 79 261 599 673 678 686 805 
336 150 449 393 103 391 687 933 94 455 233 474 461 552 125 465 361 580 339 540 663 754 761 808 873 881 967 
366 52 384 613 901 337 419 623 224 481 294 50 670 747 784 819 942 
424 234 984 29 226 506 805 819 839 882 
549 675 969 114 362 571 108 383 664 935 
9 772 906 169 541 496 535 304 245 681 798 807 
546 515 123 464 38 9 370 299 224 235 341 361 660 
201 524 378 354 836 968 521 487 373 344 21 222 370 135 491 650 736 770 872 898 901 910 945 
384 408 780 783 142 74 405 323 603 83 360 740 747 910 920 
292 312 103 567 162 219 391 307 336 119 150 651 975 94 468 621 158 279 487 416 288 523 23 574 99 387 603 361 89 354 74 501 653 657 659 662 790 811 833 865 881 889 940 965 
260 605 422 662 154 550 610 156 580 274 54 496 126 114 643 727 
299 211 167 510 644 225 371 421 147 255 369 119 13 552 685 823 888 
317 68 363 479 348 415 493 518 360 95 531 156 807 836 
412 548 810 839 965 640 145 620 153 125 580 535 146 680 681 718 939 
131 167 140 641 909 266 472 99 377 339 499 49 423 226 598 713 974 
555 564 712 742 467 521 583 580 573 142 400 663 716 731 764 823 
575 35 526 560 183 347 710 718 736 770 806 819 868 22 622 407 64 14 367 552 405 457 338 458 517 477 171 75 664 716 731 740 784 785 786 794 800 804 836 859 902 944 945 975 
392 539 200 260 32 269 138 588 94 271 136 766 869 946 
400 334 565 170 113 99 702 801 810 832 
149 36 615 617 120 403 67 419 1 227 747 848 
258 426 477 176 368 396 254 4 784 924 943 952 280 294 528 175 637 332 339 110 491 594 599 296 450 68 329 473 610 615 238 684 693 706 785 834 838 905 919 982 
639 594 340 656 672 687 221 51 31 557 246 348 489 202 94 682 765 786 889 922 
67 810 961 55 146 450 322 671 730 740 873 951 997 
339 170 620 235 550 571 720 722 869 982 554 307 479 407 449 258 180 603 226 71 89 467 403 517 639 404 190 689 710 712 794 797 812 873 945 993 
703 849 980 234 629 478 194 116 360 242 
296 504 257 602 217 233 610 149 159 590 71 203 343 122 708 888 
651 119 769 290 203 459 327 82 752 999 
251 130 182 523 316 211 582 442 639 320 229 254 395 61 204 786 855 
566 579 333 587 47 390 714 797 896 184 546 318 254 206 597 576 441 360 154 183 36 581 307 163 329 494 565 703 832 864 921 924 945 
530 856 996 400 639 266 172 96 755 786 
575 560 710 770 806 819 64 485 31 301 60 636 441 500 553 444 277 139 753 769 839 959 989 
91 555 408 478 712 742 197 90 293 550 454 186 331 436 263 2 532 735 804 813 958 968 984 
470 326 561 640 693 802 895 32 615 132 221 70 629 104 575 639 320 532 755 762 768 833 878 893 927 
256 47 361 896 591 287 26 68 645 351 448 631 786 907 914 946 
557 352 268 10 181 407 856 271 156 399 185 280 646 227 503 629 501 634 260 795 804 895 915 918 952 
387 679 864 415 315 368 357 388 906 990 
449 307 393 949 626 163 377 216 491 431 737 784 813 915 959 
468 154 368 5 615 89 222 580 569 792 836 975 
196 328 835 32 162 23 257 840 906 940 
326 612 873 142 140 560 22 590 54 131 45 896 
528 156 16 42 65 133 471 508 227 740 809 823 840 922 930 400 45 580 94 24 390 235 513 151 423 26 200 541 324 564 276 334 54 41 632 480 10 379 217 747 752 786 801 802 864 868 876 883 900 943 
709 865 964 291 147 539 1 652 732 923 
651 449 69 958 13 506 364 685 786 869 950 
112 235 283 620 577 64 608 63 581 495 76 70 17 697 748 621 284 355 391 367 553 308 306 546 521 31 97 460 268 91 630 186 168 408 27 684 712 718 739 810 848 852 859 865 868 886 910 911 959 990 
463 522 696 711 991 615 400 198 123 317 419 626 516 737 
634 621 549 682 742 926 183 338 173 521 193 40 268 395 133 514 272 43 729 734 
577 64 1 349 157 748 982 191 305 286 254 59 136 317 273 308 461 582 699 786 841 863 912 936 958 978 
114 126 474 211 465 463 477 66 42 266 95 278 678 689 910 949 988 
321 46 368 305 583 503 705 808 989 995 630 37 412 618 264 325 483 265 387 482 31 510 96 626 677 506 687 719 736 739 789 816 897 938 940 999 
665 597 709 752 882 964 125 248 397 356 238 55 560 623 570 237 76 581 706 754 968 991 
358 450 601 432 464 791 984 422 365 501 566 40 29 643 6 317 385 207 604 575 744 778 909 968 987 989 
172 231 178 546 578 297 229 617 320 744 794 834 841 870 454 635 72 339 217 492 519 17 643 379 56 518 124 211 370 204 508 712 722 781 784 807 819 821 863 871 903 911 921 945 984 996 1000 
478 675 570 366 516 250 556 712 29 489 480 396 115 309 313 336 607 130 389 539 261 651 706 802 925 982 989 
524 378 935 400 46 138 40 42 362 807 
150 307 393 492 687 933 949 124 74 650 246 506 471 617 414 673 58 612 310 697 849 869 923 924 999 
202 326 346 260 561 605 470 95 450 384 672 376 641 342 325 270 506 133 211 893 898 921 1000 
36 551 500 22 630 144 567 507 566 620 735 753 805 
391 567 340 631 651 292 684 275 762 415 149 333 230 592 237 152 678 209 503 551 79 114 87 516 425 544 688 761 764 796 903 
190 254 281 13 784 824 174 545 402 369 592 99 687 235 387 65 381 149 508 213 810 831 971 
343 37 703 743 893 942 84 168 581 171 137 395 523 237 464 629 653 479 677 209 748 804 930 
59 390 456 974 496 32 159 594 332 325 782 
323 179 327 33 324 131 533 398 64 748 970 
383 724 955 83 20 157 493 623 844 851 853 957 
662 260 494 605 259 650 328 456 257 120 116 211 747 904 
174 457 524 737 866 869 391 402 621 47 85 10 539 516 345 588 306 146 710 818 856 876 
273 585 434 319 144 1 98 40 601 103 505 33 805 811 835 911 989 
251 248 39 674 351 522 523 750 899 940 991 577 519 456 511 178 336 558 69 277 235 188 54 185 197 377 134 298 606 725 773 864 893 929 
141 673 94 524 63 122 737 789 684 271 516 574 75 129 237 603 369 400 55 710 723 818 839 893 943 955 999 
419 247 725 5 126 263 552 808 820 842 
489 80 702 972 229 377 378 422 316 526 232 676 777 791 802 
603 376 735 506 593 133 578 186 576 790 938 
532 185 419 277 184 402 203 719 381 605 583 570 271 248 261 188 365 542 422 411 260 734 793 888 
489 699 50 538 328 835 872 914 966 29 349 34 528 294 261 499 472 607 648 565 348 172 219 127 418 755 796 808 864 877 999 
221 159 433 689 654 224 849 862 893 185 241 618 91 339 567 658 147 306 472 304 121 532 307 18 352 21 136 765 771 956 971 
149 480 285 923 264 93 250 297 435 708 712 754 802 849 878 890 
54 521 429 45 254 678 355 89 39 116 625 169 422 283 405 343 235 259 749 819 894 909 944 
419 184 402 277 73 369 75 605 10 175 679 650 682 862 872 912 917 
624 430 805 157 82 580 832 845 852 926 
180 364 403 125 732 740 704 399 235 271 301 655 612 256 349 766 837 859 
671 597 679 387 226 618 436 713 752 758 828 864 865 978 613 43 451 585 209 298 97 185 459 220 442 523 328 383 274 12 63 72 211 210 441 727 747 754 807 808 823 831 835 838 870 910 917 965 
411 526 660 560 646 558 717 787 806 609 653 392 178 149 126 426 697 515 694 254 26 773 818 824 849 854 857 891 926 949 958 971 
453 138 674 108 8 615 385 190 378 894 
645 462 661 682 570 483 950 673 704 7 328 450 226 681 418 618 520 181 132 442 653 278 740 747 837 952 
709 752 978 170 285 153 491 341 19 644 762 807 812 835 
658 383 47 927 180 337 12 597 529 33 240 40 818 846 926 950 
542 426 799 989 483 421 289 316 541 557 138 816 818 869 969 
304 482 155 474 167 786 807 832 945 646 459 645 427 184 582 22 57 230 149 748 767 770 815 840 843 866 917 929 943 991 
526 710 844 178 256 87 187 609 779 859 922 
35 183 526 646 222 770 990 998 629 590 495 159 383 643 529 673 144 294 40 231 582 274 873 943 
247 701 117 725 245 158 355 321 505 291 293 678 762 984 1000 
653 571 610 326 491 46 130 115 582 835 
258 276 824 216 93 200 360 578 795 797 896 
552 653 64 836 681 430 178 362 350 15 338 750 891 952 964 965 
249 79 231 487 413 99 744 794 827 169 606 126 697 601 245 147 98 586 443 611 471 145 59 605 731 795 871 914 957 964 
257 692 111 347 476 530 171 70 964 996 
184 698 719 277 247 963 246 696 217 544 404 366 299 170 214 144 139 512 400 740 823 844 979 
238 259 623 232 965 510 377 418 246 495 508 283 581 302 750 795 854 968 
317 19 91 516 262 969 71 321 34 2 174 709 44 86 526 640 869 921 
595 791 813 957 988 222 319 479 52 488 154 433 612 54 733 774 921 
209 149 165 274 564 141 547 675 73 616 4 817 836 949 970 
13 395 272 808 577 652 250 404 56 336 532 761 871 948 
395 74 826 995 77 723 203 506 204 619 645 3 646 118 358 992 
506 44 471 508 708 313 363 205 12 510 421 191 269 549 489 325 671 45 781 881 900 923 943 
600 517 252 810 5 242 728 479 521 414 773 820 858 910 
365 360 931 675 701 562 113 314 127 455 739 748 787 
376 389 484 205 308 603 700 437 747 760 804 999 615 146 661 94 506 395 16 70 399 364 450 686 597 433 587 317 379 565 765 850 878 900 905 921 934 952 
526 183 646 806 133 401 279 637 678 242 372 849 901 902 961 
348 70 499 354 697 694 610 550 235 175 398 778 796 929 465 422 612 418 674 86 565 560 5 275 599 525 227 666 149 517 22 605 352 502 88 372 431 284 386 746 766 772 827 872 909 940 980 
528 156 740 371 207 120 489 550 911 946 
159 343 871 893 942 980 734 270 678 366 295 90 673 10 189 542 122 518 59 377 47 125 946 
189 708 670 125 738 506 373 528 930 10 652 9 549 495 277 712 567 463 577 33 449 638 159 258 725 646 880 935 967 977 
542 74 851 147 510 340 72 769 804 968 
675 168 366 645 613 661 900 591 23 31 507 3 596 268 576 385 603 128 200 448 271 387 285 810 858 904 
186 689 152 893 211 35 98 227 796 878 899 954 
617 723 578 546 681 320 487 228 794 834 845 680 412 275 74 347 480 303 175 2 248 539 542 145 418 16 278 491 212 597 745 770 820 874 876 908 970 
210 518 285 529 81 271 601 903 911 427 440 539 196 259 11 251 505 479 497 305 441 552 164 744 837 852 853 872 896 905 949 973 981 
240 873 956 1 409 24 737 758 812 921 
360 603 93 590 735 72 804 917 41 531 709 489 100 405 670 649 320 712 693 235 632 638 587 407 582 820 974 
676 1 201 673 581 514 132 160 904 282 691 482 52 689 734 716 290 330 424 95 523 229 149 319 600 873 900 993 
22 488 427 922 564 550 175 705 217 325 201 117 300 354 67 934 
607 316 629 491 696 795 899 948 993 726 465 375 215 722 104 64 546 508 295 228 30 581 250 350 321 472 791 817 930 966 
235 137 76 5 469 588 296 313 825 907 
709 265 713 421 679 387 226 828 882 406 408 267 399 240 235 452 316 450 332 504 619 670 656 483 405 40 773 819 832 885 901 950 
302 32 401 436 686 457 588 623 660 352 347 820 834 
465 293 211 27 163 197 786 807 814 947 241 704 40 709 631 518 235 305 188 18 679 356 71 613 597 629 593 857 868 877 904 911 973 976 
403 20 404 133 373 188 918 456 171 91 424 137 659 118 565 662 702 106 408 200 184 358 774 836 899 984 
314 138 316 463 541 266 238 244 410 396 516 562 555 383 408 249 168 606 893 
164 211 832 937 249 23 531 184 625 423 400 533 766 873 929 988 
597 709 598 746 517 374 250 419 202 549 326 60 
377 408 950 469 569 251 67 284 520 809 
311 735 999 79 400 435 50 358 530 859 1000 
589 319 208 623 600 237 878 992 514 687 730 190 480 296 362 474 631 257 788 791 792 812 851 867 882 899 903 917 
687 292 95 719 252 149 662 408 713 983 
255 588 207 575 819 235 364 444 369 339 29 173 257 163 510 871 956 965 
615 529 31 500 234 149 813 903 687 319 514 399 475 620 15 448 222 320 526 126 645 845 878 999 
446 15 151 651 463 607 703 735 284 291 469 806 839 
624 245 108 139 397 805 489 240 757 201 737 513 647 21 708 769 847 852 
615 500 234 903 716 565 121 294 353 796 817 858 900 942 983 
217 165 903 272 212 487 119 605 531 662 597 909 
340 656 567 766 590 284 660 741 918 943 972 
660 646 718 362 491 716 219 637 744 803 901 909 921 
360 115 414 22 353 703 54 428 883 930 
512 237 417 635 9 961 545 737 32 368 202 1 612 6 276 430 773 793 806 831 835 
111 246 59 409 606 587 775 955 344 64 516 66 772 336 752 710 457 141 486 696 226 733 222 223 272 849 945 957 991 
168 516 369 242 554 901 623 728 611 755 574 260 489 216 236 10 982 
606 773 927 477 500 18 337 552 524 426 833 970 
271 486 345 253 299 318 434 613 787 888 944 951 
565 4 287 788 594 5 152 483 108 122 699 358 499 791 
580 620 348 737 680 22 400 311 218 472 267 613 870 942 
293 126 441 937 562 297 717 427 337 301 350 110 836 984 
638 586 472 613 901 969 10 311 488 260 623 348 324 580 829 843 961 970 984 996 
361 536 383 59 732 467 167 287 351 528 452 681 319 623 900 
542 266 400 244 921 943 504 268 419 42 144 463 231 690 567 356 263 587 78 547 847 865 979 
556 68 638 454 79 509 349 88 165 906 
688 223 505 650 632 382 380 666 59 76 5 378 236 681 646 946 
235 514 789 60 355 646 209 243 22 258 650 477 
754 92 465 3 102 293 410 510 97 27 716 803 890 981 646 316 9 381 30 670 589 651 672 63 532 60 7 676 663 422 659 147 24 39 588 351 337 577 549 227 392 657 846 869 871 882 936 973 
710 183 990 195 208 478 241 462 776 734 836 
426 777 848 370 366 199 586 442 761 550 351 402 896 
697 339 785 157 833 355 346 28 625 67 368 271 362 678 142 324 984 
13 62 54 14 700 145 639 70 419 830 
619 56 728 680 615 271 324 513 855 867 911 994 214 184 3 391 612 546 364 231 445 116 761 699 623 589 375 522 777 622 750 435 250 361 16 795 808 841 976 1000 
625 946 957 535 364 206 667 761 907 966 
142 542 943 772 295 412 338 546 701 205 500 858 864 
228 744 681 229 723 99 815 477 405 404 646 313 241 653 137 492 334 489 180 516 394 806 893 894 901 992 
750 491 294 367 791 723 664 726 569 721 879 
737 620 495 199 23 687 163 743 532 702 247 296 164 767 843 899 943 
256 582 658 955 212 70 224 510 563 578 516 721 439 653 886 899 
91 462 369 635 424 489 246 149 542 277 939 947 
503 542 715 49 549 431 5 335 113 119 933 
319 600 420 370 237 859 322 625 86 546 646 52 513 324 26 483 255 897 910 945 981 
124 382 10 897 670 220 83 375 209 272 648 52 888 949 
451 545 662 873 49 699 443 466 704 670 57 520 174 682 836 
299 786 379 446 185 770 145 522 159 361 823 881 
104 735 24 360 461 241 747 917 661 217 422 741 596 324 123 689 234 372 498 664 646 849 897 930 
29 707 766 446 151 108 341 15 169 321 695 235 255 517 633 136 686 410 28 5 552 630 387 319 477 467 59 356 814 873 890 
526 560 575 183 646 736 588 710 660 60 55 172 467 245 137 794 277 417 131 772 535 265 165 293 765 825 837 943 944 962 993 994 
754 299 97 482 167 510 547 716 832 894 945 709 681 484 139 642 157 76 260 683 292 635 450 351 540 247 341 485 713 168 854 869 886 900 905 929 935 952 966 
678 305 281 521 565 337 481 730 951 791 569 37 464 424 539 210 709 631 698 231 134 702 561 482 823 899 935 981 
670 508 922 564 759 326 228 205 812 962 
237 643 501 733 319 652 859 961 400 327 550 742 317 77 571 368 306 508 688 212 648 373 487 235 673 879 955 
580 18 332 137 499 836 569 208 150 99 517 15 308 252 695 639 582 859 
533 269 607 316 401 372 435 351 991 282 761 260 407 164 145 137 653 159 713 111 809 28 570 579 433 558 746 426 848 921 
764 615 728 129 432 453 308 119 661 292 499 365 666 75 383 900 971 
473 754 211 832 146 345 52 805 518 287 344 352 223 818 
794 320 578 345 39 512 561 716 579 848 886 929 
33 243 476 263 10 996 715 678 351 211 368 64 577 869 906 931 938 991 
581 127 18 339 235 112 378 866 935 396 600 43 109 4 298 96 528 410 86 525 154 381 729 272 767 147 750 832 921 961 966 
467 230 494 392 40 873 941 337 234 694 206 79 361 710 185 715 250 315 31 447 714 286 814 697 973 997 
660 588 575 763 646 347 526 222 35 998 681 428 551 633 285 752 487 530 705 136 478 619 395 278 186 446 426 632 12 257 831 843 890 918 934 960 
481 576 176 46 272 477 250 200 698 744 317 235 733 563 529 196 747 753 283 842 926 955 961 
21 26 607 491 130 629 316 443 579 569 171 400 274 681 564 188 42 320 422 855 895 
395 272 505 287 289 167 465 606 862 890 
125 42 180 427 670 879 970 518 709 266 394 141 645 548 803 582 550 808 3 579 641 725 837 883 952 
721 688 400 254 710 485 199 600 209 925 993 
400 146 535 46 939 952 989 289 472 99 751 107 5 806 607 502 390 320 1 601 196 193 873 925 1000 
535 731 565 357 107 348 465 234 180 67 846 902 977 
191 8 515 228 546 723 569 320 574 96 229 845 870 521 575 169 565 56 9 345 12 379 511 391 304 505 442 737 564 196 349 541 91 393 849 882 893 896 911 953 983 
215 752 709 864 877 964 555 623 211 496 314 411 527 145 559 831 856 884 886 947 
270 579 11 896 396 473 230 322 416 286 489 185 780 331 
111 113 974 501 458 68 247 482 790 531 299 935 984 
99 79 231 249 531 178 828 3 235 688 409 33 174 819 171 772 462 709 490 888 899 907 
716 525 807 814 757 92 891 648 119 658 448 707 581 37 752 462 817 345 401 578 54 113 531 300 950 
137 580 789 869 954 585 622 120 639 775 662 68 350 382 418 873 900 961 993 
546 229 318 681 744 58 602 287 753 650 575 491 271 339 566 849 943 957 983 
668 310 66 80 489 702 196 101 872 881 966 972 109 70 524 163 695 440 467 3 720 5 343 384 63 772 709 165 248 149 495 615 713 139 847 860 873 902 911 984 
64 637 459 14 722 499 811 514 861 888 968 257 755 392 391 787 271 802 156 729 667 535 97 318 162 58 628 779 6 567 646 211 400 642 854 872 939 
82 587 59 121 456 896 108 76 122 553 745 712 594 158 708 806 9 823 398 612 873 957 
277 419 963 3 650 246 709 625 134 892 910 
643 370 623 171 628 57 238 961 992 697 196 26 155 327 184 128 765 10 633 379 94 64 523 109 660 316 571 856 858 897 951 969 
508 60 528 206 544 670 125 231 18 70 581 254 325 716 71 155 668 347 458 961 976 
617 166 681 301 791 340 676 378 138 9 367 131 375 898 923 942 
319 237 604 273 259 698 328 593 120 163 187 5 149 277 159 567 820 869 
287 565 190 369 780 716 491 796 230 819 100 143 
717 411 588 725 576 611 340 566 692 442 945 
88 99 744 827 383 764 707 25 262 276 84 393 248 484 942 947 
401 448 351 294 826 714 236 492 786 90 388 
171 9 623 906 561 135 766 94 426 782 835 31 508 873 926 952 
179 154 400 788 921 951 997 673 17 455 609 815 649 449 812 317 159 849 897 901 971 
367 433 37 654 703 152 502 159 224 221 871 893 980 704 339 24 848 358 514 5 326 27 577 804 834 684 30 35 258 388 524 617 827 598 423 773 521 602 710 184 183 200 503 736 899 901 
394 351 294 915 454 368 2 301 369 735 623 913 956 965 
458 4 741 503 617 692 601 17 222 202 761 320 899 962 
253 131 3 48 114 745 263 528 707 766 621 285 673 524 57 174 899 
489 328 914 240 337 467 692 137 745 67 
607 314 21 726 836 391 807 710 528 70 891 981 
358 209 791 426 627 657 821 131 30 444 937 
659 664 5 145 239 243 355 839 261 509 114 173 694 322 176 183 25 471 74 159 68 562 828 84 328 857 
53 7 518 710 754 503 565 856 60 859 869 895 
109 291 133 206 920 970 47 495 733 793 539 767 439 839 389 95 742 867 876 893 
57 800 810 584 417 67 961 646 542 673 470 717 316 760 857 418 149 380 294 811 419 16 708 910 922 
531 322 892 599 319 835 15 406 173 929 
610 836 888 494 258 246 55 628 476 919 
37 159 367 703 893 822 706 41 140 603 99 605 312 487 477 878 879 906 919 
438 60 291 156 49 676 463 107 681 229 195 883 884 921 947 
597 436 618 444 387 828 665 598 215 265 709 865 882 381 548 487 437 419 423 476 164 670 100 581 526 478 793 385 131 552 629 658 696 29 453 64 324 612 349 183 702 547 912 940 958 998 
597 331 671 387 864 709 877 70 349 430 639 438 254 567 782 120 168 235 321 339 540 673 888 948 
694 550 817 287 589 362 566 716 347 54 885 910 
791 529 960 402 370 761 139 858 45 915 978 
646 183 558 272 754 670 381 377 57 673 996 
571 141 170 653 580 137 158 94 552 694 833 550 929 982 248 176 543 290 575 327 95 611 443 816 727 234 857 647 358 715 241 517 786 626 407 161 502 315 87 807 8 684 102 529 672 842 891 911 944 
320 827 681 583 398 285 196 778 709 164 7 954 965 
37 849 739 681 603 786 763 490 723 216 501 730 446 
489 338 835 196 702 328 745 180 417 597 737 193 637 410 561 836 305 150 706 159 950 968 
240 605 802 669 392 746 451 612 561 422 236 357 818 599 912 478 652 114 495 52 805 526 313 281 837 757 174 718 833 653 100 835 168 325 449 239 570 149 257 75 70 825 484 574 368 847 631 748 904 969 
486 619 193 324 17 351 744 29 242 292 426 70 503 323 
294 507 991 399 613 555 121 132 92 587 325 198 931 
184 532 402 20 670 572 237 467 694 858 744 902 954 
387 865 828 467 341 398 754 702 888 985 
589 412 34 147 370 761 965 979 743 473 286 764 55 482 506 662 471 735 229 553 526 239 704 503 561 335 862 920 921 
16 823 922 231 542 211 795 810 862 581 401 
367 159 942 740 243 336 84 39 112 885 989 
614 538 196 66 835 966 625 88 639 514 377 447 518 407 732 631 803 916 
436 864 679 752 964 786 176 292 616 531 237 633 761 827 76 926 928 930 965 
368 576 287 953 267 516 283 82 159 863 670 823 771 982 
145 49 897 828 271 412 863 219 42 231 31 129 
412 589 259 38 417 319 90 435 346 360 199 866 752 235 880 503 465 192 408 257 464 406 510 946 973 
494 609 895 944 584 815 807 91 209 797 54 828 459 24 673 952 
102 410 465 985 561 184 344 224 565 587 257 213 190 350 
836 70 160 94 349 552 76 378 64 399 861 968 5 247 78 578 877 374 309 801 655 272 90 108 776 207 831 144 82 384 440 390 629 603 426 865 641 218 701 943 
54 943 953 349 7 651 489 167 404 639 919 950 
786 155 913 456 805 822 507 175 819 573 185 704 404 
286 48 832 945 981 985 324 60 854 869 157 275 722 710 108 241 169 971 
617 99 233 860 200 1 202 526 838 206 896 
862 703 118 433 739 689 849 743 159 381 416 189 67 326 524 527 685 187 756 64 696 662 606 124 12 541 263 407 697 217 171 452 858 794 629 827 129 939 949 
126 131 807 445 520 59 477 91 501 711 241 303 521 226 705 270 794 573 467 
230 422 467 886 662 941 349 440 378 664 287 602 294 310 821 857 295 316 419 503 921 930 993 
837 829 658 663 454 246 195 257 333 89 479 721 190 788 441 305 356 827 325 67 320 559 48 155 745 39 521 669 892 85 958 961 
187 359 415 884 801 553 181 916 925 959 800 320 566 325 471 87 315 623 554 98 441 494 804 678 221 150 545 259 848 839 149 899 926 939 965 999 
504 270 566 492 187 841 637 620 622 685 924 942 
278 453 32 750 26 448 696 248 435 948 831 761 614 260 222 852 572 615 797 511 498 796 70 755 808 897 849 851 743 613 128 211 54 196 550 922 
315 91 317 388 84 168 742 926 457 89 781 670 748 138 732 15 397 807 767 735 813 402 833 938 
52 366 369 516 774 570 632 780 30 926 969 987 370 736 194 268 514 8 629 540 794 285 131 201 192 752 187 603 770 565 59 562 542 627 637 849 848 917 921 991 
625 529 306 86 736 115 584 546 646 826 835 876 78 80 287 
767 768 764 745 61 911 561 300 355 681 65 407 498 761 687 594 597 247 943 961 996 
552 748 581 339 754 873 345 516 188 277 693 742 60 114 952 961 
23 1 935 381 735 169 650 597 807 745 973 994 
89 847 635 517 370 961 668 816 459 503 126 508 580 783 665 531 608 617 862 364 947 959 
426 521 276 663 22 262 831 34 433 751 792 945 991 
29 446 108 468 447 744 221 415 918 937 938 
520 465 163 644 164 937 33 184 407 705 607 392 770 283 616 680 768 737 401 617 
33 187 5 382 443 239 268 976 673 733 576 583 193 209 34 866 709 64 800 677 111 838 590 637 520 859 638 
209 903 595 745 149 791 615 518 158 457 186 673 133 35 377 225 200 531 166 754 199 695 835 827 738 869 681 224 927 
873 425 605 941 523 864 219 676 623 620 706 228 269 271 
890 253 264 293 92 99 850 144 461 271 230 381 243 375 605 917 922 943 
423 702 853 723 185 102 358 663 177 193 465 
463 607 850 991 144 666 150 54 409 317 664 867 125 374 
5 897 382 976 413 104 457 881 596 267 294 565 966 984 992 
437 241 804 747 901 706 716 761 709 459 215 382 273 913 412 
404 755 970 908 350 273 491 819 769 664 349 993 
111 409 380 536 362 519 535 861 26 495 370 360 61 580 550 889 392 650 308 293 862 99 957 
858 22 970 467 348 623 136 638 878 269 
368 848 334 342 447 395 176 161 254 782 939 989 92 474 812 197 878 727 735 658 409 300 685 901 378 532 218 863 728 479 817 681 525 770 746 895 593 965 
364 749 879 404 189 188 809 670 930 174 448 449 270 263 717 10 899 651 580 913 210 336 146 221 859 144 196 181 946 1000 
56 209 306 704 596 684 367 671 205 288 531 349 732 268 841 459 546 991 
323 650 85 278 488 216 658 898 285 684 927 
106 897 973 125 170 179 37 682 550 825 824 
586 317 168 901 675 105 900 52 134 969 453 820 395 146 897 117 847 38 707 576 714 272 338 710 54 280 59 609 603 365 259 10 882 973 991 
775 303 714 383 504 662 293 177 404 139 108 924 911 430 618 597 349 
237 623 57 477 882 99 61 472 230 8 950 
737 514 608 199 869 1000 546 452 696 289 598 516 815 91 860 716 421 757 807 316 933 970 
670 922 188 133 58 44 506 534 740 65 198 396 549 689 45 345 750 99 54 771 615 257 171 895 477 535 882 545 231 3 804 237 292 967 
734 24 360 875 9 614 816 607 585 615 222 32 
583 565 952 325 163 56 513 531 516 431 
219 684 631 402 799 367 70 335 143 474 145 929 575 
201 1 14 935 590 511 448 330 606 343 428 819 749 735 336 324 
683 905 349 817 325 63 620 934 830 379 474 425 191 491 573 372 155 807 355 634 20 91 740 808 168 441 455 
89 584 298 676 527 786 629 398 954 980 
757 909 410 779 106 318 444 855 296 26 908 622 521 149 950 954 
201 141 1 168 700 80 678 900 816 908 
521 25 825 254 503 309 565 282 921 88 217 241 292 836 512 114 398 317 199 643 798 897 164 531 893 474 386 
696 435 991 639 297 315 864 470 678 737 668 
895 818 912 232 356 394 185 403 288 300 
880 159 689 739 91 767 54 778 495 845 632 841 125 898 92 961 
782 793 521 13 244 323 190 154 889 309 327 650 120 952 88 331 697 21 806 716 796 913 769 184 295 33 11 834 478 316 516 732 83 670 903 718 608 206 888 201 600 977 980 993 
40 886 545 956 446 806 94 394 776 349 646 705 535 568 869 952 
716 807 3 140 891 985 228 569 658 844 773 57 653 123 546 800 646 360 386 681 637 907 
324 345 274 792 271 518 984 784 885 739 295 425 408 107 521 550 11 922 309 647 319 663 390 738 958 964 
197 131 114 754 2 542 863 84 845 471 906 828 9 798 87 259 
750 899 629 491 26 326 285 730 518 226 865 426 133 409 451 233 329 431 973 
684 194 162 449 119 666 407 710 298 497 677 513 320 565 203 532 893 729 745 160 801 184 
483 712 262 317 479 110 250 759 377 621 305 344 227 872 714 672 399 126 501 120 752 524 937 109 274 137 629 400 928 391 425 832 889 63 979 993 
808 120 848 989 453 147 99 235 478 604 361 776 652 526 286 839 
576 943 932 272 368 825 400 650 503 664 52 412 171 596 357 143 365 613 53 735 603 886 722 823 712 273 277 847 807 944 904 994 
258 889 883 308 449 124 152 122 528 81 550 827 
833 552 495 442 398 199 1000 368 937 498 203 464 606 876 936 11 242 252 528 870 743 565 161 958 965 973 
362 692 111 773 797 582 505 382 358 613 572 86 167 697 810 820 120 422 9 981 
40 944 746 703 229 584 763 614 381 615 61 477 850 
792 728 209 125 560 919 837 773 723 508 692 834 495 
340 103 95 292 275 449 150 119 312 69 672 594 370 85 359 110 111 237 570 52 40 946 521 954 315 285 896 131 595 211 661 523 176 710 247 319 577 864 514 338 676 265 
263 897 204 352 83 151 47 660 906 120 673 463 666 456 
306 234 867 988 292 33 315 70 419 539 819 
623 772 144 208 906 839 652 9 810 859 238 992 840 338 293 620 94 942 506 346 736 833 491 582 176 780 313 904 54 896 820 817 903 281 404 351 567 326 500 969 986 
370 232 298 24 391 809 851 613 806 581 
725 838 185 489 445 366 48 157 285 99 7 220 
671 828 679 882 946 39 219 722 723 378 113 724 91 574 
628 171 43 623 9 511 38 319 490 90 643 726 878 979 33 709 106 153 439 606 479 639 518 360 166 210 262 870 362 921 82 361 163 224 254 722 897 954 763 419 550 552 134 59 422 850 882 177 980 
310 835 66 881 423 489 107 702 614 972 277 228 916 318 479 144 382 231 750 792 521 5 617 807 498 89 817 172 84 342 969 
247 419 203 184 277 740 631 488 930 357 608 278 985 992 
888 637 399 836 442 235 83 971 418 186 872 329 680 40 47 9 168 726 465 487 741 679 661 991 
727 356 242 19 901 452 516 634 780 478 91 926 366 455 70 623 59 715 193 364 99 200 162 129 310 567 506 435 153 619 350 961 966 873 145 320 477 354 206 346 839 557 203 500 24 548 970 975 
156 918 858 506 438 823 180 920 729 181 591 780 130 565 744 95 532 929 99 285 54 131 775 263 969 351 691 997 
158 348 968 540 70 349 335 250 565 149 383 322 848 370 624 119 703 710 891 424 813 333 507 324 688 985 
966 699 835 310 477 134 297 79 412 509 452 418 769 995 
268 187 5 330 557 77 925 616 33 407 976 996 112 1 325 905 430 104 954 484 926 81 754 184 532 292 418 73 786 534 298 222 948 556 24 69 479 137 391 885 745 818 977 
830 690 362 644 592 208 404 572 747 260 274 247 
391 639 214 667 94 234 969 646 400 230 374 531 
910 5 973 916 382 605 591 501 260 754 356 130 791 292 840 332 254 
379 3 293 27 304 943 826 207 247 973 244 500 185 740 
709 226 713 400 676 184 407 419 376 867 476 317 
878 965 585 147 237 67 35 395 380 950 247 168 725 419 459 782 260 477 320 486 
493 654 739 416 849 737 468 943 150 76 232 400 56 936 29 517 8 154 965 
97 465 114 510 428 786 891 246 241 854 56 354 467 955 63 150 337 94 745 2 800 550 194 808 536 
18 98 869 676 653 650 539 623 370 883 294 682 533 774 598 254 991 
58 188 22 471 762 827 834 767 90 244 392 201 99 38 349 984 
86 177 680 946 633 324 509 285 271 198 306 681 719 594 76 492 983 321 571 279 375 916 830 564 755 779 561 789 241 780 344 516 556 661 247 481 835 996 
887 945 410 891 9 228 369 488 317 967 196 223 516 877 320 971 
59 82 606 531 163 102 282 612 70 352 961 384 
564 472 408 377 901 171 514 546 234 382 414 140 489 9 623 298 680 
518 728 960 539 515 757 70 677 308 220 416 
951 74 468 678 395 825 715 921 680 660 880 32 33 56 10 574 209 433 9 575 213 360 248 343 695 682 339 991 
718 575 411 787 398 274 574 67 262 665 318 368 171 395 673 
940 696 915 812 135 875 26 674 248 353 993 926 383 47 901 335 982 907 37 679 483 773 274 87 66 20 253 816 989 167 444 923 716 218 585 968 613 
839 232 501 628 961 761 592 967 400 209 489 526 594 200 916 549 74 353 731 794 334 341 70 82 24 
351 220 750 991 294 448 182 806 748 895 234 402 833 609 10 242 376 558 824 653 943 226 7 950 918 998 
345 480 791 952 253 223 391 905 404 588 473 238 806 
678 146 254 731 176 155 972 216 383 172 183 564 582 532 260 159 63 
181 440 5 973 659 816 187 422 250 232 215 449 260 190 307 780 320 385 681 903 984 868 323 724 
426 848 503 335 237 818 652 320 970 358 
819 718 575 228 993 64 864 468 118 51 
735 350 760 590 496 684 764 897 119 541 697 678 656 567 702 
158 1 954 929 442 791 719 296 467 556 613 537 760 310 922 108 681 685 825 
