1000 9766 0
18 495 514 577 653 722 748 982 26 99 151 191 248 317 322 336 390 454 501 553 562 859 885 895 911 939 962 991 
391 639 651 65 84 232 370 529 658 876 918 
163 261 465 473 779 947 83 115 159 244 260 543 569 625 628 658 841 863 878 991 
368 565 648 678 784 799 81 210 216 399 449 530 574 597 605 735 747 778 899 913 
33 77 145 153 268 352 440 443 553 664 897 959 973 996 6 7 87 137 144 218 276 292 367 372 410 417 467 497 524 526 546 565 589 600 607 645 673 696 760 786 792 794 805 820 852 881 946 955 
224 416 743 5 15 189 480 657 662 678 701 929 
271 424 551 615 791 957 5 249 399 620 702 772 787 821 849 921 922 943 
79 99 617 681 845 31 78 106 360 397 401 476 577 606 622 642 741 770 850 
67 147 208 232 259 370 628 810 906 979 992 64 100 163 193 234 307 321 404 426 459 516 560 598 697 729 748 837 853 866 888 909 930 953 967 971 996 
49 145 268 352 382 439 443 816 856 897 973 976 37 72 160 174 281 284 305 316 368 401 412 448 479 484 518 519 550 577 670 671 744 747 893 915 931 952 
498 690 797 83 174 253 262 453 510 619 939 
18 70 527 904 85 247 421 453 629 688 806 849 923 926 987 
54 179 287 334 477 542 565 741 98 185 193 235 379 483 489 673 703 734 742 796 812 836 856 858 859 874 888 954 994 
325 811 869 935 52 77 92 358 376 391 612 710 712 784 839 
29 169 329 446 707 805 908 6 91 102 121 150 194 227 347 522 524 581 585 592 806 826 873 892 945 
60 404 626 670 294 419 592 615 652 766 797 807 827 973 
70 83 235 737 54 309 487 597 715 824 910 
12 1 158 325 349 495 550 620 653 869 21 111 118 178 184 185 222 229 309 315 542 563 595 613 636 689 793 806 816 827 946 952 969 992 
363 516 950 294 368 380 401 574 836 897 
22 156 749 47 143 411 460 650 773 811 881 
138 251 899 993 18 96 324 362 656 703 926 
20 403 404 438 670 708 858 930 111 116 119 209 272 351 356 409 423 446 509 546 669 752 769 786 872 972 980 989 
175 571 676 720 954 1000 34 149 168 183 291 343 351 630 650 767 841 852 892 973 
205 241 308 360 484 590 760 931 79 131 210 258 291 377 456 465 473 496 504 554 577 679 820 835 849 869 902 954 995 
368 521 678 49 67 232 646 649 725 886 950 
220 316 523 629 696 750 756 821 993 1 86 234 241 254 311 324 338 340 368 371 456 464 482 486 569 594 595 615 670 685 833 893 977 
48 102 155 441 677 977 52 207 250 306 349 408 636 699 711 768 784 825 867 966 
84 516 969 33 94 355 604 743 869 933 
15 108 151 169 341 572 805 47 80 83 220 231 371 395 489 493 551 647 660 673 697 739 830 862 
250 472 479 621 742 901 111 126 210 286 561 565 650 745 767 771 785 907 914 971 
217 500 615 619 745 8 89 202 334 372 412 483 489 495 499 684 795 904 906 
130 294 351 696 753 61 91 141 145 200 418 489 521 556 646 650 820 872 965 
5 77 145 187 239 268 355 382 443 664 897 996 28 132 165 179 183 211 222 278 302 358 391 404 419 426 469 484 490 531 537 568 696 723 727 819 840 872 924 952 966 
417 878 936 23 155 240 315 518 556 874 954 
183 646 770 806 68 190 233 387 426 559 636 869 889 943 
615 791 911 119 143 247 260 341 506 807 
186 224 343 381 739 849 893 942 980 10 57 99 156 190 211 301 356 382 400 415 423 507 550 615 622 673 701 742 836 841 
319 622 623 628 54 74 211 215 248 489 506 509 744 949 
314 491 940 60 62 156 172 184 271 648 744 869 966 
143 212 230 236 260 267 375 422 605 82 137 156 176 203 246 304 324 334 340 495 502 631 677 805 851 866 883 948 952 954 
139 430 707 79 80 94 167 194 681 723 921 928 961 
626 755 858 879 970 50 63 283 294 307 412 474 492 503 510 599 671 785 828 
417 517 928 418 515 601 613 647 754 760 
508 823 970 76 168 260 320 362 593 869 
120 400 481 521 851 104 230 294 297 377 459 471 568 598 676 761 767 882 956 
120 337 368 924 164 401 567 606 646 767 787 893 899 965 975 
59 111 246 602 658 29 20 94 287 306 317 517 623 677 761 782 828 880 926 
27 441 641 937 125 214 238 433 501 531 618 
10 352 382 801 25 144 252 264 366 411 459 595 840 845 896 928 
66 489 966 42 305 357 389 477 517 678 956 958 
92 379 473 277 385 539 688 856 871 892 
105 168 242 356 452 455 483 549 554 661 14 27 67 98 135 137 164 175 258 265 304 524 603 612 624 647 651 697 750 751 846 881 917 940 945 
129 345 619 855 70 144 341 472 648 759 961 
13 62 136 281 282 309 321 477 505 650 788 848 889 997 17 38 73 80 86 181 224 242 280 288 314 345 391 422 449 467 485 491 530 615 617 642 652 655 670 673 716 728 752 754 801 809 886 888 970 
71 99 320 744 815 831 67 145 210 223 234 284 422 498 516 670 696 825 867 922 974 
209 680 988 90 138 225 233 387 642 653 678 779 865 
67 171 434 517 589 622 761 885 37 75 85 91 260 360 458 486 549 556 598 616 734 784 816 909 934 969 987 
125 364 740 983 96 202 208 234 294 422 430 465 491 623 989 
47 111 361 504 655 658 724 837 919 145 206 207 224 281 326 538 555 559 617 696 716 719 791 813 823 926 966 
16 206 404 471 528 534 670 755 39 64 103 114 159 192 237 283 306 337 596 603 654 705 737 791 865 887 932 969 971 
86 129 274 911 32 105 204 366 565 567 603 737 887 917 934 
54 120 851 39 135 322 341 362 764 810 873 946 
325 514 552 610 673 676 869 888 42 103 119 126 145 231 319 502 576 582 587 623 752 791 873 876 889 926 974 
70 83 235 349 524 540 637 673 817 888 929 60 9 149 181 216 231 232 319 336 351 369 400 408 417 438 518 573 755 768 803 807 813 821 840 878 950 965 
180 364 738 2 231 384 503 701 817 819 896 914 
50 489 668 699 972 122 130 145 147 496 543 666 842 848 865 936 942 968 
57 9 622 628 800 839 842 878 965 52 55 25 183 211 272 294 362 371 378 401 457 509 603 615 637 779 786 794 811 843 849 872 901 
84 168 452 570 35 149 203 430 525 582 607 720 755 793 897 899 
594 639 684 144 200 211 495 658 873 929 943 
12 17 64 76 94 132 137 235 339 349 499 694 817 968 53 73 84 123 185 212 217 218 260 322 356 364 374 406 412 472 474 516 535 644 646 681 714 758 764 808 870 895 976 978 
55 569 681 196 378 430 514 597 836 848 923 
93 700 735 747 10 180 245 565 695 812 911 
203 247 277 70 54 262 320 393 854 855 
565 576 583 777 883 38 145 246 366 386 435 445 479 492 523 662 716 719 739 
111 606 658 919 57 154 271 319 336 368 525 791 892 900 901 967 
70 94 235 459 737 811 44 101 173 188 264 344 454 463 645 690 747 874 885 897 946 973 
33 5 145 440 664 996 14 161 254 301 447 521 603 625 832 870 882 886 981 1000 
284 308 311 8 99 179 497 508 676 688 958 986 
8 99 531 723 794 41 24 168 208 221 396 520 650 740 881 921 938 990 
489 702 835 54 29 41 390 464 575 607 656 896 
149 324 903 4 126 267 277 295 351 653 658 794 943 
611 898 919 927 40 294 334 350 477 551 603 819 900 901 912 
64 17 399 610 620 683 785 11 29 3 87 111 124 163 169 213 381 509 531 542 565 583 685 704 821 
68 28 377 408 549 969 70 2 94 386 416 419 515 565 573 684 800 825 897 929 991 
368 395 583 57 12 415 639 747 833 888 911 
61 518 619 728 764 54 26 283 307 357 459 501 785 795 802 830 849 930 999 
392 494 561 662 912 83 5 152 180 184 197 254 271 300 345 508 546 749 999 
99 123 166 130 156 285 410 520 670 798 837 839 
237 259 273 592 772 992 31 94 99 131 374 459 466 503 518 605 657 794 817 828 854 869 
144 490 847 56 107 131 293 425 465 541 599 890 923 
168 369 460 516 586 774 901 950 969 987 32 57 15 95 150 239 288 368 422 457 491 524 618 646 676 706 711 804 825 829 893 896 922 982 
51 379 786 890 14 230 263 382 449 492 732 849 862 893 948 
72 115 590 393 423 471 580 646 763 971 
70 76 137 235 348 442 524 673 737 811 817 935 28 84 47 89 41 110 135 164 202 231 236 248 293 350 482 555 556 589 597 648 719 747 782 794 844 864 867 896 914 922 939 
119 594 651 933 91 156 295 342 436 548 597 615 629 673 923 
99 318 531 21 58 136 168 307 422 467 545 882 
114 410 441 510 832 185 407 409 506 527 599 682 752 844 857 900 943 
325 748 869 13 52 299 357 425 519 595 684 862 981 
79 55 88 8 96 231 546 681 723 744 827 834 1 37 89 78 114 170 260 293 329 336 350 377 385 402 412 468 472 483 528 593 603 677 742 786 818 943 956 979 
195 246 361 498 797 9 196 277 339 423 477 495 559 561 688 774 789 971 
489 835 872 76 114 211 560 597 779 917 961 
27 474 786 15 196 199 414 579 626 660 676 774 
292 391 449 567 687 958 60 63 272 343 439 485 535 590 650 660 747 814 
241 365 590 735 45 108 146 380 637 706 895 
52 369 780 61 184 255 319 335 433 477 514 614 
204 330 415 816 8 111 158 287 348 680 773 781 842 965 
702 835 914 90 345 347 479 678 796 875 911 969 
29 139 169 245 397 430 475 765 805 104 211 254 382 398 448 462 470 472 489 545 643 687 709 727 740 761 857 927 931 937 
508 708 918 970 159 232 499 612 681 736 776 
315 570 926 94 122 133 146 607 636 736 
59 75 47 390 409 454 582 775 898 955 22 18 83 30 106 241 242 250 358 364 471 475 490 523 548 609 615 621 698 699 812 859 893 935 952 964 
348 550 653 145 316 317 391 568 844 910 
456 724 896 287 358 422 453 493 711 721 865 980 
97 299 304 520 641 677 807 832 852 101 99 60 130 135 166 257 316 319 353 376 404 437 442 444 460 479 580 610 637 680 806 915 989 
93 241 284 376 735 760 3 252 290 343 495 709 850 869 873 934 942 
170 235 737 22 184 327 491 508 583 926 
185 277 419 701 876 148 361 366 429 551 622 650 736 744 803 816 901 969 999 
159 849 862 18 230 234 246 506 977 989 991 
95 214 393 449 567 639 672 762 949 63 36 22 133 170 185 207 225 241 322 342 370 419 473 489 551 605 625 780 798 872 893 940 943 
46 62 45 179 429 705 782 822 848 144 211 234 271 325 351 366 436 465 485 540 550 555 590 600 626 665 681 693 742 762 765 809 885 
333 361 829 15 299 378 511 681 696 764 881 
325 580 737 817 869 110 66 145 228 266 284 395 431 441 574 631 897 
88 531 794 70 160 287 671 906 936 991 
382 884 910 83 230 286 343 402 522 762 778 
58 156 313 404 508 738 740 840 863 48 128 164 204 270 317 346 381 529 574 580 661 673 782 836 845 873 950 958 
167 253 279 716 814 981 30 81 63 196 231 321 534 576 577 745 767 801 866 944 949 984 
457 552 968 224 267 301 326 489 589 984 
539 693 895 125 223 273 506 739 750 764 878 976 
61 53 234 271 171 293 617 653 708 718 823 
32 351 435 507 629 899 114 88 66 272 376 479 483 488 546 635 715 793 
140 293 299 520 716 779 807 832 894 945 981 89 90 24 137 156 171 187 271 318 348 370 377 399 407 418 419 471 483 544 574 589 688 702 730 737 806 943 970 
70 283 524 33 183 259 280 466 629 717 744 842 902 
373 573 670 840 110 119 185 743 748 791 860 
262 479 900 969 191 241 292 345 348 441 544 590 756 993 
448 522 541 948 114 94 52 62 203 321 558 570 685 843 
54 705 715 96 171 530 552 632 636 847 895 910 926 
94 70 174 550 577 580 869 888 968 982 40 5 52 131 218 246 272 276 359 360 364 429 432 463 479 545 592 670 693 696 852 899 906 952 979 
21 463 899 56 245 313 339 620 687 775 932 958 964 
41 108 329 624 766 805 201 224 233 251 390 410 558 561 638 658 687 911 973 996 
131 211 754 440 516 542 686 713 745 990 
199 580 789 866 929 32 226 368 546 564 654 727 851 880 944 955 965 
477 848 989 199 211 235 236 532 548 717 723 958 981 
40 599 818 944 36 20 277 330 542 638 707 739 839 965 
90 511 592 623 695 800 961 53 120 49 5 69 191 271 320 338 349 376 474 775 808 829 849 970 971 
10 5 77 33 181 187 268 352 476 530 664 996 32 59 122 112 55 74 63 66 248 250 297 363 498 524 525 533 539 681 712 713 714 827 828 875 879 894 926 949 954 982 
176 272 309 822 907 104 110 163 207 320 357 387 495 615 626 908 944 
9 623 643 772 839 885 906 66 167 180 227 272 399 471 578 680 712 737 750 836 871 876 934 947 991 
172 574 794 117 230 514 606 616 658 710 
81 198 210 306 418 615 625 728 745 791 902 957 23 64 68 192 228 242 254 266 278 366 378 391 422 434 441 463 532 554 574 605 665 681 772 780 865 899 930 943 
292 336 340 449 631 684 958 15 91 187 196 255 351 422 478 506 565 699 735 833 910 939 950 964 
29 446 624 766 1 152 187 213 240 361 487 668 682 814 901 
433 502 849 151 87 226 284 406 629 919 
5 181 856 406 464 506 518 651 767 812 989 993 
258 374 535 678 989 75 173 348 427 460 500 508 613 672 735 991 1000 
27 211 520 891 34 277 620 780 858 864 919 
125 20 180 427 471 670 858 922 983 131 37 40 88 95 39 224 306 315 376 394 644 680 684 782 846 945 993 
527 552 580 817 316 361 408 498 506 535 542 828 894 969 
18 550 552 571 580 694 954 106 191 237 307 321 342 355 404 508 567 630 639 652 660 727 810 865 892 958 
118 213 224 381 689 703 739 743 862 871 893 980 3 60 109 164 171 176 180 215 315 335 359 462 467 495 681 718 728 729 765 775 782 786 837 883 885 965 985 992 
175 499 697 778 123 10 168 368 702 848 941 
254 730 851 77 470 547 598 729 917 950 
449 537 594 399 400 407 485 617 805 816 839 909 
3 465 757 786 807 945 977 9 146 83 272 336 381 434 456 569 623 678 747 781 965 967 972 982 
167 211 286 441 644 757 803 832 159 125 52 94 46 232 240 401 419 556 594 744 752 776 827 848 893 925 946 965 983 
209 290 418 33 445 471 660 727 819 918 
88 515 531 114 212 404 542 676 678 696 
164 126 465 510 807 890 894 147 41 366 378 406 443 472 511 535 541 615 681 755 862 899 921 935 
68 91 52 250 384 472 900 901 950 44 96 160 79 23 211 224 254 318 348 402 603 639 652 678 722 724 821 832 833 929 965 978 
15 29 108 446 83 381 466 533 542 636 726 740 933 952 
116 339 811 869 119 99 266 411 531 590 614 663 732 810 955 996 
57 259 517 592 600 772 992 129 136 159 131 187 188 268 269 369 508 532 611 646 735 777 789 808 870 996 
148 531 569 39 234 240 366 412 496 506 621 662 
319 512 726 76 154 233 448 471 662 784 893 910 
137 235 325 581 833 888 929 11 10 193 224 330 346 447 493 498 513 613 689 726 728 734 773 835 844 957 
160 23 817 52 359 402 474 665 693 793 885 931 
146 503 521 691 943 40 159 259 409 499 524 677 773 831 856 980 990 
285 764 960 191 224 335 349 350 426 580 662 766 
191 229 569 18 266 337 679 696 788 838 927 973 998 
13 120 650 33 78 217 569 588 744 858 
156 65 188 227 404 427 528 749 920 922 147 72 159 87 187 205 303 462 495 505 510 511 531 614 615 631 682 737 745 810 884 919 924 937 
145 153 288 382 856 54 64 237 324 423 453 499 514 840 
302 316 372 401 209 238 424 449 761 823 973 
35 207 411 717 718 736 819 132 67 33 23 345 407 594 634 659 755 808 816 859 869 887 893 981 989 
185 203 247 419 701 706 719 725 963 116 18 105 87 39 211 240 257 324 334 407 510 514 533 535 648 669 742 758 761 786 
117 184 247 277 402 419 485 532 563 701 719 97 18 133 119 70 13 228 268 428 488 506 530 531 533 557 582 589 628 631 633 727 755 814 827 829 912 
37 703 880 326 392 521 523 550 603 903 931 950 958 
145 33 239 268 530 897 910 973 180 171 131 151 150 195 394 404 511 571 574 619 793 807 833 865 888 889 904 958 1000 
180 295 403 508 732 740 171 76 220 223 352 375 407 511 542 547 643 728 850 926 
364 506 740 6 262 317 349 680 801 929 973 
426 503 782 788 921 952 35 37 205 234 292 443 498 552 616 647 689 967 
178 249 320 617 827 144 134 1 158 177 271 428 488 495 593 839 913 
352 382 440 60 149 379 481 534 891 949 
418 486 984 988 994 9 174 13 259 316 337 338 437 493 650 801 818 961 
312 567 762 975 15 41 205 296 413 612 658 678 805 817 
100 658 773 187 259 301 417 471 607 702 959 973 
423 538 702 835 853 872 881 102 71 100 150 126 250 372 382 418 455 564 605 684 804 873 888 906 961 
264 379 525 913 87 349 463 574 703 719 758 806 817 896 
149 358 649 370 395 405 426 670 737 941 
141 201 325 457 580 673 938 102 142 251 315 316 374 389 467 525 648 681 696 746 754 806 834 951 
230 240 326 375 431 467 561 605 32 69 234 237 241 340 403 415 507 521 567 624 709 767 796 825 836 884 954 
199 378 514 694 751 796 971 139 210 232 319 351 366 391 529 584 710 734 786 800 808 812 822 939 
494 543 647 94 58 31 221 315 503 554 639 947 
184 73 277 402 419 532 135 68 40 238 387 408 454 491 520 554 577 585 658 673 682 887 972 
106 239 355 125 61 327 394 467 539 595 967 990 
24 437 734 735 194 180 190 277 368 416 562 691 748 755 899 
60 708 840 858 863 59 418 449 486 590 596 620 676 806 845 943 961 
183 526 710 59 119 27 146 426 525 584 697 
9 623 635 79 58 246 382 673 825 897 
165 56 271 324 424 432 595 601 686 903 22 182 215 328 359 368 377 384 521 531 565 622 631 653 691 742 754 850 854 879 929 945 947 
149 619 729 24 4 30 201 55 233 251 325 514 557 
140 155 164 261 279 405 525 677 807 945 981 184 101 120 38 69 37 33 108 67 168 142 269 271 391 404 462 517 637 705 720 773 810 811 827 871 936 991 1000 
40 230 685 895 166 70 258 282 495 518 520 527 675 702 728 788 
159 689 849 83 151 347 449 570 694 770 843 
119 631 687 48 295 319 355 357 396 562 901 
597 828 864 882 159 38 209 341 546 584 596 624 681 951 
314 351 435 4 64 277 319 348 369 400 521 682 782 
31 285 306 345 764 874 179 70 368 449 491 495 530 612 668 740 750 755 774 876 896 989 
257 454 582 837 927 986 137 70 5 230 348 418 442 619 723 726 780 878 918 975 980 
336 391 449 315 329 352 457 471 660 694 731 897 
26 248 314 435 448 491 940 29 188 245 284 383 445 485 585 590 606 622 688 806 857 912 954 972 
367 739 849 202 79 548 598 623 672 886 
255 575 588 736 787 868 33 18 329 358 449 477 577 617 650 708 742 752 778 891 
400 808 932 188 55 128 516 528 661 669 676 942 
159 6 37 654 689 703 849 893 59 168 54 174 177 156 139 127 256 265 277 287 407 441 517 530 573 623 658 891 
440 530 959 973 56 119 347 363 427 629 644 853 875 905 927 
597 709 828 865 141 152 268 288 358 383 424 564 681 880 958 
180 508 922 970 147 15 271 490 503 522 643 830 913 934 980 
229 233 322 497 574 617 744 149 122 185 235 313 347 354 375 404 443 464 588 706 730 764 800 949 971 
178 228 636 815 834 860 18 305 324 409 472 525 553 673 781 790 828 946 954 984 993 
200 212 40 451 543 912 124 148 45 118 218 92 378 386 450 498 510 537 541 557 602 813 869 
99 297 301 617 636 827 834 63 64 65 126 29 94 276 303 314 510 597 678 686 749 836 849 879 973 
9 562 585 589 628 761 810 839 2 201 164 25 64 109 336 435 493 526 567 578 607 678 686 739 780 831 910 958 
228 320 617 845 35 56 139 210 173 246 347 485 689 722 959 
129 271 274 285 450 509 518 625 686 704 946 960 9 55 172 190 200 120 26 58 118 241 317 320 384 412 467 530 531 565 606 623 689 713 761 766 778 808 843 863 864 907 981 
17 94 64 116 70 76 174 335 608 653 737 836 982 228 13 142 289 298 299 306 336 342 391 406 503 504 512 526 532 553 613 628 629 635 639 650 662 675 677 700 798 831 854 857 882 902 
40 422 539 94 142 287 360 404 505 534 973 985 
89 273 319 370 412 501 512 589 623 839 885 961 965 60 158 181 200 250 254 255 264 288 306 307 317 324 349 380 385 407 470 516 546 550 556 559 670 685 686 718 728 735 801 808 827 926 
319 589 979 48 203 182 411 455 679 750 763 861 
187 33 204 557 91 393 395 513 539 600 605 618 722 860 886 903 
200 260 357 693 873 151 164 184 172 34 277 386 552 688 760 789 966 
104 115 24 284 308 360 461 484 590 603 804 999 119 26 234 134 111 200 276 292 320 345 352 363 364 370 443 553 569 607 613 662 690 761 786 805 862 889 894 900 904 930 
52 377 742 900 969 149 111 54 274 292 480 547 721 775 806 845 995 
407 659 925 366 391 413 589 642 741 807 981 
395 825 939 3 298 353 358 686 687 910 
108 430 765 138 220 72 440 897 933 957 958 
47 100 256 296 303 380 409 690 233 74 118 40 208 137 249 260 297 299 349 460 480 607 810 831 888 895 897 909 913 
184 185 73 277 419 725 838 12 36 361 378 435 511 567 581 606 649 655 675 680 724 752 800 859 864 871 
220 448 607 629 674 846 854 875 145 1 94 38 385 400 404 413 479 516 584 606 661 664 732 770 837 955 971 
191 515 870 7 246 775 856 872 883 957 
30 168 366 462 901 926 969 27 237 145 111 196 273 283 309 370 517 533 575 597 749 836 849 937 984 988 
21 629 756 850 210 139 199 328 452 468 612 709 751 935 
298 370 511 115 49 253 285 400 696 882 
126 474 852 252 11 349 523 526 873 914 953 968 
161 374 396 688 731 784 808 822 883 952 26 87 168 237 149 77 108 267 331 508 510 559 566 602 613 646 687 695 736 748 804 842 859 916 1000 
222 526 560 150 105 237 312 408 603 634 853 
246 333 362 498 224 299 353 516 521 673 706 790 820 946 981 
218 270 655 714 781 896 927 114 184 286 290 304 379 405 535 741 817 819 839 840 860 931 937 948 
154 426 503 883 24 212 52 274 393 412 529 549 567 629 709 
89 9 171 417 548 726 842 961 176 132 193 195 292 339 441 507 561 602 644 670 725 730 744 796 821 901 951 984 
240 40 346 422 605 647 802 873 44 99 36 57 3 246 70 309 317 369 386 521 551 558 597 686 894 917 932 943 958 
3 211 293 404 506 639 650 707 745 749 965 
134 479 783 189 11 73 308 444 542 578 
407 910 959 92 319 607 673 703 807 809 819 981 
197 779 814 891 237 76 49 395 412 451 631 667 676 888 
709 713 865 224 52 324 335 380 661 741 791 821 856 
400 477 503 149 122 178 170 356 384 745 797 886 
40 467 612 127 81 254 519 785 897 939 
187 10 33 145 5 616 996 171 226 185 368 552 574 578 643 805 817 849 860 869 890 913 966 969 
351 353 948 211 171 631 725 808 833 898 
257 296 606 773 125 336 346 424 730 786 839 908 962 969 977 
7 209 129 234 324 424 500 704 813 874 984 994 131 120 227 144 75 191 39 211 87 272 319 443 490 492 508 528 541 565 581 653 670 694 750 754 837 904 912 961 971 
146 321 481 521 565 721 843 924 995 67 22 130 103 163 271 147 137 353 454 467 581 602 608 697 723 732 744 761 778 786 944 
89 237 501 562 128 250 324 561 723 757 835 
61 234 358 615 729 745 764 923 242 258 362 391 399 434 542 547 552 606 697 702 716 799 812 815 926 940 947 971 
307 336 958 277 728 775 811 843 882 888 904 926 969 
521 650 952 231 5 137 241 383 561 967 
117 73 185 203 247 419 485 532 563 698 706 967 275 224 100 143 81 216 51 155 205 240 295 301 305 349 352 354 378 450 464 650 716 732 737 752 754 782 802 828 
750 795 991 149 33 311 387 391 400 404 889 
126 211 786 367 516 726 742 901 939 951 
657 812 899 132 54 362 631 664 691 761 890 921 937 
54 481 820 953 59 10 452 454 552 553 566 682 723 774 933 
54 825 939 212 528 567 617 630 852 908 
132 577 653 697 86 250 42 60 370 400 604 669 834 909 969 
241 115 78 360 365 747 122 55 220 10 152 313 318 326 345 368 459 511 744 845 901 937 
177 234 217 358 529 764 791 946 960 252 88 359 381 400 410 416 422 477 530 573 698 702 723 733 789 819 820 835 950 981 
164 405 445 909 124 257 30 387 450 551 580 667 743 795 848 
13 327 542 650 825 921 939 123 113 236 106 224 47 289 306 333 434 474 482 508 509 539 570 580 718 743 
181 330 916 976 91 54 237 226 314 419 481 535 656 700 899 
464 792 984 287 235 650 674 896 980 991 
165 518 680 115 257 392 600 628 766 828 864 
528 823 930 23 24 619 656 757 827 905 
150 103 307 391 449 631 639 651 190 242 134 5 259 241 293 412 436 501 621 646 674 706 888 910 932 948 980 
261 131 405 547 641 754 807 814 832 887 891 292 129 90 99 94 327 335 346 353 361 370 371 382 393 411 487 505 506 521 523 558 650 680 734 735 829 969 998 
32 491 696 812 854 899 991 993 42 82 58 67 16 45 19 299 340 380 410 430 562 714 737 742 886 923 949 
188 471 488 506 277 214 95 81 567 607 657 727 869 916 
246 270 582 194 370 426 477 639 747 841 946 997 
231 578 617 681 744 145 246 45 299 384 403 419 421 510 629 700 804 847 959 
252 319 412 961 235 244 513 521 523 532 552 682 869 874 934 996 
131 114 379 754 786 814 256 294 121 297 98 235 246 385 580 600 831 835 899 906 929 992 
487 515 744 827 870 87 333 349 357 382 419 468 514 893 
231 546 681 794 277 37 127 195 77 467 472 680 786 789 798 851 
182 316 491 33 325 336 388 391 396 926 
246 658 919 231 180 336 415 419 489 659 662 725 812 
114 410 510 40 52 257 351 392 615 749 808 
477 650 848 10 50 229 277 471 866 982 
149 217 324 615 768 791 903 923 287 27 235 47 156 60 237 337 352 387 394 510 565 623 653 655 684 803 810 913 
275 292 666 687 9 237 158 96 86 42 409 420 724 737 772 854 
78 24 241 350 360 603 747 262 310 395 412 474 500 608 653 675 731 777 811 851 863 864 890 943 978 
54 146 790 250 18 17 260 459 488 909 991 
489 881 966 308 364 441 450 472 635 737 867 973 
78 376 804 26 278 353 399 818 926 933 
194 651 656 255 369 376 681 706 835 968 
125 670 858 918 284 138 228 450 615 625 725 827 843 852 
39 216 220 453 288 231 54 540 589 683 935 
110 317 483 613 661 759 18 159 199 156 219 34 202 339 601 786 856 910 
302 26 182 401 607 674 756 795 812 199 157 112 193 114 10 395 409 414 472 473 508 532 549 564 597 625 687 703 726 745 907 922 
315 516 613 634 675 727 742 900 901 234 189 125 47 260 1 237 112 326 361 521 566 589 615 692 725 785 861 883 961 966 992 
96 320 546 569 284 131 168 476 514 527 643 709 790 916 925 966 
238 38 298 173 237 623 630 842 859 906 64 114 216 63 271 105 201 214 75 263 360 465 466 469 477 502 599 638 689 754 773 805 897 937 970 972 
318 191 55 233 413 546 569 617 681 827 841 892 234 44 144 146 73 241 351 379 385 407 459 495 522 562 595 678 695 704 708 728 740 819 820 864 873 905 927 988 999 
272 54 650 126 9 135 158 391 442 465 545 670 893 
228 497 723 62 119 1 70 449 661 712 796 969 
342 368 989 357 421 506 567 643 708 791 814 
209 81 306 271 358 500 518 649 680 902 946 229 21 184 181 26 40 265 237 273 349 370 386 413 420 457 583 645 661 780 788 796 836 950 964 965 969 
63 122 199 18 98 14 174 697 888 120 302 210 356 379 406 422 426 446 501 517 638 657 684 704 707 735 812 881 916 921 930 973 989 
200 539 561 612 818 886 186 59 127 284 317 454 492 537 554 567 572 619 624 680 757 859 935 
287 334 730 921 293 116 204 486 495 596 653 725 980 983 
338 489 699 835 966 209 251 397 428 454 492 613 622 697 807 865 983 
139 15 446 766 908 222 219 99 358 448 531 584 664 682 827 833 856 903 
288 106 816 143 174 463 581 642 713 818 877 928 
387 709 964 254 620 691 732 745 782 873 
339 833 861 360 530 647 657 726 875 970 
256 121 361 287 300 356 375 637 758 959 
13 327 535 82 40 31 184 417 598 965 
235 683 929 265 293 159 105 177 336 396 786 842 
275 150 219 594 639 684 302 163 99 64 270 232 1 335 75 303 235 350 380 646 688 692 
46 400 426 667 824 60 178 306 193 463 507 569 640 671 753 761 814 867 
328 668 853 881 966 193 144 26 364 402 536 579 653 821 933 976 
70 170 332 499 673 737 869 905 100 315 138 259 344 401 502 579 636 640 661 672 675 741 776 824 855 879 922 947 952 
150 594 631 639 958 40 26 294 200 387 445 500 503 678 748 837 966 976 984 
29 430 475 805 908 53 215 62 36 412 515 612 627 723 744 858 901 929 
323 368 458 468 158 119 95 235 464 516 994 
37 367 893 103 23 115 124 503 516 839 845 973 
538 835 872 76 339 518 553 715 763 930 973 985 998 
217 53 729 791 54 183 87 134 107 241 284 491 492 568 653 873 
260 669 746 873 125 174 293 270 465 576 601 639 663 735 744 768 
646 710 819 233 15 228 225 107 213 552 592 602 786 
112 94 442 514 836 954 131 218 168 134 154 216 106 560 574 611 632 660 663 686 695 921 948 
70 18 64 495 514 552 580 581 653 673 836 888 934 938 144 177 324 27 277 189 253 237 246 197 300 351 352 420 464 477 492 594 635 641 686 721 758 770 777 794 819 824 832 850 868 899 984 986 991 
308 376 603 735 804 917 177 99 94 82 336 400 430 431 454 489 501 521 531 794 833 878 996 
32 130 269 216 386 491 507 541 607 948 991 23 304 349 22 81 64 201 120 150 320 363 400 548 564 573 580 583 611 618 639 651 826 838 841 872 955 
192 145 5 10 49 664 219 188 241 277 306 349 375 471 504 521 586 609 631 762 895 963 969 
269 448 607 753 756 256 114 311 272 293 244 489 538 640 679 777 907 
637 934 968 277 228 415 555 679 764 984 
204 33 856 996 158 214 28 362 390 480 570 673 687 899 987 
52 516 549 969 266 70 325 333 22 37 410 471 537 637 782 919 
240 422 605 612 214 86 146 98 323 50 300 471 629 682 702 732 
274 324 198 285 791 902 903 923 994 111 113 222 244 329 33 226 14 371 376 391 400 411 416 419 597 631 757 847 
553 897 976 175 159 285 137 209 655 680 771 823 
308 241 24 284 376 389 437 603 747 771 999 8 332 137 57 319 236 406 428 446 447 456 472 526 573 620 637 650 685 731 756 793 815 821 868 869 965 973 990 
100 59 121 333 390 663 781 293 157 117 151 317 247 567 594 613 620 668 670 731 794 839 881 945 953 958 
256 579 606 692 773 830 837 896 21 44 62 67 280 355 274 440 446 481 544 556 605 620 623 646 650 683 807 
19 554 987 241 351 225 145 461 467 495 506 732 
65 58 189 404 506 922 930 310 70 137 241 111 338 583 595 681 781 794 797 834 869 926 949 957 976 
284 104 734 459 550 600 605 610 612 774 836 952 
250 472 483 555 712 727 774 926 950 167 201 243 61 172 117 49 120 74 149 373 374 491 562 571 685 828 832 857 956 993 
343 221 871 5 279 378 452 528 629 637 821 837 
323 4 85 46 25 342 396 400 447 521 565 583 808 943 995 284 10 205 19 26 217 141 75 209 91 268 160 385 419 475 491 494 587 713 719 723 744 763 789 815 818 839 861 878 888 922 981 
91 105 516 549 554 950 987 171 312 216 64 260 392 400 449 507 582 673 745 831 894 935 938 974 983 
252 237 9 501 517 584 623 733 761 859 936 992 241 250 296 198 283 324 119 131 293 2 491 497 569 577 580 617 654 674 735 752 807 833 893 896 915 947 957 958 
378 459 514 653 836 26 358 29 293 67 415 565 583 993 
182 394 696 196 31 5 408 422 464 516 528 
133 573 920 970 366 489 605 623 705 802 813 816 901 971 
254 154 400 366 70 89 199 382 687 915 
40 200 941 333 352 228 188 378 395 441 578 848 891 
350 360 311 115 603 931 312 358 14 144 130 114 156 518 531 541 550 847 
242 84 478 613 661 675 727 24 45 99 131 209 404 485 506 568 607 622 629 709 734 761 990 1000 
371 201 459 495 524 552 581 836 888 367 121 375 230 67 149 277 247 71 167 401 446 467 569 638 685 848 864 874 930 988 
51 92 299 197 410 909 192 320 13 257 325 382 400 457 475 485 539 546 613 623 865 935 
246 519 773 896 974 265 237 19 336 294 104 418 503 550 564 740 749 760 969 
37 159 416 849 893 125 169 83 163 285 426 498 567 609 645 659 666 680 915 
10 49 192 181 33 124 973 976 293 196 379 108 37 300 92 374 208 398 400 481 663 677 735 737 774 808 905 966 969 
454 568 582 602 663 773 927 986 226 220 276 448 460 477 497 508 558 580 605 631 670 708 719 766 849 944 949 985 
168 516 712 901 266 209 65 234 297 489 553 623 805 837 897 
494 612 944 299 237 51 320 368 99 248 617 962 
351 435 991 74 240 230 84 324 260 546 
331 444 618 679 709 752 864 865 882 306 56 278 203 286 340 35 146 465 469 622 687 705 750 773 791 823 834 845 950 965 
472 727 926 302 435 506 716 740 749 992 
360 437 735 50 199 421 535 634 901 909 
111 361 566 611 919 80 139 1 355 526 581 593 646 732 735 832 839 984 1000 
103 219 292 2 393 567 656 672 687 933 949 235 274 211 14 302 358 243 54 321 149 112 201 33 278 452 491 500 511 520 524 535 557 558 615 786 862 930 
87 422 425 467 539 545 873 186 369 304 290 436 499 564 596 637 639 673 681 723 791 835 897 919 964 
119 391 449 567 687 762 93 293 73 239 258 494 518 550 610 641 670 686 750 885 
372 523 629 187 204 306 156 742 820 881 958 986 
244 85 396 458 477 535 678 943 122 264 308 239 316 375 29 198 459 506 561 575 643 680 737 750 812 894 896 947 968 
368 254 395 705 302 79 335 214 419 516 581 588 724 835 893 
108 766 805 8 328 537 708 841 868 929 
442 637 697 869 382 108 475 641 642 681 803 834 973 979 
83 571 610 694 737 748 836 311 147 131 162 4 7 274 449 508 587 603 687 740 813 834 841 876 992 
368 45 374 337 223 266 447 468 503 521 565 576 688 883 351 64 358 285 369 382 248 252 283 278 162 350 37 216 379 404 412 419 449 524 531 581 600 624 629 734 740 764 767 856 940 961 984 
182 316 453 607 993 339 10 67 378 8 164 46 19 512 832 986 990 
185 203 419 532 698 719 124 168 99 338 175 476 518 550 588 720 832 890 911 987 
22 188 438 670 823 200 297 458 545 547 652 750 788 901 
22 180 125 364 60 16 471 506 528 544 823 840 918 9 187 278 261 228 166 33 248 236 114 377 158 211 400 407 442 575 597 652 673 709 724 729 737 739 864 872 907 977 982 991 
286 293 211 428 510 198 257 442 577 753 805 839 924 975 
528 544 670 153 325 360 167 235 70 152 455 565 672 
243 263 440 801 910 916 925 959 183 320 237 188 224 97 131 184 162 404 489 531 550 613 633 680 779 800 941 
84 479 516 621 712 900 926 950 203 372 255 64 27 157 412 477 486 495 514 531 592 732 835 891 952 958 965 973 
111 246 504 797 22 316 307 229 176 97 623 739 827 832 834 971 
97 379 304 441 525 716 754 786 937 285 88 139 356 5 294 508 514 524 589 601 603 620 680 750 821 835 847 
183 575 710 20 358 293 170 238 49 620 
237 298 501 695 761 859 936 965 341 31 10 172 70 99 42 264 234 258 292 400 408 308 555 633 667 710 745 793 952 
320 546 578 248 194 243 324 539 559 718 
804 917 931 316 102 529 563 621 715 955 
106 476 897 354 200 37 85 371 303 636 639 717 861 
6 381 703 893 980 205 84 358 285 544 653 691 737 744 807 839 948 
259 43 34 878 5 64 334 195 422 426 545 571 641 799 
149 165 193 680 767 902 984 206 218 32 43 131 380 196 504 590 629 698 710 827 919 926 943 962 
117 184 203 247 185 277 402 485 532 701 706 967 164 297 131 119 84 400 303 358 368 16 396 33 288 300 436 446 513 531 558 603 612 615 637 674 697 705 709 792 808 921 966 
490 643 878 307 324 349 421 646 855 888 909 
597 709 752 323 297 12 389 420 922 935 936 983 
392 357 260 40 236 467 605 609 612 685 693 873 150 325 149 285 113 58 417 372 55 54 91 96 448 479 483 503 601 607 639 747 752 758 772 812 851 960 986 996 
196 702 966 972 181 100 22 93 37 478 546 658 825 945 958 
7 209 271 559 226 182 270 541 836 847 944 
392 451 640 90 98 512 529 552 607 700 835 959 
190 337 258 468 565 782 820 943 989 325 417 35 177 33 296 381 207 198 9 434 472 484 629 709 769 772 837 886 899 946 955 959 
180 156 506 154 225 495 516 631 709 744 786 955 
405 474 754 328 360 185 191 650 810 998 
120 667 808 117 137 471 484 495 502 545 
41 341 108 245 294 58 71 68 350 503 690 693 904 938 945 
200 662 873 122 350 440 495 761 863 869 928 973 
209 633 704 874 137 471 592 668 706 715 751 
152 493 703 48 105 452 461 478 576 649 723 825 911 
57 589 604 163 149 426 287 274 440 971 
130 220 216 386 522 812 232 388 247 74 560 738 740 791 851 925 926 934 
709 864 978 120 392 419 292 95 579 721 760 
360 205 389 114 193 516 520 665 837 950 
22 403 573 64 442 565 629 653 885 899 
10 440 816 103 514 560 594 662 943 995 
77 225 192 5 439 407 362 140 431 245 434 489 573 885 946 954 979 981 984 992 
164 97 410 27 48 716 259 310 122 224 375 149 134 682 690 709 710 740 885 895 
398 94 348 495 581 751 404 438 405 114 321 218 463 523 628 712 818 827 890 893 901 962 991 
5 33 10 925 241 228 190 271 167 491 507 849 855 868 873 985 
387 679 864 262 114 603 682 819 960 970 
286 754 852 220 165 74 340 467 840 897 
169 329 15 151 572 766 22 325 362 378 419 360 498 623 649 771 798 804 
400 368 688 360 174 77 517 675 743 832 896 
353 220 248 135 846 173 422 383 10 329 108 549 571 615 627 701 849 878 
162 119 292 393 103 219 150 567 639 687 400 4 182 213 399 54 206 322 222 217 369 92 457 505 514 560 777 810 813 820 825 
234 500 518 923 286 277 313 230 310 661 782 833 849 885 915 
230 425 640 941 264 517 526 566 670 680 702 717 741 810 
68 52 479 742 433 367 281 251 391 551 580 670 816 865 994 
401 314 607 11 113 181 12 580 803 814 830 
218 111 383 896 328 1 281 76 203 272 350 326 725 733 763 
52 712 783 987 196 238 406 470 504 532 657 831 860 952 978 
113 579 714 360 163 24 26 506 525 528 786 
199 127 495 751 449 67 219 379 91 324 487 605 677 896 990 996 
395 342 820 57 403 528 552 632 647 835 858 977 
371 378 76 637 796 888 86 89 365 284 45 49 395 320 309 9 523 621 661 665 675 965 
91 783 926 950 246 114 383 20 154 806 970 
241 590 760 433 363 462 509 514 641 670 895 
250 479 661 969 108 461 180 159 211 501 577 579 811 913 914 948 
138 491 629 750 875 899 137 76 442 330 197 149 337 567 746 780 809 827 881 901 924 930 
289 591 615 903 911 984 277 153 80 372 228 349 342 26 549 639 666 709 879 896 
3 167 163 482 510 779 832 945 981 346 24 321 90 120 319 387 58 489 532 612 680 708 710 733 748 848 919 943 959 960 984 
755 823 970 983 132 89 169 319 615 793 965 
422 200 267 392 539 543 545 609 612 685 818 873 912 944 159 272 96 204 301 199 234 378 445 5 363 54 503 554 588 615 622 629 631 637 664 670 710 807 827 862 866 966 969 970 
342 426 400 477 648 705 300 99 251 618 682 689 699 727 856 925 986 
507 522 991 33 319 387 567 572 748 766 999 
539 561 605 455 161 108 237 493 606 646 676 971 
156 295 60 404 544 573 755 809 930 983 352 305 357 111 432 173 93 131 165 356 45 219 429 195 147 646 729 852 860 914 921 948 965 979 
168 30 388 366 675 682 70 360 167 310 108 301 316 99 426 53 229 539 731 794 805 918 
51 3 947 24 316 119 713 783 818 875 
428 253 102 482 757 144 308 175 42 287 70 498 556 620 653 664 744 
341 108 624 398 111 379 368 657 669 703 791 
415 145 530 897 402 8 318 495 500 539 681 685 691 964 
13 468 395 142 305 54 266 741 808 820 843 924 349 285 100 82 222 408 296 383 105 50 319 530 563 604 614 640 641 712 745 800 830 862 885 894 900 901 905 969 974 993 
377 549 555 642 774 150 433 423 635 673 797 840 910 921 929 968 976 991 
262 408 452 30 134 462 642 661 74 107 114 10 130 137 248 422 542 670 684 695 704 710 806 856 873 887 942 968 995 
551 615 680 246 6 242 355 677 696 731 786 916 985 
272 45 281 731 952 192 288 362 382 562 607 664 670 722 765 785 961 
465 474 754 807 94 26 287 522 623 713 727 858 896 954 
315 366 52 774 901 31 131 422 13 99 130 722 734 739 748 756 935 
24 241 603 735 426 429 10 33 543 546 629 673 705 801 
419 185 277 698 725 967 103 162 377 379 233 120 54 220 615 731 804 901 922 989 
193 596 946 408 206 57 327 26 603 646 670 901 925 
300 574 723 744 151 17 457 293 500 543 648 665 682 803 805 970 
295 506 809 922 185 130 309 191 549 570 638 681 712 838 968 969 
101 310 328 80 50 66 668 702 835 853 872 914 966 108 465 29 373 119 353 31 384 32 38 127 13 303 440 407 350 510 578 585 634 673 683 725 729 743 790 791 807 819 836 883 911 973 
420 90 847 111 227 271 33 508 664 685 694 
463 302 294 351 220 39 523 533 629 674 750 899 345 54 91 217 391 368 58 203 370 366 443 116 553 575 606 610 645 663 683 703 731 744 767 822 856 863 869 936 
949 958 975 345 42 92 326 74 349 328 271 612 752 
433 703 893 29 232 113 193 174 470 722 785 
385 87 202 368 393 594 869 870 916 924 
349 457 442 378 18 1 550 673 748 778 905 408 180 191 115 212 427 476 429 363 320 100 327 69 159 40 31 431 146 217 539 604 670 717 730 780 839 940 
509 728 764 24 172 66 540 624 701 759 834 996 
322 228 860 383 5 370 78 633 814 944 
100 11 256 536 602 781 446 55 190 474 174 230 157 381 145 529 590 613 
70 339 160 722 181 176 31 109 392 507 681 742 952 973 
450 271 31 324 615 154 476 391 340 308 487 606 641 696 703 747 829 840 938 
273 237 412 370 962 48 325 1 350 86 462 292 540 550 699 706 779 870 904 
152 689 893 339 319 429 40 63 546 726 747 
190 400 258 176 266 576 650 678 790 907 952 89 227 380 430 235 65 422 202 42 340 343 467 515 531 546 574 676 679 707 710 719 829 831 847 849 869 878 977 
59 409 568 773 24 235 352 455 418 549 581 656 811 928 
54 565 939 293 180 236 449 607 615 638 694 818 878 
488 189 427 404 295 364 534 670 708 740 809 922 930 395 363 261 128 377 323 456 153 157 185 388 150 38 97 118 293 172 36 549 581 620 624 630 632 639 646 711 819 836 882 1000 
351 469 130 523 629 499 443 37 369 200 259 337 550 581 712 747 903 939 
125 188 44 109 227 528 573 732 755 271 116 383 254 490 399 316 158 410 154 78 171 87 287 666 696 719 723 754 833 838 869 945 950 
496 234 596 22 67 287 38 461 83 536 549 624 629 
405 97 465 304 167 644 306 11 42 184 254 231 489 297 230 180 546 697 718 781 859 966 
252 144 885 961 979 121 188 391 180 247 284 187 167 580 661 784 973 
173 237 623 235 401 425 565 581 594 689 750 908 
767 867 984 239 419 298 174 521 589 673 
1 201 371 349 348 63 552 789 935 954 971 439 148 181 318 410 71 300 461 449 184 105 408 210 565 575 578 585 607 624 783 876 900 996 
249 300 166 84 43 503 341 518 805 828 863 879 906 
356 28 369 317 19 408 384 91 613 621 642 798 343 248 372 140 70 9 279 427 237 342 437 55 396 223 256 575 643 678 684 702 796 849 852 864 866 910 
171 57 43 370 635 800 47 50 211 224 250 447 451 325 523 566 610 694 702 786 802 808 831 
290 234 324 450 86 591 729 923 34 10 344 212 153 515 64 376 89 393 402 525 569 576 613 752 754 832 885 895 930 
380 829 896 98 10 267 701 924 961 1000 
114 131 155 786 203 212 79 391 88 437 714 732 748 825 889 922 
400 272 25 45 176 276 368 691 730 808 822 851 943 952 995 200 32 77 352 317 216 350 298 260 293 209 513 186 256 526 527 552 623 653 659 661 666 694 735 740 792 817 818 831 857 861 876 899 922 979 
435 135 469 482 227 320 15 124 581 735 882 
394 491 26 507 711 899 517 442 253 293 459 298 74 111 186 718 791 816 835 865 995 
64 94 132 378 748 1000 400 145 176 52 91 15 410 391 5 659 742 764 873 874 
211 410 197 786 909 68 518 207 145 199 229 456 75 670 876 896 917 
255 207 588 660 710 718 763 806 819 868 232 235 521 253 360 390 5 451 527 567 629 670 678 775 791 799 807 814 854 858 873 888 902 965 
12 157 785 318 526 212 97 521 632 709 762 831 870 
404 60 406 180 508 291 840 930 282 372 99 367 271 456 223 458 550 664 710 726 769 770 817 827 836 926 984 
285 704 911 984 988 125 2 498 258 201 414 425 716 740 754 783 846 871 985 
145 476 225 187 884 916 234 285 54 136 332 4 477 185 224 217 582 753 862 890 
79 166 172 123 96 569 578 681 723 827 841 845 892 180 400 234 33 170 407 83 350 376 329 419 185 209 503 48 408 566 580 581 593 606 651 670 684 745 792 864 897 904 917 921 930 984 
277 203 402 419 185 701 876 967 316 465 142 149 298 171 235 455 538 548 643 694 703 748 770 797 812 943 
491 821 991 145 184 169 250 185 667 689 
60 506 930 126 236 192 696 710 757 763 834 
395 154 334 784 921 989 157 184 70 389 288 391 257 167 103 545 547 919 928 946 968 
498 606 692 974 338 509 573 657 754 807 849 
162 567 958 326 397 230 33 356 710 721 756 943 
196 344 702 835 59 353 532 556 597 663 756 763 895 992 
470 128 392 236 326 467 669 802 145 472 495 51 204 239 287 379 476 413 546 628 678 716 754 815 841 900 902 919 971 
64 673 935 501 496 120 314 592 639 723 987 
135 351 629 795 991 271 230 90 167 376 424 646 652 672 710 832 921 984 989 
13 287 650 691 788 793 907 921 943 274 83 479 143 188 262 157 169 140 166 18 557 641 703 738 739 773 781 789 804 834 858 897 
467 202 230 484 487 66 3 564 638 681 702 851 909 
404 471 406 732 131 362 134 416 571 875 901 
467 392 605 647 669 873 956 535 96 108 403 429 321 137 417 563 584 650 653 679 689 701 773 862 948 
413 318 301 99 320 569 636 744 827 22 386 141 130 503 379 5 539 502 215 237 87 423 510 484 552 565 577 670 716 782 807 833 912 
293 786 937 535 403 274 161 242 188 608 811 950 
259 643 652 142 111 95 221 351 532 799 
356 369 84 478 52 682 969 506 464 509 57 258 316 488 504 448 606 791 946 958 961 
112 137 495 158 18 580 620 796 833 836 954 1000 120 376 501 237 407 507 393 528 402 10 365 37 380 186 567 572 593 605 657 679 687 728 745 766 786 828 899 944 950 988 991 
480 7 615 82 117 260 452 286 29 119 815 939 
63 158 378 157 127 349 514 627 673 954 190 546 458 274 240 347 298 268 136 281 425 521 575 623 662 696 712 745 752 756 802 830 846 872 921 923 
359 5 884 973 344 241 235 491 384 229 281 1 797 820 
369 52 363 326 149 467 24 202 203 681 765 
478 366 632 354 412 94 59 120 740 804 898 965 
564 642 901 987 237 32 34 538 57 94 362 164 474 767 856 982 
239 816 856 210 542 391 185 230 812 845 
710 806 844 990 383 139 293 419 391 135 260 784 893 1000 
424 745 867 100 59 413 35 237 254 845 
255 718 736 806 101 439 348 9 435 449 706 714 805 841 864 986 
200 326 87 470 818 895 276 395 273 139 100 30 259 577 580 585 602 615 654 658 781 806 965 
273 232 810 965 214 366 481 1 320 294 205 817 832 834 835 901 
185 277 725 545 477 18 414 581 710 848 873 
556 613 901 316 196 380 543 226 141 351 392 709 744 
368 74 4 426 13 272 505 400 678 782 889 939 952 953 234 546 150 84 406 30 271 72 438 209 512 61 5 514 306 371 83 582 617 663 664 716 786 797 823 835 866 879 888 900 906 984 985 
390 579 896 281 451 317 254 531 517 577 681 945 
449 537 391 119 194 103 393 594 666 684 550 61 323 526 232 381 282 469 326 158 361 200 247 258 295 46 463 574 675 752 770 793 802 935 
383 504 587 345 377 33 112 45 635 772 
318 178 531 320 172 546 71 617 794 831 163 370 241 3 179 518 378 337 26 588 607 615 620 664 693 731 780 788 790 922 952 
68 110 586 645 798 901 488 213 135 355 287 575 587 594 633 644 730 806 903 920 
23 399 158 653 748 366 544 187 448 417 592 621 771 775 812 819 907 916 
446 29 805 326 469 550 607 687 728 900 
373 508 133 471 438 732 360 84 64 536 285 351 440 224 739 836 864 867 945 975 
487 228 148 681 723 841 149 197 125 187 122 19 503 4 567 268 131 348 642 663 697 754 799 
222 411 646 710 763 787 806 990 998 570 395 250 516 514 404 80 552 491 584 606 617 630 655 735 740 760 878 921 
74 503 400 808 824 951 989 433 126 518 346 63 578 611 695 773 802 819 893 895 927 930 947 992 999 
1 137 283 869 904 971 462 370 566 24 546 8 203 222 126 405 10 561 614 681 742 884 
297 531 413 617 681 723 514 262 576 375 147 232 268 489 616 626 654 740 807 881 
566 456 362 606 658 462 339 102 338 436 800 878 906 942 
550 141 157 122 199 349 137 158 737 748 811 836 971 452 125 93 287 177 299 561 383 453 286 351 114 370 531 511 607 666 699 827 842 849 858 878 891 894 911 923 930 945 960 966 992 994 
349 442 174 378 653 673 778 811 888 531 563 271 247 396 15 507 522 390 330 400 506 272 512 504 585 696 716 739 812 859 949 950 992 
383 111 218 296 830 837 63 369 68 530 185 565 628 650 653 660 679 688 696 752 992 993 
85 368 74 324 83 351 116 364 371 849 885 971 984 
370 604 965 545 248 215 329 575 201 207 835 921 
232 623 800 220 489 514 561 203 581 15 781 841 
91 570 675 780 352 666 751 771 782 820 837 
568 611 663 399 368 570 63 614 642 721 820 855 
526 222 646 710 868 990 228 179 396 467 402 569 663 684 723 786 815 820 839 984 999 
232 237 238 434 57 839 859 94 410 314 127 243 185 131 513 317 5 615 700 730 749 763 908 913 943 
104 93 24 241 461 747 999 418 134 220 206 120 170 103 498 613 696 803 821 893 906 
518 464 791 645 647 725 752 846 873 924 963 
144 171 89 600 137 408 16 540 571 432 15 347 650 744 799 817 
659 801 973 99 191 390 550 531 44 622 778 898 
162 95 567 69 336 340 651 26 494 361 512 439 570 164 183 349 600 644 663 704 739 746 748 766 
209 686 745 768 903 320 49 98 26 18 364 204 676 730 772 835 864 
509 486 767 327 392 215 60 206 969 976 993 
215 226 421 598 709 752 864 877 404 71 94 231 101 316 4 538 260 250 358 17 95 629 701 710 735 756 777 849 976 
597 709 882 221 45 57 161 9 334 745 783 826 983 
143 895 956 90 97 319 42 823 910 973 
171 592 635 733 928 979 594 365 5 290 120 239 299 400 673 679 712 952 976 989 
209 745 791 43 422 315 410 346 662 847 
383 47 498 230 347 254 561 259 272 629 779 864 
360 350 484 376 308 241 735 747 804 999 410 486 399 61 168 255 52 186 99 444 60 67 82 419 77 610 616 660 765 791 849 850 883 894 896 942 
584 434 800 28 283 495 477 651 737 752 764 895 
357 40 470 200 260 422 545 609 662 818 873 89 365 119 196 149 239 373 4 362 383 457 550 630 657 678 714 715 728 780 819 822 837 902 
579 536 75 270 362 690 797 974 274 470 247 531 220 148 248 8 575 500 46 549 491 234 622 624 736 783 871 893 992 
453 353 316 401 248 351 629 696 750 756 812 850 263 195 377 425 569 110 80 241 505 68 572 295 232 514 246 481 5 580 422 621 646 649 650 670 757 764 771 903 950 984 
235 748 971 272 547 308 632 639 809 899 
467 605 422 381 111 352 617 671 709 992 
83 399 63 817 365 517 393 114 491 603 687 768 891 908 970 
390 82 587 348 171 351 576 636 673 700 
467 385 357 422 326 267 685 873 956 419 14 109 492 465 341 194 251 365 217 52 629 715 721 739 784 789 812 825 
377 317 516 315 564 638 675 712 780 518 407 154 18 241 235 328 379 590 254 174 361 498 43 678 724 796 835 867 911 976 
702 835 966 180 577 477 105 170 587 862 
500 149 551 31 274 36 464 7 306 480 728 813 855 857 561 466 391 485 317 37 505 26 313 448 589 16 419 146 180 67 569 95 167 111 304 467 54 623 627 696 713 801 807 831 836 863 869 
268 664 916 148 190 578 603 57 680 873 
569 320 297 228 578 231 191 233 8 681 794 841 892 385 609 162 59 222 565 54 575 282 370 129 727 746 787 825 859 863 873 897 921 954 958 959 966 
387 709 752 828 964 351 48 91 468 239 667 849 905 992 
86 31 53 210 633 291 218 187 326 11 639 709 715 771 786 795 907 
18 550 83 737 935 968 971 982 1000 138 506 362 155 474 206 410 411 331 569 361 360 7 658 677 705 747 763 819 820 958 
30 516 408 459 571 414 292 172 111 607 754 864 886 
38 67 57 772 961 965 593 606 209 467 220 387 377 8 117 37 328 673 678 687 715 819 
319 38 370 144 512 208 147 237 585 652 726 810 962 965 521 446 615 384 221 482 58 163 373 63 552 224 306 234 409 47 362 379 651 662 674 676 692 742 749 836 872 875 900 935 967 969 978 999 
475 139 151 765 766 805 52 514 506 496 326 200 606 400 509 215 674 736 800 857 930 
149 234 745 791 813 316 119 3 77 313 702 786 810 873 
42 16 863 146 578 120 102 689 763 801 
552 722 869 615 341 448 780 834 864 932 
232 9 38 67 235 442 3 185 539 290 582 675 678 903 910 
507 248 491 541 251 607 463 130 26 394 812 850 95 400 484 418 152 602 377 297 426 612 509 258 225 597 132 526 235 367 438 467 357 12 678 701 742 777 807 853 864 
319 859 965 506 23 605 158 282 575 640 892 926 973 
214 340 292 150 672 687 949 958 427 185 467 358 352 180 122 40 209 383 269 264 280 815 856 870 946 967 1000 
555 634 645 682 901 136 458 348 506 527 608 710 807 836 910 965 985 
619 432 984 412 497 185 407 570 674 797 
632 317 727 389 489 183 255 658 714 835 
208 517 600 349 568 478 130 235 310 640 703 976 
546 231 229 136 415 27 110 35 611 18 339 169 740 
398 459 64 354 737 817 211 104 392 360 367 67 356 114 333 467 419 663 732 773 949 958 994 
613 682 712 926 325 319 143 139 505 378 488 543 737 806 823 
449 292 340 336 119 69 2 651 666 684 687 769 975 608 392 202 85 158 422 506 351 540 296 464 235 619 415 261 168 346 660 662 698 710 729 734 736 740 859 893 908 921 971 990 
451 425 662 886 353 630 477 337 635 339 716 790 815 850 934 940 
114 48 293 807 985 393 461 500 542 398 417 349 477 750 873 901 939 
556 478 479 516 54 330 398 8 587 574 56 243 893 973 
147 548 420 810 965 227 323 188 318 108 268 516 395 532 787 827 978 
510 164 807 937 981 70 570 259 156 594 225 718 808 926 961 979 989 
632 570 950 969 76 5 591 381 324 491 725 804 809 817 910 971 
347 35 588 575 660 710 718 736 763 770 806 844 998 25 292 46 362 70 607 32 420 254 91 486 471 506 541 93 470 390 336 171 675 701 755 788 790 810 821 826 836 858 872 995 
260 545 202 818 52 332 591 458 43 29 190 822 831 844 
468 4 943 487 94 39 53 199 184 714 
198 324 855 247 446 433 607 25 658 712 738 954 
179 542 276 503 321 305 54 287 667 777 921 939 79 193 23 222 592 30 293 32 289 362 103 607 117 20 235 360 545 261 428 277 582 779 832 904 911 918 926 961 
639 2 594 95 312 292 531 604 52 351 153 623 710 875 928 932 948 969 994 997 
548 623 979 54 541 403 168 158 16 404 927 955 968 
581 371 283 349 112 18 235 571 1 968 81 327 582 545 308 209 521 345 306 416 338 271 56 474 129 438 668 702 705 757 849 860 891 902 903 943 
224 739 871 561 141 370 60 578 952 961 
257 59 773 898 575 359 306 247 54 669 747 863 883 888 895 935 
391 312 958 291 21 504 80 288 678 716 
280 812 846 899 993 605 295 6 550 455 536 475 332 89 325 789 825 
579 303 195 59 47 75 692 773 955 2 561 649 224 620 148 634 194 3 203 81 69 139 423 666 748 822 871 872 876 883 887 922 950 
243 593 910 524 303 183 521 381 682 786 
526 646 710 718 770 806 348 639 219 603 165 582 158 102 103 29 800 804 871 921 931 939 989 
315 462 479 377 52 780 521 511 339 459 322 125 324 223 450 248 265 697 748 817 818 918 982 
87 640 605 431 802 873 895 172 74 303 639 173 552 623 6 601 241 235 439 177 692 750 775 829 899 
383 587 361 837 491 637 382 348 170 565 588 594 574 346 538 740 
352 145 616 77 33 5 897 569 280 528 474 467 481 490 248 329 565 757 773 794 827 849 869 889 891 
752 865 978 487 120 437 175 459 149 823 
567 307 639 769 580 508 658 66 381 464 586 521 676 745 750 
650 337 429 264 412 533 618 286 679 887 954 983 
489 338 66 653 432 361 217 151 695 937 
346 545 539 475 223 283 184 22 655 755 772 920 
60 22 406 506 403 156 313 133 16 749 755 823 840 879 922 321 495 486 481 10 393 383 237 26 546 479 361 467 451 137 531 259 607 198 525 54 461 271 452 88 55 526 695 752 807 843 891 899 911 960 
679 709 864 10 123 337 609 42 933 956 
391 631 119 958 406 339 541 154 221 890 970 
94 63 495 581 552 339 349 540 199 64 676 789 935 938 971 513 5 355 484 600 95 489 478 54 611 125 203 13 404 229 622 256 392 369 29 37 263 208 702 716 750 756 802 835 840 873 898 909 936 975 
248 491 316 750 846 289 633 370 292 419 623 624 731 768 
472 317 586 613 377 926 628 646 567 459 339 447 308 235 212 247 697 784 931 959 
23 673 63 694 737 796 866 470 102 595 78 91 166 264 45 223 623 666 503 206 709 839 942 951 961 999 
114 27 211 754 807 382 620 480 99 176 235 457 47 40 687 693 817 
503 154 565 4 25 395 820 848 939 989 320 340 539 232 166 629 56 605 622 656 231 194 163 526 168 628 613 107 516 50 6 689 747 773 961 969 
671 444 387 709 752 978 600 238 667 503 545 353 178 550 582 354 24 712 753 804 822 841 
418 324 290 480 56 874 984 395 407 147 247 189 114 326 616 410 451 381 293 359 106 465 301 156 714 856 
297 320 574 617 99 301 71 578 8 531 723 744 827 831 312 41 364 145 226 159 149 109 120 70 215 199 167 398 476 488 499 392 121 577 554 566 543 708 737 803 836 839 842 869 874 916 978 
549 472 638 632 901 926 950 969 329 659 97 487 357 444 298 441 216 180 468 151 203 281 694 705 854 868 949 
335 83 888 491 362 314 489 882 898 912 
150 639 69 336 567 933 958 156 325 31 196 84 479 98 531 306 516 588 752 791 850 887 922 969 991 
212 612 422 467 802 873 886 26 83 490 476 366 360 135 237 378 701 791 794 819 891 903 957 
595 234 209 231 260 140 244 232 393 237 349 348 818 
393 103 214 631 391 449 639 307 958 138 254 374 139 244 355 677 387 610 572 622 550 399 108 316 693 705 794 832 887 912 945 
400 254 447 731 825 921 51 131 78 582 336 100 240 12 220 709 737 779 798 842 873 955 969 
213 159 224 502 862 980 174 190 533 468 626 678 512 233 18 234 545 319 782 835 836 895 933 
606 246 11 896 441 430 76 241 776 873 926 
542 176 521 280 331 416 476 205 209 885 965 
658 362 536 317 662 623 336 696 709 848 884 996 
240 422 128 818 430 677 175 137 569 687 120 788 853 911 
676 399 158 201 70 1000 682 490 219 505 532 213 517 521 271 759 804 849 916 942 950 984 
144 412 726 733 800 320 576 479 72 670 668 348 254 718 723 747 798 
607 32 26 372 294 750 812 821 915 940 948 121 178 534 581 508 252 55 590 552 615 5 166 33 480 59 500 199 137 692 582 817 839 981 
160 283 325 398 833 869 905 934 29 661 274 328 419 510 9 272 207 675 52 574 716 773 794 849 944 965 981 
277 485 402 285 111 639 418 758 772 855 
328 66 872 914 468 501 27 150 580 111 878 884 929 965 997 
72 735 804 425 611 235 589 297 288 746 992 
419 184 532 185 117 706 838 967 448 629 685 6 496 65 597 545 37 519 646 849 900 920 923 949 
423 196 614 489 80 538 107 835 881 274 516 160 451 543 357 673 625 195 285 517 7 131 653 212 762 813 823 845 864 912 953 
159 416 224 433 186 493 849 880 893 316 500 263 532 21 542 635 475 197 491 13 709 734 737 843 888 897 907 919 927 930 982 
432 234 529 271 479 83 594 320 325 709 725 759 859 881 896 989 
468 120 396 136 943 989 682 620 687 387 60 484 211 373 419 653 754 780 813 858 865 913 996 
701 184 277 419 838 104 292 560 312 91 501 256 432 228 748 807 993 
41 15 805 325 503 143 261 737 949 954 
506 22 206 109 823 930 129 383 397 320 681 465 222 323 710 805 917 984 
387 671 618 421 226 331 598 436 265 679 597 752 864 882 377 676 258 527 108 609 688 318 692 564 703 464 704 115 404 251 619 427 200 441 419 426 765 776 838 907 909 921 922 935 948 952 965 970 
660 575 347 588 526 207 411 646 558 537 465 14 201 528 479 632 639 412 708 148 441 651 418 541 563 534 503 467 597 713 792 839 
523 821 993 27 113 506 91 755 823 920 
613 638 366 455 408 384 969 552 488 507 147 322 600 649 145 14 679 442 477 761 766 785 877 935 961 968 
265 752 864 482 330 234 710 368 473 615 145 140 726 825 
456 257 781 955 648 520 634 560 680 145 70 294 605 733 784 869 
136 777 843 939 605 619 344 130 622 612 432 17 414 735 836 
131 410 126 441 890 894 913 947 977 59 274 54 74 529 656 539 581 640 565 546 673 697 277 388 736 752 769 880 912 993 
183 718 819 495 132 142 451 415 852 870 958 
560 526 660 183 717 646 819 998 129 413 523 287 644 159 237 510 695 722 731 742 750 889 896 930 
402 184 185 963 383 503 59 368 94 508 74 197 739 774 972 
23 836 861 211 68 402 730 818 826 970 
272 782 932 537 113 349 242 587 612 436 737 
1 627 499 836 481 483 233 239 493 168 718 745 831 950 965 974 
487 681 99 578 531 574 322 79 870 281 285 392 41 588 508 540 368 272 142 218 695 273 433 341 33 749 753 915 917 961 
59 113 919 307 613 247 396 168 404 995 
184 485 247 563 876 963 489 269 303 317 645 259 704 313 25 591 454 327 872 874 893 901 992 
259 173 623 695 965 528 332 713 502 279 169 174 316 218 737 901 950 970 
388 317 366 377 634 926 165 141 295 617 158 108 468 185 33 482 895 943 
86 149 496 615 911 320 188 550 237 275 212 605 159 572 54 174 848 
518 345 274 210 159 9 404 161 639 489 471 744 754 784 886 
521 161 327 808 270 595 570 495 131 228 589 259 720 847 
688 481 254 826 360 219 674 361 472 480 718 485 491 569 308 812 
508 573 544 188 755 840 408 390 520 248 637 363 277 92 272 331 170 357 791 814 816 917 925 
695 370 600 847 285 714 454 465 849 903 905 907 930 997 
365 205 917 400 13 703 201 174 483 377 639 57 293 
115 205 72 603 700 104 350 389 484 747 804 917 521 325 382 575 597 390 522 237 154 293 150 171 715 4 346 370 737 746 819 866 873 886 904 911 919 950 
560 222 646 183 606 109 254 110 117 624 716 639 745 893 939 
676 620 637 339 235 399 580 76 94 17 122 116 861 968 395 735 638 277 310 404 707 416 294 703 604 147 726 180 382 198 688 61 721 60 307 681 131 788 791 802 813 844 858 900 961 963 991 
65 125 922 435 649 542 750 752 842 853 
221 37 654 159 743 893 74 542 29 483 143 404 581 612 719 573 409 128 594 232 816 856 873 
58 189 188 506 125 863 920 930 970 217 388 555 435 639 400 320 79 441 108 399 575 578 380 636 529 521 169 663 932 965 
13 477 943 243 257 8 451 265 339 765 
452 30 242 317 759 774 780 524 37 120 718 577 623 279 394 294 99 222 13 629 209 499 184 795 839 845 
739 6 159 942 28 133 286 287 489 447 824 987 
55 300 297 546 228 487 681 99 827 831 845 38 474 729 368 592 346 132 179 341 564 10 427 284 272 491 117 164 259 39 416 745 777 873 937 951 967 
149 559 601 31 274 625 595 792 984 552 266 140 477 261 126 550 180 666 316 331 30 722 531 598 736 412 744 369 762 817 840 841 875 
346 895 941 463 617 735 199 594 700 957 
603 72 284 360 308 590 735 771 678 76 655 620 507 422 296 85 500 695 10 103 163 94 502 4 851 877 882 
524 580 399 608 495 98 571 1 954 658 532 483 706 133 254 205 340 469 9 594 465 520 661 773 805 864 922 956 
670 20 180 879 231 250 589 380 261 723 623 304 87 388 954 977 
26 696 491 607 463 278 674 821 991 238 271 410 387 393 512 403 217 52 147 738 641 662 395 666 673 718 128 800 921 1000 
201 442 457 432 586 251 52 950 964 997 
618 597 713 665 709 421 387 679 758 164 22 492 54 63 222 670 97 591 552 567 518 582 738 684 247 604 277 422 716 370 916 981 
32 353 821 723 530 679 337 405 862 888 889 898 996 
428 140 445 293 410 299 677 482 852 985 508 518 209 621 536 574 539 54 319 199 705 277 43 529 271 729 791 794 838 873 896 901 939 963 
466 732 42 60 508 471 670 711 646 167 669 183 185 68 217 205 64 766 776 884 888 939 968 973 979 982 
607 26 316 353 251 673 360 537 552 134 538 483 597 768 797 823 955 987 997 
163 164 474 945 326 534 653 273 607 358 291 664 772 794 864 975 
752 828 864 197 349 70 422 698 184 333 804 807 
742 315 900 53 496 704 694 921 957 992 
461 24 115 5 380 575 43 240 436 897 950 
57 232 370 412 847 859 961 962 337 712 234 377 108 272 45 241 184 431 280 47 182 767 773 792 837 884 894 971 
194 393 119 352 124 702 527 745 120 900 
526 646 575 806 819 589 534 93 344 538 454 620 238 626 368 893 946 987 
177 496 274 86 285 217 776 946 524 400 70 604 121 62 354 607 128 228 781 802 823 824 896 958 
245 108 624 709 554 159 603 481 120 741 811 952 981 
397 329 624 151 139 446 16 469 712 290 177 594 383 234 755 550 812 826 
596 513 418 776 556 126 45 23 761 200 30 153 46 491 400 
595 306 867 674 346 27 756 64 610 877 927 930 
666 639 949 528 716 22 426 864 911 950 965 
646 660 35 8 213 349 248 567 528 532 803 899 983 
360 747 804 446 359 586 30 607 571 619 
89 147 171 622 839 992 426 669 698 149 568 307 7 757 595 422 831 883 954 974 996 
383 380 504 362 195 658 270 655 319 678 174 542 761 637 545 211 697 387 664 106 20 748 176 576 783 893 958 969 978 
91 483 366 742 478 900 281 100 102 365 382 719 217 925 929 938 943 
111 927 955 242 249 571 138 144 275 526 662 159 
767 764 957 109 164 690 755 709 339 797 872 922 
650 74 715 784 744 629 353 449 171 308 349 597 817 830 
160 581 495 934 593 4 124 222 272 234 837 849 902 909 
131 3 264 465 501 101 650 688 407 67 602 56 877 969 
613 105 661 742 586 950 155 705 149 232 495 463 218 569 627 119 605 324 819 874 
361 498 714 257 106 364 585 163 542 561 764 229 510 909 934 
190 565 721 426 120 995 356 156 331 546 125 47 277 586 216 94 689 450 159 899 946 961 994 
460 262 455 606 773 473 529 514 598 933 
535 4 777 254 714 57 612 511 558 173 27 14 675 729 911 961 
527 83 929 267 481 86 30 42 493 317 712 849 
410 279 520 547 163 102 92 525 299 852 891 894 909 981 159 272 550 201 565 517 659 99 315 619 22 241 625 335 391 588 67 347 270 184 480 456 301 427 5 835 869 921 949 960 963 970 980 991 
222 575 819 7 617 46 643 835 886 888 962 
54 190 542 646 569 178 324 737 403 212 693 817 974 
514 673 141 833 904 240 100 301 285 612 657 542 368 171 893 894 958 
503 309 826 489 256 318 229 646 640 569 
591 625 306 285 36 149 601 358 345 7 792 946 523 489 63 392 59 732 549 603 435 754 684 60 737 323 75 475 526 685 265 133 387 871 931 951 963 964 969 993 
791 745 289 419 531 5 761 710 521 832 
542 848 921 130 360 18 175 412 466 187 68 567 993 
301 148 617 569 123 79 827 664 350 67 349 757 361 697 89 5 364 754 472 685 94 687 81 810 820 899 
278 316 541 742 286 619 31 86 807 818 857 
550 201 676 459 888 322 259 200 324 516 613 107 13 804 845 923 930 
11 409 100 606 532 478 364 266 553 756 776 16 565 633 939 968 
570 516 969 235 446 688 301 695 119 88 952 973 
4 921 943 274 417 548 592 526 574 947 968 
67 144 517 604 695 585 579 750 84 477 660 624 201 247 407 228 825 873 888 937 970 
407 49 593 973 615 237 193 626 54 484 189 126 903 945 
539 662 685 260 517 576 673 567 86 737 552 277 373 764 972 
164 891 981 590 117 770 487 398 453 64 306 681 
735 771 241 700 603 350 311 414 758 91 297 542 485 555 660 679 796 196 446 254 645 694 863 865 
572 624 707 15 29 397 341 108 139 748 708 319 487 40 241 560 5 405 384 162 194 515 472 268 865 893 913 920 921 923 973 
35 646 526 660 560 558 763 575 819 460 479 206 561 242 15 199 18 12 197 220 131 638 114 570 820 827 831 869 871 906 927 943 
167 641 131 114 482 677 211 163 644 293 909 263 578 370 706 64 16 187 36 629 632 243 416 670 526 328 615 546 489 795 467 362 536 758 810 882 926 989 998 
477 576 521 429 223 368 730 254 825 70 269 144 171 644 304 419 201 382 183 234 517 237 814 815 817 869 906 918 
506 471 488 608 463 263 120 54 645 945 
623 562 9 643 232 839 878 961 428 646 794 451 180 807 246 625 211 170 158 62 306 449 823 864 873 994 999 
580 14 170 76 581 94 504 547 308 211 275 462 765 67 20 875 878 943 
280 629 607 316 657 696 294 435 993 395 612 557 532 72 153 325 766 422 581 201 111 274 303 571 13 731 930 951 961 987 
625 615 271 857 911 449 230 64 373 702 737 399 705 59 842 852 974 
264 293 126 299 185 732 151 323 808 526 103 453 497 337 
55 229 834 360 551 368 640 588 631 274 808 539 
330 10 106 439 557 973 739 117 57 18 183 452 523 732 373 162 848 995 
637 610 94 157 122 64 175 70 836 808 257 194 268 777 745 696 562 89 65 197 645 677 592 661 788 521 528 844 953 972 995 
143 647 561 326 693 605 467 661 311 442 193 795 99 368 473 686 521 330 720 505 888 946 968 970 973 997 
347 806 787 526 718 717 763 183 844 990 685 65 349 82 165 506 444 285 263 620 571 33 320 780 605 735 622 257 576 489 858 869 901 923 956 966 
426 281 678 477 458 943 256 394 794 32 553 285 320 620 5 587 24 586 806 588 449 895 966 
753 696 711 750 26 533 991 7 646 410 265 83 338 590 168 360 259 367 64 835 989 
254 120 146 521 679 658 647 491 201 605 
403 670 708 291 404 466 44 665 182 764 599 702 129 711 756 59 810 565 387 359 638 852 856 888 994 
337 576 952 995 743 349 339 764 17 916 976 
688 287 244 282 808 848 932 55 657 520 713 612 800 200 27 91 433 449 423 208 617 84 869 899 926 
731 790 952 720 646 598 15 766 351 828 946 965 994 
681 231 531 300 191 99 546 320 744 794 831 860 892 580 329 643 467 313 409 18 237 664 164 145 16 528 211 442 418 806 185 291 463 832 839 856 864 896 908 968 980 
226 618 758 215 864 865 366 47 157 42 515 229 550 290 277 145 826 89 833 929 
519 121 830 837 185 91 503 144 662 500 293 906 909 999 
582 829 362 477 29 453 777 86 552 227 869 951 969 
744 55 681 827 569 834 647 772 806 517 521 176 455 503 235 527 246 722 369 299 232 615 
293 114 97 164 131 465 913 827 687 541 168 447 366 401 409 650 792 402 77 518 562 349 390 929 969 
550 697 332 174 789 508 329 828 168 26 546 150 350 85 187 450 370 269 852 
815 231 99 229 831 399 496 199 364 562 534 398 627 283 542 387 409 894 914 
344 80 614 328 107 489 702 538 196 101 966 972 673 458 689 408 787 613 562 24 821 565 396 273 786 312 392 410 285 634 584 523 595 174 299 425 864 901 986 991 
722 378 720 550 399 349 580 371 348 817 235 324 19 231 615 506 365 200 689 71 13 489 147 528 632 37 573 623 681 424 250 125 715 646 854 880 899 
362 829 218 582 663 59 778 384 367 605 761 437 586 271 88 340 426 248 159 9 878 931 
706 247 701 508 178 488 754 351 709 965 998 
147 67 810 232 237 772 589 842 906 270 742 710 588 416 495 88 676 696 162 368 361 390 191 14 827 405 343 257 143 681 877 890 
404 670 125 732 133 206 528 445 181 673 257 64 49 478 500 33 745 893 906 919 942 
320 617 531 574 296 745 399 539 397 585 23 3 37 679 560 351 
67 839 319 259 965 335 580 254 738 66 106 132 681 688 813 865 869 937 
715 272 477 703 275 313 213 135 234 67 670 938 
819 558 646 112 174 97 647 737 94 817 987 
531 233 8 744 557 343 206 125 49 242 742 387 559 284 702 796 
674 448 248 657 591 552 52 529 156 878 923 
733 490 761 90 424 358 730 376 297 503 136 410 601 864 892 941 
120 54 793 678 305 825 142 66 160 286 816 465 71 563 692 728 164 378 375 888 913 
221 152 213 37 381 224 118 703 862 880 893 942 980 697 785 778 664 7 733 250 448 450 24 701 443 597 580 383 694 268 144 603 653 67 618 86 536 516 503 583 92 231 12 853 896 969 
251 629 607 915 188 8 603 115 349 640 209 684 897 982 
521 62 161 45 435 747 543 301 422 40 308 141 859 940 
786 253 114 445 754 282 5 471 833 23 813 823 313 516 717 137 953 
489 196 338 629 9 225 693 738 255 849 
294 248 991 73 89 682 526 235 836 307 209 987 
615 53 649 339 698 420 73 443 587 897 953 
153 557 181 355 10 897 910 680 400 329 13 739 556 827 176 491 823 631 315 479 51 468 265 249 874 903 
813 615 960 624 108 97 220 235 366 521 795 970 
22 206 156 42 313 970 179 580 705 819 341 646 737 155 526 13 458 482 542 876 
589 630 319 412 761 370 965 13 1 581 111 704 639 254 617 510 326 851 247 183 894 897 933 963 982 
497 827 229 239 653 455 471 133 257 268 
332 720 737 415 238 317 521 368 979 984 
689 849 159 118 942 530 391 614 467 98 92 167 753 545 241 29 477 870 929 
740 206 626 125 431 3 515 234 804 655 308 491 615 617 919 
436 828 387 444 713 597 671 709 215 758 865 877 964 769 560 748 378 404 290 595 516 602 621 810 757 320 247 155 234 627 702 573 847 827 308 629 94 835 531 910 922 928 953 975 979 987 
265 226 828 387 864 665 882 805 523 60 66 842 705 328 187 804 158 452 56 379 149 113 888 902 
676 141 869 516 467 735 126 9 305 40 565 945 
768 559 513 573 310 27 613 94 55 337 941 
526 588 222 443 397 360 349 682 869 943 980 
122 697 627 866 98 398 137 577 14 18 170 339 63 982 360 268 295 714 39 183 28 508 830 503 615 298 868 664 491 806 681 24 44 786 494 819 842 808 825 35 364 115 230 431 89 950 964 984 988 
249 300 723 494 77 717 631 171 862 501 70 527 927 
159 367 654 660 806 791 658 211 606 51 147 247 529 
344 699 489 101 196 966 351 552 776 32 119 22 249 646 623 33 404 725 658 67 904 998 
685 422 605 240 392 431 260 467 545 612 346 662 886 912 944 735 800 673 739 62 345 563 320 331 754 810 524 616 591 125 196 443 69 625 63 253 617 526 15 688 479 641 744 690 115 953 961 991 993 996 
432 217 271 680 524 34 681 298 725 780 76 13 856 378 
248 463 991 225 811 745 145 623 544 332 107 651 473 
532 725 117 63 858 399 658 514 2 217 147 521 525 
864 597 964 839 747 330 779 712 768 981 
34 67 417 420 810 906 961 992 128 837 505 448 846 575 580 699 64 579 368 350 218 3 811 503 919 925 937 973 991 
42 670 749 339 565 145 209 464 231 515 963 
186 849 703 47 226 836 716 141 922 943 947 
702 310 338 196 966 972 394 121 52 79 361 5 463 578 704 325 20 979 
387 709 598 865 215 747 506 683 235 96 807 522 77 275 45 252 926 943 956 
74 258 400 254 317 772 159 489 249 658 655 40 603 934 
530 553 124 200 699 692 755 180 761 577 911 979 
147 511 237 57 961 965 992 120 518 440 441 438 583 175 76 477 691 450 1 159 393 898 911 915 983 
873 640 685 326 221 787 735 294 621 54 77 266 25 729 426 239 
293 909 913 945 658 667 183 479 60 61 687 203 684 921 
174 349 63 325 459 378 64 581 137 796 683 968 420 823 755 800 85 848 865 818 9 787 13 54 703 246 275 187 753 655 368 292 526 196 264 565 899 945 969 988 
565 54 951 520 753 664 187 718 241 35 63 278 
92 167 716 402 308 672 530 90 442 280 268 839 996 
264 293 786 155 803 985 670 192 375 610 408 580 653 224 222 685 664 902 
320 617 827 531 75 158 51 23 15 630 847 
37 493 224 159 739 416 502 703 849 343 381 639 773 183 840 119 46 173 642 26 789 91 321 10 164 442 111 558 725 590 300 805 606 576 396 92 763 370 736 
716 131 167 786 913 157 241 603 859 260 369 145 761 395 834 580 477 789 915 
128 561 599 212 746 662 461 70 689 136 820 352 655 576 604 441 246 538 1 518 104 727 943 
566 690 380 362 113 257 454 519 955 91 65 849 464 447 370 94 603 49 197 457 482 764 289 217 704 754 718 525 80 827 395 969 
33 5 10 856 476 664 359 187 415 973 219 542 859 245 267 703 855 445 208 760 384 76 392 19 617 246 68 531 850 122 84 319 951 965 972 975 
655 111 82 269 885 555 673 753 683 593 948 952 
138 294 491 130 21 280 657 463 523 915 825 550 137 167 438 288 4 46 426 299 782 770 68 888 662 836 794 608 521 349 670 355 149 205 900 954 
774 317 759 242 168 134 408 969 899 539 477 701 241 565 75 623 97 82 762 737 514 572 930 984 
682 632 250 30 570 168 384 556 483 91 564 317 754 463 284 279 151 726 819 341 67 485 486 75 477 117 259 403 373 725 641 835 82 562 442 544 214 389 935 957 
324 358 149 418 605 526 235 539 653 865 891 778 24 132 914 
464 209 306 358 81 595 733 186 653 801 685 570 329 239 628 507 607 856 943 955 983 
577 789 12 935 430 271 241 275 501 650 531 872 735 187 31 910 
339 495 697 320 291 477 618 225 733 382 951 958 
839 9 319 878 147 979 840 196 31 137 515 590 806 565 808 829 123 579 299 918 930 939 
503 542 146 619 571 404 234 316 709 353 30 703 733 
341 15 329 282 827 270 610 589 146 512 639 
807 786 286 525 379 887 420 543 57 829 309 389 709 781 673 283 778 162 9 246 
407 263 659 187 124 856 973 996 112 173 292 904 632 136 864 150 17 244 315 628 478 645 599 232 516 958 977 
529 61 813 36 464 728 946 984 107 433 735 580 72 650 139 693 613 784 885 402 489 884 670 1 85 769 930 975 993 
230 873 87 467 220 271 716 683 82 185 546 687 702 973 
716 832 894 887 197 227 306 4 191 246 848 805 589 462 268 705 979 990 
489 699 107 94 471 253 462 902 834 65 30 
696 899 850 948 114 723 370 381 10 374 885 894 450 949 
616 530 407 288 494 571 318 681 824 694 752 325 254 295 480 
734 735 414 350 525 732 101 61 161 531 52 723 260 708 921 
313 404 109 650 165 808 218 2 906 472 661 966 
59 303 82 75 390 724 863 180 392 356 155 152 735 418 840 878 535 465 539 703 970 985 989 
180 373 740 669 805 711 701 570 935 946 
688 327 287 535 793 650 190 799 542 939 943 997 617 709 478 41 639 280 325 552 759 531 750 917 79 584 887 660 167 786 348 541 7 805 575 471 419 984 
738 227 488 670 180 156 364 506 930 7 521 658 748 421 684 776 91 316 368 864 569 55 709 520 339 880 94 485 950 978 
518 450 274 358 306 294 71 796 701 805 95 90 819 552 846 12 580 944 
46 477 272 494 463 405 591 519 180 33 993 
407 443 243 774 878 164 468 318 732 486 435 
408 682 366 638 727 110 460 250 388 675 274 21 188 275 528 145 644 311 364 59 435 237 418 690 807 302 136 650 12 630 882 825 47 116 63 
218 775 257 82 383 806 225 178 768 870 108 703 576 652 320 948 991 
600 43 961 504 41 431 330 864 535 651 49 
64 141 785 174 335 935 832 774 168 299 397 862 341 84 69 209 699 189 478 828 6 961 
922 506 534 291 22 740 471 364 708 528 911 796 900 325 531 86 812 344 9 149 768 718 391 624 733 518 463 378 241 580 576 703 906 938 
414 24 376 175 108 837 257 791 675 660 10 186 
721 223 825 651 292 740 60 260 138 627 
391 95 684 169 245 859 671 311 281 28 338 689 783 
349 697 778 354 781 115 883 227 640 298 435 147 61 57 958 989 
514 94 540 620 904 14 929 673 623 901 167 379 483 111 709 421 920 567 251 655 369 326 712 314 963 973 979 
370 34 412 211 673 421 491 123 66 943 
48 547 410 644 800 284 668 878 280 319 842 744 257 250 180 108 
199 349 673 843 369 430 774 500 930 79 
921 565 678 287 282 244 650 715 505 660 267 906 1 507 201 797 736 551 94 150 755 754 11 641 279 955 980 
39 696 220 274 851 400 119 52 640 495 961 
746 375 451 847 198 867 407 160 961 980 
849 743 862 37 603 66 579 676 115 694 479 840 223 952 964 968 
176 521 648 741 921 705 426 368 799 542 820 395 951 953 811 99 727 653 418 119 880 206 131 7 308 69 35 439 97 589 903 149 774 532 537 260 882 806 465 868 895 81 936 1000 
385 143 467 873 697 146 424 550 497 126 383 141 272 923 966 991 
465 887 131 211 757 163 430 508 801 423 888 156 52 361 566 15 580 866 209 809 573 687 
791 764 324 486 911 234 285 920 426 296 782 164 62 826 631 763 256 76 18 549 818 440 5 229 535 958 
3 473 716 977 274 395 209 576 339 880 202 799 147 370 989 995 
269 351 135 696 915 709 898 257 292 92 545 348 462 927 651 40 416 471 982 
769 492 119 631 391 958 581 701 682 707 786 383 228 145 364 38 192 915 637 126 294 995 
408 19 460 168 645 682 780 369 366 91 508 658 186 760 547 387 64 735 324 694 285 25 751 922 150 722 581 437 769 726 550 161 607 869 125 961 
943 889 576 997 830 905 199 676 279 259 791 744 215 897 812 969 
190 826 521 565 824 276 503 481 254 898 137 33 339 654 10 765 18 569 408 499 40 111 365 169 709 412 798 942 455 600 954 970 
565 281 943 9 855 253 864 361 873 852 817 702 
348 514 748 550 552 158 23 13 220 617 899 200 24 440 707 667 40 772 649 145 952 229 482 34 749 991 
896 775 111 714 658 986 939 426 427 5 688 414 141 756 170 248 351 903 652 972 
599 545 612 882 366 99 45 671 50 819 748 989 1000 
149 776 7 901 759 245 174 249 364 685 370 746 980 
537 492 656 684 150 275 672 103 949 340 687 631 764 637 549 78 905 232 125 50 370 187 717 226 186 138 394 617 620 946 142 910 245 934 408 423 260 789 361 773 158 988 
5 407 263 225 195 617 675 465 425 333 233 426 297 988 
285 234 857 177 422 786 465 580 670 444 990 
928 622 511 810 761 885 237 259 298 144 878 965 940 519 271 873 400 53 723 654 784 678 481 196 950 644 206 941 101 193 782 812 650 549 41 737 317 929 712 676 993 
501 761 623 1 787 270 385 442 418 993 
725 184 719 737 935 786 352 591 859 791 879 754 
618 864 877 331 324 111 942 869 476 392 791 138 751 150 
961 859 67 643 623 237 726 842 622 562 412 584 885 630 163 387 46 699 64 838 897 740 691 769 408 709 360 826 459 32 164 168 722 466 632 141 106 561 261 697 555 471 143 159 526 334 324 966 981 
835 50 872 310 338 881 423 614 328 489 240 510 268 318 965 27 820 617 33 819 467 39 944 317 382 918 580 59 340 419 985 
277 419 532 701 485 75 631 163 744 623 204 276 190 9 
137 888 354 737 620 127 653 70 942 479 395 652 799 755 827 478 535 818 797 488 66 253 312 712 
356 84 712 462 28 549 134 250 682 91 798 242 900 645 951 293 380 60 157 830 270 18 773 324 896 275 651 678 623 849 684 791 488 352 382 57 688 268 322 596 477 107 779 283 832 117 888 467 
740 466 227 42 858 109 373 44 709 919 131 487 144 857 444 726 332 672 54 460 818 467 786 952 800 720 319 610 
201 577 514 580 620 608 673 144 271 248 583 93 470 373 60 409 434 9 30 228 100 274 539 761 645 639 
66 423 835 881 220 163 22 955 897 719 802 817 319 203 
382 10 553 5 897 225 801 910 187 816 593 976 325 798 231 408 935 489 16 511 139 344 178 642 630 878 499 431 755 805 195 398 360 912 343 310 599 189 818 182 76 23 236 
536 606 380 722 788 63 772 477 369 55 813 984 
639 194 492 46 218 864 897 573 911 405 673 757 
973 288 382 359 10 338 478 364 70 824 597 613 635 596 600 128 340 
716 947 27 163 985 270 749 503 458 404 118 910 26 996 
679 665 436 623 922 455 70 643 168 681 308 773 
652 511 9 906 238 600 935 137 913 884 881 755 471 644 99 398 864 861 440 521 
849 37 689 159 416 227 22 176 292 827 868 786 218 939 957 327 941 113 289 
786 465 131 803 644 126 211 697 696 77 142 243 285 752 256 183 263 368 98 965 440 877 765 234 991 
137 869 1 235 620 305 404 755 859 556 163 145 703 850 91 661 948 
156 466 471 58 164 327 903 667 369 421 328 598 885 770 984 985 
418 529 633 271 680 289 193 911 464 745 513 900 354 974 229 127 126 400 349 607 259 708 465 861 340 531 869 528 921 983 250 588 694 565 390 541 583 440 
641 891 977 754 919 344 236 966 443 480 529 983 383 565 159 632 
383 218 955 560 349 835 401 468 78 394 422 991 
556 91 455 369 363 844 763 540 854 12 402 57 812 756 864 355 743 
193 529 56 958 888 869 250 550 320 959 378 
426 154 535 576 323 142 705 678 114 58 807 118 821 947 22 217 934 153 919 644 704 956 485 183 600 541 660 325 
575 588 558 819 960 457 401 913 360 176 639 140 79 377 204 
294 821 541 875 278 386 750 351 469 854 533 737 349 954 118 404 927 1 550 981 3 835 309 944 442 478 84 786 147 684 154 211 878 123 986 873 289 
370 89 9 885 878 772 171 299 317 159 618 580 18 581 725 606 388 538 576 582 700 759 440 399 609 
26 711 21 657 812 294 401 477 793 366 229 153 371 962 791 911 924 596 706 961 156 716 873 134 582 995 
193 271 358 826 823 810 580 637 342 651 782 13 452 
272 782 368 521 824 724 949 817 646 24 242 439 523 816 479 947 993 
355 5 77 33 268 910 145 9 298 139 692 496 170 977 753 171 705 457 890 772 422 514 873 350 
921 951 54 296 651 733 818 751 699 756 
575 646 718 178 428 838 872 344 807 293 
590 603 241 360 676 576 320 117 829 469 623 87 810 86 588 
620 694 550 23 524 750 956 77 187 631 519 558 377 943 211 506 390 154 254 
