1000 9766 0
17 160 354 552 581 869 888 971 13 26 125 196 246 278 304 352 368 427 451 486 539 689 752 816 876 903 975 989 
150 449 958 462 473 511 615 773 878 888 895 
27 163 197 474 716 807 71 87 90 224 271 296 336 361 383 489 580 605 624 650 
120 146 321 650 788 989 9 230 235 393 459 467 506 513 549 639 711 853 944 991 
10 106 145 187 268 330 415 440 443 659 664 801 816 897 35 62 99 126 272 283 315 342 377 400 401 455 474 513 578 598 615 617 632 635 666 710 771 789 805 831 867 885 887 923 965 967 988 992 
502 849 893 15 21 356 515 629 646 679 838 997 
234 306 345 518 745 855 120 141 228 325 338 354 356 362 364 422 587 959 
191 531 546 681 831 75 107 211 277 470 486 514 619 630 704 880 901 924 994 
34 232 252 417 434 490 585 623 628 761 936 4 22 35 119 180 248 272 297 316 327 330 401 423 444 493 526 534 680 686 750 792 798 840 872 919 940 
5 33 124 145 181 187 268 355 407 440 910 996 53 54 63 67 75 120 154 230 267 300 391 392 400 405 465 498 508 575 646 660 673 722 726 745 839 893 
270 409 663 175 229 370 683 807 819 845 966 
332 371 653 954 135 161 212 277 506 551 578 658 798 913 926 
54 176 190 535 565 715 848 907 1 31 157 158 198 304 318 344 370 404 459 461 561 587 646 772 833 839 904 936 949 
378 550 676 929 54 114 135 184 262 640 680 868 909 983 992 
29 108 139 397 446 766 805 6 70 170 234 301 422 445 495 502 521 596 650 675 754 787 789 794 893 
180 406 626 970 40 119 181 338 719 767 773 849 935 949 
1 653 836 938 180 209 214 468 576 750 771 
70 137 201 235 348 354 459 571 697 935 100 149 209 336 377 384 395 454 537 546 625 631 646 662 670 680 712 807 810 823 878 900 946 994 
52 68 549 116 253 345 349 422 491 807 
125 508 670 56 197 232 321 324 357 562 694 
32 351 850 875 6 240 562 719 739 897 903 
42 189 438 466 471 488 528 858 9 67 118 163 277 296 306 353 452 507 531 580 609 616 712 753 832 926 950 980 
174 552 653 673 697 954 47 49 351 360 465 526 612 615 639 687 766 786 827 920 
104 205 241 389 603 734 735 804 58 111 151 158 281 303 378 383 392 482 581 601 602 681 729 754 810 876 923 984 989 
678 691 921 83 207 379 476 489 615 803 806 
220 248 251 302 463 507 607 629 696 1 184 190 236 253 339 485 505 517 550 561 565 579 602 651 656 695 743 815 863 902 943 950 973 
3 211 405 832 945 977 205 262 267 329 429 526 530 574 601 653 709 746 847 991 
105 632 780 46 197 267 404 463 484 704 
15 151 329 341 397 430 624 50 60 79 83 86 149 294 448 562 632 633 660 675 717 767 887 889 
317 356 408 472 661 950 101 188 210 331 581 600 761 777 779 784 796 840 913 977 
149 289 432 768 984 13 62 120 349 369 408 468 511 705 744 774 805 899 921 
21 130 278 401 435 37 99 146 235 308 574 610 688 742 754 778 822 842 896 
10 77 239 382 407 439 553 897 916 973 976 996 64 78 156 159 271 285 292 304 314 356 368 371 419 500 545 581 621 629 692 706 754 873 882 888 930 938 943 949 966 
9 171 961 37 362 379 447 681 756 911 989 
222 588 736 819 5 9 127 134 439 572 779 796 817 837 
129 324 345 283 365 382 422 490 552 736 
213 493 654 703 739 862 880 893 980 34 32 67 206 259 280 311 317 319 352 446 512 537 615 623 690 720 750 800 899 970 
67 89 490 962 111 260 264 272 454 543 601 684 756 923 
248 750 795 64 174 187 229 378 391 476 597 615 823 
202 236 260 422 545 609 612 693 944 16 46 125 136 149 209 308 325 369 515 528 615 629 646 742 744 803 819 905 947 984 
624 766 805 57 163 219 221 339 417 542 617 688 723 
22 58 65 364 922 49 245 326 416 419 454 723 812 822 878 936 945 952 971 
57 370 434 465 576 582 759 790 835 875 
404 740 823 197 241 478 812 841 859 955 
190 287 337 368 943 105 158 185 206 251 290 328 491 513 578 657 718 722 778 
54 74 323 989 28 40 131 273 495 598 619 638 758 895 984 
100 195 582 837 927 23 217 345 395 413 426 434 531 680 700 745 768 835 878 
97 293 786 909 200 248 372 390 623 673 859 
268 407 664 856 42 23 122 152 167 411 653 660 670 692 731 757 
344 489 835 29 54 184 237 272 506 687 768 806 
786 937 947 477 542 605 723 900 926 949 
19 250 262 317 564 661 675 712 727 950 63 124 126 201 471 505 536 650 653 669 686 706 725 764 802 806 807 826 858 903 904 923 965 982 989 
234 729 791 960 10 510 682 721 733 888 987 
46 13 305 368 505 521 576 650 715 731 777 784 889 943 10 50 14 60 67 70 100 108 149 166 185 189 339 380 431 442 462 476 571 578 627 630 644 664 679 734 763 827 860 897 909 911 929 954 971 
96 99 231 320 681 827 70 137 234 237 503 587 678 734 761 772 801 820 869 891 991 
210 358 911 20 197 298 388 412 440 471 572 786 908 
43 237 370 600 623 695 726 842 41 60 83 133 203 248 268 344 361 366 464 522 699 711 715 720 746 750 958 
42 373 740 840 24 218 297 419 484 607 669 752 764 857 969 
246 256 296 456 536 566 606 692 724 187 217 219 240 254 263 295 346 366 435 543 636 718 854 855 903 921 932 
125 506 528 573 708 840 858 930 29 57 54 222 252 311 366 391 394 465 467 523 580 582 682 684 717 837 847 939 977 
177 432 615 728 164 326 392 479 597 818 821 863 886 907 965 
921 939 943 5 31 94 271 556 599 872 894 926 
76 112 132 235 581 653 748 796 52 10 134 162 180 223 231 236 237 294 400 483 597 658 670 692 745 885 991 
94 98 127 348 524 550 676 748 833 904 935 39 33 102 145 156 189 287 329 389 394 425 451 473 503 510 512 516 529 530 563 564 573 646 662 685 696 937 
42 206 922 118 228 322 485 546 641 731 881 902 
196 310 423 668 702 260 284 366 384 406 409 487 511 622 754 757 783 849 
38 232 238 370 501 511 810 906 979 22 54 10 37 70 73 299 384 424 480 503 507 525 527 546 631 657 703 791 813 845 865 892 966 
19 91 317 549 237 238 362 407 419 670 744 784 876 895 906 957 
391 933 958 189 206 319 368 521 786 953 955 
18 94 137 174 457 495 550 552 620 653 836 934 935 968 55 67 15 54 81 131 164 185 247 287 292 293 301 307 364 377 464 496 508 538 560 574 592 631 668 689 726 832 872 911 
99 229 681 3 74 119 164 342 451 524 917 
78 414 590 603 204 338 630 681 728 790 814 
277 725 967 67 150 638 786 917 965 995 
46 272 395 400 458 71 129 130 306 311 381 463 484 534 649 702 882 899 969 
390 797 829 898 10 8 168 309 338 355 439 487 488 614 897 942 
63 552 580 581 620 778 120 125 259 277 318 320 338 362 366 426 565 639 876 889 949 963 
33 204 476 856 897 973 82 206 367 400 424 521 650 680 711 786 820 860 869 965 
72 603 735 33 206 272 504 576 579 674 810 881 
148 531 636 681 794 29 247 256 294 306 336 395 484 500 593 875 946 961 
489 702 966 128 358 506 560 591 783 867 874 991 
210 615 857 70 136 158 200 291 292 408 495 958 1000 
218 303 383 898 77 86 134 237 282 588 615 702 752 843 856 
98 116 175 581 610 673 737 25 29 57 108 135 168 219 250 255 391 537 640 689 739 791 823 873 878 
366 377 472 564 774 969 151 184 222 230 336 379 457 543 546 596 658 676 704 791 953 
505 799 939 164 178 597 642 646 657 744 865 
193 209 345 418 529 82 29 108 120 157 336 495 538 550 587 810 830 897 970 
240 260 422 609 669 3 145 238 420 491 508 546 587 650 681 684 888 945 947 
99 301 569 285 435 600 737 757 789 801 804 981 
38 208 259 420 733 847 97 146 179 228 283 312 339 395 499 505 550 579 603 609 705 858 
232 501 511 3 157 172 306 431 530 773 873 939 984 
68 317 377 384 462 472 516 900 901 969 106 147 171 207 270 296 326 362 365 467 504 513 539 573 620 628 670 705 709 825 949 965 973 979 
261 510 807 891 168 251 254 274 458 477 561 721 772 775 872 
603 735 747 261 358 498 577 921 934 950 
64 70 199 201 235 325 339 398 514 620 653 817 62 176 196 214 248 274 281 302 361 365 366 373 515 560 569 613 619 639 662 709 733 773 797 841 899 918 924 926 931 970 990 
567 639 684 975 142 344 528 547 588 624 786 818 833 840 849 
55 531 827 294 371 414 492 503 508 706 738 866 
48 102 410 441 894 89 152 180 235 376 408 420 502 532 749 948 952 
83 64 514 202 516 541 594 607 647 763 797 873 916 
88 55 71 297 320 569 574 578 815 827 834 845 32 5 113 126 138 163 184 247 284 285 400 417 446 465 518 545 549 567 594 642 676 714 776 788 864 893 909 929 
47 246 362 504 775 54 18 400 442 489 712 732 745 770 845 856 890 995 
328 489 835 30 103 199 320 362 687 694 805 
97 299 786 64 324 396 452 492 536 550 661 793 
336 340 449 631 639 975 101 115 216 253 290 339 464 728 759 799 965 971 
24 284 461 747 163 211 459 472 474 597 892 
28 455 798 45 111 251 286 572 694 786 822 856 
5 268 407 593 91 248 297 468 565 582 623 658 705 714 
489 702 872 8 159 183 566 640 701 744 774 958 
15 139 169 341 430 446 624 766 908 86 83 54 126 159 221 233 304 340 350 486 507 508 517 542 567 604 673 755 809 991 
403 670 922 930 297 352 663 703 878 925 932 
549 682 900 145 174 225 271 557 788 935 
113 362 390 579 658 773 775 797 919 974 24 105 38 125 197 208 221 250 285 337 356 359 517 558 598 639 670 697 747 800 875 916 917 935 948 950 
63 577 627 258 306 364 703 772 788 981 
111 504 658 99 126 280 297 576 585 616 754 889 
163 211 304 410 445 677 807 909 913 14 177 271 296 300 315 326 329 358 370 387 413 435 527 607 628 673 699 702 709 790 878 893 944 
308 360 376 590 603 771 103 235 270 364 411 626 689 826 832 835 943 
83 158 697 19 383 508 647 682 852 933 
184 185 247 485 963 215 290 294 358 506 543 616 740 760 832 927 964 993 997 
224 343 849 65 22 136 151 378 800 872 958 
292 340 391 537 651 656 672 684 687 9 16 71 224 234 284 308 361 466 511 518 526 575 589 716 726 817 819 833 848 865 877 885 943 
4 190 254 395 400 477 503 731 952 76 10 31 86 7 133 172 210 218 237 375 390 412 435 569 599 653 697 706 748 780 829 894 900 
383 566 606 172 613 642 656 701 832 855 894 
349 499 527 737 811 49 140 466 507 623 759 797 835 881 890 958 970 
569 744 827 382 402 419 608 619 760 886 
10 355 407 52 126 128 274 626 658 974 984 
20 60 227 403 508 573 670 708 863 40 1 111 76 195 274 285 382 474 514 615 638 735 736 761 790 806 838 991 
164 405 445 520 754 807 113 52 99 124 108 5 165 230 347 356 366 420 678 768 884 992 
64 141 737 35 269 313 542 636 841 879 
467 545 895 80 124 145 403 459 471 482 588 721 
36 271 285 306 74 474 487 643 755 859 993 
32 294 607 750 756 899 74 133 260 408 530 550 606 623 718 829 874 992 
197 279 293 482 525 641 716 754 779 945 981 70 46 212 215 245 294 308 339 349 370 412 495 528 541 543 670 697 702 774 790 827 835 916 926 951 973 987 993 
63 457 580 262 344 478 589 723 726 745 784 950 988 
544 732 840 930 130 57 120 352 477 554 558 
315 516 570 783 35 82 63 255 260 574 849 857 869 933 
316 491 629 991 83 12 14 176 310 318 382 738 778 814 
272 648 825 81 40 118 197 491 754 786 964 979 984 
70 18 141 349 371 608 722 796 836 954 55 172 185 187 212 219 234 247 287 415 432 450 467 510 546 551 565 579 726 750 772 837 896 943 994 
278 491 629 99 164 254 320 462 549 561 653 662 781 
108 15 245 329 766 805 203 225 272 400 410 489 549 630 643 732 804 851 886 922 
510 786 894 122 285 360 785 837 922 927 
137 127 235 442 673 7 194 262 393 404 410 440 635 705 739 759 899 
334 368 782 95 170 171 241 306 319 369 646 685 897 
200 240 802 818 149 156 237 247 466 487 687 813 943 996 
237 273 412 517 589 962 965 150 201 276 339 418 432 474 563 650 659 745 804 819 882 901 918 978 985 
10 5 187 204 243 263 330 443 557 593 856 996 110 64 87 128 177 184 201 209 240 258 281 284 357 463 551 581 590 614 654 657 677 767 775 832 851 855 888 923 966 971 
4 400 521 824 843 89 32 195 239 333 365 391 620 666 714 746 844 
298 600 630 652 839 885 961 91 158 234 250 408 433 484 504 653 674 725 763 765 775 807 858 945 995 
79 569 578 387 408 423 503 645 740 894 
31 165 274 324 432 500 601 619 902 911 957 960 40 18 29 143 54 150 161 174 222 357 395 419 449 463 470 516 537 577 663 726 727 742 783 806 866 899 950 954 
2 307 391 567 639 769 933 144 149 73 156 179 246 273 287 293 302 381 409 444 524 571 738 831 
29 707 765 908 24 84 118 156 489 681 741 864 926 949 961 
654 743 871 49 97 260 340 356 909 922 
192 530 925 190 295 360 416 535 839 843 869 987 
565 678 799 939 943 10 175 180 204 296 387 471 478 570 670 759 776 
167 264 379 510 235 248 310 353 667 931 964 
188 291 427 438 471 506 508 670 749 33 150 143 64 151 242 354 391 408 416 442 467 498 612 723 747 919 934 
499 737 929 934 86 13 90 173 295 309 401 438 818 825 
116 235 339 348 550 620 789 147 24 13 45 81 208 231 238 243 245 341 347 402 426 476 582 674 813 828 
213 224 343 367 416 433 689 703 739 849 862 893 107 108 33 176 209 235 306 333 340 349 387 395 400 414 542 576 679 723 737 761 769 807 821 829 831 856 948 952 
1 653 673 888 287 331 463 539 660 742 966 
395 429 790 12 149 412 578 687 868 998 
391 631 687 63 186 416 523 629 694 794 888 917 
3 114 211 279 779 981 985 41 104 22 99 295 349 521 565 578 612 741 772 777 827 878 899 956 
126 299 441 465 520 807 814 985 138 71 85 61 70 234 235 240 248 383 392 406 570 664 822 857 864 908 918 957 991 
149 358 450 126 393 491 612 698 811 858 
413 546 744 54 200 257 506 687 877 987 
155 264 644 786 803 913 977 49 187 241 247 272 357 438 481 518 579 698 773 843 871 873 906 967 
317 369 455 478 483 554 613 901 987 92 75 83 180 277 297 343 467 480 505 623 673 701 705 737 750 762 777 793 821 842 904 946 
108 245 766 805 364 438 508 516 570 764 808 862 875 991 
495 514 722 789 15 142 272 358 392 395 448 470 542 767 806 948 
34 252 273 512 726 810 992 91 142 174 202 230 236 254 271 277 366 369 386 503 552 625 712 728 955 972 
249 300 744 137 121 90 120 404 563 573 847 911 
237 562 859 157 230 288 391 409 451 477 581 834 
23 70 697 737 796 954 971 110 171 39 149 262 337 390 517 575 617 728 819 827 857 897 900 901 937 939 
83 694 905 154 11 206 333 471 597 787 852 947 
13 254 468 822 951 159 94 135 211 347 349 484 692 791 865 916 955 
61 271 464 114 145 184 230 320 815 846 859 976 
531 617 870 85 181 235 285 370 627 644 650 688 916 
272 282 400 150 89 292 339 563 762 797 
16 206 373 403 406 544 573 670 823 879 17 9 97 168 63 154 190 272 330 352 353 367 407 560 575 577 647 761 786 793 844 873 899 985 
10 225 268 476 976 16 178 325 374 542 766 885 893 931 
278 696 899 948 455 578 639 677 791 827 939 
526 560 575 646 710 717 819 107 242 317 425 483 506 516 585 650 702 709 715 737 741 871 901 908 943 
117 185 277 402 419 485 532 725 967 50 26 14 145 177 99 84 226 274 291 362 394 517 571 607 770 831 849 905 929 996 
117 184 247 277 402 419 485 532 698 706 725 54 70 45 137 259 278 293 355 387 430 477 516 528 643 655 657 670 676 677 712 766 791 842 929 968 981 
224 703 942 162 382 407 442 506 508 780 944 958 995 
5 145 10 239 263 352 382 616 39 167 59 137 290 331 349 392 467 516 529 575 645 673 709 804 807 881 885 912 993 
156 403 471 508 670 840 30 400 426 603 618 622 636 698 810 905 958 962 981 989 
22 970 983 69 54 64 211 419 620 688 921 
120 13 45 542 782 952 26 153 180 494 496 523 594 597 725 842 875 922 
8 228 229 723 827 304 359 395 407 541 573 580 663 897 963 987 989 
153 553 664 235 279 316 404 663 864 947 
86 464 649 764 994 231 236 297 320 406 421 567 669 752 795 832 913 944 
275 292 336 393 141 205 322 417 533 652 696 722 900 911 
47 257 692 125 146 211 271 320 324 565 836 858 
66 423 489 538 699 702 914 1 94 206 235 250 287 313 336 392 513 519 556 673 755 780 784 897 904 
131 3 754 786 20 136 111 56 28 44 661 753 861 901 
209 464 984 13 200 224 292 449 697 837 
94 371 577 737 817 929 982 101 210 306 346 418 501 525 570 573 575 589 606 625 779 864 927 965 
143 326 385 470 494 545 802 895 198 48 166 81 273 395 420 481 491 509 514 535 542 673 799 808 906 979 987 
18 94 398 457 514 524 694 145 52 144 234 411 532 547 568 615 629 702 709 791 803 825 930 949 
40 467 662 171 98 391 410 542 756 775 787 925 
402 419 485 532 701 967 57 139 292 545 550 565 578 589 658 703 745 769 817 835 839 851 952 
145 77 801 72 154 256 548 569 606 657 872 877 
24 284 311 917 27 194 337 339 341 502 565 586 786 846 862 
65 180 364 708 922 78 37 45 69 77 175 196 330 430 873 935 989 
558 710 819 91 25 511 537 637 898 918 967 
89 319 961 158 111 418 419 480 483 561 
86 198 285 306 418 500 513 686 764 957 40 145 17 18 159 244 277 355 357 362 375 444 447 463 482 499 566 582 592 623 696 742 980 
81 56 903 199 30 120 288 363 409 489 505 522 828 
114 27 163 410 428 473 474 482 814 981 985 8 189 176 195 104 348 366 382 459 500 515 550 562 580 629 647 655 659 660 700 703 709 722 752 805 922 958 980 
669 818 873 944 131 12 137 317 361 428 511 780 789 805 827 971 
37 159 862 232 268 400 456 544 607 691 968 
336 449 949 17 94 681 885 902 903 923 939 
597 679 709 864 131 117 218 329 389 501 603 919 921 989 
353 850 991 103 413 477 532 569 579 691 745 755 989 
234 285 306 464 551 764 59 47 368 387 550 607 624 653 664 701 808 835 901 961 967 1000 
82 270 454 829 919 955 120 58 215 225 248 357 360 406 523 534 709 725 933 952 978 
275 639 672 83 59 41 137 370 564 570 728 878 
26 269 523 674 750 812 821 250 362 421 459 473 481 524 582 637 706 758 776 856 902 924 930 956 
416 703 893 108 111 41 353 597 828 995 
35 558 575 646 718 990 60 149 84 228 277 488 737 789 836 837 848 902 930 995 
368 426 477 63 456 509 615 641 726 752 929 942 
159 186 118 381 416 743 849 942 119 198 3 294 298 371 408 469 490 539 548 571 623 641 702 706 716 746 781 884 
181 355 856 973 139 110 218 350 525 700 731 827 872 873 898 
618 665 752 978 184 281 576 641 670 735 740 764 782 898 922 
125 466 573 920 335 527 596 716 733 760 761 806 827 891 895 
191 231 320 617 681 827 860 89 7 65 222 246 341 454 467 480 484 556 629 807 836 855 910 928 935 
191 71 231 569 681 831 39 11 269 329 330 360 385 454 526 542 595 618 661 864 897 
599 605 685 895 912 941 4 173 177 10 84 171 126 336 362 573 620 736 754 816 947 965 972 
229 228 55 320 322 617 744 63 158 193 349 391 447 452 468 623 628 646 670 738 778 839 893 923 951 
90 67 9 237 622 623 726 965 20 213 256 287 325 327 378 451 506 582 595 646 658 661 681 737 753 891 966 969 
569 617 723 834 108 266 366 392 550 562 615 694 751 808 830 
53 217 7 496 559 615 633 764 791 923 960 984 119 15 164 55 137 201 147 247 272 319 325 368 385 399 407 409 455 472 474 532 574 603 606 718 735 750 771 827 977 979 985 
18 94 158 141 63 339 457 459 527 637 694 817 833 178 115 164 4 159 97 196 192 155 32 247 281 360 375 433 488 489 510 542 549 554 619 705 712 794 800 843 853 880 903 911 976 991 
40 609 662 193 171 63 26 407 742 881 926 931 
173 232 144 57 273 319 511 600 623 628 761 961 965 63 50 120 55 143 82 68 270 271 288 323 327 360 390 404 442 456 459 489 535 560 605 680 754 770 778 820 825 833 841 855 982 983 
67 589 761 68 87 158 241 317 425 465 629 920 
187 33 553 897 146 242 302 323 385 618 629 709 781 840 879 943 
87 143 357 746 956 21 59 145 164 241 276 478 745 805 931 973 997 
24 308 350 360 365 461 590 735 747 760 804 999 238 167 240 44 142 287 289 290 361 395 460 504 509 559 571 598 610 618 650 667 669 671 696 702 739 743 800 814 876 922 
377 586 950 969 987 156 239 183 288 421 440 467 550 943 959 966 973 
145 443 816 158 298 396 472 499 542 620 742 
287 521 650 209 506 594 629 752 781 873 
139 169 624 158 131 42 403 464 477 565 904 
100 59 362 536 579 655 896 927 1 150 228 277 293 337 339 340 348 366 394 443 555 572 580 678 696 772 872 915 952 
185 117 277 532 701 706 838 143 235 99 234 137 79 70 167 259 278 376 554 594 598 669 753 784 805 969 
39 26 386 607 750 812 821 875 164 48 9 218 155 106 94 57 371 676 690 714 721 763 794 835 919 928 1000 
172 723 815 319 368 427 629 709 885 906 
52 317 388 462 516 780 900 196 83 111 220 147 254 450 524 565 590 686 710 741 761 786 893 896 957 981 
26 280 657 812 105 92 45 271 479 600 731 793 925 951 
171 9 652 60 448 535 575 735 952 991 
428 465 981 19 26 103 571 652 759 864 944 971 
120 176 276 337 521 535 921 939 952 995 250 92 138 59 171 283 308 318 450 453 473 491 493 531 592 633 709 743 780 785 817 827 831 877 965 
646 660 990 83 134 399 404 796 817 835 930 
59 498 690 773 204 79 232 590 603 605 645 713 840 912 965 
195 390 454 498 724 837 986 166 302 489 510 641 699 745 803 849 869 897 909 913 926 934 958 973 
565 576 688 820 145 112 268 284 317 524 552 661 671 737 979 
89 412 562 584 604 623 643 847 76 247 37 185 344 368 399 467 492 514 516 518 526 579 651 668 705 745 793 988 
40 87 326 357 467 539 599 873 38 130 134 152 66 307 314 349 351 380 402 447 631 634 646 684 743 789 812 839 971 
92 644 981 93 324 511 575 582 607 735 816 
52 384 645 14 141 132 27 174 283 471 
187 145 557 59 371 399 446 464 503 545 635 839 
155 167 754 807 38 318 360 483 535 585 694 869 954 990 
421 671 864 479 596 683 737 847 944 946 947 973 974 
477 583 952 233 319 325 635 681 762 810 859 957 
467 612 873 27 10 28 360 517 682 952 
106 10 181 49 5 415 884 213 57 258 318 351 392 422 455 495 503 568 693 702 833 917 984 997 
220 657 899 229 127 349 418 494 870 970 
218 11 781 986 237 115 91 382 478 486 496 576 813 926 939 
129 177 306 358 424 625 728 729 764 792 903 911 62 110 237 171 195 3 114 251 33 307 336 343 356 374 481 516 564 613 621 674 709 755 804 806 823 842 869 934 965 
179 74 136 400 458 468 477 521 565 180 234 5 9 139 38 167 170 78 50 274 301 346 370 383 530 612 660 669 744 849 853 
171 144 237 885 200 150 46 681 755 791 813 
149 418 464 615 619 625 902 957 125 124 272 184 92 94 319 407 411 503 508 576 585 637 667 761 798 834 889 980 
219 194 958 382 385 412 423 699 773 817 891 902 965 
254 337 995 240 144 418 644 673 702 979 
185 184 73 247 419 485 563 701 719 725 838 967 76 8 222 246 12 22 168 209 171 321 449 518 528 542 554 567 568 612 639 677 721 815 816 835 850 865 901 965 
182 32 138 1 247 185 292 299 345 911 926 
163 131 832 192 351 382 489 675 682 897 
251 629 991 37 113 391 593 600 673 771 786 927 954 
395 481 688 995 94 24 226 145 235 328 502 511 635 886 899 
179 678 820 82 366 369 491 623 689 968 
620 737 905 968 89 262 5 254 36 507 662 700 755 946 996 
104 205 350 700 734 804 119 145 66 258 99 293 329 427 485 547 615 656 702 709 849 939 
209 217 129 358 486 595 601 776 874 33 99 140 125 88 178 111 312 343 399 425 435 521 561 604 666 677 697 709 840 972 
754 937 945 947 105 376 401 409 433 472 516 662 735 737 912 
244 45 426 477 503 521 576 64 232 70 137 150 196 160 241 310 353 393 482 543 547 729 736 798 890 930 
359 897 973 996 210 173 242 237 349 390 412 430 451 526 901 
31 680 911 241 321 419 553 713 725 896 
418 424 776 45 103 187 117 241 293 658 958 
156 508 879 81 184 509 535 567 717 851 
194 119 336 567 594 639 687 762 33 278 70 179 81 198 203 306 422 436 626 637 670 710 735 873 930 935 1000 
131 48 641 716 786 803 832 852 891 981 985 150 246 290 284 70 185 395 469 514 535 546 598 610 617 619 623 629 704 744 817 820 829 833 934 935 949 950 957 
130 316 463 523 696 854 899 991 79 131 117 29 63 96 224 350 442 479 535 540 573 613 678 766 778 886 969 
313 364 506 755 157 59 153 163 322 646 653 725 870 963 
59 362 896 154 91 114 22 3 371 412 553 890 
99 301 320 723 827 106 58 109 168 193 9 113 315 416 455 658 659 740 759 
147 589 695 839 56 243 224 308 515 565 574 612 642 696 971 1000 
164 102 473 474 644 937 278 67 319 380 413 446 489 620 694 709 714 745 800 811 820 982 
172 546 578 723 845 10 114 352 491 551 554 613 755 990 
88 297 574 831 15 272 70 541 665 752 782 786 796 961 971 999 
26 351 915 150 257 239 94 737 834 883 
82 456 837 24 364 514 561 605 673 681 737 808 997 
114 641 807 33 13 1 191 108 531 941 965 
54 777 799 326 457 661 686 833 884 975 
7 217 209 129 271 518 615 704 74 292 112 79 142 199 22 159 90 316 325 508 553 563 569 578 752 812 849 901 
150 391 639 958 260 70 271 351 418 612 724 752 831 835 984 989 
115 241 311 360 437 700 747 40 119 254 131 298 32 320 394 412 508 523 584 622 637 819 896 965 970 
808 889 939 157 75 345 361 495 512 927 969 
66 538 835 135 155 287 562 724 870 943 970 981 
308 205 804 37 60 74 316 482 506 942 
684 687 949 285 89 691 788 819 873 959 
295 471 506 922 127 196 351 539 552 665 687 754 807 817 
351 435 491 812 33 260 345 617 834 864 934 
134 516 555 613 634 969 5 114 297 418 491 563 578 663 744 897 930 994 
294 135 372 448 541 607 629 948 991 306 192 9 311 325 379 382 404 449 495 526 531 623 680 702 743 819 930 958 965 978 988 999 
68 30 52 91 168 250 452 661 727 212 183 258 37 238 330 386 404 428 442 457 526 528 541 551 648 705 786 789 806 893 990 
320 531 569 574 254 13 135 76 268 264 492 603 646 655 897 946 
237 208 417 420 600 604 628 906 979 992 37 234 266 142 69 274 249 299 332 377 390 477 526 545 607 657 712 755 763 786 811 841 873 893 951 955 
231 55 297 99 318 228 531 578 681 744 794 834 193 177 101 195 308 138 76 363 379 381 419 420 526 529 537 618 624 630 642 741 747 755 866 873 878 903 927 976 979 
4 565 650 277 289 20 557 626 661 693 857 899 958 
231 578 617 295 194 65 431 460 650 828 846 855 
46 691 808 239 237 380 410 457 653 833 923 
36 149 345 559 619 625 745 791 857 911 960 102 195 261 20 354 389 392 420 426 435 475 499 514 532 533 583 687 714 720 760 782 806 873 890 939 949 
94 399 442 608 620 653 697 737 888 232 40 181 7 306 316 234 266 362 365 387 393 471 491 526 603 613 647 701 732 765 769 847 864 
260 200 392 422 543 873 91 305 42 61 114 339 440 521 581 663 681 694 710 767 835 848 870 
395 542 790 943 232 9 237 407 525 555 639 666 669 745 
101 489 702 872 881 45 281 353 426 596 679 725 737 901 930 949 993 
29 139 341 475 805 114 284 64 27 215 229 370 433 648 650 793 835 958 
145 5 910 229 206 180 317 9 392 774 885 895 
709 864 882 160 30 187 732 742 906 910 
12 514 905 319 376 446 549 693 716 894 
579 582 837 175 159 146 688 707 755 756 
142 477 921 349 714 809 860 900 928 999 
378 789 904 227 347 383 601 740 760 776 795 802 
103 292 194 214 594 639 271 86 230 84 79 3 196 18 369 552 620 649 664 673 801 939 
254 276 45 565 678 246 205 111 174 391 551 567 573 867 874 895 897 982 
489 668 699 835 966 75 16 72 7 76 445 468 580 629 935 965 
158 94 235 349 371 580 683 748 54 326 26 246 205 41 179 89 131 103 144 364 366 595 662 807 821 874 895 911 950 
103 119 393 594 762 159 246 108 152 399 423 458 489 592 629 683 831 935 964 
29 108 329 475 805 228 205 158 537 538 646 730 747 757 871 873 878 929 
688 705 731 953 5 71 356 613 770 961 986 
118 159 849 271 285 168 436 460 477 651 707 881 
50 702 972 95 57 13 259 132 467 571 681 845 982 
86 7 324 36 309 47 314 19 278 393 410 477 565 617 648 998 
431 467 818 944 272 199 59 372 400 465 504 623 674 849 896 968 
411 710 718 176 126 335 158 449 672 836 857 912 950 
64 18 158 459 637 866 211 246 359 368 391 408 497 545 566 650 663 713 718 750 849 959 992 
339 122 137 398 442 577 580 581 676 737 796 811 954 971 131 231 187 334 31 269 159 260 163 19 288 176 360 412 418 467 490 556 558 583 589 602 777 792 819 846 853 893 914 920 922 926 932 969 972 
284 241 360 590 760 917 108 225 294 396 403 412 434 445 467 582 671 681 685 697 717 818 954 
314 302 21 372 394 491 522 541 756 850 991 268 23 260 279 313 307 433 477 489 493 570 585 688 710 746 764 774 778 799 804 836 849 893 895 910 945 
187 476 530 856 897 910 133 300 37 109 1 180 399 569 594 610 752 779 795 951 969 974 981 
216 435 812 948 991 155 180 328 287 22 221 379 590 631 676 830 914 
1 18 514 156 324 7 556 693 782 951 
124 10 225 530 209 185 75 477 487 521 723 727 735 795 952 
30 483 638 645 271 152 6 126 7 111 33 342 697 735 807 894 
260 240 425 539 167 209 218 145 20 149 495 506 594 664 732 921 
285 56 271 165 619 768 791 855 946 93 80 170 114 117 489 512 531 611 624 632 673 721 802 824 845 943 953 958 
288 439 664 191 348 111 368 401 638 862 869 913 
350 115 241 308 389 484 590 603 735 804 931 229 235 140 218 153 267 23 237 264 349 369 412 451 496 510 541 552 580 600 601 658 679 710 733 817 940 974 986 
380 383 498 611 714 896 974 212 3 241 119 94 57 309 408 438 500 560 630 723 748 755 789 806 961 993 
246 100 296 111 498 655 690 714 7 68 220 230 325 91 76 101 184 34 209 574 641 679 710 712 739 901 973 
479 774 926 320 210 372 393 433 673 856 885 963 
295 206 42 404 506 922 930 115 339 169 112 303 7 70 541 609 628 703 737 752 921 954 990 991 999 
241 414 603 94 325 91 146 36 616 681 708 808 
84 455 549 586 638 642 727 901 926 211 59 171 126 60 246 282 66 339 94 233 76 57 376 497 520 531 553 696 828 888 
159 893 980 180 77 396 574 831 856 911 924 984 
142 45 223 54 481 503 542 650 667 688 777 921 924 939 943 33 234 1 348 259 249 359 217 69 407 423 463 506 517 558 561 580 593 595 612 615 709 724 773 781 787 802 810 839 853 854 983 
168 408 570 613 727 969 987 31 171 282 40 142 336 360 435 464 482 508 546 653 698 761 791 859 973 
43 57 67 584 585 622 623 726 859 936 961 965 219 13 272 11 114 131 329 178 390 395 469 479 530 545 552 563 581 606 616 617 629 667 749 815 864 875 950 968 
12 199 137 339 869 96 296 248 224 263 33 437 733 739 
316 351 750 363 48 346 426 510 527 605 958 
58 180 404 740 94 378 379 426 497 677 712 854 924 980 
447 825 997 271 181 450 501 531 841 950 
612 669 873 235 120 209 740 839 905 919 958 959 962 
115 461 735 747 931 999 332 247 97 286 366 402 495 678 686 969 991 996 
242 84 91 613 661 950 969 319 5 70 18 463 484 544 582 589 625 639 797 807 817 837 934 945 
14 335 673 720 785 817 861 929 968 373 232 118 39 24 404 405 435 546 567 638 643 679 725 806 825 860 864 890 943 996 
155 474 677 716 754 913 320 373 34 316 353 84 25 418 451 521 552 686 710 739 785 835 
361 568 602 611 775 299 260 54 323 462 479 481 499 571 660 701 735 848 964 
224 416 689 743 980 74 320 150 392 456 521 550 690 724 734 791 810 820 869 
187 33 407 443 659 897 910 925 36 279 186 123 125 211 135 316 275 270 467 472 531 545 621 645 677 709 805 807 984 
121 361 82 456 606 690 714 896 24 272 3 335 116 164 428 512 531 539 569 605 636 646 682 722 733 862 897 965 
262 91 742 798 67 66 18 544 569 606 631 673 871 888 996 
200 494 612 234 239 275 229 557 622 682 815 897 
248 507 629 317 171 516 571 687 738 931 
436 618 671 679 709 752 828 882 964 114 148 217 185 325 159 154 447 501 542 685 784 791 795 801 806 827 841 859 961 993 
250 452 969 56 447 537 735 931 965 973 
360 24 735 215 324 64 495 681 865 947 
111 257 75 536 773 120 237 319 48 288 174 370 452 538 639 688 950 970 972 
119 162 307 150 69 393 492 631 639 684 958 348 202 60 39 337 146 280 231 83 10 173 156 477 522 547 569 585 673 792 801 808 827 865 906 922 971 993 
326 561 685 693 818 873 886 164 61 10 233 24 196 381 268 330 170 324 187 516 588 639 754 766 823 
391 194 340 449 537 666 141 287 325 363 165 345 4 404 415 487 493 528 806 892 
351 750 899 64 246 60 308 184 470 477 509 970 
327 281 161 120 74 426 939 989 89 170 159 191 149 18 293 47 241 79 370 200 529 531 533 685 694 936 940 961 985 
503 678 715 883 367 350 102 243 439 446 529 550 814 828 884 
15 29 430 455 526 774 832 839 901 986 
201 94 349 399 400 508 570 650 757 798 922 933 946 973 
325 398 514 673 836 869 971 263 255 352 340 285 259 234 419 475 481 599 712 779 784 791 822 930 948 
74 272 146 120 179 447 565 650 730 808 822 824 843 943 213 5 398 139 100 77 10 63 346 188 99 159 449 465 483 489 526 564 597 605 680 701 794 800 819 827 836 841 862 871 930 948 969 
32 821 846 899 940 9 157 5 286 359 467 480 546 739 796 936 969 
185 184 203 419 719 876 260 376 158 123 511 539 564 570 576 714 757 764 835 953 
125 180 188 109 471 128 245 350 448 477 842 845 895 944 
364 44 373 471 488 506 508 528 534 738 740 918 970 317 192 316 141 393 28 255 13 237 172 378 453 518 542 567 581 583 615 673 696 717 727 780 849 850 881 909 919 973 976 992 
126 27 410 757 779 378 10 419 426 591 767 805 893 921 
180 16 534 193 66 164 218 408 482 636 777 888 957 
33 124 382 10 106 49 415 801 236 234 186 68 368 180 327 191 274 489 589 590 629 646 673 786 847 850 882 
30 369 460 478 759 900 926 969 406 31 81 97 148 224 147 361 156 348 130 495 519 520 678 744 782 791 852 883 
11 519 582 602 234 150 173 286 210 66 497 531 600 707 861 981 
97 211 114 405 525 644 716 887 909 323 202 139 345 141 509 535 561 562 675 678 705 720 739 776 780 855 974 
347 575 868 201 274 115 49 837 896 954 
259 144 761 800 810 839 878 906 131 308 360 120 350 349 296 56 275 288 161 439 460 495 510 522 538 636 690 773 911 
166 744 794 216 299 114 47 580 603 929 
72 365 735 159 96 471 522 526 770 896 
407 5 268 137 393 468 488 528 555 729 732 808 887 
159 221 381 224 880 153 297 162 156 42 476 483 623 641 735 753 835 
319 9 622 992 194 99 41 436 526 631 633 720 742 963 
209 86 274 290 680 767 923 307 208 144 199 276 379 269 349 315 440 442 575 613 670 712 805 921 
184 203 277 402 185 532 563 698 701 706 719 876 58 399 208 189 33 68 320 149 289 123 42 405 448 481 506 508 520 526 554 604 615 623 633 675 678 685 694 800 896 901 902 
319 89 800 126 200 87 97 320 324 854 988 
265 597 864 220 242 193 464 653 747 836 839 950 
326 40 87 431 539 545 612 647 662 802 873 886 36 15 7 268 292 19 438 445 491 499 530 531 541 569 606 616 641 708 722 732 761 773 812 816 834 936 979 993 
196 66 872 881 340 368 148 9 275 430 856 891 926 948 961 
290 271 729 911 67 77 630 689 693 800 973 
357 467 561 285 238 183 64 485 734 803 942 977 
395 223 287 429 477 565 705 907 951 328 373 324 372 158 188 47 76 405 433 440 471 526 561 581 584 603 607 673 811 937 942 987 
156 506 755 284 1 249 495 550 643 821 837 847 
211 253 913 383 212 317 658 812 901 973 
161 426 481 27 498 531 575 725 885 910 
29 397 108 805 288 423 185 206 472 580 585 686 737 797 965 
422 346 746 90 54 322 450 459 773 807 836 983 
31 61 149 994 137 144 634 664 670 736 996 
159 849 893 426 235 351 329 147 363 286 514 574 708 
43 9 589 47 350 706 773 790 819 990 
32 314 353 753 940 993 324 59 285 114 120 369 88 378 464 467 565 666 
387 618 752 417 343 292 658 749 808 984 994 
308 771 804 371 443 479 495 518 569 964 
156 22 573 422 361 169 157 167 518 678 
33 359 659 75 412 35 396 542 689 917 
5 10 916 973 976 996 426 242 326 418 56 141 518 617 723 737 748 781 827 878 
164 97 525 807 832 887 468 503 532 569 586 595 600 631 664 668 694 742 952 959 
349 141 325 495 683 722 100 186 418 294 156 237 54 317 496 521 594 606 674 825 870 950 959 
243 145 382 5 437 246 501 547 564 574 653 697 720 848 849 893 
864 865 964 209 9 150 523 732 744 777 
114 126 814 422 350 338 15 478 699 705 
108 15 572 707 805 908 37 299 263 396 332 99 459 501 729 747 764 907 
400 374 542 231 388 34 209 260 387 539 814 
316 491 522 541 753 252 403 419 29 170 511 580 603 615 685 734 859 921 
2 393 214 103 567 666 672 687 958 975 198 277 149 347 316 400 452 453 486 574 577 581 596 650 699 894 899 900 935 965 993 
165 464 480 728 374 254 431 137 250 515 607 616 779 835 947 
545 561 640 941 360 288 232 1 64 379 71 173 588 891 
388 317 479 774 449 390 102 231 22 490 760 794 854 943 992 
491 795 993 404 254 449 500 695 701 873 896 
218 257 927 955 228 229 18 38 42 589 615 748 782 949 952 
105 366 168 682 268 5 182 234 297 397 533 541 605 766 909 
383 303 59 381 223 213 237 539 675 811 970 
235 201 70 132 84 323 305 317 474 520 670 712 716 927 958 969 
74 272 565 92 340 472 617 637 646 687 749 864 
18 348 235 694 888 982 446 237 431 13 128 4 104 220 211 528 797 858 910 919 928 998 
408 516 675 950 343 322 241 412 772 810 864 
376 241 104 13 495 508 651 676 710 914 924 
91 250 642 774 380 138 2 54 646 654 667 685 804 832 876 979 
26 294 541 607 657 821 377 145 160 368 28 74 149 209 556 606 610 633 765 818 851 907 
177 193 274 450 217 198 421 70 263 57 369 435 103 245 577 650 681 731 771 785 
164 253 482 547 677 757 786 890 891 23 346 400 99 238 43 10 60 491 545 577 646 654 686 764 823 834 836 851 901 919 950 
227 22 544 708 122 119 143 572 604 847 935 
128 267 202 260 346 425 539 545 605 640 647 693 873 895 401 435 242 4 187 137 156 168 259 60 91 350 228 382 349 344 471 521 527 620 627 639 658 708 718 748 790 835 948 961 
272 176 782 784 788 939 231 31 17 441 338 415 106 621 629 637 756 
607 629 711 224 370 293 639 718 786 978 986 
200 561 685 170 394 8 149 565 645 689 695 747 
22 313 404 188 156 403 670 755 809 863 262 154 52 414 56 128 426 325 175 467 497 552 577 589 605 617 672 706 795 799 882 885 919 924 
84 91 30 613 661 901 243 286 458 234 104 430 382 489 562 588 597 644 647 657 713 863 
211 299 977 220 254 2 64 685 751 940 
299 379 211 3 716 457 125 5 104 234 144 129 548 795 888 922 979 
341 329 624 324 399 606 774 789 836 842 937 
352 77 181 959 158 39 416 25 54 682 734 761 842 927 
223 287 334 426 272 266 120 503 565 576 583 808 343 403 173 133 319 394 355 185 245 345 391 351 92 51 216 539 568 580 591 603 620 703 725 767 800 811 882 922 945 968 
168 408 638 759 901 132 44 445 270 154 240 540 548 773 821 869 874 908 
363 452 516 556 613 682 712 783 61 265 370 380 294 251 437 545 552 565 567 666 741 816 849 850 872 893 906 934 937 
450 595 946 208 168 228 401 67 697 864 886 889 897 
281 429 368 952 995 380 200 167 419 399 271 220 590 681 801 864 911 
211 465 131 716 287 209 128 311 369 406 24 486 532 970 
168 356 682 727 901 400 264 208 183 63 416 489 503 590 737 894 911 
360 590 700 735 176 28 79 58 228 147 74 377 565 974 
184 185 277 203 117 963 65 425 284 26 687 728 766 770 812 825 873 914 922 951 
285 518 791 270 1 449 8 482 108 540 645 650 740 
617 636 681 831 75 143 129 66 393 355 680 718 772 888 901 975 
404 22 755 922 235 222 415 75 514 531 660 748 791 816 877 984 
101 196 328 338 107 80 50 538 835 881 914 966 972 299 483 210 400 100 340 25 3 472 257 237 279 358 151 407 235 351 139 516 521 577 631 659 686 697 734 806 848 935 965 976 979 980 
9 38 885 224 349 452 36 657 667 795 888 
448 351 135 453 314 138 507 812 846 854 899 991 465 422 325 87 315 19 254 300 136 45 165 282 200 500 537 665 682 709 715 719 744 780 805 913 935 983 986 989 
391 651 656 102 318 96 259 607 710 864 941 946 985 
37 871 893 393 351 254 9 748 784 865 903 
200 385 873 190 269 584 623 639 817 828 
70 442 170 580 610 673 676 748 751 888 968 389 357 376 437 316 268 427 461 131 408 412 46 86 15 81 309 588 598 640 670 688 736 791 797 830 871 926 
234 518 728 70 190 442 270 360 546 624 673 996 
531 546 794 409 471 348 366 373 600 632 
257 361 362 256 837 927 10 156 429 93 575 580 633 653 765 863 880 972 
122 157 869 935 243 422 89 324 380 209 591 592 744 791 
149 209 745 857 946 211 453 491 79 361 33 550 700 707 807 828 896 925 969 
90 67 562 839 906 387 215 374 443 199 446 552 599 682 805 812 920 929 960 
6 689 849 15 281 205 97 514 594 701 757 
396 368 477 287 120 650 705 741 851 921 989 64 171 148 274 96 263 483 55 67 268 441 561 587 603 674 683 692 703 708 709 718 737 764 786 821 830 849 980 
113 100 519 663 241 346 91 147 78 507 548 848 948 959 
54 85 535 210 89 168 52 26 518 806 819 927 993 
156 313 364 60 427 404 295 508 528 670 708 809 922 12 232 117 183 368 4 166 50 80 311 357 186 419 244 514 521 566 671 691 695 709 710 744 747 763 798 824 903 912 915 991 
26 491 386 523 696 22 504 122 283 67 108 510 528 613 751 834 869 922 
506 20 291 404 188 125 156 670 823 108 70 96 274 461 169 306 186 116 10 87 308 369 419 398 620 629 723 725 786 834 849 904 984 
595 680 984 200 291 223 410 394 241 611 654 849 904 
92 140 155 641 644 754 412 372 257 507 235 53 137 360 64 595 640 658 798 837 914 941 
67 90 237 643 878 2 281 119 31 66 402 261 448 207 212 696 953 
171 695 810 358 64 383 37 309 565 629 828 944 
209 813 984 91 196 5 4 45 842 950 
170 354 201 332 94 98 399 673 676 869 971 259 506 502 8 125 433 200 324 293 488 303 716 721 725 754 758 782 822 915 928 965 973 997 
681 723 870 298 40 450 94 211 6 523 556 766 969 
460 250 91 479 315 134 556 570 613 632 712 950 386 271 183 489 185 187 64 286 259 98 169 149 392 607 622 709 715 716 827 912 917 928 935 945 955 977 
144 548 643 772 842 878 26 368 267 108 184 174 111 520 542 557 569 727 765 805 825 881 919 
486 496 7 306 791 867 902 988 259 99 440 119 505 437 438 167 277 404 526 556 594 643 702 827 849 887 941 943 982 
504 409 955 196 408 528 567 604 723 849 
164 126 887 937 408 419 457 517 366 681 707 762 919 949 952 990 
272 54 244 146 254 287 542 650 822 825 883 921 943 952 953 506 381 489 163 77 442 69 326 467 285 379 15 355 529 556 567 580 594 597 604 615 639 701 742 773 803 850 854 868 888 942 944 945 946 977 
448 351 991 391 412 210 414 57 530 793 892 
294 220 507 657 812 875 515 162 444 190 218 60 308 525 527 575 613 670 786 872 922 
201 64 550 552 697 836 220 71 150 250 258 531 598 687 765 826 873 877 962 984 
410 131 441 891 981 67 327 523 199 225 580 639 688 696 727 955 987 
183 560 646 718 763 787 806 819 844 868 414 419 319 9 288 229 316 23 259 518 400 119 317 426 397 320 325 417 27 582 607 689 701 714 
235 122 817 372 114 523 227 67 467 572 623 852 873 
60 404 22 506 626 670 858 930 317 185 393 131 40 507 459 95 415 519 277 541 576 608 613 622 839 862 940 
86 591 615 729 946 64 395 187 521 320 396 535 653 677 678 808 835 866 889 
355 352 153 816 973 996 130 370 422 90 522 27 64 272 580 653 675 696 899 961 
8 318 79 178 320 497 96 546 574 617 827 834 892 304 409 488 429 395 524 358 366 374 422 316 254 382 22 383 47 558 592 607 640 652 662 673 732 772 776 830 897 958 961 969 982 983 
203 185 247 419 184 563 701 706 324 97 216 201 441 234 482 589 597 623 665 722 723 816 832 899 959 996 
696 846 940 395 324 455 194 603 635 682 
406 404 970 218 9 74 627 636 705 711 901 
13 254 505 730 793 997 529 294 291 200 293 237 153 252 264 410 553 810 815 859 910 
246 59 390 690 52 102 546 596 675 681 754 
393 119 567 207 320 491 37 83 341 18 388 149 
489 310 196 966 341 390 86 70 412 545 644 819 905 921 
357 260 467 422 746 873 886 895 402 456 477 1 160 383 224 91 313 447 584 652 670 689 703 737 782 791 869 921 937 
720 866 935 478 294 486 575 650 770 797 909 
463 316 448 351 899 301 455 360 528 191 131 317 364 98 422 565 653 868 924 
190 447 521 368 327 576 851 921 932 41 108 127 170 229 277 387 517 439 159 202 404 51 243 200 235 181 693 738 762 845 895 961 
326 605 662 131 117 287 84 38 59 607 629 869 907 
180 466 133 749 213 384 377 556 590 710 852 
467 200 128 40 451 422 605 382 479 263 203 465 348 319 538 33 99 370 651 670 722 754 829 902 935 
300 531 166 8 497 574 617 827 841 496 84 378 67 293 137 18 536 401 369 87 65 608 615 697 716 765 769 775 849 856 891 906 937 
465 641 786 284 391 443 287 201 95 861 929 943 
517 623 885 224 204 504 474 478 680 969 
68 366 19 110 900 950 969 332 4 99 235 138 139 612 678 745 791 867 885 891 902 
70 64 524 14 158 552 581 673 697 866 869 934 242 86 203 396 26 130 211 233 89 500 102 381 427 217 562 569 607 618 660 696 716 742 823 831 859 864 868 886 966 977 989 
217 615 745 300 12 337 145 137 317 581 882 968 
1 550 23 70 524 76 571 581 811 817 379 258 336 479 360 471 171 313 36 370 501 600 603 611 639 670 672 729 749 851 860 879 896 897 942 966 
33 239 192 973 296 535 289 306 366 729 812 826 888 903 
168 642 901 300 235 277 419 247 133 606 858 
315 634 987 415 246 327 567 591 664 684 825 983 
479 516 675 780 463 544 228 196 515 354 62 521 349 518 685 923 
263 145 973 385 517 321 110 747 886 900 
207 222 710 806 349 368 111 133 531 565 577 606 711 849 
234 324 615 241 682 734 862 931 983 1000 
526 183 646 718 80 70 180 94 361 237 593 615 694 744 807 873 
451 470 425 392 612 685 138 503 426 13 208 285 92 410 303 368 26 579 651 749 751 806 953 
259 173 501 623 20 21 310 211 550 472 29 233 410 673 950 976 
532 419 277 306 64 315 370 179 144 172 742 
84 52 675 400 271 219 402 64 443 639 890 899 921 
321 426 13 477 258 400 458 337 154 272 777 820 889 932 106 137 163 541 203 484 250 76 470 298 245 479 345 558 195 205 512 435 26 605 673 744 749 757 810 811 818 830 872 873 905 992 999 
59 121 896 506 348 107 209 644 657 696 838 969 
537 95 449 292 150 594 631 639 687 958 479 193 337 555 519 108 277 378 99 404 521 291 618 620 678 739 788 794 810 849 860 940 954 973 
380 655 658 277 477 201 268 590 832 984 
318 148 233 123 229 88 99 617 744 827 391 517 383 120 216 441 550 422 204 437 306 384 94 352 581 609 751 819 835 837 981 
369 516 134 621 632 783 199 402 351 169 164 154 219 398 643 678 735 744 975 993 
18 552 580 954 1000 150 241 253 386 224 380 344 184 54 582 754 841 960 
446 707 766 56 466 105 246 527 35 836 
438 180 125 227 60 740 172 191 91 294 199 64 337 230 603 639 658 672 673 919 
531 318 99 301 546 841 70 433 298 32 234 443 27 367 362 449 134 745 813 874 885 889 941 
222 411 183 710 718 763 806 819 998 174 199 418 540 261 119 429 187 252 498 10 523 180 645 872 878 888 923 991 
477 542 54 287 258 848 943 159 113 78 402 43 528 270 226 17 274 601 681 697 866 911 935 954 964 
199 112 349 817 869 971 558 471 93 449 149 464 465 489 180 592 619 646 648 715 794 893 
320 148 322 99 300 794 5 163 161 12 54 315 45 306 203 182 655 722 801 977 
111 333 246 658 781 561 78 216 137 26 89 167 259 849 
132 571 349 76 339 495 676 683 694 811 817 888 904 448 530 211 22 368 191 60 338 498 430 521 360 246 525 477 3 413 606 619 639 656 665 706 712 733 756 787 814 823 926 950 979 980 
63 83 550 1 76 349 552 836 935 426 449 326 569 370 33 173 30 404 551 24 145 603 605 606 612 656 679 730 808 809 875 944 976 
333 47 409 611 658 927 158 106 220 350 526 43 261 60 232 571 209 377 660 661 754 956 
266 477 826 349 404 324 605 682 709 747 884 950 961 
259 370 928 494 308 539 426 668 757 826 901 968 
9 370 839 113 274 264 391 430 183 351 693 819 
242 366 613 901 441 205 660 813 817 896 921 
602 773 919 55 13 7 87 86 503 807 819 981 
35 646 710 770 806 819 451 392 82 472 128 95 495 604 621 644 737 835 926 943 963 
238 434 144 298 859 878 965 407 132 532 471 349 199 203 454 119 377 741 794 856 873 925 952 984 989 
484 72 350 115 241 360 917 256 568 353 481 544 250 145 483 407 620 688 773 956 967 
529 595 988 405 555 477 499 80 805 950 983 
622 761 810 885 340 531 254 499 577 209 70 662 735 826 944 1000 
106 145 856 560 368 280 79 651 684 808 829 1000 
292 336 567 340 666 684 949 247 521 518 442 357 502 244 190 352 98 99 807 854 930 932 952 994 
285 480 591 509 984 339 510 229 441 368 232 607 622 671 805 913 961 
768 813 911 265 227 536 15 84 449 328 623 
421 215 679 709 752 828 864 865 521 221 63 61 175 190 39 532 400 85 104 472 610 637 681 688 755 836 858 871 900 
709 864 865 5 111 524 495 293 46 241 247 728 969 
260 230 605 120 62 501 399 610 694 712 
319 57 147 237 622 961 280 441 360 409 30 497 251 552 88 639 685 727 900 999 
149 285 767 576 24 335 27 38 360 801 
409 380 587 26 24 349 688 722 858 917 970 995 
115 78 360 365 72 93 24 735 747 917 234 413 552 573 318 325 581 215 503 448 426 477 188 533 89 256 623 713 749 807 867 886 906 911 938 1000 
259 319 965 521 466 285 419 588 519 108 613 866 
467 543 599 230 545 612 685 818 912 944 956 3 372 383 455 256 581 471 583 237 565 51 400 303 625 626 650 687 788 862 908 910 927 932 
59 383 121 658 829 830 896 974 581 554 580 370 463 199 130 475 422 204 234 442 384 558 614 673 769 899 917 969 976 
316 463 248 469 26 130 696 711 812 850 948 991 319 426 595 213 450 543 550 516 526 217 114 531 58 184 261 98 492 636 681 703 716 730 749 763 817 869 957 968 976 998 
325 137 637 528 546 123 684 698 744 939 
40 236 87 364 569 22 89 676 811 826 
83 495 637 1000 241 463 352 32 597 599 293 663 710 879 916 
380 582 361 552 358 509 786 846 934 993 
605 422 385 561 267 375 40 662 685 307 272 298 23 165 368 277 581 163 549 156 649 684 750 772 897 945 946 990 
168 479 377 516 586 369 472 315 780 507 271 528 121 604 300 418 294 325 342 523 94 622 627 644 650 743 861 864 943 973 
835 853 966 75 606 145 644 684 817 922 
81 551 306 61 559 274 234 529 633 704 791 813 923 984 546 419 40 448 23 454 37 368 560 223 39 521 201 125 284 82 404 233 2 5 25 621 622 623 689 707 718 843 866 893 943 985 1000 
187 910 916 422 113 22 370 450 117 365 
487 178 546 569 531 228 231 322 233 681 744 827 845 174 471 370 293 5 458 41 345 440 314 745 747 750 772 793 807 859 865 888 909 936 942 950 998 
387 436 226 665 978 239 567 241 229 188 320 550 687 766 
358 149 274 324 745 8 123 235 577 46 94 293 580 658 817 869 906 
158 94 70 283 325 76 888 971 982 336 477 508 91 189 467 243 567 146 230 299 590 622 642 647 663 703 727 729 852 955 
570 712 742 468 271 588 615 382 33 679 750 791 897 
417 592 370 600 232 842 308 188 595 516 66 528 615 613 385 620 796 817 819 861 864 954 
232 237 562 259 9 548 57 370 628 635 726 928 961 979 130 231 316 615 48 527 416 122 603 293 419 224 106 346 596 494 282 37 532 168 209 637 659 680 687 702 703 740 781 794 806 834 863 953 
475 245 29 108 41 765 358 217 95 320 3 496 632 638 670 681 735 745 856 903 991 
324 271 274 903 946 605 199 18 377 171 651 785 921 982 
16 528 930 605 292 124 321 115 832 943 
112 673 869 613 178 54 467 534 805 843 
9 319 623 237 91 231 364 114 657 688 777 812 814 857 887 
469 26 135 280 316 386 138 674 696 750 756 854 293 162 338 370 6 40 249 239 211 238 340 543 468 244 228 33 512 201 508 407 695 715 719 776 824 829 876 913 981 
147 761 965 54 139 361 320 72 8 424 827 911 937 
162 567 103 391 639 651 687 958 260 67 384 417 489 70 353 18 441 682 713 761 776 848 879 883 909 912 965 
516 570 28 634 926 624 358 497 5 29 659 670 858 888 905 946 962 
234 615 680 419 29 254 463 498 417 681 
315 555 632 260 432 808 934 941 971 989 
623 885 965 5 281 141 263 533 266 802 832 939 
79 487 723 188 406 412 383 127 534 59 607 866 991 
610 608 235 348 673 836 207 623 292 468 597 308 458 274 220 687 703 800 837 845 886 887 987 
478 366 356 900 73 359 624 125 46 378 812 825 840 878 887 
95 567 103 219 336 292 391 150 631 307 769 933 958 76 494 23 111 277 580 469 4 327 573 564 377 467 392 552 94 600 525 521 390 182 641 723 729 786 833 850 867 888 946 995 
467 451 873 886 107 510 495 83 531 14 670 799 806 812 879 955 
304 547 293 131 510 639 224 65 257 362 416 223 422 226 732 861 910 
554 462 366 742 298 620 320 99 85 121 745 804 958 982 
511 517 259 772 965 518 378 185 139 427 129 570 716 735 752 793 926 
167 410 510 299 261 472 178 588 566 54 538 614 613 276 663 808 930 
356 262 727 926 187 148 575 470 486 382 256 685 730 764 909 980 
560 588 222 526 183 255 660 717 718 770 819 844 990 407 231 13 10 85 40 341 232 318 458 295 18 260 64 462 383 6 142 465 577 651 693 737 739 746 805 827 865 933 952 972 
422 467 693 873 472 211 325 620 116 180 98 676 835 856 
136 824 921 345 329 577 317 739 773 827 
193 745 874 74 612 336 687 752 896 906 947 996 
521 321 368 503 4 244 54 400 678 793 848 989 329 144 398 183 178 241 605 3 464 52 486 87 449 322 540 77 613 15 348 671 674 708 750 807 831 901 922 949 
631 492 119 666 672 958 561 593 625 545 26 461 343 646 259 694 731 754 856 901 
147 252 772 531 194 253 539 658 703 747 836 893 975 
12 70 23 17 160 325 63 94 935 1000 295 421 217 138 52 530 323 120 443 529 27 369 147 541 49 498 682 709 756 847 873 946 955 969 984 996 
37 152 893 465 462 509 145 675 902 960 
246 362 568 773 211 318 578 185 744 771 849 859 939 948 968 976 
492 119 687 581 580 121 284 26 689 730 
251 463 269 523 993 566 185 85 145 490 45 472 67 319 204 628 661 
582 579 113 568 111 606 781 896 955 467 360 84 63 510 12 619 652 106 203 573 124 232 290 436 428 297 694 733 833 904 918 920 922 
5 439 382 489 632 144 623 211 297 737 
646 255 717 819 844 990 211 49 550 488 160 272 380 582 10 586 29 673 687 722 731 837 852 
317 30 472 52 377 926 197 258 582 321 657 102 232 305 229 703 704 709 747 810 812 838 996 
202 612 422 543 236 912 956 94 592 18 286 531 138 283 339 64 664 804 808 824 864 889 948 970 992 
11 504 692 781 348 192 109 620 149 191 610 326 315 644 696 710 
5 359 49 192 910 973 976 357 555 432 217 662 164 54 441 336 699 704 732 735 745 807 836 873 921 
618 226 709 532 301 580 491 313 820 933 
449 594 651 393 285 479 5 146 435 327 696 737 786 891 899 
368 820 932 241 274 490 370 155 462 723 961 981 
338 66 702 584 70 441 259 818 823 841 
212 87 375 247 52 327 241 193 58 272 838 946 
508 471 180 20 188 125 109 156 528 506 732 749 823 920 922 457 418 545 63 292 624 154 18 539 226 552 523 495 632 68 231 91 432 111 131 185 640 49 699 744 761 791 816 859 900 933 951 963 996 999 
387 265 864 595 241 650 350 506 258 884 
449 119 651 219 573 552 471 347 777 863 898 
514 399 550 23 160 495 83 637 141 378 627 697 751 836 861 108 562 384 404 358 280 196 168 10 48 565 200 660 573 114 303 187 531 336 496 606 407 276 426 363 391 701 718 755 791 799 814 887 969 989 
629 220 696 756 821 346 442 147 271 158 78 650 503 935 
556 564 52 460 682 950 15 279 456 536 410 419 29 654 530 755 820 839 919 975 
349 14 514 580 495 64 938 461 248 353 647 84 99 609 185 706 719 735 754 802 804 835 883 969 978 989 
379 465 114 945 947 145 185 285 529 182 382 373 277 794 877 882 980 
282 337 396 650 154 25 705 825 848 851 376 408 410 126 294 529 246 549 570 567 55 438 419 680 770 774 804 839 864 888 938 958 962 964 973 994 
387 597 215 709 713 828 328 159 360 581 378 362 54 6 621 715 794 821 896 909 929 943 
633 509 418 289 704 767 984 77 316 47 9 623 18 400 14 678 548 237 487 684 691 703 709 880 958 981 
71 617 8 229 228 79 55 320 487 515 723 831 845 860 365 214 232 344 326 303 266 24 536 72 389 576 624 607 34 464 597 633 87 151 350 520 481 273 791 792 799 836 847 851 899 973 976 
110 483 675 455 479 759 926 969 267 53 383 533 279 653 559 116 501 631 60 491 385 476 583 731 740 744 984 
339 580 442 340 265 503 11 710 895 915 
95 391 119 594 312 769 949 260 60 680 38 614 608 87 555 593 612 696 731 735 835 883 910 921 984 
612 470 561 230 605 392 818 645 556 473 600 142 462 448 64 419 350 387 395 845 939 977 998 
209 745 911 489 465 305 376 430 379 9 250 52 708 
292 656 449 312 567 162 119 631 958 605 23 161 50 143 166 101 524 324 618 623 313 458 660 637 649 485 386 748 756 954 980 
281 368 342 258 826 848 590 32 333 602 178 525 495 390 597 189 351 628 41 750 796 821 940 
381 159 502 739 849 893 115 656 526 1 83 470 282 539 70 615 424 439 747 770 827 839 930 
383 362 256 536 248 412 37 381 867 905 992 
25 323 808 216 680 506 213 312 874 956 993 
59 663 195 63 49 33 503 176 805 828 847 965 
647 392 40 467 646 424 354 585 542 332 268 321 754 869 
235 201 580 459 175 934 264 658 651 599 20 162 101 299 326 105 395 233 560 419 441 831 
298 512 57 936 979 453 629 506 26 470 748 783 815 830 911 917 969 
533 607 629 294 507 674 182 26 821 915 993 246 366 550 566 298 404 663 530 209 666 511 525 194 684 64 241 714 742 832 887 925 965 971 
673 524 18 550 116 23 325 174 356 120 350 546 111 198 576 489 443 285 131 480 761 804 844 856 873 921 948 
419 185 725 167 369 188 608 165 747 817 
338 196 966 972 57 670 445 114 449 257 275 664 829 961 991 
284 484 308 283 211 225 47 500 753 801 834 
419 203 532 247 277 719 725 838 168 673 380 121 107 400 325 217 453 502 521 526 871 933 961 992 
107 328 668 344 80 66 196 853 966 276 623 518 268 224 201 241 74 284 316 114 82 183 131 710 803 823 837 870 957 973 1000 
221 159 186 37 739 849 893 942 980 203 623 503 637 112 620 539 680 607 652 211 67 661 477 109 364 712 716 866 872 899 904 
615 680 306 792 8 84 28 661 293 664 753 773 786 873 965 992 
342 678 426 503 808 951 168 534 106 141 91 317 259 89 235 31 445 410 736 767 778 780 810 
185 419 247 532 876 120 224 471 580 33 220 676 52 96 434 727 739 
572 446 151 615 343 409 500 520 333 991 
60 506 466 206 125 740 686 365 422 433 650 467 503 718 764 829 870 897 
597 215 665 331 387 679 598 713 752 758 828 864 865 877 583 239 503 382 368 680 506 271 183 254 91 211 114 249 284 653 285 661 201 94 27 299 491 516 218 187 743 744 785 809 823 885 911 926 
558 347 575 588 207 183 736 763 787 492 326 702 461 544 250 351 683 663 506 292 610 362 379 360 5 742 748 779 836 869 986 1000 
469 607 993 558 4 534 77 57 911 923 
479 516 52 621 742 780 950 18 599 703 22 362 319 399 373 185 580 171 418 235 100 457 735 752 788 943 
679 709 864 289 256 631 472 348 603 811 818 834 937 946 
361 362 383 919 696 324 402 526 334 299 106 248 146 99 729 895 
13 54 396 808 679 491 629 183 57 577 516 747 781 869 965 
293 379 410 131 474 3 482 852 890 514 457 607 227 119 546 703 643 516 224 332 550 740 768 815 833 856 896 943 966 979 
183 646 660 350 29 60 404 291 792 901 910 
526 222 646 575 347 560 736 806 615 487 469 130 467 234 503 708 45 673 59 348 719 750 823 827 
277 419 402 701 491 629 676 718 21 16 726 787 810 929 975 
378 540 785 417 443 37 57 324 410 915 
730 784 883 358 248 53 92 514 128 277 786 
442 170 137 737 422 211 602 660 194 578 10 545 45 532 383 780 
233 681 515 297 636 300 249 191 834 41 355 667 508 519 532 159 156 440 42 639 132 51 361 750 796 821 836 843 991 993 
257 59 829 307 368 310 381 817 873 982 
701 277 698 73 185 184 378 477 218 328 52 429 190 289 147 295 514 508 780 835 857 961 971 
623 171 232 57 370 132 719 223 119 70 10 149 137 791 802 817 937 966 
483 317 645 369 366 52 706 517 620 600 525 149 404 355 768 951 953 955 
496 450 61 271 791 219 103 485 72 171 174 598 737 758 869 915 943 
271 424 529 53 287 620 553 552 24 639 714 446 415 894 925 
400 535 721 952 607 341 656 581 645 757 809 880 904 914 
342 54 120 921 464 651 65 251 49 660 225 682 684 896 901 947 
133 670 823 858 879 983 357 331 422 641 325 139 415 444 664 100 531 760 853 854 875 876 969 
89 839 859 878 360 371 94 580 227 658 383 53 862 865 
284 24 747 381 55 559 476 489 54 448 425 745 780 
389 24 376 603 78 241 360 93 484 414 931 999 355 684 676 286 643 712 356 226 261 416 380 570 624 292 592 252 388 234 664 125 748 787 791 928 954 968 
710 35 718 806 495 287 125 36 432 705 230 775 848 904 952 
722 283 199 349 174 83 127 122 157 325 748 778 811 888 222 159 430 286 232 88 302 646 168 728 503 364 183 258 328 588 483 666 659 265 539 303 440 744 862 882 910 946 952 961 966 973 984 
404 823 970 386 231 96 542 150 135 899 
37 689 159 703 849 862 410 241 379 21 648 401 83 567 706 646 362 371 141 779 883 949 971 
573 708 373 44 58 404 755 840 970 297 117 716 335 148 226 623 682 486 375 765 773 806 819 825 839 855 874 907 943 990 
503 782 848 183 589 320 151 250 479 163 
642 384 621 712 774 901 969 441 550 209 331 160 417 243 563 710 521 40 32 149 236 696 821 895 896 906 
152 381 224 849 26 709 613 260 241 316 254 914 
123 569 231 172 320 617 166 413 827 860 870 107 408 608 709 682 68 315 40 506 272 560 570 31 499 491 293 444 670 655 85 565 737 786 945 949 951 
649 686 324 7 500 619 551 791 813 642 299 144 63 257 10 617 132 100 327 574 47 259 216 734 664 240 549 624 203 781 852 893 930 
240 539 431 146 27 224 351 646 57 748 
104 93 603 734 241 308 376 804 341 111 715 698 470 557 617 689 652 320 506 421 583 446 156 661 755 883 930 
495 339 64 737 63 778 888 929 968 710 746 735 467 488 440 695 120 454 493 361 687 794 807 809 894 958 961 970 
670 156 544 755 458 97 436 561 370 552 603 565 607 913 934 958 
130 220 39 629 248 372 394 846 915 234 17 612 348 621 137 723 9 650 617 57 168 718 37 688 780 827 864 907 952 955 
495 673 869 569 507 561 473 233 794 900 
226 597 436 709 387 864 877 964 978 301 307 58 352 223 193 306 244 649 712 82 211 364 643 1 761 779 783 788 821 869 895 986 
448 435 899 22 700 704 197 232 247 416 827 856 945 
379 131 264 510 126 197 286 786 894 945 536 313 582 32 651 15 24 514 113 136 230 571 33 237 545 392 676 66 693 839 840 888 906 954 
471 427 740 749 488 295 918 747 597 196 361 319 320 216 333 673 283 271 675 129 273 300 108 869 882 952 
130 351 674 629 915 468 34 653 333 202 38 580 687 758 784 919 939 958 989 
465 405 814 894 398 341 402 88 502 584 730 66 49 565 804 842 
709 828 864 728 514 756 220 46 809 906 910 916 
682 408 478 141 103 154 297 253 43 122 
350 241 804 732 227 335 123 117 324 452 893 
592 238 9 237 630 412 800 965 180 250 159 369 55 697 476 752 670 125 227 631 422 274 30 782 811 816 880 960 
340 292 949 266 168 520 179 542 777 929 
575 710 526 806 819 98 54 248 147 607 506 319 872 882 898 950 965 967 
209 234 217 271 193 791 903 923 58 402 351 708 226 645 446 465 503 169 52 831 858 888 895 958 
151 624 805 524 325 546 517 147 740 463 498 869 943 
139 572 15 41 108 169 515 181 185 485 23 618 294 455 392 832 961 981 
601 418 680 903 326 16 145 29 170 477 705 405 820 823 846 
596 31 358 50 126 716 47 727 839 864 873 882 
639 684 150 546 159 325 203 606 816 843 916 
646 588 998 184 342 237 678 689 100 540 414 485 1000 
115 437 999 655 17 234 280 5 464 954 
643 517 652 839 859 928 137 531 55 617 246 13 487 612 460 163 92 112 808 832 903 
390 655 111 587 256 797 830 837 478 167 431 275 90 412 704 2 590 434 368 521 648 16 740 422 94 865 884 937 984 
363 742 462 452 84 900 31 397 330 678 475 107 351 131 824 849 852 
380 100 111 145 546 736 202 92 147 786 864 878 
285 290 813 629 335 631 410 154 220 531 99 989 
305 565 54 368 30 628 762 444 349 406 672 168 163 985 
748 737 76 869 45 351 135 231 294 32 705 237 807 840 
163 131 405 786 752 35 399 739 30 450 199 352 710 984 
613 556 28 712 250 950 491 196 254 410 120 725 734 186 212 750 722 705 404 887 
579 663 270 658 138 440 745 244 368 715 623 224 239 818 983 
190 741 468 142 793 843 514 354 539 324 761 408 226 301 454 823 836 850 856 893 915 928 930 
570 479 134 66 752 149 80 695 794 886 
468 721 54 825 387 68 247 196 493 30 132 399 756 807 842 969 
378 720 968 709 254 379 625 464 140 852 969 992 
102 167 754 779 140 197 465 547 48 51 293 852 891 909 301 639 523 317 503 136 250 704 469 611 721 775 95 23 508 407 56 73 69 744 77 205 666 280 319 180 105 825 831 839 873 885 919 965 
526 710 806 719 15 580 175 202 735 368 839 
4 468 820 752 312 605 110 99 112 712 567 863 945 
158 170 335 836 888 260 88 222 212 475 5 317 361 15 858 920 921 
161 327 989 434 72 43 114 131 125 467 
764 486 53 324 518 745 358 234 728 615 874 923 176 539 67 408 201 273 387 185 670 84 735 495 488 369 399 673 499 621 83 549 182 681 726 381 797 810 901 987 
271 704 867 681 9 349 717 391 870 970 
782 535 650 643 617 259 102 522 168 329 180 251 897 
497 320 578 413 79 831 892 235 783 15 400 748 677 452 162 567 577 751 589 248 623 679 796 851 869 916 
39 453 991 474 471 355 387 193 490 335 352 
349 63 137 174 833 794 30 401 301 35 255 622 723 688 804 870 890 
111 75 773 896 377 791 122 540 430 98 179 459 495 94 820 968 
384 105 969 287 9 398 510 506 274 12 849 888 
85 154 305 471 351 103 640 200 681 673 835 
420 412 761 965 979 992 241 235 111 419 637 118 299 37 400 424 477 864 871 929 970 
5 407 204 897 481 391 336 387 88 700 55 601 578 943 
422 143 200 818 52 358 368 676 335 726 635 813 820 869 999 
293 167 832 702 257 425 521 201 40 25 819 824 
284 360 747 437 760 24 311 241 757 144 88 271 139 676 642 187 462 796 351 678 697 662 836 886 
446 41 139 169 329 341 765 430 15 212 247 5 591 501 211 382 405 31 491 418 240 101 627 646 595 517 692 828 849 881 916 
736 575 787 526 558 763 588 718 819 324 271 25 623 489 149 317 170 640 561 393 505 378 227 361 387 740 125 50 52 838 894 916 
114 304 126 164 3 92 441 264 913 945 977 431 228 52 778 11 147 748 587 617 603 560 382 500 313 339 784 159 356 664 19 650 187 377 594 18 850 881 961 
715 477 309 323 705 400 691 851 943 772 200 634 391 529 593 169 581 644 662 217 233 365 415 303 436 849 861 891 
471 506 930 758 334 709 108 581 748 730 
512 67 592 412 171 878 906 992 567 188 565 266 661 24 705 535 381 78 86 460 368 719 18 791 864 869 939 
552 122 349 580 737 869 426 477 761 565 713 319 299 609 456 165 834 849 
607 251 220 314 491 248 353 523 899 553 44 638 640 422 42 260 485 306 628 428 501 661 831 839 907 912 938 962 966 973 
745 596 615 776 513 802 574 67 586 143 158 270 273 910 929 976 980 
164 211 445 757 135 673 580 447 241 628 72 396 836 873 
249 99 892 370 385 177 277 716 695 26 535 893 
5 530 243 910 973 976 422 1 277 230 532 488 769 261 670 761 479 900 
235 580 378 527 577 94 199 552 954 254 607 360 724 622 494 275 698 313 619 377 255 726 203 35 586 293 614 119 838 893 921 
605 212 346 685 143 392 802 463 95 668 350 781 61 565 713 157 820 824 828 865 890 900 921 969 991 994 
35 183 646 207 806 526 763 588 575 660 538 505 119 569 174 312 622 316 585 349 434 11 803 400 144 740 308 40 587 878 908 918 938 943 965 978 
258 565 788 667 282 822 675 237 802 665 381 293 55 77 818 767 797 299 879 884 913 969 978 
674 248 696 401 220 463 993 679 339 723 752 159 688 168 478 427 742 61 503 884 910 
820 176 400 521 42 164 399 32 514 105 
180 732 44 508 738 670 863 782 39 709 465 550 767 271 702 392 83 18 718 668 580 867 945 958 966 
648 146 400 883 818 662 803 629 774 358 506 
678 374 521 784 136 924 952 555 517 442 638 91 485 237 157 201 740 378 786 912 930 946 991 992 999 
688 583 953 609 524 584 115 553 592 52 874 942 962 
617 744 123 96 569 297 55 228 531 191 99 546 841 689 387 440 718 630 163 225 23 227 518 646 182 750 54 516 212 753 391 254 648 400 131 234 174 873 898 915 966 
597 758 387 679 709 865 396 494 221 805 158 322 210 366 818 692 500 512 881 943 
218 75 724 606 593 293 130 629 159 545 120 708 699 979 
606 773 896 353 531 565 495 503 233 86 695 906 922 
229 681 794 8 487 301 786 812 254 764 694 550 150 159 184 307 340 650 367 5 871 890 
803 27 441 293 279 891 909 532 115 70 121 193 462 145 568 766 696 22 117 635 397 772 626 888 974 
796 64 235 888 938 268 716 119 658 639 323 237 13 293 305 95 913 957 985 
99 233 723 320 531 302 811 508 465 314 713 422 623 700 274 173 507 963 992 
50 338 489 101 614 310 853 872 881 914 966 972 131 725 122 203 676 115 684 529 217 402 450 416 379 43 307 248 467 326 569 799 47 329 277 255 647 588 848 961 
399 17 637 673 789 581 137 524 70 968 1000 710 664 421 782 465 804 228 814 475 652 681 572 195 351 431 400 597 347 222 723 883 902 930 965 969 985 
773 47 333 303 257 498 140 702 222 198 569 35 510 660 377 411 637 427 137 60 894 947 
277 247 701 566 6 817 661 125 806 669 863 
412 733 501 772 298 585 147 878 992 260 10 678 675 421 263 13 368 754 528 231 375 768 153 740 787 397 689 812 786 203 876 910 
60 188 133 58 740 858 920 754 95 239 285 30 638 9 778 256 869 903 923 939 996 
546 827 574 892 400 127 374 319 571 44 387 668 94 237 844 896 
57 622 517 961 979 475 476 403 168 784 271 513 32 185 757 190 845 930 
782 146 400 167 82 769 153 723 235 615 627 893 
660 526 646 697 180 841 146 880 922 926 970 
300 99 617 681 637 11 358 842 100 344 685 403 67 542 956 975 
533 491 750 401 767 205 322 177 611 349 952 
259 89 961 965 265 466 681 692 653 172 427 325 407 60 27 958 
576 741 688 678 13 650 989 222 326 504 835 736 119 631 443 489 380 910 946 985 986 
6 343 689 703 159 502 118 224 739 743 433 871 880 558 805 503 655 66 257 404 567 479 351 348 508 811 346 774 518 134 808 519 509 798 95 306 16 272 443 184 546 579 284 899 927 938 
21 216 351 607 404 407 479 521 277 782 639 807 945 958 
503 542 678 808 291 465 145 139 794 681 203 552 463 931 
293 716 786 890 947 175 745 785 660 774 116 408 527 620 544 971 997 
835 702 614 4 368 235 272 732 349 990 
491 294 629 420 368 732 452 594 373 59 521 984 
358 7 946 228 410 322 145 121 237 59 740 
77 225 49 352 593 145 959 423 782 105 363 716 159 546 100 82 647 651 753 589 220 697 624 367 900 938 
500 324 81 174 134 347 58 164 628 321 725 935 
60 732 528 840 22 918 89 459 165 554 147 789 597 52 764 602 195 632 935 981 
370 173 772 589 733 885 962 655 448 617 369 550 48 129 387 670 535 266 44 177 865 926 942 955 960 
681 744 228 54 77 552 378 567 334 981 
378 673 968 613 547 409 197 622 808 641 
213 739 159 37 980 205 737 359 400 559 733 528 169 605 383 907 921 948 984 
471 125 823 930 672 26 788 498 838 472 61 623 892 921 971 
709 421 597 713 671 265 444 752 215 758 331 598 865 164 678 192 314 622 750 151 460 481 378 199 99 253 325 458 480 550 775 662 229 492 810 800 370 768 613 873 891 939 980 982 989 990 
598 597 828 864 444 709 882 176 493 391 277 646 85 617 119 773 859 818 389 67 733 897 915 968 
550 348 540 96 604 703 615 320 529 576 636 149 
792 518 984 603 80 823 639 690 337 549 5 
411 526 998 161 541 521 550 14 888 915 967 
550 499 811 399 778 577 627 1 514 371 751 904 982 1000 134 693 507 257 728 752 55 264 478 607 840 271 381 794 619 765 710 359 715 153 755 77 543 802 539 810 875 878 885 913 956 978 993 996 999 
515 178 744 442 310 796 295 702 326 708 269 792 919 
493 152 849 495 597 167 384 400 341 831 800 183 701 
328 423 835 107 881 966 62 479 575 246 9 523 204 703 565 118 70 92 763 225 917 921 
467 260 494 647 539 422 326 375 640 392 267 212 895 912 941 864 341 83 292 565 704 33 90 724 653 312 206 589 485 664 697 225 180 768 324 167 527 827 524 244 814 319 786 560 453 320 98 898 942 994 
791 285 649 984 740 337 691 574 339 826 478 80 130 896 
523 21 248 732 79 169 111 869 190 370 581 43 966 
419 706 402 241 839 732 1 76 629 68 462 24 960 
709 752 882 204 677 488 524 119 166 254 
839 517 412 733 511 589 810 965 819 42 219 2 163 109 320 83 775 869 114 440 341 575 47 18 638 889 953 969 1000 
180 291 732 127 820 552 610 640 239 631 954 
37 416 849 844 680 730 498 8 235 761 923 
872 489 423 835 328 966 122 517 807 404 805 65 828 236 343 78 187 980 
387 331 865 877 964 737 768 551 33 677 477 763 471 144 755 407 74 932 972 
824 396 521 721 408 747 676 684 836 739 302 631 925 960 
268 897 973 305 820 671 224 821 773 126 396 583 
490 592 147 859 273 635 548 187 471 574 549 119 786 214 330 181 869 63 709 5 363 429 249 954 995 
640 539 422 392 294 783 557 637 281 61 603 550 804 480 123 139 
520 410 441 977 637 29 5 518 638 673 696 628 780 415 
325 748 833 1 160 495 737 620 580 789 459 935 487 384 632 678 521 145 33 53 832 474 868 617 490 575 764 87 2 553 754 162 366 798 639 406 899 918 964 987 
54 565 309 274 878 662 574 113 480 76 29 529 
852 465 716 564 287 796 100 818 296 122 831 378 324 
786 832 92 465 293 525 451 423 808 864 546 666 275 227 232 549 55 929 
841 815 531 794 67 863 393 104 522 899 913 
689 37 654 6 159 433 703 221 493 367 942 351 615 443 817 760 10 181 815 479 317 405 319 250 15 231 114 349 652 99 577 745 843 782 899 921 956 964 988 
757 754 140 97 909 837 748 332 483 121 806 148 729 62 449 120 356 920 970 
467 539 230 873 200 128 742 351 68 752 330 764 339 714 2 683 227 403 46 337 542 967 995 
246 830 566 797 361 606 383 658 296 453 32 137 419 414 250 841 346 731 586 716 289 679 411 742 552 308 649 874 500 950 958 961 
288 239 352 5 77 382 33 884 801 973 531 315 793 142 86 196 708 54 383 552 621 480 385 174 865 229 191 21 257 318 279 612 337 75 984 992 
82 75 919 207 672 763 225 226 873 827 944 996 
401 294 753 182 491 812 541 269 394 130 37 564 31 532 849 893 141 703 892 449 681 74 94 180 530 606 888 738 321 281 666 149 163 910 927 965 
408 110 774 250 638 549 91 926 751 670 449 557 818 597 194 334 18 856 600 120 174 51 816 983 
168 742 366 586 472 483 478 91 554 926 969 987 8 428 791 197 288 731 277 534 651 183 174 584 362 397 487 717 650 217 306 144 465 419 328 922 930 946 975 978 
518 149 274 984 549 65 214 26 654 836 275 220 222 545 419 
767 764 271 625 210 946 21 235 1 214 320 493 840 59 506 772 52 553 624 973 982 
869 580 64 335 736 658 245 508 196 13 168 509 730 52 703 972 
332 283 175 188 375 690 632 538 40 184 565 933 
319 501 810 67 412 961 619 649 249 479 200 758 391 754 742 167 68 546 603 331 830 966 
426 13 943 446 61 862 543 812 750 740 463 933 971 
108 151 446 605 56 819 164 183 478 955 973 
410 48 114 786 894 832 404 617 14 645 152 54 99 679 257 631 455 540 914 987 
616 330 664 352 816 10 382 959 641 737 758 351 228 684 535 429 605 821 331 717 839 848 813 899 459 968 974 
271 596 686 424 289 149 56 324 194 709 367 603 483 235 339 695 34 54 172 412 481 70 711 576 630 278 918 926 996 
873 605 230 662 812 516 187 825 256 347 631 506 286 984 
379 114 807 167 428 257 869 193 820 12 833 30 892 629 595 359 749 491 
489 196 835 349 461 743 485 510 730 353 909 
756 696 750 302 865 246 683 514 506 728 827 868 720 782 
440 33 616 925 610 178 769 111 806 176 805 794 131 98 758 
350 590 205 603 516 606 268 872 111 439 695 73 162 602 71 
404 755 858 819 207 911 658 888 94 164 144 959 
587 898 111 714 218 955 156 520 786 465 756 675 375 215 459 9 404 870 471 248 573 517 973 
227 840 670 894 658 23 349 789 238 501 
254 542 731 62 368 648 503 25 521 334 995 997 817 872 539 664 697 93 215 448 364 405 625 564 538 418 59 818 789 893 863 357 586 862 189 31 684 948 
488 206 65 109 670 313 364 506 42 190 614 349 241 477 830 152 398 474 901 485 844 211 507 139 658 226 140 523 650 391 
764 418 791 234 615 840 711 231 5 556 145 52 214 880 38 575 323 24 
368 825 939 461 220 8 471 367 373 541 94 
382 153 916 883 500 589 696 251 109 202 729 
661 900 632 682 901 645 363 366 408 969 151 709 278 859 94 495 270 62 22 423 844 131 51 236 588 349 911 643 257 12 580 941 942 961 963 
47 582 246 498 454 476 309 140 899 849 457 605 117 280 505 199 320 
623 772 584 735 516 782 459 514 228 334 248 
748 378 14 157 199 982 679 891 719 185 341 413 813 501 223 762 547 800 54 99 184 989 
863 60 109 528 133 626 364 809 970 983 316 825 594 222 901 292 745 33 747 689 201 399 328 220 836 842 315 400 255 782 287 644 969 971 
735 376 360 559 386 851 240 94 236 388 181 155 
667 565 542 349 605 109 594 882 59 950 
639 150 69 905 218 701 134 665 116 398 670 907 646 
157 694 550 70 93 271 257 293 634 156 611 377 749 479 314 956 
653 540 64 581 18 499 888 70 858 576 491 110 857 16 545 111 340 338 516 489 228 466 293 292 674 206 449 
370 695 9 617 13 42 395 401 422 966 
520 286 51 299 539 174 64 630 726 479 773 546 713 426 475 999 
676 17 833 819 603 33 856 812 678 849 
254 368 924 154 395 468 62 85 309 336 810 90 284 608 182 324 214 756 60 840 655 270 635 864 685 174 966 
533 401 435 9 688 360 528 395 567 473 969 
451 230 873 634 518 492 304 510 574 926 
224 893 703 186 426 311 859 826 521 425 223 617 552 873 926 75 
907 154 54 327 521 368 45 576 62 808 400 951 952 989 143 716 310 712 452 765 119 242 183 358 588 615 613 547 728 137 26 801 115 819 239 378 679 626 828 33 740 518 958 974 
40 212 346 605 403 898 512 581 186 4 521 265 193 253 592 114 
286 754 807 131 677 27 823 753 612 42 744 477 850 516 521 377 351 87 147 788 952 994 
625 500 358 855 480 529 903 521 737 825 492 265 632 901 669 713 283 79 18 653 318 168 848 398 639 612 
51 852 286 677 192 40 265 230 450 837 731 389 87 175 649 970 
353 316 182 607 993 400 97 170 111 423 697 159 655 467 921 399 862 504 662 
684 762 214 312 594 958 739 454 76 13 33 324 16 201 91 293 520 744 328 151 650 51 
242 675 30 52 780 549 516 712 377 460 293 932 149 421 562 111 370 583 617 93 339 465 513 442 347 591 580 26 22 763 390 374 896 132 952 973 
943 176 426 705 231 352 744 354 131 670 485 319 251 727 956 965 
254 943 825 190 266 521 730 481 120 203 736 755 646 737 218 950 750 42 520 267 355 97 246 454 159 846 252 594 945 441 589 998 
826 521 342 84 358 878 727 561 402 69 511 623 
137 349 23 571 817 174 12 411 364 54 350 885 567 735 687 622 149 280 771 754 879 264 576 966 988 993 
919 658 218 454 519 986 653 516 908 620 525 859 69 171 640 727 319 44 750 176 
605 662 240 590 582 845 934 220 163 951 691 869 893 
209 149 274 607 250 164 266 68 702 833 406 293 981 
687 567 275 949 631 391 651 639 2 307 69 449 329 678 847 186 188 118 823 122 81 257 316 749 756 290 321 764 531 107 748 372 457 642 896 943 850 375 358 211 57 680 
856 476 910 996 442 312 375 441 504 918 7 348 532 242 
324 234 53 149 654 571 501 883 859 876 761 
906 147 600 370 847 34 623 842 208 237 965 992 530 542 467 387 595 766 737 531 217 701 748 926 151 835 423 342 301 807 699 79 725 667 395 583 896 361 966 991 993 
144 859 38 524 678 375 812 188 632 826 
117 485 967 588 670 417 363 76 295 834 191 926 
387 882 444 752 893 678 437 576 888 155 117 380 136 340 
643 604 589 847 761 630 635 800 232 237 961 370 144 878 5 489 52 103 304 199 383 256 61 763 449 786 77 692 704 430 696 715 631 271 338 230 514 316 899 275 388 951 308 254 836 819 277 73 91 
80 835 338 538 872 702 881 614 699 489 827 552 936 232 550 33 961 67 11 875 812 954 823 145 737 160 939 716 242 726 906 
277 73 184 203 963 167 895 763 868 217 590 5 207 973 
785 748 378 495 861 70 836 283 584 185 655 282 551 910 213 607 865 477 797 735 370 346 969 988 
549 84 926 91 315 682 377 901 408 242 742 369 798 388 695 673 968 309 548 606 247 294 598 531 515 400 732 352 820 930 836 500 74 653 566 784 818 785 940 232 376 349 457 878 58 676 401 971 
930 740 404 534 16 738 189 983 894 456 800 748 37 94 662 844 86 308 394 310 947 122 482 269 792 390 602 991 
514 577 399 1 174 349 620 253 969 852 634 725 907 391 696 863 301 260 54 145 930 298 739 103 212 42 
699 835 344 489 171 904 646 285 230 349 390 498 882 973 
77 33 557 664 225 553 884 897 440 816 288 530 737 919 903 681 257 362 514 967 613 240 404 265 567 91 26 812 950 702 428 424 972 369 388 242 131 908 678 398 984 992 993 
606 111 361 360 484 352 910 124 832 265 410 943 
449 103 95 487 675 652 570 305 901 719 1 845 
816 33 181 664 440 581 320 235 655 813 607 177 404 606 681 562 489 
807 167 27 473 887 234 516 578 550 60 685 30 521 425 
752 618 226 676 469 144 820 901 218 819 316 869 
623 842 695 67 319 800 200 136 422 474 276 462 580 234 320 258 91 829 489 716 
862 367 37 703 381 209 580 211 22 687 503 373 881 274 864 813 489 677 645 
131 163 293 253 525 261 211 569 352 587 310 629 188 409 250 766 185 680 957 858 860 667 88 112 983 
929 199 459 869 620 237 642 518 337 724 625 531 344 299 903 864 52 
970 930 732 189 555 531 368 431 900 559 491 781 237 591 981 14 
509 234 198 874 902 680 615 513 867 31 595 973 862 897 737 682 46 779 124 653 773 508 488 589 382 136 90 912 40 24 307 367 524 854 568 436 268 684 
211 293 164 163 833 492 836 848 144 234 777 180 395 615 986 991 
257 270 955 848 752 469 491 397 342 710 985 360 
242 168 369 901 555 791 909 166 131 637 53 200 153 426 888 191 525 
591 518 994 954 420 259 132 5 316 893 968 
943 790 46 650 503 395 4 848 491 52 756 206 634 929 34 188 550 215 191 589 216 24 864 1 676 776 673 307 
646 255 660 222 520 94 740 364 612 434 317 853 264 300 864 
135 216 294 522 316 491 280 795 607 351 353 164 27 125 235 252 825 80 699 818 63 624 108 636 575 970 169 961 364 4 506 707 55 985 376 723 995 
171 417 800 810 839 961 319 5 662 452 825 14 973 130 834 704 126 404 701 897 348 785 565 690 995 
696 711 657 948 435 821 453 117 422 611 449 961 570 723 361 691 505 387 131 129 328 391 954 973 187 869 
432 193 988 818 678 436 18 594 945 137 873 8 315 
281 276 921 481 254 100 991 639 602 222 885 73 147 186 895 992 221 
33 145 10 959 440 288 530 376 432 670 143 661 911 496 283 653 384 184 869 840 532 378 898 649 
374 921 535 6 240 852 303 117 514 268 
575 770 868 952 685 345 459 607 161 617 
735 241 771 376 600 316 937 802 670 334 825 565 364 869 301 
653 869 836 571 610 878 710 298 81 603 248 292 592 559 217 615 702 770 593 
