1000 9766 0
18 325 349 499 550 683 869 954 7 49 85 114 186 196 197 215 243 474 606 715 792 842 890 891 903 926 943 970 
214 639 958 96 320 500 716 737 898 944 991 
27 126 164 441 716 890 268 315 362 368 480 531 615 650 681 689 726 727 756 857 
54 120 477 521 542 822 200 248 288 341 357 539 607 646 702 735 737 821 864 992 
10 33 49 77 187 239 268 288 359 382 664 856 897 976 43 70 76 162 177 220 280 293 294 298 326 346 348 378 379 386 397 471 479 504 598 679 684 701 715 733 737 749 757 814 875 915 978 999 
159 416 893 52 61 235 308 514 543 550 796 864 
358 486 595 680 776 867 1 70 102 186 222 238 329 673 786 812 821 887 
55 487 531 636 744 52 57 145 275 339 395 512 521 573 682 748 839 864 969 
89 147 370 501 585 589 592 622 810 839 961 26 124 190 205 234 236 246 268 282 354 358 399 413 491 603 613 657 667 713 717 734 783 887 900 909 940 
5 33 77 124 288 407 415 530 856 884 897 976 13 14 37 43 52 54 151 185 270 294 471 489 501 508 592 612 615 644 666 732 744 751 831 853 859 862 
270 579 663 137 279 324 351 387 471 545 882 
64 94 201 398 47 56 223 247 268 404 489 559 848 901 927 
62 276 287 321 368 477 730 777 10 34 89 379 407 419 467 575 597 606 623 624 637 687 702 735 804 812 847 870 981 
399 550 722 968 10 81 227 293 329 422 467 532 661 675 921 
29 139 169 245 624 765 805 72 83 225 400 417 522 589 612 615 635 639 702 709 732 791 898 904 991 
125 156 291 823 119 232 292 408 452 550 560 702 750 780 
70 83 354 869 44 125 400 601 825 891 898 
1 70 83 170 235 339 524 737 833 1000 33 79 114 119 120 131 186 205 211 260 302 392 528 544 560 604 623 639 650 682 718 719 859 986 
30 516 621 55 115 324 351 378 492 529 
670 755 922 185 246 299 304 400 435 677 796 
351 435 756 812 128 226 378 757 798 864 904 
133 404 471 573 708 732 823 983 40 114 149 228 237 266 351 421 448 464 564 577 649 686 687 716 766 808 973 984 
64 580 581 620 785 935 89 145 259 380 483 591 603 622 639 677 690 704 873 969 
241 284 360 414 700 735 747 804 29 100 114 131 153 158 168 211 219 237 320 531 554 569 574 628 798 812 839 945 996 
142 565 889 84 238 319 508 665 692 840 996 
248 435 522 607 696 846 850 948 991 9 87 89 107 185 196 349 360 361 404 473 482 514 581 646 676 684 802 827 862 870 886 892 938 
3 211 445 465 754 977 85 135 139 229 396 409 430 532 572 611 697 809 848 897 
30 68 478 325 594 629 646 705 846 996 
15 108 139 245 446 475 805 24 66 216 348 425 437 550 581 620 637 676 713 794 821 885 969 983 
28 19 134 632 712 774 137 147 200 225 269 328 350 361 391 520 535 580 878 895 
209 290 306 518 903 40 55 183 247 300 365 379 433 610 624 750 800 847 849 
316 507 753 812 993 77 103 368 370 373 431 474 517 612 622 663 665 695 957 
10 5 145 355 415 530 616 664 897 916 959 973 18 89 148 185 199 220 248 294 314 321 409 459 508 549 585 590 604 643 702 709 749 781 810 833 857 864 939 965 981 
232 501 936 13 113 287 500 582 648 675 812 
207 646 806 819 187 300 354 402 433 442 485 758 901 984 
358 464 792 99 425 459 478 816 879 897 
159 367 416 433 689 703 849 862 942 10 59 145 168 192 228 257 349 387 462 556 620 649 682 745 806 872 916 921 939 973 
67 147 859 885 122 184 294 299 329 514 574 725 971 996 
386 394 491 293 370 377 521 591 603 606 636 818 983 
326 375 422 431 470 539 605 662 873 22 31 125 170 293 338 355 400 459 465 495 518 567 581 842 893 908 949 954 961 965 
108 766 805 67 78 225 272 416 537 586 785 818 876 
206 427 438 544 670 228 277 477 501 507 548 565 598 617 653 687 688 754 899 
319 370 965 5 10 53 191 365 430 869 
58 918 930 17 151 166 174 187 239 539 
323 678 777 907 952 202 235 256 344 386 452 574 591 603 684 697 873 900 965 
477 481 583 788 139 185 219 316 391 449 474 762 778 829 856 
246 256 536 658 927 12 66 122 145 238 368 516 550 616 623 651 702 767 980 
441 909 947 981 244 555 588 604 734 881 968 
5 145 181 187 1 159 175 388 399 471 512 603 639 729 780 855 
338 835 966 119 232 341 636 666 772 845 862 917 
164 261 293 393 455 562 615 653 827 971 
317 384 408 479 516 613 783 901 926 969 8 6 10 64 131 143 156 185 217 271 292 309 332 336 437 459 535 544 552 615 669 771 873 919 968 
177 209 345 559 43 312 320 602 706 788 859 
4 272 305 327 334 400 426 503 565 650 782 790 848 952 10 60 71 121 141 171 202 257 284 285 315 318 328 382 402 412 431 457 465 526 561 575 597 634 679 692 707 737 787 805 812 834 864 885 976 
8 300 617 681 827 845 31 19 135 173 245 284 383 391 406 712 797 819 869 900 908 
271 324 911 12 320 335 361 482 531 578 754 814 973 
584 589 733 772 839 842 878 965 8 114 134 227 277 292 309 358 404 489 613 615 682 807 841 883 929 930 987 
44 188 466 573 324 581 700 754 786 801 803 898 914 957 971 
82 111 257 362 383 579 582 587 837 37 74 129 137 185 470 478 619 629 708 711 722 817 869 921 934 976 993 
180 404 406 508 534 670 809 922 54 64 135 193 207 233 241 264 469 513 520 617 661 754 791 831 832 909 965 984 999 
210 324 513 791 6 74 152 233 242 380 562 681 684 805 848 
13 136 342 103 123 156 291 314 392 684 844 915 
116 127 235 552 577 748 836 929 74 100 120 130 228 284 300 302 352 410 446 455 467 489 630 693 818 882 989 
12 23 76 94 160 527 540 653 751 778 934 60 52 96 149 180 185 257 278 368 395 458 500 521 639 713 736 746 814 816 899 903 912 921 925 931 981 995 
313 471 840 169 268 359 360 382 470 529 634 989 
107 196 423 489 702 47 29 94 137 378 592 655 696 773 811 833 923 956 
38 171 259 562 622 630 839 878 965 41 106 108 217 255 293 312 318 362 374 377 495 506 542 559 598 793 806 812 833 854 864 978 984 
28 479 682 901 70 114 328 416 422 423 562 577 628 859 936 947 
150 639 687 329 419 521 539 546 549 570 843 
18 17 83 158 174 349 378 495 580 676 869 888 935 954 68 7 5 84 91 187 188 247 249 268 319 369 391 480 503 507 517 521 535 630 644 660 664 703 744 754 832 916 939 980 
148 617 744 54 256 278 287 378 410 714 973 
311 350 603 735 15 146 491 516 563 745 899 
532 563 876 316 333 617 691 723 818 852 
337 342 741 883 943 61 63 59 147 157 264 289 464 794 806 856 867 888 964 
498 606 658 974 339 509 510 629 643 676 713 804 823 862 872 948 
64 495 581 637 737 888 5 131 145 163 213 241 246 321 382 404 569 664 857 945 950 958 
10 5 145 440 443 910 32 111 169 269 270 316 356 632 714 787 880 899 935 958 
360 735 747 41 190 256 379 485 622 778 783 865 
191 320 546 574 723 18 151 184 209 250 324 422 676 747 806 961 963 969 
196 835 966 105 210 265 305 705 740 754 784 878 
615 745 946 14 119 185 326 419 478 543 845 925 935 
59 111 383 724 142 230 316 388 798 877 879 918 952 958 964 
18 70 17 157 348 378 866 15 104 178 214 313 351 431 465 467 497 523 672 686 786 800 819 952 974 
91 315 408 472 556 759 25 70 150 284 350 387 484 644 674 784 823 911 962 980 991 
272 477 788 27 1 91 209 234 336 702 969 
234 274 704 767 791 99 107 241 256 426 440 447 505 517 546 774 869 901 995 
236 260 545 647 685 26 134 137 211 217 238 449 458 708 723 739 808 841 849 
569 617 636 445 463 492 596 605 606 626 641 706 
9 232 726 761 839 961 23 13 26 33 139 146 260 383 395 533 560 614 785 834 904 993 
501 623 961 111 164 218 407 409 449 658 745 787 824 
84 168 250 317 460 613 661 682 783 900 70 85 95 200 236 271 320 321 347 391 488 499 605 612 735 770 794 795 856 876 905 935 967 991 
114 293 644 909 149 223 377 419 481 554 623 725 808 897 987 
115 308 603 172 327 534 570 594 636 681 
64 12 157 325 332 339 442 495 540 610 796 869 66 139 190 236 241 271 286 291 294 313 324 345 352 426 438 485 619 622 629 682 712 713 718 766 781 837 878 895 930 980 983 
391 393 449 958 91 141 285 531 623 710 735 748 763 961 983 
249 546 681 2 64 173 175 185 213 274 354 526 
641 644 754 786 977 186 287 288 313 316 340 536 565 589 650 982 996 
335 789 869 271 317 392 452 508 619 687 840 896 969 
123 178 231 297 413 487 515 569 681 794 827 834 36 86 119 180 313 315 354 387 400 426 455 474 498 514 550 560 678 732 739 754 814 836 837 848 878 955 984 997 
121 362 390 409 714 24 63 231 377 484 623 631 641 646 661 874 893 935 
107 489 966 180 362 498 556 693 709 737 923 
293 716 786 7 246 320 503 567 748 769 877 899 
567 594 631 684 933 949 32 62 138 171 300 303 422 574 705 728 744 886 
603 734 735 747 83 218 239 277 429 478 909 
317 638 675 80 159 436 531 588 594 620 773 873 
192 352 973 996 67 162 294 335 570 605 691 789 839 946 
66 101 835 86 26 138 246 285 535 561 601 887 
29 41 169 329 341 430 446 765 908 67 147 274 279 293 385 392 410 422 423 467 472 489 627 675 703 735 739 769 910 916 
125 364 823 983 149 301 366 399 597 812 903 
452 727 901 142 197 331 518 610 835 923 
59 82 218 257 333 362 690 775 837 896 77 90 119 156 160 234 262 352 368 404 410 440 459 472 669 682 688 737 739 764 767 786 809 831 973 990 
137 514 552 114 161 164 360 731 827 996 
246 383 568 34 212 359 477 539 784 840 852 943 
92 126 155 293 379 510 779 894 947 1 22 24 112 57 68 18 233 321 412 432 436 477 497 578 588 607 619 673 770 856 868 902 930 
93 241 360 484 747 931 19 136 144 149 168 518 570 752 789 853 926 
63 580 673 511 521 538 545 617 742 883 
184 402 419 725 963 174 176 212 304 533 571 580 633 649 727 753 791 893 948 
703 743 849 233 280 427 646 670 819 891 1000 
150 292 340 492 567 631 672 769 949 16 18 99 50 111 81 134 158 159 170 234 250 271 333 491 517 519 590 628 640 827 917 950 957 
4 146 161 254 266 282 565 650 939 18 63 153 184 243 267 284 348 360 512 528 561 568 580 612 623 670 676 716 719 739 778 873 957 
100 606 955 54 191 267 396 650 745 973 976 
141 527 904 935 1000 47 38 324 326 379 465 482 533 575 772 864 973 
99 794 892 62 187 387 536 678 849 961 
10 145 910 9 301 335 491 585 655 943 980 
109 16 156 180 404 528 740 922 930 17 40 228 247 260 284 288 550 597 605 637 654 680 709 786 833 847 921 923 
114 3 428 441 754 985 209 213 331 349 461 495 539 589 611 676 684 694 822 895 969 989 
63 157 199 308 368 431 606 641 742 843 
392 425 539 21 167 241 361 384 476 544 708 709 
289 306 480 680 59 242 390 550 726 735 878 
220 280 316 386 629 850 63 156 201 282 325 348 485 553 731 792 950 966 
163 167 286 410 716 754 757 814 891 894 945 52 18 24 76 150 156 205 289 369 406 448 463 501 507 577 579 606 634 649 751 772 804 805 903 949 951 961 970 
581 676 836 194 209 225 250 254 355 490 743 889 899 
22 403 573 755 241 362 408 467 831 967 975 
30 455 950 969 57 119 87 322 350 390 419 446 572 622 
138 269 316 629 27 55 60 144 271 376 613 740 836 845 
62 176 542 115 248 467 564 587 701 817 893 942 977 
112 235 550 577 580 620 722 778 836 954 30 59 66 87 11 239 270 275 358 369 422 426 510 629 650 670 687 719 771 822 824 857 959 980 997 
135 491 899 107 103 171 211 237 558 591 919 949 977 
29 15 329 446 707 805 46 27 89 94 255 259 348 418 428 489 705 899 944 968 
167 779 832 153 385 419 467 618 666 844 
122 235 737 833 929 95 54 222 481 522 640 657 856 926 950 962 965 
25 146 808 110 82 273 313 349 527 530 545 737 919 
326 385 467 873 52 320 338 454 479 698 758 765 817 945 
252 259 490 585 695 885 992 115 135 199 229 260 304 337 345 364 375 392 429 531 563 709 778 884 939 
33 49 124 77 243 440 553 557 664 856 973 996 37 23 47 8 76 174 284 300 358 375 408 448 534 540 573 604 611 638 651 671 678 696 728 773 786 792 807 881 991 993 
142 120 272 426 989 72 89 149 259 381 432 594 621 679 709 827 849 
9 38 412 434 517 562 761 30 74 108 169 239 287 340 371 394 456 607 644 696 712 732 767 874 913 
71 166 744 33 313 391 408 559 656 853 
177 209 234 274 424 513 615 791 857 902 923 988 146 109 92 64 22 115 172 194 216 264 299 356 487 506 541 581 620 631 676 681 712 723 741 782 810 921 926 977 
119 69 194 219 631 651 656 131 84 164 246 349 381 400 465 552 597 616 647 689 876 906 937 945 
430 572 624 908 79 10 44 272 275 399 546 623 737 869 947 
221 849 862 61 157 336 447 539 576 873 
181 407 816 140 120 24 506 576 603 607 709 835 
179 648 782 848 932 237 277 319 422 573 607 758 771 891 901 918 972 
114 293 299 977 317 534 544 615 758 926 940 
125 16 206 291 295 404 738 823 922 111 130 62 131 52 159 220 294 301 324 339 361 426 565 719 737 903 995 
127 94 83 550 152 74 284 287 404 407 490 600 615 926 
70 201 552 580 836 905 929 119 24 159 212 223 281 305 356 517 607 642 656 709 773 775 819 924 963 998 
6 37 224 343 416 433 654 703 739 849 862 893 105 49 156 119 158 176 199 201 220 360 373 392 441 465 560 595 711 727 732 734 782 786 816 873 940 965 969 993 
64 348 869 888 111 163 179 233 479 801 900 
120 272 368 112 165 211 663 669 694 849 
449 594 949 5 106 348 427 501 696 719 865 914 
131 279 405 474 525 716 807 160 76 169 187 209 216 267 382 435 526 546 648 742 788 847 943 971 
51 3 211 474 482 547 814 891 150 112 90 184 191 199 239 469 477 584 610 700 724 735 819 842 863 864 869 932 935 
595 791 994 161 172 327 383 565 644 805 
148 681 723 44 357 452 554 593 685 775 
140 131 279 410 716 754 909 128 181 215 305 348 530 552 622 639 704 756 806 813 823 873 960 991 
91 377 483 570 638 675 727 742 950 24 115 37 179 180 231 237 246 340 404 416 475 572 603 662 701 708 716 760 820 842 886 927 
15 108 766 908 163 65 147 77 216 299 413 467 576 823 
18 637 676 888 119 40 190 242 265 266 304 476 565 689 831 948 
67 208 370 847 859 885 965 103 138 54 219 235 454 476 530 538 581 617 642 650 716 874 914 921 973 996 
300 681 744 93 165 149 312 551 607 825 921 967 
511 585 965 96 55 260 349 479 516 758 876 894 
70 339 378 608 938 968 982 117 44 145 194 463 500 521 587 631 636 682 821 858 864 901 922 963 990 996 
325 620 653 96 49 251 286 319 368 523 687 884 
136 576 650 782 820 117 159 293 382 386 394 646 664 736 769 785 935 
53 149 902 5 499 521 646 677 699 810 875 930 
99 546 827 83 235 273 362 418 456 576 603 658 969 
154 576 721 168 160 551 660 807 809 828 
125 60 427 466 506 544 670 732 922 983 99 64 101 168 183 240 268 282 298 325 350 472 545 585 594 701 702 705 725 761 852 907 923 952 
49 153 382 664 976 167 198 526 709 750 817 917 929 982 
435 491 607 875 195 246 337 570 573 679 890 
222 526 588 660 763 819 868 180 31 224 241 260 428 476 514 549 550 578 663 680 722 737 815 903 911 
117 185 203 277 402 485 532 701 725 79 120 164 38 186 244 252 332 351 411 440 457 486 539 549 604 646 760 848 849 973 
184 203 247 277 419 563 698 701 719 963 967 10 52 33 46 96 59 64 20 26 81 223 227 334 367 416 500 569 570 617 621 750 756 768 921 965 990 
224 942 980 7 184 1 97 18 403 582 966 972 999 
49 5 239 268 352 659 801 897 35 123 70 163 44 203 224 230 237 422 452 456 515 551 554 600 658 696 752 786 956 
58 206 404 506 670 708 70 247 271 349 350 650 693 705 791 812 839 873 901 937 
506 740 879 426 565 637 754 855 881 884 919 
223 272 281 521 667 883 170 94 78 9 291 487 517 545 710 745 886 905 
79 229 231 301 681 164 43 121 248 339 441 653 664 752 782 911 965 
106 352 910 37 453 565 590 653 780 782 
306 450 745 764 902 60 330 553 566 610 696 737 802 805 807 898 917 985 
150 336 449 631 149 132 174 239 358 620 745 819 821 867 
587 773 955 182 450 522 534 747 761 943 979 980 
80 66 344 489 668 699 835 26 1 293 341 360 481 610 615 618 644 830 838 905 906 938 946 950 964 
641 852 887 891 110 1 247 272 307 349 497 655 943 991 
486 704 960 181 211 366 552 579 641 739 
127 283 325 349 354 459 694 144 164 159 33 239 248 294 295 298 394 477 481 657 733 760 923 969 
346 357 467 561 599 669 818 873 30 4 91 219 298 306 380 465 475 526 651 706 784 814 856 869 918 962 982 
12 158 283 398 399 796 968 159 130 248 307 343 370 465 466 498 561 589 639 684 712 829 909 939 
422 451 886 54 45 358 362 427 550 593 837 916 
185 184 277 485 698 701 187 210 241 254 259 325 373 505 651 681 696 709 832 840 913 938 985 
355 616 856 230 277 479 562 689 719 803 847 950 
590 747 804 917 18 9 131 231 567 581 609 781 832 935 954 
156 188 42 506 922 229 290 338 369 477 511 519 542 603 639 683 744 
35 526 646 60 214 258 317 431 680 875 994 
171 695 878 477 502 503 803 811 855 971 
53 149 31 234 271 345 418 450 615 764 79 163 126 85 132 223 228 254 280 386 541 597 691 716 772 799 805 809 872 879 899 922 979 
61 518 984 80 203 265 477 508 605 639 761 901 975 
27 164 293 379 474 641 757 786 807 894 981 161 138 24 87 18 198 259 329 404 418 443 543 574 606 628 666 674 681 721 744 791 854 859 892 901 920 955 990 
422 467 494 543 117 158 113 278 370 472 550 552 653 698 839 928 
654 862 942 96 126 76 451 615 658 673 866 
2 336 651 207 83 487 569 675 802 818 993 
387 679 752 828 167 1 446 501 600 670 694 762 881 884 
469 541 629 169 149 29 163 235 404 506 840 841 930 
271 274 324 432 591 911 67 87 52 350 369 421 426 524 548 623 825 896 922 930 937 951 
111 257 380 498 692 955 90 104 263 317 392 422 431 479 605 639 679 782 821 865 925 
150 631 769 24 171 200 46 288 422 467 621 747 
130 507 607 753 854 899 993 5 159 33 156 246 259 434 447 471 535 631 806 808 870 883 970 976 
152 502 689 281 417 431 435 814 897 941 
183 411 588 736 806 819 141 7 250 273 355 468 567 603 655 791 858 932 955 964 
190 576 921 158 92 209 12 185 366 849 862 966 
159 186 343 502 703 849 871 893 187 183 245 250 308 366 370 378 468 501 565 597 681 718 747 755 777 794 807 986 
268 352 439 973 41 15 132 30 306 390 731 787 791 810 891 
752 864 877 882 21 339 442 551 617 661 725 764 770 812 866 
313 466 508 858 14 57 185 491 735 799 812 818 834 888 896 
229 300 574 617 681 744 794 42 37 209 63 22 125 269 271 323 516 586 670 753 757 823 913 958 981 
228 191 231 531 744 831 144 27 206 275 338 370 391 467 518 567 754 770 848 876 943 
422 539 545 640 746 895 187 82 204 430 491 508 570 595 597 694 695 729 824 872 880 899 935 
229 191 99 569 574 794 831 205 100 168 356 400 503 535 697 719 742 756 757 825 843 873 891 945 986 
89 34 512 635 652 847 965 992 50 16 277 342 362 372 381 465 471 472 510 607 633 637 646 678 773 864 899 934 
297 569 834 845 114 60 118 61 160 495 509 553 726 849 993 
209 86 149 285 480 518 728 745 776 903 911 960 85 111 9 119 352 361 396 400 503 541 555 573 606 609 616 679 693 694 696 708 731 773 794 841 845 852 862 885 897 944 948 
141 18 137 63 325 378 398 550 620 627 817 934 968 6 171 45 216 178 242 344 391 408 443 474 484 521 526 530 565 670 680 707 713 731 752 793 832 889 911 946 956 966 979 981 983 988 
87 422 539 9 94 91 263 320 621 697 922 943 
273 319 420 512 622 623 643 810 842 859 906 936 961 24 187 168 22 154 138 241 253 368 391 454 468 521 530 575 581 588 603 644 653 656 673 688 779 786 850 881 896 910 952 982 985 986 
412 726 906 7 47 25 87 275 450 603 638 831 
5 187 263 382 104 164 44 199 194 137 147 303 576 757 871 923 
260 467 539 873 941 180 280 364 376 405 416 426 448 492 682 703 925 
24 115 308 360 365 376 484 590 734 735 804 999 203 133 76 86 237 183 128 94 60 340 359 366 463 495 526 531 600 632 644 650 701 713 767 783 818 845 882 940 971 983 
742 900 926 950 969 129 235 61 170 387 400 444 612 650 687 791 839 
145 415 801 120 1 338 368 581 585 663 805 
400 426 951 184 48 332 738 869 872 898 
15 29 707 224 55 372 381 490 507 773 780 
113 47 270 361 380 781 896 919 20 220 182 168 150 76 9 107 102 395 531 595 607 623 682 684 739 742 808 817 833 
185 277 419 485 701 706 725 70 125 31 188 12 197 274 552 588 607 611 673 676 786 908 947 950 971 982 
26 351 469 523 541 711 750 821 201 136 4 199 191 33 270 335 342 514 553 601 622 665 710 737 807 921 971 
96 681 831 70 505 520 618 673 867 934 
91 478 479 570 586 642 900 119 132 79 222 224 319 352 361 424 652 678 703 728 805 823 832 946 958 976 
491 875 948 991 175 431 514 578 704 818 839 872 922 926 
144 548 562 184 254 274 332 828 959 990 
465 757 981 237 284 368 422 438 451 650 710 805 
120 368 395 400 447 535 820 939 943 995 132 209 203 252 257 259 264 283 355 525 552 581 594 607 631 658 696 701 709 710 864 869 893 905 980 
646 710 736 67 139 307 318 687 729 953 982 
47 362 380 896 78 45 71 86 408 461 486 617 801 932 993 
111 59 218 362 606 773 775 64 54 37 254 375 382 408 531 546 576 598 678 680 686 697 959 969 
426 521 705 921 207 353 443 464 526 744 764 786 815 867 930 
67 144 370 600 810 878 961 965 139 203 23 146 254 211 220 422 446 467 486 569 591 636 646 670 740 766 943 958 
87 240 385 470 612 662 802 873 144 125 89 18 183 173 311 350 372 477 488 518 577 592 607 657 676 804 878 896 961 
51 299 525 360 524 607 624 676 722 750 926 
315 634 987 111 391 453 609 676 932 989 
239 330 925 236 218 314 611 646 756 917 955 987 
286 293 473 482 254 149 60 74 368 625 725 896 927 989 
597 709 828 170 210 80 299 492 673 675 697 943 996 
120 426 822 22 170 320 621 680 725 786 846 973 
392 451 647 120 163 121 660 744 823 881 
5 187 225 443 476 801 959 180 9 70 65 12 3 345 346 350 464 546 573 615 793 819 829 949 
135 435 991 77 228 30 430 675 766 965 
246 11 296 690 77 137 10 248 467 501 527 620 873 900 928 
217 209 56 424 496 500 509 529 601 615 619 984 91 228 98 94 52 119 135 188 293 300 310 313 333 344 351 425 514 525 553 652 673 718 755 760 774 872 885 889 982 
161 85 54 146 190 481 576 688 705 197 41 151 277 288 300 319 336 387 410 416 449 461 512 518 536 708 720 725 763 800 810 
237 370 847 961 178 142 222 297 305 805 844 
149 86 217 285 518 729 791 813 247 96 252 108 310 385 404 435 503 520 561 623 709 743 827 830 889 943 955 959 
391 594 958 8 229 151 238 137 412 420 433 630 987 
13 400 883 277 285 506 712 858 874 916 
184 185 247 203 402 419 532 698 701 719 876 967 276 232 272 42 154 204 104 57 324 349 360 378 379 408 422 424 452 462 489 498 567 590 632 641 650 666 745 958 
448 491 696 64 212 71 382 480 542 546 813 
167 163 644 108 11 461 550 693 715 828 
130 294 316 5 209 118 240 338 495 510 576 653 967 
190 808 921 943 158 221 324 349 467 479 518 552 645 868 940 
120 374 503 130 180 9 296 339 836 929 
201 199 495 550 254 298 392 415 483 529 603 710 820 933 974 
24 360 365 376 603 735 145 55 253 84 63 157 125 54 120 320 361 467 712 739 812 844 
274 234 358 559 615 649 745 946 984 95 54 276 107 322 327 373 491 519 539 612 645 696 709 720 744 773 798 896 913 992 
264 131 520 913 175 94 308 425 435 457 503 521 615 638 668 
13 468 503 535 565 705 825 157 147 97 71 34 301 328 363 377 406 407 442 518 577 612 643 791 908 970 
10 5 884 976 272 97 125 4 219 371 691 692 930 948 989 
129 855 903 74 131 495 638 951 999 1000 
31 867 960 206 488 623 756 816 836 905 1000 
156 16 858 94 190 62 355 495 592 751 
119 567 594 631 639 666 672 687 52 16 57 335 363 365 407 459 483 587 692 717 812 816 960 961 966 973 989 
102 155 114 264 51 211 92 473 510 520 985 196 108 271 5 67 176 14 39 40 336 378 390 398 404 477 478 500 550 560 567 661 722 727 743 849 863 869 930 
280 463 469 607 657 750 756 846 94 5 106 38 199 156 33 10 356 455 500 549 581 582 673 784 865 873 965 
156 740 920 970 199 320 324 336 442 491 499 694 973 991 
270 454 692 282 325 516 555 763 825 866 939 979 
99 233 301 531 815 273 303 383 422 486 495 653 660 664 765 828 859 865 875 
548 800 906 961 199 180 5 200 283 352 524 698 797 857 949 984 
155 261 410 465 716 786 169 38 20 149 265 377 435 469 546 580 608 676 827 888 895 964 
228 55 172 531 569 103 145 63 272 271 31 35 929 995 
191 297 827 841 109 124 156 287 471 510 552 607 693 707 851 992 
351 463 491 63 18 383 451 537 574 673 
658 781 955 297 239 103 441 676 688 786 792 849 926 
441 465 977 117 144 20 170 478 500 661 729 
54 678 793 273 158 167 80 338 612 902 
31 193 129 324 418 615 680 767 200 225 319 366 400 401 443 467 479 504 552 554 561 578 670 696 871 901 927 943 
639 684 933 958 255 201 197 325 545 553 579 718 752 764 812 912 
241 93 360 437 760 804 931 286 6 224 127 315 380 465 496 525 611 646 793 847 859 863 925 964 971 
337 468 583 57 52 351 580 605 786 873 970 
835 853 881 271 274 370 439 730 735 749 813 839 
72 735 771 260 344 390 568 658 740 888 
340 449 639 53 67 172 503 538 901 924 
65 227 508 840 148 97 142 99 94 271 83 513 945 946 
607 756 875 915 263 62 33 481 508 639 894 
262 84 363 452 632 926 99 54 308 3 334 350 494 577 665 761 841 956 
130 32 135 280 453 491 750 812 991 73 82 77 97 46 364 383 450 452 492 538 564 574 575 604 625 703 754 764 791 836 878 984 
52 105 91 478 516 554 926 950 969 98 155 218 207 323 368 376 404 445 499 506 507 514 606 620 639 732 752 755 819 953 958 
546 681 827 892 255 67 54 620 791 833 895 900 932 937 965 975 
237 43 417 501 589 600 643 726 885 979 70 154 25 306 272 175 250 378 426 459 471 489 518 546 554 557 580 597 703 714 719 823 830 926 973 991 
79 531 546 574 681 723 744 794 815 834 860 892 91 143 284 102 295 53 2 56 24 266 236 332 339 355 402 482 496 539 556 566 590 678 709 718 819 874 878 926 927 
13 784 843 91 114 33 76 375 471 627 723 855 996 
827 841 845 285 134 599 670 689 699 765 784 909 
45 395 521 228 317 410 441 586 677 727 896 
217 56 61 306 745 813 867 903 923 957 960 277 79 19 122 156 58 295 94 281 11 339 370 380 400 407 524 528 575 580 614 632 674 709 842 893 969 
235 94 175 199 1 348 778 836 971 296 130 28 203 180 307 421 493 506 565 583 594 643 680 692 712 731 755 853 921 945 950 955 963 
40 143 346 392 685 693 5 81 122 351 437 552 568 573 574 581 664 703 791 863 868 869 971 
54 458 889 943 165 93 285 484 550 579 722 871 929 965 
489 835 872 881 966 68 54 30 287 349 352 534 629 644 757 961 1000 
108 139 397 430 624 38 211 69 7 14 382 400 682 698 790 888 905 972 
263 382 897 193 373 384 483 518 632 735 806 950 
421 618 709 110 126 517 817 879 893 919 
94 737 778 52 320 252 184 244 417 486 
111 361 724 271 119 73 441 654 796 969 
54 477 939 315 185 343 382 767 864 878 
98 399 552 124 56 106 292 248 351 408 503 841 
214 194 567 594 687 975 85 152 52 293 272 295 379 387 441 453 473 518 580 601 714 806 
74 309 521 943 952 182 144 363 410 462 510 537 566 815 868 906 948 1000 
50 614 702 966 972 143 243 40 305 206 280 229 419 705 733 894 
174 94 18 349 495 580 581 971 320 226 8 324 191 75 156 282 361 489 491 494 521 531 600 623 632 706 717 958 965 
312 119 449 567 594 168 147 241 97 368 503 506 644 744 770 782 818 837 844 
108 397 475 624 805 4 196 50 487 642 645 664 807 819 841 938 969 973 
74 62 477 650 248 232 406 461 627 649 945 
224 159 893 201 334 361 425 426 489 752 806 825 
196 489 668 45 311 271 235 541 640 749 837 864 922 
209 53 464 988 268 94 144 568 569 658 709 777 804 837 842 856 
326 200 873 895 268 5 397 419 423 495 588 670 837 850 913 971 
588 718 806 91 422 541 566 577 650 849 885 933 944 
325 83 160 550 653 673 29 120 5 167 130 139 162 360 366 391 531 569 657 668 766 895 988 
70 199 339 1 514 581 610 627 673 796 811 833 836 888 328 126 281 150 197 142 188 173 277 37 26 360 393 407 432 465 478 503 582 589 614 631 632 678 684 690 699 713 716 834 835 873 909 910 930 
72 360 376 747 771 804 260 315 84 188 30 134 217 180 268 368 396 407 508 547 564 565 806 
302 248 21 463 507 523 629 795 812 899 991 309 326 335 11 22 271 83 19 184 360 362 407 540 569 613 673 685 716 745 764 888 934 961 984 985 992 
192 187 225 106 407 973 111 298 328 63 250 234 94 358 365 417 457 562 686 697 714 872 941 
435 533 711 915 991 258 357 361 455 499 615 655 702 726 788 807 888 
17 199 627 35 99 9 96 449 750 949 
204 33 593 856 132 222 291 320 40 254 427 473 506 669 813 
472 682 712 969 77 149 231 158 294 421 441 786 807 893 917 984 
200 545 612 802 353 166 4 400 512 603 681 689 777 791 838 885 
285 36 7 424 464 625 686 729 903 57 137 352 145 194 202 9 369 371 483 502 570 577 732 807 830 837 909 1000 
5 593 925 113 65 241 573 574 606 958 964 965 
24 78 284 115 350 241 308 437 735 760 804 112 26 65 348 159 261 349 196 120 277 351 410 419 434 471 489 518 629 716 745 755 763 799 830 834 856 864 876 
333 246 383 498 519 829 974 56 26 339 250 128 30 156 343 284 234 353 441 514 521 541 615 817 969 998 
256 111 257 100 59 611 724 898 351 133 101 232 178 202 67 3 480 503 553 564 575 629 757 786 869 899 934 
315 366 516 292 337 287 412 625 658 747 904 939 
109 373 670 740 840 863 970 316 240 144 395 408 424 620 630 681 706 709 736 772 919 952 968 969 994 
284 241 760 31 43 292 352 384 580 658 893 966 
363 369 613 621 638 642 675 742 969 223 224 348 306 241 198 109 399 538 543 569 639 686 695 752 823 825 841 918 945 973 
37 849 980 185 510 607 622 653 673 860 869 970 
161 13 254 374 400 477 535 565 650 678 688 731 820 921 989 111 64 243 127 237 253 3 317 350 340 47 175 264 32 370 399 403 435 470 472 552 592 607 631 663 703 718 778 819 873 887 908 
366 377 384 472 549 642 727 137 217 131 206 70 358 419 492 524 536 545 561 577 685 689 848 869 991 
9 171 43 273 259 420 512 623 643 859 885 979 201 368 229 310 324 32 39 212 224 387 415 488 536 551 572 631 740 765 865 873 881 892 896 916 943 970 985 1000 
514 524 869 954 1000 147 358 288 426 619 631 723 821 878 
491 523 696 245 232 260 407 556 613 633 943 
364 404 528 708 285 330 159 203 32 637 678 770 829 849 
282 368 691 67 588 759 902 912 966 985 
40 612 685 321 145 144 257 377 460 509 518 575 723 
350 241 284 461 603 747 240 135 317 565 796 798 811 833 851 859 873 968 
369 168 462 516 549 613 926 287 67 375 299 92 39 100 404 439 514 518 537 612 786 824 848 892 
235 70 83 174 580 637 737 833 861 66 71 19 319 5 224 293 277 21 391 397 453 498 583 591 600 659 660 661 797 903 
114 211 441 754 786 894 31 122 5 78 336 277 13 404 485 505 683 839 851 886 943 991 
218 246 256 454 830 61 324 23 200 308 399 433 436 522 618 760 818 840 984 
416 654 703 849 862 232 245 146 150 447 469 489 532 648 705 797 830 864 973 
181 330 239 5 439 910 916 996 54 163 278 257 176 76 334 65 329 451 501 507 531 597 670 705 737 763 764 851 988 
113 59 82 361 456 775 896 974 89 316 55 165 297 302 463 549 550 696 718 782 832 841 865 873 887 940 971 994 
369 52 549 969 128 330 365 503 527 615 687 818 821 973 1000 
260 143 605 274 140 108 651 697 717 720 803 988 
130 39 753 5 176 209 45 471 748 903 
215 597 618 665 671 679 864 865 964 336 37 11 242 84 272 99 370 123 427 448 461 491 547 569 587 680 784 824 886 989 
478 632 645 49 82 404 442 575 607 840 
734 804 999 409 599 667 668 742 810 906 
100 409 504 519 919 311 134 129 293 225 401 494 595 642 737 788 878 926 943 
275 95 393 449 567 656 666 672 684 687 958 229 30 91 378 235 262 55 46 348 148 70 237 463 483 508 547 552 654 667 681 736 759 833 884 899 904 930 
267 326 128 422 494 669 685 62 144 108 98 218 159 283 18 602 743 824 826 833 880 888 891 965 984 
391 95 639 651 949 958 349 51 459 470 531 598 698 734 829 863 901 905 907 910 
39 629 991 176 199 147 410 426 439 528 599 747 
323 254 426 565 650 782 848 943 64 8 246 364 89 573 578 580 653 670 701 736 737 746 786 823 828 835 850 912 982 
521 741 921 943 234 350 27 121 584 744 747 809 821 892 948 
329 341 446 346 5 378 422 706 847 891 
12 201 235 673 293 410 504 532 541 624 646 813 939 989 
201 14 335 442 495 571 929 151 49 9 368 109 366 380 412 559 578 589 752 831 832 906 946 970 984 
368 254 54 276 244 565 715 784 799 808 824 939 943 989 324 150 20 231 329 40 357 99 242 306 17 234 15 422 456 504 643 646 671 742 748 781 805 845 910 915 922 949 968 970 983 991 996 
533 674 750 821 846 390 306 416 645 652 673 689 708 737 791 893 923 
117 277 184 485 532 706 54 320 35 506 526 547 578 585 681 693 735 741 971 973 
133 471 708 858 922 368 186 489 494 571 621 754 871 960 
188 373 60 125 22 156 471 508 528 573 670 732 755 377 379 26 111 157 12 293 317 76 211 216 168 57 274 388 424 541 542 602 637 651 685 736 748 794 831 891 899 952 954 993 
163 410 803 814 947 240 454 479 521 552 772 827 919 973 
60 544 749 55 287 131 342 608 617 714 865 924 954 
352 153 10 530 816 925 973 976 351 324 90 292 350 372 157 13 287 349 462 475 487 693 773 820 831 862 987 
52 84 516 555 675 682 712 950 16 364 257 148 256 335 145 235 277 133 438 491 583 664 721 788 810 967 972 975 
390 100 837 919 27 33 90 389 419 465 518 560 869 915 926 952 
405 131 299 167 520 547 677 891 945 272 111 63 360 323 337 398 71 394 108 463 499 577 630 639 837 839 872 
222 575 819 184 498 617 798 837 885 896 
147 238 490 628 630 839 842 961 114 363 399 275 54 423 458 463 508 526 542 551 552 565 670 701 791 869 889 900 955 
99 487 723 9 169 452 624 750 890 942 
24 735 917 490 552 670 710 723 835 851 
10 33 243 370 283 471 520 755 819 859 920 935 961 
6 159 37 381 893 240 401 41 185 168 272 68 661 670 859 968 981 
319 511 878 992 332 221 352 15 495 650 743 811 922 978 
306 209 619 625 923 946 984 139 211 178 448 473 538 548 662 736 770 778 782 818 842 865 882 897 
277 247 117 185 485 532 706 725 838 876 963 967 13 134 92 409 140 360 69 81 338 346 369 428 489 613 644 649 664 744 745 747 748 756 869 906 952 966 969 974 978 996 998 
237 370 878 275 569 581 599 611 677 738 786 
331 752 864 356 325 217 22 552 587 646 737 969 
40 392 236 202 212 230 431 545 612 693 802 956 259 253 108 297 103 219 400 277 347 79 154 14 68 137 397 218 187 477 489 646 681 707 725 881 909 911 922 979 
66 702 835 872 108 346 412 68 480 505 539 546 663 679 913 
149 358 271 791 250 404 277 364 552 811 888 
128 599 873 29 286 343 36 271 489 664 907 985 
146 395 258 244 266 54 481 688 997 86 99 156 319 94 189 240 217 343 137 371 394 580 660 703 856 884 909 946 949 970 981 990 
42 180 823 202 355 162 118 387 442 582 606 673 
126 913 937 419 139 183 524 851 869 954 
458 565 784 104 144 467 489 645 660 684 
108 151 329 766 269 230 27 43 529 617 688 730 733 789 863 
40 422 605 251 218 127 32 221 54 83 207 723 
217 551 633 680 114 349 146 491 624 860 982 
37 159 493 31 380 275 35 467 469 603 935 948 967 
147 600 878 220 360 438 791 794 907 951 
269 353 182 21 26 812 221 368 299 274 286 20 163 467 563 617 712 731 
709 864 865 380 105 114 477 482 747 765 842 
308 360 603 326 52 29 588 849 897 981 
42 471 506 253 408 434 94 750 804 905 
382 225 476 310 377 394 565 748 849 933 
145 77 476 593 897 973 86 184 111 472 621 622 631 716 733 760 839 900 918 983 
48 304 126 379 3 786 336 159 303 323 333 361 356 191 550 796 810 931 954 965 
399 94 457 673 697 861 295 427 226 388 35 287 500 569 715 738 745 864 878 897 920 949 991 
268 77 530 801 211 306 258 235 506 598 605 682 860 926 968 980 
679 709 713 242 497 602 723 790 799 926 
27 757 807 317 88 665 682 732 768 790 
397 139 29 108 624 766 63 259 215 134 467 600 730 731 733 735 807 837 
254 468 825 220 152 86 381 474 508 838 875 
278 607 629 812 899 131 418 387 240 145 22 460 645 741 755 810 958 987 
340 194 95 162 391 312 537 567 666 687 90 354 87 46 272 453 460 465 526 535 621 640 679 706 799 819 879 882 941 965 969 
209 193 615 728 195 238 316 525 588 594 634 684 781 862 999 
267 202 467 746 302 382 213 253 495 558 807 882 909 961 
315 110 682 969 16 166 277 187 98 45 413 316 546 618 664 
316 607 750 336 192 378 262 449 705 820 864 
380 296 568 611 143 237 405 171 523 564 740 784 849 943 969 
134 460 570 950 51 353 99 63 294 477 510 723 791 834 902 
383 579 773 187 400 178 147 532 786 860 991 
442 720 737 748 54 352 286 184 526 553 730 808 835 839 930 994 
429 327 952 64 412 87 531 613 728 768 819 961 
199 550 580 673 785 904 111 319 33 36 393 52 40 292 493 528 561 658 731 823 835 965 
91 455 712 901 375 448 449 489 580 605 735 
376 603 917 256 126 342 272 279 387 496 965 
377 634 950 987 277 37 407 337 522 546 623 684 686 858 916 939 
302 351 294 541 750 993 410 241 383 391 412 131 174 88 465 488 546 556 605 613 688 815 
36 358 345 595 728 764 268 22 74 258 521 594 617 716 802 808 870 885 888 972 
27 299 304 253 525 786 807 909 945 54 308 463 200 83 449 232 201 122 159 40 349 409 150 528 675 717 855 876 882 961 966 
58 227 180 670 201 517 555 639 678 896 938 
240 212 143 451 200 545 561 612 647 685 818 873 895 944 169 83 429 270 435 140 259 63 133 229 136 14 281 284 306 433 13 446 219 108 486 550 678 709 739 773 817 828 894 978 
447 309 287 731 793 952 224 237 222 489 567 589 637 657 682 910 957 
294 216 248 381 164 60 299 433 847 849 895 
40 260 605 59 368 65 393 507 565 848 986 995 
438 404 403 65 22 738 740 749 930 970 11 220 415 360 10 321 232 301 49 319 386 5 520 521 527 541 558 583 629 676 746 764 965 1000 
356 84 369 555 634 661 111 440 368 108 180 232 212 481 482 490 561 636 694 713 812 958 
293 264 852 336 26 355 418 508 710 861 
163 211 164 894 913 1 32 447 46 235 99 506 546 599 656 726 840 
29 341 805 200 407 168 571 620 688 861 965 
439 440 268 973 171 128 170 183 590 610 733 788 929 991 
13 334 46 4 368 85 342 503 565 730 924 953 114 422 199 293 436 206 113 260 455 208 210 42 164 528 680 704 738 762 764 768 779 780 785 789 817 836 946 955 982 998 
28 317 388 250 516 293 304 349 36 104 81 59 545 594 629 792 831 874 
68 52 250 516 556 632 900 969 281 173 218 160 5 306 405 204 143 495 496 502 503 538 633 789 814 819 864 868 979 
234 129 768 70 3 423 362 278 600 827 852 896 900 
272 46 426 542 777 472 196 314 141 199 92 594 600 647 772 781 960 
264 164 677 786 26 122 472 436 56 320 567 893 915 987 
168 549 645 798 969 330 283 391 358 23 292 528 662 678 836 919 981 
115 241 590 603 84 235 100 327 572 615 727 793 969 988 
203 247 184 402 419 725 78 35 130 379 94 503 638 640 678 722 755 805 969 991 
7 198 649 256 184 332 467 297 259 604 639 723 997 
413 8 99 744 149 190 341 407 214 494 503 606 654 709 869 989 
506 528 670 879 370 91 260 290 463 521 646 671 854 913 932 933 
344 196 101 328 66 538 614 699 702 835 872 914 966 422 339 343 319 419 425 429 63 277 12 360 108 10 460 139 403 57 381 468 548 589 706 718 772 794 795 805 808 818 843 912 932 936 
412 144 623 472 414 245 132 157 516 653 869 
278 302 316 39 138 182 372 251 629 657 940 993 227 408 9 387 119 124 339 72 230 432 295 285 582 603 678 681 725 763 775 817 870 878 888 911 929 936 943 965 
119 639 672 316 19 265 369 88 240 574 678 916 961 
433 849 893 325 459 561 717 744 752 779 946 
392 212 605 403 487 390 339 315 742 827 
94 283 70 76 399 339 524 620 673 676 888 67 126 297 417 241 289 233 479 280 291 451 346 40 516 646 661 682 687 708 729 766 826 882 897 906 977 978 
271 595 791 461 308 479 320 646 863 906 968 993 
531 617 723 83 197 444 114 702 754 857 
218 75 361 663 829 830 201 99 378 277 411 101 651 703 783 794 895 899 
1 676 869 888 295 317 410 91 177 353 589 691 743 944 
271 745 767 792 857 185 304 442 64 293 34 174 2 294 645 839 842 859 997 
9 90 34 319 906 10 270 162 215 131 42 224 382 561 632 794 835 907 919 
224 221 739 479 358 208 709 737 956 966 979 
282 477 54 287 521 650 777 790 826 848 939 231 479 274 70 384 349 340 208 335 485 286 487 234 362 312 102 589 742 748 786 800 813 873 876 894 902 966 985 
390 773 896 955 306 400 398 5 620 712 869 885 930 954 
650 820 848 203 423 86 379 249 590 844 904 906 925 
180 438 189 206 188 488 670 740 809 858 930 970 983 443 474 355 317 216 340 325 149 153 276 402 67 511 525 576 617 663 677 682 720 786 797 807 893 926 950 963 984 985 992 993 
32 220 351 629 696 245 70 317 470 42 131 382 570 598 703 709 714 826 
313 227 404 60 670 738 755 823 930 10 473 98 412 210 25 447 230 33 350 314 391 516 566 588 609 615 681 810 835 873 903 945 979 
271 615 984 233 75 375 576 607 641 698 720 780 804 
114 293 547 779 807 832 137 455 301 75 232 280 337 367 582 618 629 645 651 726 860 954 
417 173 623 726 761 206 116 506 516 550 618 673 728 817 942 946 952 
370 237 232 8 272 357 49 120 541 812 827 954 
149 61 791 60 313 538 580 646 782 858 
371 349 112 577 653 683 737 796 817 938 971 26 361 317 248 251 99 38 377 271 6 183 526 533 636 667 727 754 805 808 828 943 944 995 
99 546 827 187 694 700 722 785 817 849 897 935 979 
377 317 19 52 479 478 408 363 661 774 780 969 296 490 508 72 511 47 228 495 173 531 565 597 612 629 653 662 695 704 711 728 762 833 866 920 942 963 
147 589 600 604 628 800 32 119 158 86 466 331 190 70 542 546 575 580 670 845 942 946 964 
31 234 210 274 529 615 813 911 409 110 287 330 272 375 319 115 336 360 281 260 229 377 40 549 589 653 804 816 950 
361 390 896 285 119 206 631 733 917 965 
286 293 410 981 60 274 249 30 415 471 539 623 673 772 970 986 
323 4 258 396 337 503 190 542 565 691 741 808 820 822 939 405 8 464 116 237 69 361 286 471 339 174 39 235 177 488 70 64 523 549 551 617 681 690 709 714 753 803 819 828 831 863 888 899 958 999 
26 850 991 195 380 15 462 141 635 637 958 
372 248 351 541 607 696 521 83 175 454 528 624 659 700 715 732 744 755 882 904 952 
371 495 18 653 673 694 261 217 324 298 369 428 555 728 812 843 873 883 889 913 
465 163 261 786 937 308 450 254 271 506 576 629 639 723 840 900 924 
183 207 575 646 660 710 770 819 844 990 412 402 54 235 200 258 163 514 449 241 96 181 457 530 653 739 742 843 850 900 937 943 953 971 
64 122 905 471 270 142 384 570 687 714 818 878 911 
373 488 125 404 740 755 922 930 523 459 18 394 477 483 465 324 120 542 664 737 826 835 836 859 887 933 936 
271 518 680 728 874 430 19 283 65 735 777 779 799 804 843 882 912 930 968 
33 443 10 407 910 996 526 237 235 171 142 167 631 682 730 773 793 867 981 994 
229 497 320 297 8 300 578 636 723 744 827 845 870 24 393 95 339 458 241 382 246 348 144 3 56 257 105 516 582 650 667 670 676 685 694 737 751 807 812 826 839 858 880 921 938 971 
419 73 184 402 277 701 706 719 381 398 27 456 14 576 623 634 682 747 755 785 816 871 897 953 956 992 
353 401 899 117 89 122 514 800 849 864 
60 863 930 328 195 155 93 145 773 887 974 
254 287 368 650 848 921 70 449 220 52 107 30 231 569 585 612 655 716 717 886 890 
47 566 714 919 370 272 123 97 369 594 929 
449 949 958 337 41 302 377 622 679 754 825 836 
489 835 966 972 479 116 316 366 312 418 513 171 827 910 
40 236 230 128 240 605 647 956 423 152 320 520 69 44 4 126 113 184 285 597 697 736 753 772 774 890 900 910 942 
94 64 580 351 145 721 725 810 901 903 948 
216 248 463 523 812 347 234 361 209 471 512 149 344 404 398 603 615 907 909 
521 481 4 136 730 851 921 943 952 517 404 528 278 67 412 206 547 562 624 625 641 652 656 658 669 673 765 827 836 854 860 894 
212 818 873 366 211 6 81 672 727 745 901 913 959 
406 180 42 930 18 128 155 52 620 723 800 
422 357 230 467 87 561 944 142 116 369 11 478 307 180 190 580 634 660 661 697 872 899 914 924 959 
515 320 96 79 178 318 617 794 870 517 319 474 257 163 462 452 423 299 268 69 463 151 278 86 596 607 620 757 811 839 874 928 967 
164 510 410 402 350 387 391 542 582 658 749 750 
298 252 842 418 42 489 217 825 949 998 
384 369 483 377 564 586 901 521 383 33 294 184 518 183 69 623 657 794 884 922 991 
137 235 1 14 157 459 348 283 737 748 811 869 6 212 327 16 279 125 383 183 293 511 202 99 129 29 47 441 467 565 589 633 649 650 658 660 685 702 710 819 835 881 942 
432 591 903 187 412 172 370 179 226 521 613 890 
63 335 112 158 653 694 697 748 789 1000 212 301 414 247 198 167 254 326 421 405 368 412 424 281 52 306 391 150 561 646 693 702 731 749 950 980 
145 557 897 996 307 130 271 233 362 248 193 457 678 780 
317 727 901 92 319 166 187 306 24 973 976 
408 472 675 296 234 48 524 466 670 791 899 952 
84 479 798 901 463 372 37 101 320 624 699 782 819 888 958 989 
553 145 910 319 623 685 700 866 944 958 
646 710 806 819 138 451 471 597 678 703 775 813 909 957 
53 285 768 148 12 67 399 669 677 969 
646 660 710 718 18 89 159 99 409 16 293 562 628 662 807 950 
200 467 545 662 873 895 120 472 54 107 306 274 493 459 501 369 552 201 639 653 666 683 835 
252 147 67 839 51 560 352 61 68 204 542 701 768 858 900 901 
73 185 725 144 72 435 590 630 775 811 961 
549 774 969 350 454 22 362 136 316 796 819 923 988 
521 429 477 368 395 400 54 287 25 120 808 843 932 989 516 97 412 235 350 376 42 325 470 224 439 189 170 156 192 550 165 571 590 620 637 647 662 671 727 761 775 792 810 866 897 911 981 
536 606 773 347 337 508 193 320 755 812 864 989 
340 391 336 119 103 449 292 651 684 687 40 482 468 293 229 222 277 102 205 615 642 698 705 721 745 748 761 796 797 814 820 886 946 969 
454 113 773 120 345 326 311 721 794 947 
88 233 231 99 300 617 681 815 827 841 259 351 214 24 535 366 185 76 387 345 420 442 348 603 776 857 888 924 952 961 984 
455 250 168 774 780 783 527 115 185 182 106 69 507 358 93 230 666 695 737 828 
399 577 811 817 836 117 475 403 565 700 710 779 885 940 941 951 952 965 
151 707 805 370 27 484 168 134 631 752 
58 133 404 22 840 918 8 359 154 145 395 268 326 234 182 712 779 841 844 910 
79 320 231 228 578 723 103 316 359 45 492 24 211 38 302 326 608 724 726 776 807 898 958 
526 411 660 718 736 763 806 868 998 388 375 54 122 237 316 324 13 517 362 640 673 677 703 727 805 807 841 885 
179 272 176 223 650 688 995 506 178 239 532 280 257 509 153 525 152 169 588 710 811 827 834 887 965 
514 63 137 571 748 935 22 131 369 260 410 315 68 347 358 287 593 638 650 753 900 956 
531 574 617 723 831 860 56 399 395 306 402 251 183 114 610 650 748 800 873 919 
456 59 11 797 837 327 198 131 307 603 646 673 750 755 
378 23 70 339 459 137 158 116 540 637 673 869 954 336 517 117 365 513 395 545 426 120 309 460 30 324 299 319 594 597 602 612 652 680 686 703 749 763 819 825 873 878 946 947 976 981 
349 23 132 339 76 673 737 817 935 237 254 326 205 29 243 420 149 294 171 58 26 40 612 681 703 738 750 765 791 842 855 947 961 
59 658 714 896 955 986 186 531 349 427 491 294 34 510 547 649 748 754 827 866 904 1000 
46 309 825 471 408 325 378 600 758 789 890 897 984 
57 600 623 164 396 595 678 689 759 874 937 944 
144 9 173 243 124 180 33 535 402 764 765 770 
250 549 645 926 41 323 228 607 663 747 893 
59 195 773 136 292 174 387 421 654 722 920 983 
183 222 347 718 763 998 374 576 114 48 237 450 346 437 508 247 105 831 901 953 976 
9 517 319 57 643 772 965 468 126 15 489 201 97 550 399 518 503 499 349 613 637 729 808 858 865 
241 484 205 700 735 804 999 277 119 476 565 505 563 320 33 192 605 689 786 856 956 
551 217 619 45 138 23 378 39 259 685 772 
9 839 965 992 66 260 10 291 368 739 794 807 819 930 955 997 
355 359 440 202 166 577 703 773 780 840 846 911 
162 103 292 336 275 340 651 464 146 180 93 536 478 105 254 28 325 580 450 481 670 761 836 848 
165 7 464 496 615 246 159 390 230 584 673 749 864 891 895 951 996 
813 911 923 88 546 699 832 858 859 958 965 
265 387 709 758 828 864 877 882 580 539 224 382 109 319 516 54 150 558 230 125 13 209 623 670 750 760 774 810 989 
618 709 882 507 5 443 257 393 42 67 716 888 984 
200 425 662 394 474 389 322 420 643 718 
434 259 319 584 517 810 187 583 339 241 446 481 157 215 480 378 716 794 852 972 
271 902 984 336 248 107 17 762 821 869 
655 663 986 53 392 580 404 444 792 810 835 991 
93 72 104 376 461 484 437 284 700 747 178 541 49 237 222 357 579 491 283 238 168 39 9 45 433 206 569 153 23 619 650 662 723 845 911 981 
517 623 635 33 486 48 316 184 18 145 836 985 
385 470 40 494 431 539 609 895 912 941 944 590 88 125 443 309 91 106 463 218 210 460 681 700 738 744 752 791 820 823 835 858 977 984 
75 121 566 257 690 714 797 927 427 1 131 234 487 317 211 88 127 39 13 359 628 751 755 798 802 951 958 991 995 
453 448 220 294 314 523 26 182 696 756 899 991 172 246 261 154 147 367 546 301 232 260 388 158 247 114 368 509 4 153 254 586 656 673 745 776 896 897 910 930 952 973 
174 673 888 299 406 574 685 726 767 875 
605 685 746 508 205 234 262 748 919 948 
349 94 697 722 476 31 110 193 196 578 164 798 802 859 901 
362 454 927 126 263 145 247 420 27 308 
467 375 357 260 422 669 693 818 912 305 285 377 120 32 535 10 91 15 287 581 516 580 242 686 695 712 716 935 
52 91 377 366 675 798 900 901 950 589 372 458 135 551 463 57 351 419 9 618 648 652 654 669 680 809 846 896 965 966 
489 338 966 324 89 349 748 880 890 950 
518 595 509 271 209 149 285 81 450 306 633 764 813 874 286 15 57 268 361 157 353 541 51 508 196 52 567 213 384 155 3 10 484 617 666 682 734 752 754 756 780 786 848 861 870 926 942 
204 33 816 150 234 47 635 866 923 958 
228 497 546 71 55 578 88 569 681 827 831 841 892 615 226 406 411 464 116 506 435 171 60 185 42 521 73 256 430 662 783 786 800 873 906 942 980 
598 387 331 665 709 140 511 452 510 613 196 380 249 750 
418 271 591 923 984 114 59 94 98 603 371 681 878 879 886 888 992 
23 235 137 495 175 653 694 697 935 504 475 565 29 149 544 270 194 317 364 105 318 546 37 740 761 784 870 911 933 946 
366 19 926 219 440 403 266 236 146 449 185 631 768 
67 9 237 733 839 859 134 367 440 94 248 32 537 167 78 23 729 814 942 960 969 977 
370 604 490 90 237 584 511 695 726 761 772 810 885 979 18 13 92 120 339 100 47 217 597 532 274 462 246 549 95 290 151 520 557 629 651 716 740 806 846 849 853 864 872 877 904 942 944 987 
329 15 446 341 151 805 523 432 542 413 31 398 13 261 556 656 681 726 807 822 849 
418 358 791 957 988 363 542 316 264 707 759 806 927 950 
749 823 858 88 664 736 791 833 934 989 
235 349 354 321 108 342 670 680 747 893 
412 517 979 992 211 560 68 606 24 119 647 696 744 843 947 
130 507 216 394 351 135 491 448 756 899 940 948 471 94 328 362 59 28 137 75 360 623 478 510 516 525 669 732 760 764 789 793 819 863 872 881 897 907 927 935 961 
67 412 772 410 70 63 364 275 563 657 687 728 788 
219 292 150 103 119 194 762 958 572 349 254 174 370 149 519 220 368 371 440 621 530 100 718 832 935 939 955 
30 388 315 479 900 77 349 330 324 501 241 339 277 651 689 796 835 
615 432 946 550 479 117 372 232 782 910 
462 472 262 131 65 545 532 450 54 679 
232 604 800 15 616 522 661 740 765 812 835 856 
531 88 8 174 472 39 50 93 259 514 751 807 958 
580 170 76 378 653 673 404 565 125 13 232 29 589 522 468 373 189 703 723 744 834 893 919 
366 105 168 774 238 289 145 577 485 286 668 731 740 786 992 
393 292 492 307 312 2 69 666 684 687 949 958 975 167 410 206 317 314 486 466 210 201 525 18 366 23 49 561 15 64 218 648 677 681 694 708 709 730 750 763 782 848 974 996 
230 873 886 912 119 344 485 141 449 575 696 742 756 922 929 950 
211 197 97 677 913 88 509 100 127 198 277 542 658 820 836 853 921 
366 250 369 759 567 158 171 390 341 674 807 811 930 953 
589 319 370 237 800 287 400 325 75 599 33 653 813 838 850 968 984 
279 92 97 807 945 84 419 70 165 237 10 196 147 328 340 241 674 
586 483 388 780 510 429 401 448 281 500 285 341 687 725 965 976 
35 207 526 255 558 560 660 718 763 787 806 819 990 100 513 421 398 495 263 259 579 26 118 28 422 232 400 184 308 4 552 488 176 496 177 666 670 694 719 732 752 836 864 959 
539 267 467 87 628 481 565 150 744 888 902 906 922 934 
154 808 939 163 381 613 639 34 852 970 
486 285 984 117 37 22 582 419 342 131 550 861 
54 395 176 342 503 576 368 120 535 505 921 995 531 241 188 137 577 97 121 242 3 417 277 18 603 253 550 171 347 578 695 737 739 742 767 819 872 923 958 966 
150 594 567 393 214 958 145 623 510 404 498 385 632 200 203 47 722 869 911 953 
232 928 992 580 542 271 401 613 250 723 915 921 940 
620 348 524 514 64 175 552 637 697 982 516 297 561 212 191 395 643 42 192 518 51 490 280 526 367 237 661 703 779 812 816 827 828 912 930 979 
213 381 159 587 333 125 613 487 391 808 
602 658 781 919 222 197 66 353 535 124 754 774 791 808 832 833 
391 150 687 158 237 148 624 474 542 607 
491 294 696 750 821 468 630 141 199 9 549 348 260 818 836 870 1000 
655 303 75 582 47 773 781 829 837 345 187 311 363 550 641 542 213 254 365 178 459 90 547 673 744 745 791 801 820 825 856 873 961 
187 897 959 523 378 781 817 896 907 949 
575 526 183 646 560 806 550 297 378 70 429 545 426 267 179 681 713 746 747 829 894 961 982 
472 91 516 682 712 742 60 545 100 416 378 495 304 226 293 653 635 14 685 773 790 837 856 
260 599 561 40 693 873 895 603 516 483 617 560 418 565 168 670 689 713 715 757 787 795 922 958 959 
498 602 11 829 368 423 161 243 32 183 506 586 664 684 801 847 
145 33 181 5 816 916 959 528 408 70 419 297 663 341 626 176 191 76 326 425 452 832 888 939 968 
387 618 864 25 248 445 315 32 711 950 
639 292 449 391 277 570 211 646 561 140 10 50 615 680 817 
190 678 943 514 531 391 9 389 685 772 816 929 
196 344 699 286 389 348 638 829 836 849 
612 392 200 559 355 52 629 613 111 161 542 807 
508 42 20 404 60 180 506 466 188 488 364 740 755 858 863 416 346 414 120 382 118 412 322 215 228 662 395 555 517 306 137 646 259 597 594 627 531 235 679 688 736 815 827 845 927 950 961 965 971 974 
387 709 964 145 565 488 400 826 923 962 
119 391 292 492 83 543 695 752 813 836 994 
116 349 398 524 581 495 608 442 580 348 459 637 737 982 1000 302 213 367 294 237 511 249 542 265 114 607 658 520 7 579 595 247 575 401 351 427 271 682 691 702 732 741 745 787 807 915 916 924 963 981 
401 696 846 854 940 642 84 324 211 644 805 882 903 969 
408 105 613 366 168 555 265 34 214 108 14 465 269 678 710 732 740 831 952 962 
70 132 495 499 170 968 971 26 471 75 29 299 126 303 262 79 149 247 260 531 120 261 819 852 923 992 
641 482 410 807 913 559 506 23 20 575 639 420 177 323 739 761 892 
45 305 667 368 688 799 820 848 907 921 483 492 250 584 232 485 257 553 145 558 491 467 123 675 320 349 373 466 99 729 774 795 803 901 954 990 
387 215 444 709 752 864 634 670 146 537 54 234 182 423 218 449 5 688 782 801 871 995 
7 432 529 129 306 745 911 183 477 580 666 387 627 613 125 325 207 266 257 235 688 763 800 896 922 935 
96 249 166 569 99 228 617 191 320 172 55 318 834 870 357 508 224 422 491 605 203 3 521 402 660 364 619 624 61 581 639 93 211 149 391 734 745 778 786 808 810 824 836 842 852 894 946 
408 452 356 91 68 661 926 987 57 94 174 37 530 532 495 468 615 506 443 445 111 673 240 18 246 8 329 
514 1 869 561 206 379 734 767 819 966 
567 639 103 307 391 762 958 663 246 201 126 450 45 26 62 349 61 462 429 5 810 820 885 888 950 
467 375 609 87 392 326 941 608 531 557 166 667 404 591 369 351 550 661 725 787 864 869 930 
358 776 984 83 462 257 352 22 612 580 366 761 901 
449 391 69 336 292 656 639 567 933 495 137 242 645 527 22 42 384 175 13 98 255 630 712 776 864 865 877 948 970 983 984 
368 426 576 678 272 953 679 237 303 430 463 680 475 670 42 111 772 776 781 819 935 975 981 
221 37 703 739 871 942 357 204 170 150 584 401 590 662 632 369 3 322 699 888 897 901 994 
270 111 606 919 23 521 349 750 766 785 968 
521 374 826 106 673 73 499 288 209 828 875 
218 296 797 25 54 288 325 292 702 735 761 823 
422 326 612 662 407 402 234 188 279 301 552 101 63 735 
552 620 199 524 737 866 234 295 230 161 472 515 215 639 531 646 126 774 791 850 878 980 
144 623 208 842 961 516 570 650 366 32 612 230 672 742 752 756 1000 
523 278 657 372 507 607 674 26 795 899 993 147 285 187 234 306 66 628 203 162 254 383 640 145 193 703 705 782 806 835 842 930 939 981 
653 610 442 552 620 811 817 888 236 27 539 385 257 545 231 45 352 265 704 735 806 821 852 894 903 952 969 
185 203 277 393 212 329 567 298 143 509 
489 668 196 853 349 596 689 322 177 556 772 817 849 937 969 
590 24 603 571 58 605 523 164 515 557 954 
184 532 247 277 203 185 719 838 180 136 395 562 412 168 254 5 241 752 754 795 839 888 931 937 
489 423 338 66 872 881 914 966 972 47 353 33 550 552 13 4 15 85 16 673 692 497 180 722 827 845 854 898 904 916 979 
381 37 118 689 224 159 743 849 893 326 581 70 637 593 507 250 580 696 108 426 240 319 498 575 368 653 558 316 829 939 966 
86 198 745 764 697 477 23 516 167 251 881 886 888 896 924 997 
287 272 258 799 825 989 567 180 103 381 338 80 139 28 188 453 696 382 791 817 823 832 835 
532 247 402 419 967 489 364 53 397 449 339 88 200 802 874 894 912 
572 245 139 54 235 422 625 301 872 929 
403 22 373 188 755 809 495 168 234 128 639 59 401 87 272 914 950 973 
618 436 598 444 679 331 671 265 597 713 752 828 864 978 467 254 285 345 101 153 128 158 507 320 274 521 487 502 203 146 125 324 639 181 364 33 15 144 716 767 782 789 834 891 922 936 945 961 
526 255 560 558 787 806 819 844 990 254 473 190 253 248 95 571 283 576 414 550 675 754 759 761 783 794 827 839 862 880 958 977 
248 353 821 59 665 516 159 930 954 978 
408 30 356 661 460 742 901 435 147 276 284 149 612 94 573 55 504 325 687 201 750 777 841 895 915 989 
709 444 865 75 662 94 9 349 660 472 235 241 29 64 
582 606 536 100 521 507 336 406 527 77 71 319 352 756 791 994 
400 730 788 924 442 523 5 662 279 1 873 897 899 972 987 
3 299 163 167 131 102 754 832 891 2 168 535 623 598 440 349 612 600 351 709 22 464 171 209 120 360 796 898 944 975 
718 736 806 292 339 535 465 385 9 493 752 
646 560 588 347 717 575 787 998 368 224 307 383 631 18 271 94 489 320 599 721 821 827 901 943 
185 277 701 532 162 137 18 156 319 204 120 646 231 722 856 
457 833 836 285 385 509 272 506 794 908 
179 943 997 567 408 540 718 211 568 740 920 
14 610 137 836 515 485 702 183 261 651 327 293 587 59 719 839 
531 79 574 413 497 320 578 166 827 603 444 431 455 371 73 375 544 87 652 486 637 414 525 149 321 725 742 748 856 918 
333 82 362 164 574 741 771 810 973 995 
247 563 485 419 117 184 226 685 723 540 266 491 264 272 92 38 645 422 180 748 848 869 872 
319 511 89 623 238 353 608 129 3 233 574 510 624 474 737 744 861 1000 
369 168 554 110 780 900 484 117 543 3 323 159 575 514 293 565 858 990 
234 529 450 464 911 250 511 458 103 524 516 145 630 804 864 896 973 
274 358 768 911 230 255 678 49 304 495 622 589 869 929 930 
13 715 477 542 530 446 310 457 639 430 856 867 949 954 
368 468 951 952 225 552 130 638 435 446 234 112 325 459 235 770 
22 404 180 920 922 970 629 317 445 675 159 99 523 15 10 646 673 147 358 796 896 967 980 
57 622 859 906 338 199 5 440 476 519 446 430 747 784 
104 241 389 393 681 48 615 683 9 159 784 888 921 
72 311 78 284 590 360 414 24 241 104 917 999 91 529 129 227 460 693 95 446 310 330 402 108 13 697 692 164 4 772 802 839 921 934 951 952 995 997 
717 255 575 222 395 64 670 176 404 418 539 364 626 391 875 
332 76 18 378 673 141 514 694 550 457 581 869 888 971 183 54 401 421 528 570 193 151 5 2 390 142 111 4 650 726 156 395 248 502 101 531 382 764 779 808 857 895 927 933 955 959 966 
471 156 508 581 420 477 605 442 244 816 
689 159 502 743 880 893 284 526 246 650 99 87 120 108 111 592 198 467 677 761 930 931 949 
528 506 125 471 189 670 364 295 930 454 635 638 80 623 721 311 675 259 370 620 135 757 769 834 837 878 884 908 941 971 
396 74 521 402 149 448 724 673 961 964 
168 242 661 366 712 759 901 723 389 400 640 650 116 503 163 246 526 695 127 494 231 789 800 893 970 999 
703 118 739 893 274 392 293 132 417 499 753 786 
148 228 172 8 531 71 229 320 487 827 831 628 605 258 647 206 637 658 70 523 211 267 396 493 10 419 726 285 103 340 748 779 806 903 906 912 965 
324 500 285 704 81 193 680 234 767 90 543 360 277 658 72 194 681 37 351 673 567 442 419 607 121 190 752 761 836 871 926 981 982 
451 609 230 64 660 395 471 869 883 988 
205 350 115 603 104 376 78 24 586 195 660 219 394 79 436 396 532 733 419 627 363 224 754 837 849 878 916 
552 63 550 577 457 751 817 954 982 95 400 578 386 8 419 614 582 567 725 102 503 439 404 609 744 723 759 992 
471 406 626 930 33 580 595 552 344 310 5 547 839 855 910 950 
657 401 463 248 316 294 453 812 991 438 413 581 354 16 31 547 597 639 690 579 185 261 618 712 181 766 793 822 861 918 
748 64 968 606 636 131 10 291 531 840 
226 679 421 215 709 758 864 865 978 646 191 605 615 745 343 572 317 672 115 187 307 399 701 493 235 717 695 366 850 859 883 917 
386 32 220 228 539 521 117 743 577 826 835 939 989 
167 716 126 379 97 131 27 786 814 887 229 655 582 497 56 60 58 403 42 710 537 615 316 99 514 701 189 747 70 80 862 893 949 952 
708 670 528 133 508 404 20 532 271 606 566 224 317 325 523 579 485 360 448 415 764 810 893 937 943 954 
21 629 314 294 607 714 615 640 185 695 3 290 263 231 419 167 788 807 862 
211 131 445 253 546 228 662 21 328 740 231 239 5 362 766 818 
597 752 882 143 173 35 154 583 155 805 885 928 
642 742 84 625 584 748 374 710 391 972 
365 308 360 271 629 440 597 380 199 168 184 
623 89 511 147 800 810 906 965 567 620 745 677 686 565 195 594 180 210 315 692 710 739 769 840 864 911 944 957 
684 631 958 601 215 477 516 46 913 984 
588 646 575 183 770 360 95 382 680 296 580 272 491 639 775 869 904 927 
193 464 209 704 615 855 874 957 755 629 258 226 351 307 111 382 477 316 737 585 471 836 858 941 
15 108 766 635 143 370 585 436 322 297 542 581 817 
169 765 430 41 446 805 757 94 495 269 348 750 690 259 22 836 865 954 
306 745 86 500 111 241 608 47 683 147 650 709 334 952 992 
559 480 729 458 445 562 621 185 477 820 829 920 
119 219 975 108 740 176 102 761 779 827 829 
763 526 819 226 91 731 418 585 373 340 229 114 936 
350 311 931 724 52 137 154 805 863 934 
57 623 630 589 847 979 667 735 699 122 539 405 481 209 364 688 520 131 50 489 591 
504 257 566 456 587 658 195 568 234 232 158 467 530 407 285 105 661 66 534 145 593 245 790 811 839 897 904 942 992 
516 30 564 570 638 926 694 86 271 597 655 539 678 849 863 964 989 
111 257 383 763 558 491 158 565 563 166 827 971 
234 7 686 569 574 688 687 607 781 801 943 954 
481 503 45 13 712 529 224 345 357 805 872 912 955 975 
64 137 332 325 78 144 368 681 418 120 46 882 958 993 
140 114 510 807 529 744 571 493 237 573 653 737 477 769 
570 516 645 727 950 987 16 593 49 192 477 509 245 553 615 804 805 880 893 994 
658 655 246 303 450 481 400 205 94 688 659 33 776 894 969 
395 154 176 54 790 883 192 633 383 218 696 556 639 159 513 709 149 679 191 418 340 862 950 
570 91 52 241 498 78 710 617 9 803 
400 429 321 951 322 454 200 294 113 734 84 620 80 387 733 914 
23 459 968 532 477 41 690 176 515 89 851 991 
525 465 754 379 102 211 299 97 482 441 803 890 977 985 743 356 58 111 456 420 303 258 377 681 590 237 7 506 362 159 145 615 617 309 395 266 125 247 503 638 187 83 822 865 899 911 965 974 
718 646 710 673 77 685 54 90 225 662 826 
46 85 715 53 390 408 163 353 630 756 476 945 972 
98 552 934 935 954 479 709 583 629 742 106 430 477 115 864 899 902 
503 782 54 661 329 444 773 445 886 896 
496 274 625 513 424 86 165 149 61 874 946 984 434 222 242 211 705 581 326 60 318 714 555 15 188 401 694 316 626 357 655 225 455 412 117 658 605 287 890 922 
36 500 984 130 478 145 602 565 1 303 
468 305 995 530 484 235 67 308 629 750 268 834 984 
123 228 231 99 546 320 860 74 404 710 592 720 234 549 91 434 224 29 501 489 498 568 600 813 835 869 
696 351 948 489 91 701 678 662 835 893 919 
94 514 201 349 817 6 716 564 732 333 632 567 20 376 441 815 823 
606 579 692 898 55 378 567 506 298 381 820 825 864 901 928 969 
483 556 613 82 285 376 411 24 610 606 21 846 
705 400 678 529 209 449 444 360 227 968 984 
298 643 635 517 761 961 31 742 544 578 680 617 503 533 272 83 808 876 910 915 999 
187 443 243 268 663 776 58 658 256 679 160 921 979 993 
422 260 357 873 610 193 214 464 606 735 26 706 917 943 993 
786 405 945 385 58 783 678 204 521 208 818 939 
350 389 205 24 241 308 360 590 75 529 438 13 260 518 509 728 345 131 780 877 906 955 969 987 
41 475 766 624 572 139 341 15 29 777 780 61 771 209 489 253 131 575 758 674 400 250 193 54 273 165 514 243 485 919 996 
575 717 558 646 710 222 660 35 347 696 625 67 343 744 74 330 79 220 336 167 37 623 697 350 808 817 825 827 874 939 943 954 
779 211 163 677 510 644 445 465 852 909 945 669 451 145 756 575 446 642 531 592 574 624 673 57 353 356 560 193 358 506 224 248 341 636 179 888 889 897 992 
565 281 142 400 521 648 824 921 943 514 489 589 800 464 681 246 457 22 92 87 654 806 737 220 655 849 947 966 
506 708 60 613 396 27 111 179 209 958 
761 259 600 237 623 9 928 992 441 724 508 565 540 225 597 681 684 448 602 755 33 389 408 177 149 272 902 
697 550 349 571 866 904 208 773 417 424 66 642 563 376 546 576 849 896 
541 750 32 435 351 448 21 316 821 635 284 188 292 307 472 54 67 226 34 512 653 227 109 13 7 524 531 566 24 934 
518 274 615 324 596 794 398 643 310 503 167 278 558 672 355 827 888 
131 164 405 754 99 200 56 5 622 221 64 567 479 970 
297 320 569 183 796 258 337 670 463 873 973 991 
407 153 664 616 973 996 292 532 738 653 667 159 290 36 64 518 906 947 
748 697 235 581 571 514 796 938 971 331 477 806 511 515 699 59 143 246 765 136 181 467 705 361 491 659 666 838 850 970 984 
467 543 200 612 873 886 956 63 73 489 340 241 380 657 757 39 41 803 527 384 214 418 251 227 834 836 
770 710 558 183 222 646 526 411 35 844 676 449 118 83 521 479 458 550 268 556 158 194 341 580 650 368 164 55 688 317 683 320 564 592 415 629 
505 176 678 521 368 254 641 168 684 605 567 658 797 283 768 453 407 834 840 873 877 909 993 
711 401 812 657 248 850 993 7 718 174 4 396 29 697 194 371 384 601 218 849 995 
4 266 521 939 126 786 624 750 137 835 
156 16 109 22 427 626 508 228 459 167 796 169 605 395 692 319 75 84 705 250 366 267 871 946 989 
808 400 851 951 377 90 681 387 230 392 137 
705 287 447 583 907 953 995 797 366 296 580 537 17 231 806 172 343 548 658 217 828 836 901 947 973 
691 503 924 507 671 392 787 753 531 495 528 895 911 
178 617 515 55 301 531 99 318 569 723 744 322 834 405 26 653 670 51 542 299 119 494 274 769 702 710 146 813 775 480 582 718 806 512 112 576 538 873 889 906 919 
215 597 265 709 864 964 514 825 467 279 521 179 297 691 252 395 653 570 836 839 
498 663 361 658 393 703 768 373 201 668 268 660 769 46 
498 380 927 319 196 381 360 274 358 851 856 870 943 
229 249 744 231 617 578 588 10 404 111 407 399 675 478 238 60 170 133 521 838 921 969 
716 140 510 852 937 947 981 203 655 596 60 205 631 70 383 399 705 250 235 664 878 901 922 976 992 
18 720 141 349 378 246 125 67 66 391 33 318 392 516 655 376 626 883 895 
233 99 320 681 827 54 227 360 818 455 740 576 820 637 793 89 709 349 934 
328 107 50 310 538 80 423 196 489 872 881 914 550 153 795 459 414 602 632 508 696 794 753 822 110 635 605 457 501 395 528 349 561 705 856 865 888 901 959 985 
63 720 325 571 349 158 132 137 722 869 929 641 764 282 528 646 745 818 657 135 825 290 668 604 316 828 681 672 99 477 766 483 542 537 594 925 947 
658 111 409 59 579 986 446 202 346 344 345 740 99 340 94 358 661 410 747 411 895 999 
419 701 967 447 817 357 643 196 831 839 897 
412 57 592 622 89 67 9 562 979 722 828 500 188 410 440 379 251 310 838 701 749 106 531 212 735 546 8 710 242 24 773 457 
313 364 65 573 879 920 970 25 525 761 751 820 216 98 388 203 593 113 474 380 894 
617 322 569 301 234 575 366 383 216 712 315 341 87 573 335 57 
237 412 548 57 695 418 581 500 324 164 345 40 436 1 168 681 696 974 
565 321 851 526 489 231 127 524 628 529 69 911 
526 710 819 284 140 62 340 505 273 573 887 
322 55 233 531 241 234 81 603 517 400 670 702 50 135 928 941 
401 294 674 26 613 623 266 798 28 593 918 
171 273 772 232 13 308 204 125 31 397 469 663 163 866 919 943 
54 678 505 154 503 535 395 725 229 377 615 639 594 184 61 369 12 99 27 470 929 
159 224 37 381 118 493 703 152 367 871 880 893 980 747 87 668 373 347 146 821 161 624 233 623 533 31 439 437 808 223 123 184 293 699 469 454 515 811 774 303 854 917 951 957 973 994 
821 26 130 522 395 817 752 346 237 526 694 643 939 977 
542 824 843 932 376 428 830 785 382 301 414 379 885 895 
473 197 807 832 890 681 113 73 480 648 234 697 180 676 600 875 967 
699 310 972 325 148 623 641 115 10 910 
674 220 991 702 67 542 849 211 488 885 911 926 
764 289 994 749 189 465 321 49 208 581 921 
10 204 5 145 355 916 973 723 360 200 661 730 91 74 590 658 719 426 141 635 835 830 46 345 114 950 
500 149 946 298 137 33 76 569 3 497 737 952 
291 670 626 227 506 403 596 174 276 562 605 764 727 222 513 531 462 589 961 966 
38 237 622 370 171 733 965 415 18 297 596 53 528 68 610 500 308 10 376 211 416 752 862 922 946 
578 794 320 443 542 367 432 510 456 933 
378 442 929 750 475 726 473 649 615 998 
213 152 381 37 159 782 223 10 234 754 450 50 26 710 859 75 407 756 877 
670 534 364 970 774 293 496 326 629 308 164 430 521 771 393 
665 387 752 421 436 828 597 709 226 679 865 882 964 442 344 54 595 21 164 8 453 174 687 797 789 4 232 67 122 623 646 728 533 33 360 6 566 479 334 685 254 761 381 888 933 962 
436 864 752 387 713 877 978 418 294 162 687 297 786 218 370 406 589 766 78 383 835 952 976 993 
811 694 83 296 616 582 565 213 847 226 516 557 
324 290 7 249 74 730 258 530 194 901 953 
183 575 990 479 281 326 337 114 869 922 979 
70 1 683 371 499 94 836 580 737 17 98 550 160 935 43 725 200 326 362 868 409 367 685 55 59 254 487 601 293 86 244 746 164 651 419 151 794 369 428 490 412 763 504 729 889 892 960 991 992 
531 546 681 657 615 620 491 13 26 464 830 220 937 
849 224 689 239 532 403 823 327 679 306 745 897 914 
835 328 489 702 423 881 725 37 707 623 410 209 352 271 244 777 75 629 650 545 251 230 
640 40 200 662 561 467 143 346 543 818 802 425 260 240 886 508 120 376 820 368 23 188 658 167 309 370 159 105 231 580 827 524 815 349 52 578 383 152 715 45 503 270 617 294 905 921 928 960 977 979 
791 764 615 529 478 706 171 320 546 276 806 147 584 100 
182 251 314 5 608 207 447 297 691 177 852 736 933 
277 419 73 41 800 173 465 229 360 150 503 91 981 
597 226 865 862 804 820 102 623 82 687 
417 57 420 208 434 67 259 962 30 390 99 129 832 320 316 694 80 527 334 94 619 491 580 747 371 260 442 740 999 
488 189 840 449 82 619 331 209 36 937 949 
739 849 980 77 531 780 614 710 392 230 971 
310 702 835 872 328 966 145 237 629 370 48 422 189 215 550 267 704 969 
864 597 226 598 758 63 465 451 529 778 674 449 241 495 418 11 523 945 975 
74 782 276 190 746 524 116 833 220 57 752 897 919 947 
288 10 910 189 144 426 549 391 175 215 740 901 
171 319 623 144 370 38 962 504 758 271 854 347 571 575 29 411 851 234 464 684 54 357 984 991 995 
818 202 873 640 567 26 790 619 704 190 379 168 387 103 535 973 
754 197 891 985 9 528 7 576 844 383 107 368 534 948 
160 499 495 737 349 76 608 70 170 697 934 982 684 701 74 329 521 689 734 392 299 227 835 464 619 864 311 647 424 807 569 353 664 598 351 704 491 813 556 944 
25 327 989 807 271 274 412 827 235 869 524 132 
786 852 3 413 535 614 539 551 1 583 182 791 958 
410 887 131 716 197 164 595 404 154 118 17 231 225 709 397 392 1 910 
318 617 123 320 869 211 377 677 26 396 370 
6 703 416 343 493 159 739 224 743 849 980 365 356 324 755 254 482 795 754 117 637 100 401 627 780 331 136 742 586 506 40 894 895 896 913 915 922 951 996 
474 114 131 379 211 338 681 542 173 467 660 893 706 840 314 503 781 697 903 
230 346 467 605 662 561 595 837 833 851 348 299 498 737 94 893 30 712 126 318 826 469 943 
383 519 256 582 504 111 246 898 927 704 728 466 811 323 480 237 264 260 790 370 659 285 732 98 680 227 217 411 893 613 607 897 
10 440 659 330 553 33 187 5 973 996 565 234 532 715 583 689 92 418 36 495 27 515 838 607 807 883 442 871 896 221 773 629 437 900 952 999 
896 797 362 17 574 702 2 15 716 244 58 193 
220 138 607 696 533 629 448 351 915 948 498 545 132 521 42 230 72 789 209 404 391 139 77 232 715 64 555 102 786 362 901 939 980 987 988 990 
91 613 632 727 250 242 479 987 55 539 897 480 526 318 525 577 412 9 270 562 45 160 440 973 
613 460 68 549 712 110 554 742 556 52 926 969 211 543 86 306 588 832 562 312 867 899 393 540 154 825 210 174 884 12 188 689 35 718 610 797 686 835 678 911 
601 193 149 177 305 810 455 374 503 114 789 647 921 951 965 
324 358 551 289 234 31 378 674 386 540 109 131 1 183 64 697 744 894 508 156 956 
459 811 122 905 773 623 363 505 763 702 582 89 523 21 391 15 
158 904 527 873 91 190 393 254 438 196 329 290 
237 761 238 501 733 298 399 389 617 150 647 419 496 816 744 196 804 495 337 827 505 986 
45 825 678 541 434 180 629 393 659 501 425 985 993 
108 151 169 287 55 720 740 368 247 40 975 
48 92 167 807 465 981 451 9 422 820 541 104 322 358 558 201 60 426 349 966 
124 192 530 77 382 557 884 973 607 633 468 573 538 749 891 400 108 539 237 853 393 349 800 926 927 935 937 
728 596 680 234 518 56 217 729 603 527 84 191 491 565 593 651 826 786 901 422 854 843 183 761 620 235 931 936 950 
640 612 605 944 706 307 777 374 489 653 744 529 395 64 
474 428 286 641 677 228 543 346 423 285 203 488 893 147 524 762 921 976 
489 702 835 171 871 545 162 708 784 58 961 
353 314 899 993 893 482 712 400 62 800 5 652 673 409 
856 33 664 382 276 492 108 462 747 702 202 70 673 37 370 
461 735 205 414 50 119 519 181 752 802 849 263 356 193 952 
573 44 970 200 723 366 154 82 846 750 440 945 
390 409 536 690 655 246 142 52 805 578 405 847 827 501 795 331 364 483 189 138 883 609 637 
295 732 840 721 768 415 516 211 587 442 
808 223 396 535 678 542 281 368 650 258 943 997 873 171 125 831 14 801 248 37 855 735 913 641 172 531 149 902 185 59 652 734 325 64 922 931 963 993 
206 60 732 528 180 20 156 125 403 417 709 921 217 236 680 859 400 640 662 549 791 868 251 174 422 647 832 344 209 893 
596 149 324 619 418 564 101 650 110 125 66 676 671 199 239 616 180 401 
826 715 477 545 406 673 158 525 569 704 312 
359 407 263 836 505 308 240 81 218 64 927 
317 242 621 315 901 52 774 377 586 682 854 443 261 155 320 1 251 506 115 157 303 319 409 745 141 390 910 444 149 615 931 963 965 968 984 
611 896 47 606 830 925 12 320 168 670 264 625 763 629 306 737 910 
652 810 965 873 270 212 758 845 546 797 953 
158 836 63 861 141 399 536 282 707 491 848 300 181 327 57 640 476 729 667 961 992 993 
125 740 506 534 749 471 528 44 508 544 729 696 529 258 349 216 217 607 177 288 711 642 653 504 592 457 685 391 57 293 739 94 114 991 
115 308 771 739 64 926 441 911 921 701 955 958 
565 851 154 256 488 222 262 318 164 489 
103 687 307 488 875 347 528 283 620 439 864 737 860 
888 64 235 789 351 735 834 59 812 647 249 232 626 771 362 945 
70 620 581 789 577 869 23 122 629 230 81 910 680 612 433 415 176 515 164 91 77 205 100 631 688 961 983 
34 237 961 911 491 489 770 68 528 709 
428 525 832 981 318 701 879 150 217 755 870 699 910 188 526 584 
817 174 514 341 203 196 26 466 531 998 
822 334 503 521 648 254 120 400 952 462 70 696 806 201 33 899 753 631 37 144 850 703 803 398 664 296 363 
629 491 674 9 159 571 652 155 383 241 281 
240 605 685 845 352 764 221 571 449 740 
186 37 689 213 413 623 517 622 136 550 516 773 539 511 615 617 
667 808 254 74 400 281 395 396 721 337 327 542 921 989 526 379 755 259 802 776 454 370 806 1 895 163 491 830 274 197 718 390 124 306 236 229 265 195 514 847 113 372 991 996 
605 467 912 545 347 623 888 761 584 514 499 139 234 2 557 716 
131 465 410 644 803 807 788 918 24 366 313 76 150 231 709 508 325 882 342 934 143 990 
418 81 791 633 857 285 994 823 493 399 426 106 235 859 477 511 681 620 196 250 313 567 517 580 970 974 
832 48 114 405 836 808 883 825 68 151 628 580 816 581 247 568 
629 251 26 899 795 887 433 170 75 117 396 234 540 337 288 609 687 957 966 
537 393 119 639 103 162 442 659 754 268 739 298 354 730 879 426 400 548 40 131 138 972 
462 408 780 455 134 242 613 168 317 969 911 518 247 325 330 76 749 130 506 552 782 196 119 141 670 614 708 625 640 684 204 856 560 665 989 993 
824 784 244 731 595 131 902 289 849 893 606 735 571 434 217 992 
542 45 468 731 54 337 458 939 989 767 754 571 675 409 83 697 404 857 237 511 180 569 607 897 917 419 523 82 364 735 865 555 
688 477 825 651 317 526 928 255 588 867 642 532 
789 137 748 580 1 70 371 428 766 711 504 404 40 510 406 512 205 755 441 730 806 776 678 700 965 991 
121 504 195 582 218 303 274 931 592 737 211 412 777 631 804 222 99 477 325 263 
422 539 818 903 66 315 187 590 502 577 235 532 978 
324 625 764 58 119 468 849 32 120 558 948 761 969 
537 391 393 275 95 651 2 307 762 639 631 684 596 636 250 557 662 890 82 521 277 76 77 616 448 606 317 339 228 556 472 809 574 259 522 931 710 359 778 650 970 987 
659 664 268 33 257 545 737 835 662 543 274 646 252 137 
234 198 324 290 403 873 869 292 622 481 167 
9 800 695 936 259 298 412 237 89 90 273 965 79 581 95 569 670 709 465 123 351 935 40 415 131 660 260 292 451 563 929 458 858 658 629 741 492 914 328 966 983 
885 878 965 864 200 84 675 141 671 973 
185 117 419 506 174 926 158 921 516 79 325 673 
671 387 864 828 359 196 82 308 222 517 774 741 299 74 
171 232 67 589 592 962 928 761 859 173 259 961 57 43 744 449 576 60 491 475 441 33 191 318 459 339 571 461 670 141 926 786 471 327 613 596 40 45 294 519 902 185 269 359 645 954 392 159 1000 
338 101 80 489 702 881 614 538 50 328 737 503 613 650 961 808 465 235 186 419 703 130 365 909 223 502 858 683 948 292 374 
838 419 277 706 185 280 91 433 133 408 732 172 546 852 
235 676 201 174 785 751 14 971 48 926 643 496 364 400 529 799 376 443 52 139 690 664 416 989 
242 516 483 52 317 452 901 384 366 950 134 479 564 356 804 79 831 364 622 699 257 341 781 957 484 85 199 421 23 126 567 333 361 797 485 559 159 419 674 178 324 8 29 98 881 697 454 449 
471 732 918 295 840 506 364 863 817 742 220 814 131 309 648 399 946 958 1 370 367 426 520 687 400 287 986 990 
325 817 676 737 968 514 339 326 402 383 247 880 58 531 241 51 308 346 208 670 775 38 163 248 526 740 
538 853 338 702 600 154 329 464 759 186 949 408 715 788 
352 816 145 476 225 856 897 440 910 33 407 106 37 381 122 554 405 708 384 56 71 295 184 319 886 815 292 366 728 266 121 825 900 111 962 402 341 724 171 22 849 607 986 
75 383 361 946 786 83 534 283 842 639 670 419 
769 336 639 408 133 716 688 777 908 318 882 210 
10 407 181 288 5 580 250 832 121 645 59 588 913 54 220 554 865 
27 97 155 304 786 149 136 605 850 622 873 710 138 495 
865 709 752 5 417 467 711 67 956 419 495 984 
839 370 623 319 628 772 209 479 235 502 868 195 702 422 515 801 296 873 653 508 
880 849 186 893 367 617 94 254 137 732 47 84 124 195 70 899 694 443 552 
909 211 253 937 48 832 520 228 530 673 437 876 64 603 483 416 426 565 745 688 696 13 235 580 33 
888 673 174 748 653 395 181 432 97 477 200 247 255 271 660 745 237 
180 506 109 22 400 241 935 687 39 235 961 95 29 94 440 587 
791 210 271 601 686 792 619 509 649 285 418 605 22 67 687 392 99 506 351 380 598 799 926 60 569 885 399 316 35 583 817 793 978 762 298 356 643 992 
887 293 786 126 425 351 907 374 835 604 506 370 203 193 237 503 
602 837 582 237 18 520 906 224 470 231 970 973 
780 900 262 462 682 899 275 623 263 448 804 57 482 407 958 715 92 
625 149 345 746 564 899 382 484 385 348 235 
146 400 943 565 368 705 889 952 968 566 288 712 753 597 950 823 126 264 65 387 626 774 398 292 556 487 262 63 
646 868 710 526 252 426 678 899 174 970 727 945 185 211 111 
26 353 269 607 854 251 522 351 316 750 394 476 197 885 379 15 549 91 319 930 869 369 602 442 954 295 606 400 815 456 485 2 84 145 167 785 943 
652 144 417 628 810 232 592 676 638 869 619 773 4 532 929 767 285 832 301 748 984 807 351 506 951 
32 220 491 463 821 915 696 801 233 89 802 145 865 506 907 820 950 778 214 929 256 921 404 159 59 496 
165 855 946 364 530 672 714 457 383 207 780 689 849 
254 650 825 793 576 606 724 735 300 156 679 885 86 821 514 64 470 
530 553 145 106 897 816 382 400 321 28 893 25 24 639 112 805 265 174 97 419 171 943 38 595 
426 721 921 592 486 137 99 704 500 735 
588 575 718 158 861 938 548 477 419 361 
241 590 735 389 60 878 837 800 5 897 742 450 186 289 521 
552 18 371 673 122 965 582 290 471 726 328 384 358 289 657 337 695 118 370 
