1000 9766 0
18 495 552 571 581 694 720 737 29 45 126 271 282 384 387 397 414 451 675 708 739 740 818 843 961 965 973 974 
449 639 651 247 407 408 410 433 605 699 908 
48 473 716 807 913 945 7 99 266 277 281 342 500 653 711 735 749 899 973 976 
13 395 576 650 808 939 33 91 116 209 248 352 486 499 550 884 888 919 979 980 
10 33 49 204 263 330 355 382 530 664 816 897 910 973 9 22 44 54 193 206 216 362 368 406 416 418 426 466 481 483 492 540 545 603 645 701 703 761 822 827 835 866 878 905 926 983 989 992 
213 849 880 40 99 179 228 346 376 521 600 903 
31 129 234 271 615 791 3 15 71 199 203 413 431 541 568 645 685 826 
172 320 531 578 845 45 46 66 115 259 353 518 542 643 922 933 949 983 993 
67 171 259 319 490 511 517 589 622 652 965 5 54 72 150 274 316 324 379 408 503 525 542 597 603 637 673 674 740 757 819 830 881 934 954 971 997 
5 33 49 145 192 382 439 443 553 897 910 973 57 60 81 105 139 151 174 293 337 356 385 470 474 507 531 581 588 623 792 796 886 898 911 928 988 991 
454 536 582 18 55 187 271 294 485 520 565 
158 371 457 785 171 192 257 274 315 326 486 682 755 819 897 
4 46 54 477 521 535 576 678 31 77 100 180 213 260 300 560 571 580 589 616 643 745 859 898 906 922 935 968 992 
18 175 442 833 26 293 447 528 609 696 802 825 952 986 998 
41 108 329 341 446 475 766 7 54 99 323 350 395 518 622 627 651 653 671 706 755 776 819 867 895 
156 404 708 823 99 142 459 486 549 662 828 844 853 880 
70 132 325 869 33 119 383 392 546 790 804 
14 1 23 70 116 348 378 778 836 888 11 30 52 85 159 169 181 230 257 271 350 360 366 400 408 464 624 662 684 749 803 923 951 979 
556 613 901 141 287 299 339 368 582 793 
156 227 755 270 383 397 408 689 715 748 971 
251 294 316 353 221 279 521 585 740 826 885 
60 364 403 404 508 670 823 930 5 26 56 80 160 217 278 449 451 489 628 750 773 800 841 935 961 965 987 999 
18 137 199 235 673 789 60 320 448 589 615 631 644 714 715 872 881 893 900 923 
205 241 284 360 437 484 590 735 28 38 42 64 84 259 261 407 422 481 489 605 643 676 688 739 750 773 805 904 921 
54 400 939 75 268 349 599 639 778 873 981 
316 386 435 507 541 696 795 821 948 14 22 49 65 67 101 228 230 242 325 360 465 483 535 642 757 786 822 836 852 880 885 944 971 
51 155 211 299 754 757 73 94 130 184 247 324 469 477 514 526 559 768 895 982 
780 901 950 24 94 149 174 541 659 697 
108 139 151 329 341 446 805 1 228 237 250 284 288 328 408 423 466 489 497 575 759 819 829 901 
168 250 317 570 727 780 18 137 149 150 316 378 541 729 894 915 935 947 984 1000 
7 285 324 764 867 13 134 265 280 296 312 329 367 389 494 549 612 678 992 
401 491 607 756 821 120 134 230 324 400 406 540 755 888 904 943 944 965 978 
10 5 145 187 243 352 407 440 664 910 959 973 4 17 40 70 81 89 112 317 419 502 516 565 579 606 615 622 640 650 676 681 706 764 767 854 888 929 965 984 999 
147 252 859 111 222 231 465 613 744 825 958 
222 575 660 717 37 99 246 275 499 569 615 887 897 971 
324 464 704 54 87 304 445 577 737 830 
152 159 213 221 381 689 703 743 893 35 63 76 142 150 164 256 305 355 392 410 485 531 619 664 681 711 808 934 958 1000 
585 623 810 962 24 64 103 159 235 329 339 395 449 656 
629 899 915 149 293 407 580 589 695 705 760 864 895 
200 212 375 385 422 599 662 669 912 33 6 52 108 151 186 245 351 368 393 442 514 604 642 703 823 882 885 901 950 975 
15 108 397 94 99 122 183 442 670 694 801 831 921 
403 528 823 840 970 24 69 84 106 198 349 350 422 451 658 729 781 875 904 
237 420 992 382 464 489 527 598 641 715 
373 508 879 5 143 185 568 687 928 949 
190 503 565 715 731 1 8 64 284 387 476 495 538 546 603 654 679 827 926 
13 161 323 650 8 67 241 331 378 472 666 676 881 930 968 
59 361 536 566 663 114 120 145 155 190 196 217 396 397 554 794 870 888 938 
3 261 379 832 209 258 518 527 530 684 755 
10 5 77 801 26 64 159 327 441 464 504 506 686 743 802 823 
196 538 835 232 298 439 478 520 521 600 677 869 
27 197 379 174 183 273 318 407 682 683 
315 377 452 586 613 642 682 900 969 987 40 18 62 122 163 178 241 269 275 292 321 349 353 422 481 545 595 603 720 757 812 864 934 954 956 
209 745 791 911 178 311 320 461 472 681 893 
13 25 179 190 287 447 477 521 565 648 678 822 952 989 15 36 5 9 65 89 94 260 320 349 418 430 432 445 471 519 558 561 624 638 644 684 710 720 749 754 772 775 813 836 901 927 970 977 993 
99 172 320 546 723 827 11 67 145 286 474 486 556 651 732 765 823 865 888 896 935 
234 500 518 22 119 360 413 449 455 550 699 744 915 
319 370 417 622 761 906 965 979 10 76 95 271 325 391 489 534 577 650 680 806 881 905 907 910 914 991 993 
109 373 466 708 68 119 205 222 348 388 448 580 782 950 964 
47 111 218 383 498 504 658 690 724 76 260 336 404 416 452 499 524 546 578 710 748 787 790 811 815 930 939 
22 156 403 488 670 755 840 858 10 23 224 320 352 384 421 433 462 532 615 661 812 846 880 899 923 939 943 975 979 
149 791 813 867 178 235 240 391 542 607 651 696 709 734 807 
258 565 576 52 104 149 350 351 639 801 882 888 
283 378 514 581 673 748 836 888 37 79 164 242 247 272 319 650 670 757 788 827 828 873 926 948 961 962 993 
122 157 335 339 499 673 676 697 751 785 1000 49 45 38 24 91 125 211 238 254 347 432 435 467 482 569 589 597 703 707 761 818 819 864 943 956 961 966 
156 406 863 54 26 278 654 688 713 748 847 878 
310 489 614 835 853 8 129 205 218 267 274 334 340 650 704 718 817 913 
9 237 259 273 517 592 635 772 839 46 55 26 160 187 250 255 260 323 399 427 481 482 491 496 610 617 636 710 747 752 845 969 995 
317 388 727 798 58 218 224 237 290 391 499 565 807 808 906 936 
537 567 656 42 117 274 351 358 380 745 814 
17 18 94 127 339 442 577 620 653 673 748 751 869 954 33 86 124 153 272 324 341 395 424 430 441 489 493 503 574 606 660 682 726 773 782 819 834 849 875 891 899 912 952 994 
578 841 870 7 92 185 223 799 828 930 965 
205 350 360 376 9 162 200 324 427 722 737 
419 876 967 27 178 732 767 864 905 949 
281 468 521 939 943 149 212 220 345 362 384 494 512 606 723 834 922 950 992 
296 409 611 773 25 232 364 408 421 532 574 585 687 742 972 989 
98 325 398 610 620 904 37 57 59 77 188 217 254 623 647 743 806 867 868 918 972 996 
49 106 145 530 925 996 76 13 256 306 441 507 515 539 569 570 583 673 891 944 
590 734 804 111 316 565 570 670 856 912 983 994 
228 297 322 617 845 63 113 168 234 257 260 420 513 619 676 698 773 970 
101 338 972 22 193 242 254 339 364 467 491 593 
209 210 764 33 10 159 163 282 563 652 817 916 983 
246 383 658 837 167 228 243 288 583 752 810 825 903 941 951 
348 580 697 789 869 888 904 97 108 258 260 333 390 437 454 598 606 674 727 763 812 896 936 969 970 
168 408 483 555 759 969 42 24 99 136 139 162 252 313 338 544 627 738 804 820 976 
521 730 799 18 200 286 456 511 525 673 930 
193 274 500 591 633 70 119 130 180 287 325 326 457 506 657 725 883 888 973 
326 467 494 693 873 36 111 127 197 211 349 371 391 393 407 423 780 836 869 
99 148 228 184 289 347 360 393 458 806 896 943 
298 412 548 623 726 906 33 54 111 234 243 257 294 315 324 361 398 518 590 705 722 724 
548 630 962 157 174 201 235 387 539 721 851 856 922 
356 377 388 462 478 554 556 675 798 950 64 4 96 145 232 263 330 350 351 441 484 501 565 567 577 654 666 728 732 768 849 914 934 964 
114 211 981 985 71 280 383 489 502 597 615 629 817 859 912 
104 241 603 147 368 495 580 688 709 946 
70 122 141 201 349 442 495 499 552 811 836 905 54 28 41 27 106 159 209 224 256 341 381 385 414 426 489 516 604 606 638 670 702 740 764 800 812 827 890 921 928 939 997 
194 567 639 687 57 247 277 338 367 377 443 893 943 955 989 
546 569 841 91 104 195 319 623 678 752 817 885 
131 163 890 891 945 83 157 184 225 361 383 658 670 673 836 844 975 
76 112 620 165 167 285 477 528 582 629 893 931 952 
88 55 148 231 233 300 546 569 617 636 744 831 41 16 3 6 35 84 15 171 212 236 247 319 358 361 417 426 474 508 619 713 715 766 806 842 873 906 935 976 
256 303 536 829 974 13 108 280 320 388 451 464 474 702 791 824 928 954 
80 328 872 26 439 456 465 808 821 838 935 
114 410 465 268 282 368 422 501 531 567 904 948 
219 292 449 594 769 958 38 156 190 291 481 548 572 580 781 835 941 943 
93 484 735 747 62 96 271 275 353 623 866 
369 408 462 10 326 490 542 603 681 855 958 964 
77 192 330 659 42 94 126 137 227 442 480 546 745 970 
338 423 966 230 259 352 462 562 613 763 767 992 
41 15 29 139 341 397 572 766 805 83 100 40 247 270 339 355 378 401 404 459 485 639 722 725 737 755 799 888 926 993 
58 188 528 840 412 453 461 479 539 642 763 
408 742 950 236 402 562 617 678 706 958 
59 246 257 383 519 611 655 658 714 955 87 89 78 34 120 156 193 265 352 359 375 412 436 442 470 538 623 632 694 826 832 851 879 958 960 961 
98 737 954 33 128 224 417 650 852 946 
566 582 714 79 201 377 441 589 768 868 901 915 
102 92 211 293 299 465 474 779 890 47 256 283 298 327 358 398 419 440 469 556 580 615 623 653 783 787 829 849 878 930 952 976 996 
241 311 360 414 461 603 8 410 438 445 501 530 564 696 714 807 971 
18 495 697 4 276 358 417 521 679 897 
184 203 402 419 701 69 131 204 325 334 370 405 409 467 673 752 831 874 955 
159 381 942 137 158 197 289 576 586 943 981 
150 292 340 391 631 639 762 949 958 17 86 56 58 141 164 260 284 290 454 476 483 490 505 601 732 752 870 910 912 944 951 959 966 
154 176 254 400 565 824 843 939 943 111 32 47 182 205 211 216 234 248 445 497 507 508 552 600 660 709 716 717 723 756 763 876 981 
383 606 919 210 417 573 693 756 782 815 864 
94 64 524 954 968 52 41 134 224 252 311 646 735 742 794 827 893 
636 681 831 137 341 371 640 737 786 911 
145 268 916 70 393 542 658 775 817 849 894 
291 313 404 544 573 670 732 740 930 64 135 225 248 293 369 394 399 428 448 517 602 622 653 697 856 872 935 993 
163 167 293 441 814 947 1 106 222 246 248 325 450 498 598 618 688 728 897 929 949 954 
70 325 673 87 567 687 735 827 891 963 
451 746 818 112 160 374 414 482 568 632 646 800 
7 177 285 345 66 349 372 467 520 563 954 
435 523 607 629 696 756 27 86 131 320 378 404 411 451 477 578 833 856 
97 163 211 410 547 644 779 803 832 913 977 117 130 176 185 196 207 216 222 230 237 260 272 315 349 351 361 364 406 442 594 629 718 734 770 926 940 958 978 
17 934 935 337 370 447 487 582 678 732 743 806 926 
471 749 922 970 172 199 353 393 682 788 888 
315 638 712 783 32 122 31 145 159 185 302 449 705 869 
269 316 795 812 125 379 485 604 662 668 689 789 885 973 
368 678 989 84 260 438 580 605 664 686 732 893 922 
23 174 199 235 550 620 694 789 869 929 123 118 30 106 183 250 334 366 430 435 467 489 589 655 658 698 730 739 754 757 825 864 952 985 993 
216 750 899 308 311 355 511 557 747 760 805 830 881 
29 108 430 707 805 908 10 84 150 222 293 299 320 382 504 550 684 873 922 969 
405 474 891 158 392 404 552 744 784 952 
94 235 581 836 888 119 19 296 462 493 650 701 716 753 854 933 945 
777 924 951 37 16 162 189 351 613 644 694 893 993 
431 693 873 941 44 227 426 569 759 789 869 877 943 965 
298 600 628 733 761 859 878 200 256 257 280 382 419 580 631 682 712 719 721 722 744 782 908 954 957 
33 10 77 124 153 268 352 359 382 407 856 959 134 47 91 55 232 261 300 341 364 384 390 391 425 429 517 534 581 588 629 646 653 678 752 762 788 836 864 893 914 965 
272 565 730 820 843 150 165 167 174 200 231 301 545 550 685 786 920 
34 232 319 512 810 906 961 93 287 308 313 362 411 460 491 522 567 620 716 767 786 871 948 953 969 
99 88 617 319 347 376 464 752 804 849 
61 290 358 464 615 625 649 680 764 767 776 903 39 30 74 62 28 184 229 303 349 530 574 581 584 660 666 673 679 696 700 710 799 827 850 899 916 945 947 963 
119 312 393 449 594 684 958 37 139 30 146 9 217 220 338 479 637 650 676 810 819 860 899 951 
29 329 624 766 40 10 270 380 471 509 610 699 735 921 982 
37 703 893 199 307 359 387 402 472 486 
145 187 996 70 184 226 270 507 540 574 590 723 
120 535 820 921 943 184 345 370 517 682 703 725 803 814 857 878 961 
27 677 807 913 47 157 658 745 900 990 1000 
65 20 60 16 180 466 488 573 755 111 103 237 275 278 297 325 398 416 463 558 569 623 692 733 843 887 980 
64 349 399 577 155 90 97 479 523 644 662 667 677 926 
12 201 495 550 571 581 836 118 140 194 260 319 323 429 450 503 570 626 699 759 854 889 893 899 906 983 
37 118 367 433 502 689 703 739 849 862 893 942 81 38 134 18 94 49 259 271 274 287 291 308 364 391 419 489 522 610 655 678 682 696 728 835 844 852 881 886 
348 697 811 938 67 22 128 272 587 658 670 
46 323 374 184 271 391 681 728 878 885 
639 651 958 72 84 142 189 246 274 691 750 865 
131 97 126 293 441 474 754 81 52 236 272 378 406 506 524 595 682 700 848 856 873 942 982 987 
261 286 293 474 547 644 716 814 119 63 37 239 246 260 288 300 364 382 531 557 663 704 717 774 783 829 863 896 899 
234 764 984 98 146 302 415 452 692 837 
320 515 617 266 408 456 710 745 820 942 
126 379 482 520 644 754 852 146 98 82 180 190 207 255 280 438 480 483 535 623 657 668 848 988 
30 84 317 377 621 634 742 901 950 79 207 215 251 254 349 376 395 471 494 526 532 597 603 626 627 697 699 794 821 910 968 993 
475 765 805 908 18 226 237 268 359 366 453 704 827 953 
175 540 869 929 187 211 233 422 483 545 604 661 820 897 947 993 
9 417 501 600 761 810 839 12 99 209 233 321 347 382 444 445 529 560 561 682 689 696 791 891 904 950 
55 8 815 133 280 328 514 530 750 797 859 889 
412 511 878 187 250 317 321 379 739 745 791 819 
137 283 540 580 694 811 929 10 90 146 28 51 187 288 379 390 500 582 729 742 753 845 891 895 900 933 
170 14 459 248 324 337 406 428 482 680 826 946 
120 481 667 741 825 131 183 203 213 240 404 485 631 660 723 965 971 
129 902 984 237 482 492 533 549 644 714 943 973 
569 723 892 53 52 61 73 253 338 363 562 587 630 
54 334 368 6 255 356 370 410 421 988 
156 206 227 295 427 534 809 823 879 922 86 167 13 214 340 501 580 619 629 637 678 733 737 744 747 752 780 806 867 869 897 900 901 910 
187 288 352 439 897 18 211 234 535 546 561 565 577 913 
351 491 750 846 120 185 358 364 446 824 874 
207 222 575 588 646 718 819 176 137 51 41 238 265 316 391 449 479 573 600 602 820 822 835 875 897 
117 185 277 419 532 698 701 706 719 154 88 161 149 97 153 27 201 368 392 400 471 517 523 559 580 675 871 889 965 974 
184 247 277 419 485 532 563 701 706 963 967 182 71 131 134 44 226 267 317 379 465 503 530 611 617 649 676 681 843 883 899 906 923 932 947 975 993 
381 849 862 40 259 487 489 529 580 710 803 869 899 
181 153 33 355 382 557 664 976 174 170 173 67 11 369 400 404 510 512 514 592 709 728 750 784 819 827 841 952 968 
109 404 466 506 534 670 76 219 220 260 308 320 382 447 681 682 739 836 889 955 
404 508 970 162 142 272 390 561 603 754 965 
54 45 395 650 953 995 47 103 167 211 250 347 515 537 670 707 765 909 
318 320 487 531 681 264 351 368 375 465 593 614 757 799 808 825 849 
106 10 856 12 369 497 614 628 754 773 
86 306 345 745 776 80 5 111 214 368 380 505 546 612 653 771 905 921 
95 275 639 666 158 248 261 295 443 459 474 866 869 982 
303 362 837 96 277 290 394 567 672 769 789 922 
50 489 702 835 872 881 966 47 131 228 259 308 320 419 441 467 535 570 615 629 756 896 929 970 977 
51 410 891 909 118 87 225 314 374 382 412 567 669 794 
496 874 984 42 435 455 629 638 639 962 
23 137 378 581 673 811 861 7 133 152 241 274 380 393 504 533 688 700 706 832 842 893 910 955 
40 392 451 539 561 818 873 912 85 72 146 144 215 285 299 312 356 360 370 471 590 667 775 808 864 963 987 
158 94 459 552 833 869 1000 90 184 113 237 246 270 383 523 537 559 602 660 682 709 848 893 969 
240 470 669 324 360 465 563 585 615 782 845 982 
117 247 277 419 485 963 176 7 287 344 398 407 447 470 549 592 613 766 810 830 857 864 981 
5 557 856 117 220 259 305 309 435 477 617 812 
72 24 735 747 66 58 120 225 422 479 511 543 613 652 772 
180 403 708 755 840 5 224 311 322 481 515 535 705 709 772 788 893 
183 526 763 167 168 131 332 582 927 961 991 
237 584 695 209 227 378 406 580 607 987 
53 81 274 345 424 450 559 619 791 867 94 171 208 4 48 219 223 231 265 366 443 516 550 565 567 574 705 754 755 756 808 864 866 
81 234 551 121 242 319 346 487 549 578 836 879 913 
92 114 131 27 293 299 641 644 716 807 937 120 181 170 64 87 190 256 271 361 371 375 387 395 459 489 549 565 579 655 665 671 681 691 742 794 901 952 958 
40 422 467 647 74 99 246 308 317 320 488 546 836 847 969 981 
6 37 703 176 13 474 521 735 793 828 831 
391 449 958 180 193 377 426 705 813 920 971 
226 387 709 964 168 200 277 318 355 508 655 804 816 987 
138 316 507 5 131 120 219 233 406 531 563 811 970 
324 358 418 509 615 902 22 150 47 76 329 389 479 521 537 553 653 737 805 830 834 835 
59 270 296 568 582 663 66 68 235 402 489 597 612 651 660 800 820 850 892 918 954 
103 292 307 216 188 209 531 593 679 680 722 793 
302 401 491 541 674 750 812 188 74 204 150 282 422 504 506 539 619 693 718 852 893 922 927 997 
37 416 871 21 277 328 696 741 800 869 
35 183 526 646 770 806 34 126 139 131 58 323 449 471 594 595 706 749 848 867 
244 535 688 209 71 478 550 594 737 806 838 967 
367 416 654 689 703 743 849 893 68 60 94 206 112 122 275 291 391 455 459 503 523 612 757 773 858 890 939 994 
268 359 816 973 197 205 125 97 317 427 436 578 709 871 994 
215 597 828 864 185 153 169 316 422 477 502 574 615 650 958 
180 20 506 573 208 106 143 254 480 489 527 761 773 785 945 
88 79 300 318 681 794 827 82 26 29 6 196 234 277 509 612 634 646 707 781 876 893 950 974 989 
300 617 681 794 827 841 149 348 381 419 508 523 543 599 619 676 725 823 890 922 991 
260 357 561 685 873 895 107 131 32 26 18 238 248 256 407 449 501 639 666 712 826 901 952 
99 569 574 617 723 744 870 209 146 34 283 296 399 521 542 545 560 664 674 731 777 846 914 921 939 
147 298 490 589 761 810 961 965 91 75 50 145 376 415 560 616 670 688 703 781 805 831 837 846 848 894 947 948 
99 723 827 860 216 170 171 348 379 400 415 691 812 952 979 
56 7 210 165 274 513 601 615 729 768 903 911 79 181 228 89 120 240 344 362 365 410 434 441 459 510 515 579 657 688 695 697 752 765 785 786 824 938 949 959 966 971 973 
141 137 23 325 354 399 550 637 833 866 888 935 938 38 90 61 218 238 285 390 404 412 426 428 452 500 532 535 543 587 646 652 696 703 724 725 728 780 818 864 917 924 945 965 966 973 
385 451 746 99 163 110 247 333 546 808 938 960 
43 67 208 319 511 585 592 652 726 733 847 878 979 169 29 68 201 156 131 177 257 293 352 375 477 495 567 613 620 633 661 688 725 764 806 868 882 894 895 901 910 925 930 943 956 977 
319 859 878 183 230 235 64 377 472 551 574 853 
263 664 816 910 164 323 378 539 541 687 759 873 895 927 932 951 
202 260 326 385 873 234 176 61 304 349 437 531 607 713 803 806 985 
115 24 93 284 308 350 360 365 590 603 735 804 46 52 199 268 271 317 419 443 507 531 547 571 578 584 621 638 647 657 666 667 669 681 682 685 730 785 853 869 949 990 
516 632 712 783 987 63 80 210 26 398 476 490 527 587 600 939 968 
33 884 973 82 89 426 474 508 769 930 969 
223 565 678 345 352 358 518 599 642 860 
430 624 805 40 333 360 390 820 837 877 979 
82 111 256 362 409 456 658 837 162 164 212 201 35 126 262 294 341 411 419 467 521 624 681 774 839 844 880 901 942 
203 185 419 532 698 725 876 2 236 99 108 95 27 63 257 380 448 540 638 702 703 708 785 827 921 925 
314 351 394 463 523 657 854 993 120 126 125 230 194 175 4 378 436 461 495 579 596 684 687 701 852 934 963 
617 681 834 491 545 570 593 746 874 945 
30 384 478 479 549 742 774 137 190 173 67 29 277 298 310 351 393 411 420 498 704 735 819 907 929 935 
21 353 846 940 168 257 312 360 418 498 664 745 786 989 
34 273 979 84 122 758 832 939 958 993 
473 887 945 178 362 367 710 728 845 849 925 999 
120 321 400 477 542 583 793 848 921 951 227 80 168 76 64 259 283 343 357 392 443 518 567 588 620 697 701 702 712 736 760 771 789 811 839 
646 844 868 179 67 167 356 362 501 550 782 
246 100 773 781 114 94 77 144 37 211 230 607 717 737 758 
111 362 383 587 602 775 896 79 18 237 89 12 247 144 251 260 314 368 381 503 735 736 840 911 
62 477 535 667 83 48 353 689 711 785 804 839 854 881 957 
9 67 370 623 695 878 965 979 186 107 196 159 24 204 8 254 300 395 397 495 521 631 698 709 794 796 817 837 
240 230 392 422 605 802 873 895 164 257 188 59 131 136 83 119 54 67 158 79 13 349 419 462 506 515 526 676 677 
164 48 786 145 194 24 565 653 736 910 961 
366 661 926 246 313 495 506 681 740 920 
239 5 415 91 350 358 366 636 833 906 911 955 
279 465 510 985 191 291 334 346 552 631 687 727 926 942 
387 709 752 31 183 209 111 361 514 757 848 985 995 
287 667 921 166 3 318 506 571 607 747 923 992 
640 662 873 185 66 362 448 623 697 821 
145 225 124 407 664 897 973 169 25 241 102 329 398 428 520 684 730 742 758 762 789 848 958 989 
135 351 899 52 295 339 442 532 552 737 
218 296 658 927 108 20 201 151 153 537 619 653 736 742 761 
7 418 529 595 596 764 813 857 903 957 984 988 211 57 18 1 241 11 159 104 161 284 373 435 478 519 541 582 587 641 644 650 681 731 754 773 789 798 854 864 870 
146 287 305 368 583 784 825 932 953 189 70 160 163 131 63 370 380 423 538 581 620 660 673 709 714 733 815 849 859 899 996 
67 252 859 961 51 324 332 666 854 966 993 
234 86 209 285 324 559 625 813 159 199 12 66 69 162 9 277 413 422 475 478 542 552 570 592 796 826 843 958 
194 307 631 156 104 224 35 52 351 479 502 601 759 
327 395 503 116 348 475 506 766 801 915 
203 184 185 402 419 485 532 563 701 706 725 876 195 250 274 215 95 228 221 3 281 306 319 335 359 427 446 516 530 617 619 643 646 663 750 790 828 885 929 943 
491 523 875 65 156 22 370 459 516 573 858 
264 445 832 21 367 569 755 796 815 908 
696 850 993 172 167 100 31 144 92 318 685 770 804 
74 542 705 824 3 277 303 370 389 412 485 514 804 856 858 
321 650 782 81 102 220 1 653 849 909 
174 63 442 653 114 231 254 302 531 669 745 779 807 810 930 
24 241 308 747 804 931 271 45 29 119 339 368 465 468 554 682 729 755 843 853 896 951 
274 129 31 518 591 615 619 911 984 235 98 200 293 336 352 357 455 498 542 544 546 581 612 692 709 788 817 904 928 939 
164 807 909 937 85 55 418 436 539 580 597 607 658 862 989 
266 272 54 447 565 648 678 203 19 86 159 147 293 326 428 444 495 661 663 687 737 821 857 926 962 968 
181 330 440 973 82 164 29 174 404 413 673 725 808 907 935 
625 745 792 88 118 365 473 528 642 966 
149 595 768 68 119 195 383 542 781 806 807 
125 295 920 159 103 224 264 358 639 929 
103 119 219 567 639 933 949 975 52 297 344 490 535 577 593 597 617 657 721 744 752 882 893 901 919 922 984 
164 114 211 126 163 299 716 779 807 894 981 10 39 14 285 237 125 139 287 302 317 340 380 442 481 601 607 646 657 668 718 730 744 761 825 869 900 939 943 
21 316 448 523 607 812 854 993 11 89 246 368 378 391 439 535 581 597 681 688 709 742 834 896 916 922 996 
291 180 732 740 269 194 316 516 678 687 783 811 873 937 
75 270 218 231 141 31 365 411 684 757 764 812 
79 320 531 574 744 156 292 391 395 442 484 552 624 675 702 876 921 924 976 
89 232 144 979 50 250 114 316 320 328 431 539 620 631 912 985 
293 27 211 114 525 887 139 200 19 308 363 459 475 489 503 638 664 744 867 899 948 957 
228 229 99 497 845 164 13 145 259 310 726 772 786 795 
318 320 681 827 146 383 427 464 477 496 594 608 639 715 731 949 
220 351 696 134 165 293 283 322 827 950 
195 100 797 149 281 320 321 434 620 651 761 810 926 
428 852 894 240 36 340 485 552 639 667 893 
272 426 688 37 204 665 687 806 812 859 
193 358 595 649 728 911 923 946 77 277 465 477 479 491 580 581 605 676 705 708 718 722 740 750 840 864 982 998 
219 275 391 949 152 309 318 370 381 550 559 603 606 625 680 816 
284 241 311 360 484 735 747 138 159 147 212 188 299 196 316 319 392 404 469 508 522 542 585 831 902 
503 542 777 307 204 333 448 756 807 961 965 
66 489 966 300 250 358 521 556 581 774 795 930 
115 308 603 206 122 138 53 446 576 596 
150 340 631 31 251 200 452 865 917 967 
125 506 508 670 262 147 84 550 634 653 685 877 938 946 
248 435 491 607 197 257 543 550 675 737 807 
134 52 570 661 682 969 12 131 89 360 511 597 640 705 856 895 913 993 
26 135 21 216 294 435 607 696 993 226 9 295 78 183 30 308 298 319 418 461 472 613 623 648 678 713 763 804 818 858 889 970 
168 68 30 366 478 516 634 638 798 173 185 293 241 33 212 225 386 427 443 504 522 565 653 689 703 865 885 905 914 951 980 
301 191 228 831 266 51 307 215 280 635 691 731 807 846 963 974 
9 147 237 238 57 589 592 622 623 885 308 210 148 99 63 96 316 158 277 321 366 368 403 419 466 491 556 610 649 655 728 766 779 782 790 921 
301 55 8 191 297 166 487 531 574 681 794 827 298 60 54 53 130 139 196 212 100 188 303 23 321 380 402 463 493 561 673 682 749 784 791 800 878 907 950 961 973 
254 282 648 320 319 171 52 173 303 631 687 722 791 
79 531 546 206 302 339 506 511 633 700 775 981 
161 46 481 15 67 222 239 158 572 694 819 
217 274 31 36 518 680 745 764 791 903 911 175 202 70 273 9 32 72 27 89 370 392 444 447 521 542 613 627 638 655 665 737 744 763 804 819 873 
235 127 17 76 378 580 610 653 935 126 117 156 26 57 86 344 408 432 444 467 518 539 546 549 559 646 717 727 790 820 858 958 996 
240 87 357 422 561 693 12 105 86 287 354 403 415 418 537 560 565 718 723 804 820 968 1000 
276 368 503 505 114 49 639 695 736 864 934 965 984 996 
101 489 614 699 835 298 172 221 29 403 434 506 509 739 744 953 995 
15 29 151 446 572 268 31 217 38 330 481 558 718 758 806 840 899 943 
106 288 5 91 329 370 419 459 776 818 862 900 
709 864 865 46 400 450 629 688 733 800 
550 580 722 273 207 530 570 880 973 996 
579 655 830 236 309 245 83 479 564 598 
179 368 650 264 117 137 66 464 550 869 
64 349 817 277 390 458 523 589 745 763 780 939 
449 492 567 631 639 651 285 59 458 507 530 569 629 673 689 695 725 752 791 850 952 965 
429 784 889 921 952 175 132 10 415 472 502 518 710 805 821 911 981 985 
80 107 699 881 966 178 84 150 95 507 709 748 818 832 860 973 
64 70 514 581 737 748 796 888 108 80 269 284 38 19 322 364 486 488 538 583 607 652 696 744 757 832 926 955 979 
119 312 393 567 687 66 293 304 180 362 471 552 650 680 723 740 754 869 948 
15 29 108 624 765 123 246 70 94 145 404 585 615 629 705 714 772 842 
426 503 907 921 3 506 523 616 651 860 977 
739 849 980 254 506 521 528 532 541 859 968 984 
702 835 881 292 325 203 234 348 514 579 680 719 849 
209 129 193 500 154 74 244 415 463 467 548 588 592 670 712 854 
467 605 612 647 210 264 6 358 442 495 572 650 726 840 929 992 
560 710 998 64 190 171 88 148 364 565 739 786 896 
83 18 160 371 552 778 58 344 229 276 233 353 362 404 491 594 742 800 813 849 879 903 988 
157 335 94 550 580 637 653 694 737 789 869 929 971 982 54 52 42 240 131 260 25 129 87 168 149 400 403 428 431 474 510 573 576 597 607 634 643 681 740 787 813 848 886 900 910 919 944 965 995 
72 241 365 376 590 603 263 18 42 62 15 91 371 380 410 496 556 569 748 755 862 916 984 
269 182 248 302 353 448 607 711 812 821 899 250 91 191 142 69 275 131 62 40 387 462 472 494 498 509 576 603 643 650 680 685 731 758 817 837 966 
145 181 33 382 616 976 4 285 237 111 244 60 107 386 420 504 605 646 709 852 887 915 960 
351 21 251 629 711 348 8 104 258 52 133 378 589 617 726 780 992 
235 457 620 326 365 385 517 533 612 950 
187 5 382 443 37 215 108 138 385 426 550 679 723 737 745 
91 408 479 549 10 200 179 255 412 442 576 812 825 869 930 963 
326 230 431 467 285 254 404 408 458 468 607 623 676 744 872 919 
217 149 306 432 450 686 728 946 994 244 116 346 99 291 114 182 263 69 310 364 387 409 578 650 670 710 825 829 
225 145 910 169 111 277 152 460 520 536 810 918 
24 241 115 308 72 376 484 590 747 771 804 26 202 245 56 200 18 88 251 315 377 440 446 580 621 631 664 697 714 751 800 809 839 857 887 894 971 982 989 
47 390 504 582 781 829 955 97 265 89 131 211 99 402 462 468 478 545 605 653 715 728 778 861 903 921 
195 257 246 498 658 773 775 830 267 340 253 255 5 234 147 348 74 391 393 507 644 769 844 872 873 888 938 
369 675 969 299 178 379 446 491 600 603 612 619 
22 438 471 506 626 670 823 358 164 347 131 182 80 339 145 159 75 389 392 484 622 665 737 909 960 
241 350 917 289 234 354 296 400 517 618 636 693 
262 317 369 384 452 613 632 774 969 169 18 263 209 137 319 396 520 569 578 606 616 719 772 794 796 810 811 823 888 898 
159 224 880 279 95 31 253 400 629 745 805 879 
179 272 327 334 136 426 477 521 542 650 782 799 808 824 826 284 191 184 257 294 19 5 93 40 319 193 102 387 392 401 410 467 516 551 582 615 625 693 745 746 773 775 810 864 873 941 946 
366 105 363 570 613 675 712 125 187 192 394 508 518 521 532 538 576 671 678 702 720 725 782 819 961 
57 259 412 584 622 623 628 643 810 859 928 992 330 132 272 179 278 307 324 117 154 200 281 419 426 465 534 609 626 648 684 687 701 702 703 745 763 773 897 947 
348 12 499 550 720 211 87 123 350 679 768 791 859 953 
523 821 991 129 486 525 569 691 793 802 999 
44 58 858 863 271 379 634 684 723 837 839 873 940 989 
161 400 565 197 128 378 436 629 897 901 
40 422 431 191 211 237 111 515 576 600 756 808 880 
360 72 350 603 771 999 6 148 168 232 532 631 718 744 878 885 916 984 
91 52 168 516 564 645 682 95 238 360 113 214 421 477 618 636 716 840 843 847 884 954 957 966 
325 199 63 18 495 514 683 968 971 30 294 248 208 353 163 108 130 374 46 239 401 405 460 542 690 832 909 923 928 970 
167 51 48 757 832 913 363 9 135 174 173 233 185 373 503 539 566 606 701 732 926 932 
606 611 724 773 896 350 151 193 69 320 247 272 293 199 637 639 641 650 696 
118 186 37 849 862 307 229 94 257 429 453 517 542 544 615 684 696 813 815 
187 355 352 5 10 145 616 916 171 43 164 144 139 197 188 418 475 545 560 581 584 641 676 714 754 772 893 909 969 
82 59 111 257 121 587 927 974 97 290 20 17 201 301 92 417 423 483 590 639 731 750 844 868 897 947 952 954 
366 250 712 901 60 145 74 1 539 551 604 710 732 825 930 
240 40 236 10 94 354 355 506 558 639 812 949 
26 607 991 317 352 405 497 781 977 985 
265 215 436 597 618 709 828 877 978 358 90 368 211 351 45 1 152 414 473 545 595 603 628 632 677 822 897 916 934 943 
91 68 472 58 100 681 693 779 794 917 
461 734 747 364 217 31 281 422 783 968 
361 579 714 896 955 245 335 189 235 174 145 83 399 629 720 723 828 835 999 
214 307 119 393 631 639 651 656 684 687 958 362 68 87 224 297 183 159 294 61 57 145 161 404 413 500 536 539 580 581 681 758 794 850 868 869 968 981 
200 260 422 467 662 685 873 364 324 17 37 140 184 254 308 368 416 550 637 676 709 888 897 950 987 
391 340 150 631 684 958 88 250 124 199 362 87 133 40 516 678 741 827 864 888 
248 507 991 369 195 125 434 488 569 885 888 995 
190 4 276 458 678 808 822 825 38 297 70 168 15 259 211 491 510 511 538 582 607 664 681 696 723 778 814 844 849 
477 565 688 731 366 47 441 516 617 639 739 778 818 923 983 
41 108 766 1 47 259 20 583 811 839 
76 620 748 869 203 268 156 89 242 114 745 781 818 964 
157 235 495 540 580 683 929 231 67 125 390 450 485 521 551 598 615 695 709 713 786 878 883 909 975 
25 254 120 374 521 542 782 784 788 808 851 907 943 995 184 32 331 187 365 233 367 349 18 404 512 525 550 551 570 577 595 598 600 607 612 709 742 748 770 776 807 831 839 865 873 911 991 
220 32 750 756 948 378 108 368 492 510 543 545 600 670 787 825 896 
117 277 485 532 698 719 152 361 110 218 320 426 450 465 600 650 662 716 873 969 
22 206 42 60 755 326 349 319 328 675 680 827 882 884 
16 22 188 125 189 506 528 809 823 918 922 930 983 357 59 130 391 348 341 235 108 288 308 176 140 400 187 409 495 507 523 524 537 623 660 666 679 741 777 801 834 849 873 953 
140 441 482 786 945 378 386 117 605 654 714 727 772 892 
65 471 488 163 131 208 32 5 216 175 567 715 747 
145 33 268 553 856 897 925 996 203 230 24 39 2 87 51 421 536 625 629 737 738 756 861 873 934 958 969 
105 110 84 356 638 642 926 969 9 325 18 166 29 357 75 20 2 409 471 477 560 576 650 785 786 796 843 870 
75 246 582 896 404 408 358 117 550 556 601 719 791 847 861 892 
197 131 102 465 641 803 887 890 945 2 350 368 179 115 37 234 419 528 620 718 808 824 831 869 897 921 984 
646 819 868 246 250 147 296 130 470 567 
89 370 173 417 490 589 800 885 235 109 356 281 197 111 452 518 615 653 713 721 730 754 764 865 869 905 913 976 984 
497 617 744 288 7 391 274 56 492 535 
115 603 931 1 128 94 387 673 793 906 
263 440 973 337 345 326 165 232 233 723 734 800 852 
224 221 703 743 849 156 5 59 392 418 481 503 525 573 624 627 882 
412 171 57 842 121 112 99 383 116 489 663 740 798 805 
271 217 615 619 791 946 988 54 286 251 326 382 5 416 316 501 573 603 623 638 658 796 872 973 
185 247 117 184 203 277 73 485 532 563 725 967 144 246 319 370 33 229 410 241 330 159 114 196 260 476 580 589 603 619 662 681 688 708 717 735 748 767 804 899 903 946 983 
43 511 810 79 250 352 444 737 852 976 986 
752 828 882 60 179 377 407 75 623 735 791 904 
260 375 40 212 326 392 545 599 605 612 685 886 205 274 102 52 24 170 226 220 42 389 449 452 455 471 481 542 552 611 660 661 701 769 840 869 911 921 946 994 
107 489 614 835 383 29 272 87 441 554 663 810 818 825 963 
209 486 680 686 70 465 581 611 737 752 869 
539 605 609 145 458 542 564 594 744 745 778 995 
368 342 305 481 505 521 565 576 943 5 235 243 214 355 94 143 370 99 402 506 508 529 530 591 603 605 639 747 795 827 923 991 
180 528 918 225 301 72 67 277 317 875 931 971 
304 644 891 125 349 175 287 235 268 712 
337 477 650 145 158 381 547 577 886 929 
139 245 707 908 54 70 137 450 538 583 670 712 761 871 950 
357 375 143 349 298 7 618 678 871 885 919 993 
358 450 728 792 64 325 54 558 565 653 954 
159 502 654 2 60 458 508 510 580 794 922 959 987 
501 859 906 303 234 328 394 508 621 920 
316 26 130 314 453 948 64 137 198 271 204 534 549 580 725 828 954 985 
387 709 864 111 225 286 374 248 652 936 981 
24 603 735 240 83 620 748 816 846 969 
364 508 740 136 115 167 514 521 650 861 
10 181 664 101 294 50 468 633 883 957 
288 33 415 443 816 996 360 114 503 504 535 560 656 787 794 799 806 841 848 909 
405 163 126 482 786 887 91 396 70 423 49 234 77 196 113 492 615 911 917 950 
94 14 283 70 550 620 356 269 41 293 106 111 40 297 131 346 537 672 678 699 787 801 973 
355 440 10 476 194 254 241 95 209 317 464 540 673 685 858 865 
679 758 828 171 420 287 324 325 567 658 
279 510 814 54 120 36 171 115 728 849 
15 329 29 624 766 805 311 363 182 277 360 458 506 536 789 855 932 976 
287 54 576 132 203 14 324 188 567 621 866 
294 351 491 541 629 58 267 309 125 247 23 606 709 759 823 893 906 924 
214 2 103 336 150 567 631 639 666 687 230 222 38 134 56 22 183 422 506 547 586 647 669 690 693 695 753 761 796 834 891 
358 209 432 984 331 399 158 430 126 402 637 675 712 929 931 
128 236 200 599 22 130 42 100 1 521 681 737 859 863 
366 52 632 682 59 312 412 422 235 165 605 697 704 721 836 
435 523 821 169 109 381 633 710 865 883 939 
11 504 606 986 83 119 500 542 640 680 762 776 862 901 971 
516 549 555 987 224 56 198 285 422 491 562 574 765 777 991 
246 582 781 85 166 101 476 561 684 891 926 
354 12 737 934 86 484 561 664 668 710 750 753 828 855 890 918 
395 468 848 446 433 335 336 425 357 88 472 670 
201 175 514 817 869 935 299 108 234 278 211 224 330 16 194 474 518 562 703 891 948 965 
586 632 901 969 359 378 147 546 663 879 997 
115 389 700 248 109 53 316 513 589 817 910 
105 91 783 950 351 60 361 141 260 107 463 575 622 806 966 980 
248 491 507 875 948 991 462 320 156 345 475 514 552 590 608 609 712 778 827 897 942 952 
36 149 509 529 680 768 100 301 49 18 334 148 43 443 477 516 802 806 944 992 
102 410 264 114 510 520 677 786 947 26 306 191 34 424 185 101 402 370 202 284 509 514 529 632 646 672 673 725 817 874 984 
188 156 58 922 5 319 29 582 694 789 991 
87 392 212 346 357 543 545 561 612 662 802 818 944 956 129 117 137 80 64 368 345 246 325 196 479 495 509 528 552 564 578 615 658 675 723 748 761 792 819 832 835 930 935 961 
74 458 521 715 741 808 284 361 439 357 491 526 549 654 661 670 728 
750 812 991 308 27 114 572 620 768 776 829 
202 612 941 203 111 10 411 495 575 630 696 827 
364 406 133 670 732 749 840 858 863 970 222 422 151 184 168 54 408 200 340 521 529 553 554 623 640 641 677 793 829 839 841 883 921 948 
388 478 479 554 661 926 53 337 458 351 152 316 238 46 528 577 716 737 807 818 855 929 
3 253 716 289 387 599 610 812 936 992 
140 163 114 164 786 243 99 55 10 100 349 213 459 194 535 836 959 
15 169 805 463 274 382 299 276 592 680 801 
443 530 553 856 419 119 242 456 45 539 561 716 774 809 
429 13 54 368 258 254 396 790 820 843 943 989 204 27 464 408 301 98 226 377 306 237 130 519 548 592 596 617 629 649 708 710 727 761 813 830 858 873 891 935 940 981 
317 250 472 91 549 361 274 271 50 223 552 660 663 702 859 870 888 965 
250 472 356 742 900 901 926 969 183 109 275 333 157 306 467 217 150 205 546 574 622 679 701 713 832 840 852 894 961 
601 745 903 227 167 106 506 597 673 681 702 712 761 
323 426 176 521 995 206 52 103 422 293 416 5 24 67 329 510 916 
167 405 441 786 128 67 177 175 64 491 549 565 782 969 
84 516 682 774 969 5 170 383 26 167 119 552 617 625 646 692 761 
104 24 308 360 457 297 364 91 505 545 607 639 715 913 
419 402 185 203 277 838 304 11 135 176 281 108 37 399 631 656 689 782 836 935 
424 551 855 4 16 55 339 152 372 12 489 606 722 
191 320 546 681 132 186 210 491 492 545 611 660 795 806 937 992 
156 60 406 508 212 394 339 527 610 680 730 735 736 820 836 888 
423 328 310 66 196 538 668 699 702 835 881 966 972 486 43 186 227 92 299 211 417 137 57 94 29 70 218 22 159 24 514 578 602 620 639 670 703 705 712 745 751 827 831 886 909 961 
232 412 9 242 119 105 292 505 607 669 825 
448 278 182 314 220 32 463 753 795 812 940 991 147 363 306 468 395 348 67 80 319 249 455 487 482 503 560 565 650 667 676 689 693 702 734 739 786 856 896 989 
336 651 769 401 413 177 5 487 441 495 526 748 946 
689 862 893 320 141 70 691 716 765 802 835 
87 746 944 31 351 168 74 791 894 967 
94 158 116 1 399 378 610 869 934 954 1000 237 45 404 492 467 262 346 248 470 287 93 259 518 526 588 646 708 741 742 764 773 821 849 884 894 953 958 
198 680 728 301 67 350 516 711 738 797 973 996 
300 413 531 120 192 386 29 506 706 835 
362 59 606 658 692 898 251 285 351 250 126 550 565 581 642 845 888 947 
94 371 64 737 4 35 68 59 519 623 660 766 795 989 
56 86 345 601 745 174 235 391 3 454 510 605 646 661 673 737 747 811 833 
434 171 623 772 928 115 91 102 230 418 255 180 529 581 673 750 873 943 991 
159 433 739 275 337 92 226 33 528 835 988 
327 309 45 342 276 521 705 822 851 943 989 158 70 185 379 416 491 440 9 224 299 257 518 524 544 545 558 591 601 699 729 754 850 869 891 897 930 936 981 
59 361 454 519 139 49 317 199 440 352 220 807 900 966 
327 426 921 193 490 119 484 510 571 737 840 922 970 
227 313 188 364 404 528 740 749 858 863 922 930 970 449 276 446 49 343 480 322 86 342 262 385 163 260 220 497 328 266 426 526 580 625 629 630 639 679 777 933 955 969 986 989 
463 26 394 216 607 120 336 10 77 404 153 241 338 362 565 615 780 907 
44 313 189 22 438 488 670 749 879 99 229 434 433 308 426 120 243 215 369 516 603 612 623 632 659 716 781 820 864 923 946 987 990 
217 464 767 228 351 467 465 151 328 584 655 674 878 
445 264 465 786 894 981 433 505 500 481 395 349 187 401 234 516 550 737 796 858 875 903 
237 420 173 9 584 138 85 395 205 315 322 525 681 712 740 950 981 
147 517 623 187 74 400 570 670 701 705 773 917 
234 518 791 461 79 613 634 744 794 864 
63 459 378 339 524 527 694 737 888 938 968 281 438 40 27 489 265 172 187 344 465 463 516 576 649 657 724 739 745 753 780 835 838 863 
166 815 892 234 206 375 77 260 190 690 738 836 873 
483 317 455 377 242 564 570 645 661 780 926 950 496 508 94 464 33 393 278 277 514 396 295 510 209 368 546 575 596 635 797 819 878 928 940 968 970 979 
9 67 512 623 842 961 184 154 365 354 145 381 125 540 588 689 710 740 745 766 786 814 845 
513 56 285 324 529 625 633 960 244 48 337 254 15 503 459 89 495 412 8 369 325 546 653 658 798 812 858 910 944 
504 111 655 477 499 54 271 524 952 972 
167 465 852 894 359 11 268 366 50 129 528 545 612 617 823 868 
468 13 74 85 54 426 503 400 368 481 542 688 848 932 997 116 451 310 21 6 50 259 399 324 246 343 217 213 231 369 438 471 546 591 596 623 666 719 723 778 779 807 817 839 856 887 888 930 946 984 
821 940 991 159 317 147 308 697 748 881 921 
130 453 372 294 278 248 404 224 201 335 342 184 157 229 580 743 786 797 840 849 986 
122 514 580 676 748 836 503 519 163 59 404 567 619 667 703 761 791 813 829 868 
299 641 677 754 981 85 9 416 511 400 372 618 628 631 651 883 992 
222 207 575 588 646 718 736 763 806 819 260 495 468 506 492 168 27 650 677 683 685 694 705 709 719 741 773 835 896 939 959 961 964 969 
514 550 673 227 488 48 242 43 605 658 670 754 849 
42 427 404 109 506 740 920 983 410 343 502 472 98 467 14 289 520 596 667 681 757 765 807 845 849 906 950 
518 464 271 615 984 501 471 465 426 186 171 552 620 653 677 897 912 916 1000 
476 77 5 973 976 996 115 149 332 336 277 185 48 426 172 646 723 742 849 955 
322 497 320 297 191 8 546 574 617 681 794 831 841 283 37 102 10 241 164 219 240 216 535 539 548 556 585 634 680 755 797 809 832 835 836 869 874 897 903 910 933 935 969 979 984 990 
402 277 185 184 247 419 706 967 235 75 60 376 369 269 168 343 539 555 589 613 646 670 709 744 907 952 
607 674 850 199 354 177 593 799 804 878 
180 188 930 57 370 145 435 676 807 892 980 
13 258 154 223 650 932 206 294 474 26 413 196 292 181 531 440 167 235 570 747 764 
11 47 100 568 446 391 407 359 539 594 786 
69 594 687 201 442 270 326 217 190 404 577 865 
489 50 702 966 369 272 339 430 111 395 45 569 731 811 
200 425 545 605 612 662 693 912 109 286 379 531 384 536 532 325 298 476 77 391 220 239 90 678 694 715 929 952 969 
170 399 174 443 32 517 247 153 5 764 978 
26 448 220 657 696 271 30 7 239 343 28 672 702 800 807 859 921 986 989 
309 368 254 521 281 400 788 883 921 422 274 324 231 285 425 308 378 454 105 8 290 381 9 124 61 563 582 594 645 869 909 919 
467 609 612 235 205 229 314 401 620 631 758 839 958 
125 732 858 930 285 84 503 381 718 854 965 
539 422 467 647 685 873 956 520 146 52 170 5 231 487 361 382 484 503 249 387 401 733 838 961 989 
487 322 99 55 531 96 578 681 827 325 45 518 521 181 460 17 193 59 212 236 479 106 285 516 580 629 696 734 799 805 816 847 949 
131 164 786 241 449 429 646 818 901 902 903 919 
89 90 965 531 345 103 477 813 836 969 
250 478 455 356 554 774 987 210 435 177 203 325 211 468 31 482 16 704 734 736 993 
527 442 332 371 137 235 158 349 552 580 608 817 139 255 409 313 307 498 314 355 223 209 400 510 146 56 392 334 4 576 607 639 708 734 768 777 780 782 855 867 901 940 991 
486 210 984 400 384 399 368 238 571 581 950 969 
550 1 348 94 201 608 637 748 861 934 467 297 140 304 483 463 264 269 478 422 529 340 120 274 554 569 593 636 687 700 716 777 790 849 857 962 
476 10 407 916 471 217 575 597 832 839 869 896 930 992 
549 91 472 471 284 552 423 47 828 916 973 
84 455 926 532 569 637 660 836 859 893 896 952 
91 19 901 926 319 350 310 409 114 55 531 737 786 888 939 948 
187 204 659 164 138 761 817 885 917 943 
718 770 819 998 432 503 54 385 156 329 642 804 869 946 
209 274 615 307 184 325 27 201 582 774 
347 646 710 787 326 232 13 440 171 491 382 231 408 597 775 950 
326 467 200 230 818 895 171 54 320 476 457 456 181 189 581 678 740 816 861 871 898 937 965 
630 643 961 992 107 455 178 110 459 567 606 613 653 874 902 948 
277 419 185 81 542 216 129 202 628 716 965 
516 377 774 333 467 425 115 581 615 753 806 812 923 
54 396 374 120 45 244 146 287 62 426 691 820 826 848 91 261 507 432 482 181 11 209 498 491 68 326 33 317 78 211 347 575 579 635 689 740 754 771 811 837 847 864 882 904 941 946 986 
113 47 775 379 570 673 695 697 733 787 903 926 
449 336 292 95 340 69 672 687 949 958 406 237 102 562 147 447 444 411 195 91 524 197 254 127 209 661 664 678 792 819 832 955 961 989 
218 536 690 7 128 44 574 880 895 991 
96 99 178 231 681 723 744 827 834 860 279 77 64 336 394 538 35 555 552 366 350 143 372 156 755 758 777 862 863 956 969 
315 516 369 30 621 969 196 566 535 400 78 158 332 77 512 249 274 591 853 949 
158 1 577 673 836 241 266 551 505 13 615 623 636 807 810 857 893 909 
329 108 805 323 346 103 469 641 725 831 
227 156 125 670 738 755 183 416 418 121 278 349 581 588 673 765 856 897 941 974 
231 320 531 297 617 834 479 568 153 226 209 455 149 70 238 75 646 653 833 869 888 896 1000 
526 35 183 646 710 736 763 806 819 462 516 29 565 470 553 617 662 679 731 739 765 782 807 831 841 947 958 1000 
13 62 447 4 426 808 907 408 375 550 118 351 369 349 514 356 311 596 628 803 810 814 841 917 961 
157 70 571 683 722 888 292 91 36 400 472 57 181 429 537 631 635 733 837 842 890 984 
71 8 546 723 744 831 225 358 241 489 59 366 130 467 210 580 630 641 656 888 
390 333 690 797 829 248 344 565 33 234 211 924 961 984 
83 332 174 325 550 524 399 349 608 811 817 866 968 136 208 58 506 93 114 433 578 286 144 103 184 435 419 391 360 180 523 39 306 13 546 186 605 623 646 689 742 752 764 774 793 958 
158 199 141 339 1 63 737 861 935 564 391 573 285 561 306 149 294 498 10 272 382 551 145 310 501 424 595 639 662 687 707 805 961 
409 11 218 361 456 113 466 207 132 368 19 542 271 98 174 559 395 680 754 840 948 982 
272 254 989 77 430 397 339 82 674 746 800 818 827 
511 370 208 509 382 241 149 709 725 739 821 919 
237 38 604 75 531 21 341 308 202 661 812 881 
460 52 661 969 118 449 629 688 755 782 998 
383 257 606 160 235 242 271 178 605 771 798 998 
183 526 646 660 710 806 573 10 495 345 254 517 145 620 628 653 683 827 829 889 907 
412 9 319 232 600 800 965 137 335 13 461 113 64 353 419 532 39 23 606 670 764 786 835 864 895 
78 24 350 360 241 700 804 200 89 463 383 153 640 682 773 776 791 934 970 973 982 
86 285 729 503 570 426 521 620 694 701 866 
237 67 319 761 203 187 477 345 274 475 727 910 933 970 972 999 
897 910 976 191 219 80 249 552 533 292 885 943 
537 103 150 666 684 762 933 542 301 536 425 223 131 222 348 791 868 873 890 920 926 943 969 970 
271 306 290 625 960 52 163 581 222 400 387 639 677 687 702 879 930 
271 615 946 248 516 528 311 477 576 521 794 
387 226 665 671 709 752 828 865 64 315 218 292 560 294 349 92 553 480 9 168 286 617 673 818 820 849 924 958 984 
752 864 964 400 399 43 126 83 333 641 702 740 958 
451 40 422 229 25 473 244 652 806 940 
589 171 144 623 643 965 120 363 400 50 183 402 375 242 401 6 658 673 853 953 
500 234 480 275 503 119 293 409 950 955 
257 658 986 201 489 125 183 640 716 735 888 926 
93 414 241 437 311 376 350 115 735 917 307 426 418 387 105 168 9 351 363 508 45 419 189 5 52 656 658 726 743 776 800 805 836 845 909 988 
585 623 761 170 135 40 384 94 697 750 884 997 
346 539 422 425 260 612 662 669 802 818 886 24 405 136 587 527 352 2 452 426 580 500 361 306 624 629 684 716 742 786 788 790 823 954 
380 498 454 121 587 692 829 919 379 486 74 366 83 307 70 33 448 562 589 94 680 856 861 882 901 902 925 972 981 
32 507 314 316 386 294 130 533 351 750 756 899 484 240 266 256 400 349 490 293 357 395 286 339 550 61 208 608 615 669 697 714 735 740 780 839 862 876 921 944 955 969 
550 580 552 463 301 607 746 887 897 918 
425 543 818 14 463 370 634 699 770 804 
495 76 325 954 473 151 488 319 159 67 641 690 850 896 995 
111 380 75 424 185 422 487 727 752 899 
470 605 467 543 539 422 346 640 895 193 31 285 224 354 363 228 508 218 520 400 626 644 673 717 751 766 859 884 
366 369 52 19 675 682 727 901 950 205 562 316 324 532 107 513 203 237 142 34 620 623 690 729 797 836 860 943 959 971 
328 423 66 191 192 617 629 676 750 807 
217 7 149 529 559 418 596 285 234 704 728 767 792 923 381 412 467 368 202 92 607 399 226 507 564 196 33 114 35 441 60 571 341 23 637 657 681 697 720 727 732 773 807 820 828 901 1000 
382 352 801 13 342 232 366 814 901 934 
531 166 413 148 574 249 79 99 231 229 681 827 892 292 597 185 575 204 477 277 353 483 614 396 110 520 67 695 709 738 748 770 783 846 899 942 971 
387 752 864 865 978 525 377 431 126 365 755 939 973 999 
285 418 209 745 984 220 79 363 99 277 419 524 229 37 180 270 966 
137 70 98 398 354 442 76 817 836 529 591 147 303 588 254 613 469 410 298 489 437 543 272 237 647 749 873 875 952 969 
570 168 742 360 241 434 447 671 772 794 838 945 949 
319 57 9 370 842 878 125 462 479 364 15 33 626 675 679 718 774 823 851 869 993 998 
89 600 604 517 259 319 501 512 370 38 695 726 810 965 111 357 580 316 499 508 96 104 267 418 421 404 156 114 167 10 471 521 613 571 76 637 642 712 723 774 778 817 819 873 958 964 969 970 
446 151 341 245 766 805 297 246 18 605 416 54 658 673 677 756 792 817 916 969 987 
289 595 274 518 149 483 407 506 307 368 705 824 841 965 
364 922 970 612 158 370 168 622 673 688 
836 904 982 15 324 416 168 84 921 996 
370 144 839 906 192 525 22 576 563 387 588 713 926 930 943 
353 130 448 39 674 696 753 812 821 899 991 993 196 145 331 586 477 92 180 341 367 131 605 98 506 390 546 374 198 407 336 614 664 668 681 719 819 856 879 947 981 
562 90 652 506 578 178 470 641 732 910 954 977 987 
312 449 391 119 275 393 336 639 321 144 264 259 23 577 360 298 543 485 525 176 376 653 754 756 780 798 856 
242 460 366 452 759 465 128 508 111 387 676 755 764 807 818 835 937 
86 518 946 237 322 453 439 709 730 827 
168 317 712 228 513 313 609 373 531 349 
67 839 885 318 577 516 565 646 709 735 956 972 
99 123 794 67 263 377 552 571 365 817 835 872 921 
349 235 552 653 673 968 555 623 615 392 150 450 9 380 180 675 807 824 828 842 893 912 937 
317 134 408 900 299 94 247 198 324 241 418 54 662 796 951 
162 119 631 2 292 336 391 95 194 449 762 933 975 396 426 230 25 62 198 506 291 301 383 484 380 304 489 595 327 108 550 385 581 648 654 719 779 830 835 885 886 937 948 996 
612 267 662 873 471 454 33 590 602 315 123 661 694 878 945 983 
525 410 211 891 909 471 598 43 610 271 380 382 578 572 630 816 926 
52 408 675 901 26 289 244 40 498 109 558 623 794 898 
370 562 600 761 847 8 349 351 13 24 277 650 797 819 861 862 971 
428 211 167 131 164 177 142 271 612 362 157 54 23 660 704 801 864 
377 516 900 950 542 7 5 721 729 744 862 919 940 949 960 1000 
411 588 255 526 575 560 183 222 710 718 763 819 844 547 495 145 228 352 325 122 635 235 532 483 574 500 580 293 128 465 530 277 712 716 791 807 823 840 859 869 894 958 965 966 
545 212 346 873 449 76 241 620 671 744 847 899 900 950 
321 54 287 316 370 639 673 697 722 950 
149 306 729 319 514 477 185 730 786 873 901 935 
282 535 4 334 429 368 46 190 782 793 825 989 346 63 150 33 112 141 526 643 438 66 226 271 380 491 408 358 351 340 57 402 668 697 786 791 833 852 895 945 
391 2 492 336 162 687 15 61 342 525 303 55 218 661 742 752 810 833 870 881 
237 630 9 81 205 436 599 339 235 694 748 773 845 
637 283 70 325 349 697 817 888 968 982 217 562 193 125 361 313 282 145 588 270 432 261 3 529 631 574 317 15 518 114 412 687 731 892 983 999 
224 433 893 468 639 65 405 91 45 860 
333 519 111 896 509 215 324 159 211 137 319 827 894 973 984 991 
69 391 958 603 440 485 578 38 739 921 
541 248 812 899 991 514 86 293 241 615 234 292 167 670 914 939 949 
602 498 246 270 111 59 82 362 692 155 467 160 286 444 527 603 418 600 137 42 624 97 518 124 670 688 784 811 822 864 908 909 978 
557 106 959 28 508 686 870 873 895 935 
35 588 770 787 806 990 272 404 555 422 499 149 487 120 218 201 70 176 478 644 674 765 843 
472 586 262 516 315 901 422 500 287 170 585 640 651 60 468 237 567 723 729 830 842 871 982 
392 605 539 640 267 40 467 575 581 18 157 16 402 135 638 419 664 678 781 831 887 926 946 950 985 
47 218 773 898 460 423 164 277 417 478 287 684 748 876 938 961 
439 33 239 268 5 187 910 136 37 360 251 395 299 457 662 567 231 629 702 744 768 802 835 881 890 
597 709 864 364 305 324 211 677 744 778 
594 449 194 672 521 273 46 241 149 230 404 91 824 838 922 
266 258 176 524 528 157 241 491 304 200 696 821 
489 835 872 135 650 629 167 457 293 923 
40 605 202 490 607 283 449 241 197 744 803 973 
125 471 573 60 364 188 22 508 313 708 738 740 809 922 983 160 527 401 532 94 190 232 97 589 468 358 658 63 657 512 489 78 345 41 458 430 685 817 835 836 872 877 888 898 899 901 943 945 961 994 
597 709 864 369 621 647 211 15 712 839 
567 666 684 958 465 442 195 541 831 911 1000 
199 127 527 571 63 23 64 637 70 697 737 817 836 869 982 624 336 320 414 566 626 443 573 480 501 648 149 465 9 288 97 77 612 272 600 597 500 117 85 682 687 761 768 771 774 821 825 837 851 980 
220 629 533 750 875 9 583 83 660 509 231 764 932 977 
369 642 91 613 363 926 314 637 1 184 450 467 403 622 297 687 697 806 857 911 
64 524 796 833 836 869 935 306 614 33 79 632 491 150 392 229 24 260 534 46 185 357 382 701 706 957 
465 155 525 807 985 157 50 526 529 595 260 387 665 471 624 862 900 
287 395 54 244 136 13 777 822 921 952 393 561 369 442 180 662 132 539 159 295 145 96 567 316 31 431 110 686 737 745 770 864 865 874 886 896 
444 752 758 864 865 882 116 622 371 506 404 575 355 45 219 149 479 720 725 833 946 984 
496 324 149 424 464 813 874 219 175 403 582 340 475 344 307 57 531 488 606 351 454 681 733 754 918 924 
191 228 569 320 617 546 249 301 123 229 487 531 744 827 37 33 511 294 480 395 349 246 105 161 211 419 388 391 188 271 451 615 680 241 262 185 629 53 528 821 857 919 929 937 952 957 984 
52 452 377 315 613 483 900 901 320 188 163 284 144 673 70 590 171 154 201 51 241 133 12 159 732 773 836 
378 399 577 526 51 588 810 872 873 922 
594 393 672 150 391 687 958 605 296 54 456 663 139 381 18 48 248 370 373 268 748 794 945 946 982 
545 230 392 422 818 873 886 7 351 241 313 670 146 280 443 526 713 821 847 913 962 973 1000 
424 358 923 659 49 136 678 749 759 784 812 872 954 
537 391 95 567 340 684 651 449 975 581 321 264 305 75 370 287 673 653 239 552 127 248 44 295 675 595 718 767 910 981 992 
521 396 223 305 691 721 586 65 234 199 331 126 419 626 24 237 93 294 658 232 689 760 950 
224 37 159 493 871 942 485 317 20 517 580 171 258 135 565 336 491 688 692 731 878 951 970 
579 59 568 781 449 515 613 378 610 816 939 
688 565 883 211 493 372 162 318 233 697 901 
498 658 606 689 156 285 483 165 717 793 954 978 
143 326 539 87 365 449 220 121 388 368 491 875 974 981 
137 1 349 174 514 737 652 111 640 591 323 41 142 539 526 466 712 752 807 814 962 999 
259 623 208 961 965 566 449 336 39 617 399 327 234 709 710 833 834 
302 26 130 629 541 316 280 750 753 899 993 395 380 339 115 171 14 235 381 221 470 61 159 546 149 667 710 735 779 784 797 814 818 890 
653 116 160 64 673 83 789 971 267 254 650 691 675 615 522 360 234 604 566 452 648 28 607 125 168 712 714 
247 402 184 137 79 259 821 857 873 902 
338 489 328 835 609 168 2 503 56 158 442 151 716 742 801 
461 590 735 322 149 163 552 199 744 902 905 
277 185 184 117 706 719 725 838 422 370 248 5 254 141 479 512 676 591 379 750 763 781 873 886 
538 489 196 344 835 853 914 966 972 595 491 247 94 254 369 478 370 598 664 100 297 541 480 723 732 733 807 840 842 900 919 
224 159 37 416 213 152 739 849 980 154 40 5 247 459 317 370 64 489 524 232 235 707 726 747 753 852 897 966 969 972 973 
615 36 874 911 169 250 452 549 66 164 644 723 733 773 921 924 
281 503 731 782 793 799 526 134 625 512 214 209 315 341 206 89 489 306 39 708 856 871 955 
184 277 701 185 532 497 15 110 222 676 199 33 735 756 784 956 966 
139 430 765 64 703 581 190 228 788 816 
16 206 58 670 922 970 495 247 306 705 419 550 477 1 743 878 899 995 
671 387 331 597 265 665 436 215 713 752 828 864 877 964 617 206 352 392 225 120 635 294 399 448 272 259 187 285 93 338 532 584 526 61 400 633 201 695 739 771 791 803 841 855 869 901 930 974 
560 588 347 575 646 718 763 787 819 695 358 696 59 384 253 453 517 457 54 149 166 337 67 477 186 769 834 839 893 914 961 985 
351 353 846 496 37 3 258 864 894 898 
369 242 134 384 634 900 926 671 463 254 623 345 511 230 646 489 144 694 697 480 428 430 450 862 865 927 
709 864 882 240 628 685 65 99 316 399 412 479 872 901 
390 113 111 797 697 341 177 405 607 360 115 272 23 382 738 827 
468 45 939 952 20 301 361 406 484 43 539 99 23 754 908 
293 473 3 211 164 757 909 947 981 602 605 120 699 493 147 563 552 476 646 377 508 402 141 472 742 773 798 818 820 994 
35 718 844 164 256 325 120 692 419 612 980 
183 646 710 526 717 558 819 990 131 306 622 376 220 687 326 544 410 66 293 329 772 789 832 865 
402 701 184 967 521 144 409 366 639 344 629 526 844 906 991 
371 1 1000 679 369 54 615 52 390 902 
688 883 939 412 90 144 292 452 645 840 937 
332 577 866 904 72 108 306 89 648 321 486 219 144 839 896 937 
233 578 569 178 55 231 834 845 892 120 530 521 623 390 74 702 467 373 704 153 340 355 326 415 661 176 395 731 812 931 
380 59 896 89 514 235 752 754 855 873 
247 277 701 419 838 963 336 86 235 108 572 369 154 229 237 679 465 435 584 288 726 832 912 
623 237 89 842 936 300 70 346 725 703 353 603 777 788 799 904 950 989 
613 30 68 780 926 969 611 592 615 325 405 83 477 264 763 906 908 943 
358 432 615 496 306 187 235 361 253 319 468 161 159 126 91 445 856 
234 649 591 923 284 30 645 661 503 42 174 613 830 882 969 
146 85 848 921 268 412 137 293 633 488 241 649 805 959 
45 396 705 952 301 575 383 351 538 653 689 723 231 271 318 903 
295 125 471 544 738 930 682 384 379 55 132 119 630 615 702 73 136 91 746 782 885 911 949 
237 144 772 800 272 566 331 680 577 180 702 545 704 156 
78 389 747 550 61 415 546 549 131 491 786 802 936 
241 437 104 308 700 205 24 603 747 760 771 999 213 122 257 419 635 706 602 3 127 151 696 250 607 421 488 737 786 837 849 899 933 935 942 955 959 987 
575 526 806 819 254 257 327 261 549 270 488 752 851 869 878 
1 499 581 694 112 514 349 673 339 457 748 785 811 905 269 314 36 223 72 678 180 451 324 735 256 424 123 364 510 287 108 217 420 355 472 505 556 407 500 764 767 769 783 802 820 827 993 
573 670 732 714 84 515 496 617 407 843 
703 343 502 159 849 893 173 584 1 709 575 396 137 491 347 328 24 656 514 188 831 833 971 
438 506 125 295 670 528 755 858 930 262 306 511 607 9 561 349 1 517 598 565 417 94 21 340 750 753 761 791 873 969 
176 468 848 526 495 393 221 404 874 913 
168 250 621 479 110 950 969 122 294 174 495 400 605 270 580 699 211 75 716 530 268 651 348 786 911 916 
224 416 37 849 49 132 523 708 603 76 812 819 
569 413 99 297 578 231 681 827 831 860 870 665 357 669 180 513 647 645 144 700 328 140 376 324 339 56 532 425 664 34 292 299 293 819 906 913 956 
324 193 619 500 53 289 480 923 957 370 489 106 166 155 355 283 425 69 367 335 678 13 517 251 368 173 398 514 798 805 815 869 973 
236 494 128 583 368 608 249 732 926 960 
104 205 735 360 389 308 734 284 500 67 426 266 180 406 138 535 703 772 784 797 808 817 818 825 878 911 994 
737 552 70 398 63 339 524 968 1000 492 663 350 467 338 522 684 419 652 65 20 617 437 59 400 810 943 963 969 
133 508 471 506 620 54 320 222 18 686 3 767 842 945 965 968 
696 138 607 469 401 182 674 220 915 383 277 162 306 24 740 457 187 701 501 614 22 172 604 777 791 800 882 895 897 989 
64 70 869 612 360 489 772 835 903 975 
597 709 598 421 618 265 679 864 865 145 724 180 424 694 117 67 736 580 119 234 611 148 651 96 336 292 82 784 817 837 899 942 
629 696 491 564 514 141 457 449 174 740 703 903 936 
525 163 167 27 757 779 786 807 937 977 565 340 192 209 382 503 582 631 412 715 527 137 680 724 271 54 189 764 791 797 867 950 957 991 
60 740 156 573 20 403 206 32 284 48 531 632 569 618 586 15 108 279 350 209 12 758 766 839 979 996 
32 401 130 607 899 375 407 209 624 631 120 121 706 196 309 797 835 865 975 
27 379 716 754 528 296 9 265 52 191 137 339 63 26 224 834 
444 679 964 351 252 391 256 569 268 755 543 329 
632 84 774 686 448 143 158 239 29 275 
735 804 999 254 138 688 39 848 860 945 970 
592 144 643 232 604 171 57 885 227 430 64 293 303 477 5 557 673 449 483 740 467 524 480 270 823 848 922 995 
594 639 119 145 454 268 870 896 926 969 
526 575 710 207 646 335 701 107 120 109 324 83 727 316 370 921 930 991 
149 81 165 271 31 324 855 911 580 737 237 540 33 296 495 94 674 412 589 632 535 754 937 945 
169 341 707 528 190 573 234 493 455 575 660 55 925 
446 397 624 108 15 151 612 319 203 276 517 499 755 99 893 932 958 969 
615 509 149 791 147 419 33 107 737 73 687 749 839 930 987 
234 290 464 113 664 673 371 27 91 550 469 873 
492 103 949 243 422 737 195 710 362 950 980 
660 558 222 609 617 131 400 678 280 795 849 931 948 
360 735 376 193 709 254 673 565 587 808 
733 67 501 810 885 965 54 405 718 206 341 751 366 621 205 747 300 382 794 832 879 
256 663 75 380 362 797 896 927 512 370 526 590 227 652 271 368 495 704 79 682 24 192 716 224 70 22 615 814 876 
483 759 366 549 564 250 622 623 673 310 476 246 164 580 559 808 941 
257 362 566 560 124 368 322 200 54 805 858 865 
193 149 791 400 603 15 454 330 469 590 882 894 
309 678 142 997 750 506 550 231 726 552 404 569 455 888 
348 18 888 982 425 25 521 623 396 361 463 395 665 816 
114 131 754 293 521 319 639 696 283 388 818 897 927 989 
727 28 516 30 900 950 631 180 514 335 235 353 550 87 507 607 802 808 920 986 
456 256 690 361 228 662 386 701 290 232 103 398 508 42 910 
400 282 368 705 650 825 369 586 550 732 202 255 144 482 575 485 58 70 319 121 804 871 970 
134 242 462 114 295 617 389 164 737 805 
272 337 400 788 696 686 706 140 320 747 658 187 752 821 835 910 
12 737 64 247 408 234 258 227 241 810 865 927 
754 547 405 482 441 261 474 510 465 803 852 894 981 985 491 735 408 649 556 234 251 399 605 742 123 536 146 300 26 147 650 517 734 347 589 523 791 856 870 897 912 926 931 944 963 974 980 992 
560 660 710 114 401 442 566 349 59 440 829 
542 784 400 63 726 145 206 605 133 285 707 973 980 
137 349 697 23 83 271 195 143 466 268 718 135 446 254 858 947 990 
477 808 997 277 325 605 17 552 319 59 
776 513 53 324 7 418 767 209 61 902 903 911 173 754 594 740 750 590 321 371 650 786 421 409 320 171 646 709 494 100 336 524 796 836 863 864 905 933 943 970 
432 289 615 10 624 567 467 810 849 875 
705 650 254 19 580 213 692 414 372 471 219 886 897 
531 320 636 229 228 815 827 391 621 197 684 440 642 513 772 388 366 47 596 259 122 211 433 168 907 986 
135 26 491 310 300 487 426 770 499 842 938 
339 676 935 954 971 791 10 408 259 366 449 279 418 274 510 638 830 
303 773 579 714 613 531 696 523 747 172 496 516 756 643 754 817 
91 68 317 631 518 716 745 417 587 271 815 931 
85 368 705 71 191 440 108 149 546 533 726 
733 589 412 936 965 992 541 603 583 415 750 22 360 348 221 218 331 320 94 128 835 
49 616 897 996 475 276 442 41 404 62 699 644 820 848 
260 467 605 873 780 737 14 664 734 372 493 464 49 813 990 
410 786 131 186 669 576 709 154 240 18 967 996 
284 760 241 360 78 590 917 931 782 533 316 215 326 258 558 324 84 281 17 419 280 609 148 965 
572 169 139 475 624 446 108 29 245 783 417 232 337 367 138 745 24 546 730 581 775 603 217 811 831 836 863 873 952 961 979 
575 660 526 588 222 736 868 990 998 180 675 240 88 464 564 57 462 99 599 305 329 290 237 440 76 487 223 132 899 911 991 994 
3 677 155 293 754 286 211 832 947 977 981 309 614 637 575 632 702 68 528 115 314 534 400 646 472 283 571 504 521 694 290 318 615 541 61 921 942 991 997 
4 400 395 468 576 790 368 824 989 191 375 209 200 68 747 410 101 774 771 288 37 780 236 815 876 923 937 954 
404 180 670 531 360 476 813 826 849 932 
370 420 232 171 623 147 38 772 283 651 203 748 423 366 82 303 571 368 576 785 150 359 683 792 848 884 943 
580 174 737 94 160 199 500 254 366 565 805 538 295 658 397 216 59 812 
491 657 294 469 351 220 629 135 991 305 473 356 385 52 811 564 585 94 60 83 686 518 723 296 204 743 233 826 942 946 
680 271 274 61 857 381 524 477 802 348 54 548 809 349 214 839 973 
126 445 164 891 773 694 69 616 154 696 576 395 517 930 
794 172 515 808 279 381 121 59 798 745 272 819 
225 5 440 239 856 996 690 561 641 707 437 215 546 778 307 826 919 965 
550 580 653 620 335 673 459 888 971 624 124 752 66 623 259 521 96 636 747 557 285 92 81 461 670 351 465 797 877 890 902 
128 561 609 467 605 685 200 316 632 747 547 597 779 423 338 1 330 716 583 396 696 235 64 398 472 966 
558 411 718 183 710 526 646 736 575 990 187 516 324 250 70 9 323 369 467 629 15 743 643 12 815 150 567 29 623 64 744 173 823 906 971 988 
477 565 146 154 825 943 170 245 218 488 326 801 325 597 183 716 615 737 508 84 166 940 949 
26 351 522 453 372 629 32 667 267 495 168 337 681 673 685 784 101 287 698 584 895 
54 395 678 503 26 183 5 387 658 895 
404 364 180 42 22 16 918 646 520 761 622 819 40 229 605 448 55 49 366 842 862 919 952 958 965 
281 808 368 120 182 666 625 637 234 410 100 
650 782 820 272 176 395 943 747 137 293 191 34 490 14 423 673 384 82 356 401 358 862 911 934 977 
565 368 939 111 816 809 812 175 274 21 7 230 832 
320 55 744 617 569 794 233 546 229 228 301 681 834 655 463 403 393 633 247 470 122 5 187 169 737 588 94 149 489 302 426 45 127 714 583 63 833 882 895 900 957 
709 444 226 597 421 387 554 435 63 390 615 213 277 637 71 457 16 847 873 957 
361 100 606 579 524 787 358 469 471 29 588 164 114 884 
333 362 837 639 796 9 203 217 36 138 661 729 477 
99 744 578 123 318 531 41 117 739 575 805 213 662 572 308 232 489 672 410 400 924 925 
48 807 279 131 379 913 977 826 199 531 338 339 467 378 111 725 772 252 479 718 567 553 854 893 901 
14 201 235 676 971 263 500 695 130 574 679 827 739 651 650 842 856 899 906 
574 569 827 723 249 294 449 710 74 695 217 404 70 757 872 902 943 961 982 
196 50 423 328 699 66 668 489 702 344 881 966 502 5 526 664 639 531 159 497 800 756 632 390 784 514 670 103 183 217 467 493 636 589 751 883 884 906 933 970 
94 524 571 627 673 63 620 141 676 158 18 805 555 670 474 488 452 791 26 145 97 548 515 682 603 87 531 54 210 485 188 212 613 885 919 958 967 
195 82 830 246 919 955 577 735 565 232 259 373 752 351 165 673 245 849 900 954 961 976 
725 701 485 223 666 545 621 514 101 863 878 
171 67 628 635 859 878 906 961 962 471 258 397 360 767 543 710 553 671 755 521 607 813 722 373 246 400 254 863 896 899 922 984 
109 471 206 60 42 970 983 346 505 306 523 721 479 702 582 329 257 377 422 646 935 
531 96 71 229 709 471 625 576 440 22 575 187 842 886 887 965 
417 517 726 622 992 637 823 577 841 99 199 749 795 341 661 702 833 863 
477 146 120 185 284 377 1 156 738 660 274 408 
255 646 717 159 16 719 97 395 383 362 246 
300 723 79 8 603 528 498 202 253 174 67 517 652 878 903 933 
711 251 182 948 232 437 617 60 231 318 966 
237 643 961 992 565 409 647 65 828 377 546 685 212 848 869 912 
741 458 730 521 565 254 921 201 847 801 349 163 222 167 268 761 810 232 265 440 760 
224 703 739 381 159 186 416 343 743 6 871 893 980 523 527 395 530 792 114 91 528 837 404 148 552 348 597 344 191 770 124 70 282 735 495 253 272 809 445 853 898 917 918 951 966 991 
533 280 915 991 610 149 336 391 503 218 859 965 975 999 
503 400 889 952 673 622 111 90 736 858 895 919 962 975 
304 786 167 520 909 650 248 112 352 479 220 703 415 26 420 159 944 
66 702 914 284 600 570 849 16 238 241 
294 248 899 158 141 832 345 258 33 271 273 544 
764 486 857 472 457 105 446 550 709 724 989 
476 145 407 192 816 204 973 606 163 629 631 130 705 281 573 491 315 90 521 728 786 78 125 833 961 991 
271 855 813 154 698 675 287 203 552 571 360 681 
544 740 506 60 373 471 775 325 510 789 224 518 278 443 851 477 281 316 900 991 
144 370 34 238 434 839 273 612 13 541 850 371 343 92 646 478 555 305 272 172 451 892 893 967 984 
233 744 569 342 244 654 338 760 613 150 
552 199 581 361 606 409 407 643 561 438 
381 186 159 493 893 286 823 677 643 645 454 607 350 825 569 330 712 921 988 
65 373 471 506 791 451 842 805 514 164 839 569 838 928 954 
713 679 665 709 671 226 618 331 598 752 436 865 882 368 52 73 121 791 658 565 203 64 271 209 39 137 711 513 644 393 235 145 327 589 200 508 306 678 888 893 920 921 923 945 971 990 
679 618 752 864 597 331 978 443 55 712 453 400 756 785 312 537 775 412 678 162 317 718 888 915 
722 580 235 194 447 104 209 5 591 896 902 969 
31 209 61 754 222 550 180 15 76 299 953 
255 411 806 237 113 594 520 391 524 76 383 
495 170 201 137 70 676 673 349 398 751 459 83 17 954 87 622 503 186 334 340 221 424 709 391 553 143 412 50 736 558 293 356 134 646 531 542 410 745 847 422 241 194 574 180 881 894 903 979 993 
71 231 744 47 651 659 408 762 119 478 271 786 880 
849 689 221 661 430 782 705 147 225 561 184 431 911 
196 101 668 914 966 972 670 636 686 683 362 834 125 23 357 418 713 898 915 930 964 984 
200 545 143 240 392 87 230 685 802 647 267 640 260 895 912 99 623 477 724 515 373 501 683 805 368 400 768 63 649 404 402 163 362 139 407 828 25 620 324 594 698 295 659 239 701 740 901 979 990 991 
198 680 704 984 249 182 465 678 741 562 117 531 897 926 
674 463 278 183 70 792 510 42 620 427 693 968 996 
277 73 247 297 663 120 228 607 773 808 885 922 991 
709 387 882 313 143 670 245 817 984 996 
259 238 622 173 839 237 144 992 845 533 376 509 320 161 708 689 65 5 736 640 747 114 154 516 838 399 910 973 997 
508 180 44 111 348 629 595 460 210 772 367 
6 367 893 870 16 246 60 568 332 26 375 
196 489 338 835 344 966 23 57 138 46 651 869 585 258 522 9 664 159 
713 864 877 421 679 729 62 403 40 827 237 776 750 416 565 606 292 909 942 
542 691 721 951 185 399 525 471 86 453 835 439 886 966 
243 897 925 604 377 829 403 612 4 810 835 495 
761 635 772 412 319 961 965 40 317 161 135 376 26 394 431 836 96 277 557 593 21 732 639 876 958 
685 422 605 941 489 701 10 841 429 349 639 678 793 159 883 929 
441 410 253 299 352 35 521 360 608 662 156 841 917 992 
778 817 141 577 514 339 653 18 83 63 235 971 366 578 47 33 362 108 602 574 865 556 521 133 777 62 392 393 86 55 670 488 394 4 478 498 32 864 939 948 
337 851 952 172 316 188 184 588 158 944 981 996 
114 410 97 664 594 224 817 457 94 229 577 696 915 
641 428 197 140 814 97 127 503 77 477 449 171 70 459 174 456 915 990 
178 515 723 617 859 653 409 405 218 534 901 
849 880 654 739 159 862 152 224 37 493 980 448 199 53 136 304 555 637 859 206 832 201 23 292 145 864 220 710 228 571 95 766 122 98 382 158 142 903 918 
786 520 293 304 510 776 646 479 232 494 30 711 237 124 655 869 360 495 911 
561 612 230 260 873 944 237 27 851 568 589 659 827 174 822 39 239 650 15 750 315 821 996 
380 773 655 724 409 390 257 919 955 526 574 164 294 553 196 284 678 88 55 555 839 722 401 762 610 347 866 83 491 907 971 977 
181 407 884 5 268 593 801 10 910 973 180 750 573 793 608 463 116 387 383 370 126 392 703 779 874 183 529 786 170 374 12 503 410 531 35 983 
498 663 974 642 849 10 13 366 670 561 872 711 
629 657 696 607 39 269 351 756 138 854 60 150 752 611 833 329 647 3 617 708 670 70 299 735 164 185 839 272 419 186 806 158 149 917 968 985 
52 645 780 638 712 479 682 987 858 702 677 837 647 293 504 827 180 155 349 174 23 330 934 1000 
556 682 19 642 460 384 613 168 28 661 479 969 54 180 246 292 616 550 113 454 892 606 374 211 832 713 709 670 29 615 873 230 547 649 691 237 40 965 981 984 
177 217 791 988 698 547 866 606 817 308 562 834 720 700 943 
324 480 791 149 271 234 845 751 869 510 82 6 731 348 893 547 419 566 753 531 361 
83 76 722 627 32 171 726 42 565 102 421 285 24 969 976 984 
94 737 968 5 193 700 412 73 791 57 317 946 
434 628 57 89 147 839 158 835 13 68 719 448 833 819 263 528 99 744 185 727 414 927 
400 576 342 250 320 532 57 288 794 588 896 507 978 
139 430 169 144 715 279 658 727 2 972 979 
852 716 286 641 197 977 489 571 882 399 658 190 382 364 282 440 603 542 378 921 
33 359 5 239 10 664 593 897 878 57 531 119 687 168 781 237 518 592 349 784 199 630 261 461 180 947 994 
704 764 234 306 285 791 53 324 337 871 123 675 732 806 263 10 894 672 441 257 422 400 742 747 825 955 958 980 1000 
40 539 200 873 92 725 298 786 637 847 119 78 529 70 
379 3 832 155 131 412 484 744 315 66 181 741 685 210 935 958 965 967 
702 872 853 231 657 710 57 317 91 145 926 
750 850 39 993 872 891 30 352 865 56 890 113 276 949 
553 124 382 976 529 81 387 376 742 149 554 624 294 481 350 
365 603 804 999 557 512 887 235 899 388 576 312 441 849 943 
823 404 427 608 893 457 76 680 218 849 359 967 
121 837 896 606 927 986 542 357 816 823 547 292 836 702 681 431 349 4 584 851 645 965 995 
528 291 930 780 214 262 864 434 594 146 
337 848 505 678 730 542 342 266 154 254 943 995 247 297 361 627 541 94 24 193 807 151 41 763 704 656 864 522 471 231 607 636 422 410 909 862 319 931 
133 626 506 466 708 404 670 180 930 292 136 220 90 229 505 683 139 13 433 876 294 666 761 839 74 8 195 929 956 966 
306 745 615 729 686 508 426 266 23 564 396 60 668 18 378 185 864 808 
142 939 943 831 597 448 297 704 680 235 579 
884 407 77 253 237 606 765 831 247 946 992 
675 516 555 727 712 479 556 262 472 408 131 641 594 786 132 157 45 303 287 456 874 746 762 379 264 662 108 63 602 628 914 339 566 5 929 
383 919 270 773 955 220 239 906 207 785 779 54 712 952 964 973 989 
501 370 965 44 10 94 863 285 378 100 516 
170 137 399 349 174 935 450 196 539 472 126 926 33 291 886 681 429 922 277 250 346 984 
404 125 922 544 920 740 534 506 22 732 237 71 628 59 243 384 503 767 356 46 872 553 85 114 521 467 283 763 595 310 709 814 972 973 
284 804 414 723 98 798 427 450 921 770 786 964 
272 535 521 379 446 239 674 766 809 185 
594 292 639 141 592 791 174 835 506 845 8 735 531 
495 132 552 457 590 387 616 825 52 248 91 9 407 900 37 327 
929 235 676 581 796 325 459 132 125 99 467 840 735 649 288 22 477 55 659 250 531 30 485 13 101 913 991 
800 726 961 753 83 734 68 473 503 436 
286 211 754 945 295 637 487 721 632 639 722 681 764 561 808 1000 
160 235 514 234 313 663 795 236 362 47 
826 4 715 25 120 721 924 74 995 231 556 453 335 252 293 60 888 59 618 657 285 690 94 224 526 242 991 
251 522 491 599 477 820 645 550 516 373 131 
143 886 470 565 103 573 82 774 368 945 
159 118 689 980 882 163 264 617 807 752 166 735 463 246 812 978 
426 924 921 503 154 120 400 477 820 74 825 951 952 989 834 387 103 177 88 329 293 810 95 917 143 501 277 32 748 727 670 791 557 593 594 64 118 613 60 237 902 628 961 992 
494 467 895 956 32 26 349 518 607 77 786 852 464 119 889 961 
97 405 253 3 410 937 764 650 249 149 235 141 621 749 760 864 670 640 227 684 941 952 
306 633 358 596 418 957 994 925 662 419 175 313 368 679 492 422 812 521 558 93 565 112 508 684 905 998 
807 716 126 465 370 629 383 232 149 170 789 498 910 575 30 185 
26 463 401 846 435 770 582 63 340 562 556 471 102 232 888 459 147 299 639 
292 119 769 307 567 958 44 732 301 73 241 645 8 385 621 570 546 820 657 915 126 234 
28 780 110 645 91 742 613 516 462 168 688 601 354 769 171 528 40 74 430 647 551 726 320 511 58 754 560 392 302 648 662 228 441 968 972 974 
883 254 943 142 82 284 317 150 18 239 638 689 849 119 965 973 
731 851 678 337 889 943 54 715 953 805 927 114 555 383 211 681 98 463 70 14 620 945 233 823 532 519 336 137 140 539 230 187 
952 190 272 169 600 495 328 371 147 867 404 973 
610 122 70 796 869 495 112 432 9 692 100 126 686 144 383 52 129 837 435 605 218 630 863 377 808 984 
927 361 390 837 896 111 263 339 530 705 188 506 567 117 911 199 735 95 607 601 
545 944 467 569 706 744 922 52 237 635 64 976 983 
745 271 946 676 439 754 144 377 258 828 681 827 299 
567 162 684 119 103 672 214 391 393 949 150 656 766 226 37 325 495 823 211 131 646 885 268 580 34 575 274 407 111 836 110 598 911 913 597 105 543 252 623 965 971 980 
33 659 145 973 730 119 234 474 526 735 613 433 960 984 
595 518 984 994 364 352 236 746 959 645 111 
936 517 885 695 839 147 273 847 562 232 965 979 805 489 22 111 834 581 207 579 545 663 479 369 154 576 710 1 837 567 64 309 261 856 944 320 526 467 670 943 63 
38 839 90 198 694 851 63 552 685 287 
725 203 185 748 356 423 248 200 318 149 127 786 
215 758 598 709 526 105 623 872 398 58 91 931 927 983 
259 232 9 600 885 57 928 548 695 800 623 772 589 961 646 625 327 823 459 951 850 145 919 22 235 184 478 749 1 143 563 901 32 189 841 958 176 71 544 561 33 309 336 816 349 804 913 970 986 
702 881 338 310 538 107 835 196 872 489 377 119 351 883 846 234 646 818 922 849 289 273 706 703 235 504 462 64 619 985 991 
73 719 532 185 419 494 918 913 223 836 803 859 312 973 
748 905 653 378 514 637 122 580 875 187 899 343 326 287 242 749 46 13 516 389 168 391 950 985 
901 84 408 52 570 363 727 742 479 483 315 586 366 460 623 703 147 866 482 620 740 624 766 526 539 212 243 83 594 139 201 607 437 382 729 569 506 67 531 548 904 762 407 402 551 748 973 999 
189 626 708 840 506 133 471 42 791 316 54 106 216 378 689 79 83 782 760 196 965 594 835 592 623 505 516 590 
378 796 349 697 888 833 817 739 643 176 9 958 234 819 26 115 896 617 20 454 864 427 360 613 35 214 
872 80 489 702 519 75 592 635 703 950 908 930 606 76 
856 288 897 5 243 33 10 959 415 530 225 268 669 332 320 442 338 418 496 930 234 554 590 685 655 745 813 703 969 953 788 927 3 951 135 235 86 1 177 618 878 967 995 
898 100 383 228 318 573 693 1 950 709 786 184 
292 639 687 851 756 60 40 185 850 97 751 399 
593 187 530 352 916 420 99 114 904 446 956 297 412 3 837 84 990 
909 807 754 131 832 896 54 237 630 342 674 825 196 386 
387 865 618 692 32 942 540 658 907 131 980 996 
298 57 252 259 961 237 18 869 339 516 873 4 233 908 805 531 245 755 60 998 
942 849 343 893 703 769 4 788 462 786 717 156 534 911 673 317 978 958 991 
716 807 510 92 525 786 293 436 322 337 687 120 477 203 629 503 391 889 25 212 118 511 606 693 901 
653 673 349 778 627 360 202 306 163 27 661 151 194 684 834 582 590 
840 404 528 670 956 640 158 653 8 964 419 897 5 396 81 78 
271 198 450 177 285 960 165 874 529 619 551 839 681 577 655 33 579 872 292 901 343 959 465 929 376 30 597 327 521 679 954 877 531 859 412 350 904 410 
786 92 677 264 240 265 435 662 899 968 386 137 298 966 337 710 
454 919 602 420 565 523 780 965 506 541 794 14 
52 549 242 900 455 508 767 208 392 624 433 163 735 22 200 215 630 
418 271 902 179 10 348 862 167 502 603 819 
943 477 503 136 808 54 650 583 286 373 567 268 95 491 506 5 779 927 251 499 75 541 750 726 855 228 360 545 
660 819 806 718 508 891 789 976 802 531 873 864 241 155 995 
394 372 469 386 522 491 812 463 629 657 850 568 849 57 400 207 455 876 806 935 550 754 939 966 655 980 719 10 466 229 501 763 858 856 426 807 873 
370 847 43 842 800 562 878 687 13 5 74 107 943 553 31 473 353 786 487 464 266 346 525 887 925 
294 316 915 280 248 696 629 869 431 8 273 549 142 54 63 170 108 168 252 315 622 125 57 737 137 185 
946 960 358 422 224 70 806 747 910 225 78 716 670 
921 190 481 400 939 349 761 67 394 610 425 708 265 973 990 919 328 
407 153 816 530 801 440 77 875 755 76 272 639 294 327 978 496 332 803 325 627 114 877 889 895 
521 790 777 807 878 604 220 94 460 9 
558 806 347 622 946 306 14 587 586 979 
376 917 760 735 22 592 33 850 372 653 694 253 969 390 618 
720 64 748 201 495 937 615 672 685 574 529 37 30 575 911 155 645 900 326 
