0.60679907
00:00:00.11
8
0
18
4
15
14
10
19
3
11
5
16
19
5
19
2
15
17
19
1
4
18
0
9
1
1
19
3
15
11
17
12
19
6
5
19
3
7
11
18
18
2
8
0
13
19
12
3
12
7
6
11
17
9
3
18
4
0
17
18
5
8
11
16
19
18
12
5
3
2
8
18
1
17
14
3
14
4
5
10
9
19
4
7
4
11
17
7
1
4
7
2
16
13
5
2
10
8
0
19
10
13
7
6
15
12
19
17
3
4
9
10
12
12
16
4
10
17
14
15
12
10
0
19
15
4
12
17
1
15
9
13
15
10
6
7
8
19
3
2
12
18
4
15
4
1
10
14
1
10
19
5
5
8
4
12
4
6
2
13
10
4
13
3
7
18
19
3
3
7
4
3
18
16
2
18
8
17
2
18
19
4
4
11
18
18
3
11
4
11
19
8
19
18
11
1
4
3
17
8
10
3
1
5
7
0
8
11
18
6
11
7
6
11
4
12
11
5
4
11
5
0
17
0
15
10
4
8
18
3
10
5
18
18
13
16
4
16
2
3
16
12
8
6
0
14
6
17
11
18
14
8
17
3
15
3
8
16
1
1
15
19
11
6
10
13
7
4
10
14
19
3
16
4
19
19
19
2
19
6
8
13
2
4
9
9
6
10
14
13
12
2
3
10
8
4
14
17
11
7
9
0
10
7
12
5
0
15
19
5
3
17
2
2
0
19
5
6
11
1
7
11
17
12
5
10
11
17
3
4
17
5
11
19
10
16
10
6
4
10
17
11
4
11
13
3
10
19
1
5
4
19
12
12
11
17
2
8
4
12
18
11
12
5
1
3
3
5
10
3
19
19
16
11
4
13
2
18
8
17
10
4
16
0
17
2
8
17
0
0
4
7
18
6
15
6
2
6
3
13
4
19
10
16
8
18
9
6
12
19
15
1
4
19
17
4
19
3
17
7
16
5
18
2
2
19
18
15
10
10
19
18
6
1
13
1
11
19
18
13
17
15
19
11
4
17
13
17
11
10
7
2
2
12
14
19
1
19
3
11
19
0
3
3
10
2
1
12
19
10
16
18
17
18
9
17
18
12
5
5
4
2
15
17
6
3
12
18
11
15
9
3
19
17
11
19
4
4
9
11
6
11
13
4
3
6
17
8
11
12
11
13
3
13
11
0
6
13
18
12
8
9
5
3
6
17
10
15
10
9
4
4
19
1
11
7
19
11
4
19
8
15
4
9
18
11
4
18
8
17
18
19
10
19
19
10
8
2
18
0
10
1
14
17
8
16
0
13
4
17
10
19
12
10
18
0
4
4
17
3
3
3
13
10
10
4
18
0
0
17
15
11
16
4
8
4
4
0
18
11
15
7
12
19
19
17
4
19
3
18
19
14
2
7
8
4
11
14
18
16
8
19
11
1
4
18
15
18
11
19
7
3
3
18
15
11
19
7
19
11
10
19
11
18
12
4
10
18
18
7
3
19
9
3
8
19
11
18
18
10
11
10
19
19
13
11
8
19
7
11
8
7
1
10
11
18
1
19
1
15
6
15
3
19
11
17
7
19
18
17
19
19
7
11
11
9
8
5
11
19
3
2
14
1
6
19
3
1
1
4
2
12
18
13
17
18
9
13
8
6
19
8
12
13
7
4
3
17
4
14
15
10
5
11
2
9
1
4
14
15
17
6
2
8
13
19
3
12
4
12
11
18
12
6
13
11
11
11
19
19
10
16
1
2
12
14
13
18
10
19
12
5
2
4
8
9
4
2
10
16
13
8
6
5
1
11
2
4
11
18
15
14
19
13
10
19
5
12
19
0
4
6
1
18
2
7
17
0
11
7
4
2
11
3
6
9
17
15
12
11
12
4
3
2
13
4
5
14
7
13
19
18
11
15
16
4
13
18
1
15
14
4
17
15
15
19
11
19
3
15
1
13
4
2
15
12
10
11
6
18
13
9
19
18
7
11
8
4
19
19
13
4
4
16
11
15
7
18
12
0
8
8
17
10
7
17
8
19
18
10
4
10
9
4
4
18
8
18
11
2
18
5
2
18
18
3
11
3
5
1
6
11
4
10
10
11
19
19
19
8
18
0
4
3
18
10
18
18
9
14
18
10
11
4
10
1
10
17
14
10
11
0
15
18
17
4
19
13
3
2
11
19
3
18
0
14
4
11
17
18
2
4
8
12
3
8
5
18
11
11
17
4
19
19
19
5
7
1
3
5
2
2
2
12
11
17
4
0
17
17
18
17
18
5
13
2
18
3
15
19