00:00:13.99
2771
2673
1867
98
832
7066
8387
5606
9937
6806
8101
7526
4202
3181
758
6825
3007
4825
2454
4854
5172
7754
7738
6667
2746
2673
4924
27
4787
9027
7328
8859
6266
673
7391
4787
5433
2938
1015
1592
9085
3591
8606
6991
6266
8627
9476
8948
9884
5100
6320
6030
7821
6147
7270
1429
5008
1015
5273
6802
2454
5240
7496
5642
9884
4998
8761
5642
299
7786
7754
3322
4370
9884
5240
4364
8856
3476
4842
1432
8627
81
7270
4998
3527
8899
6266
262
2746
1783
7539
2803
2896
9880
8706
7328
2997
7631
8627
9937
2454
5273
8641
3181
6500
8712
9534
3218
27
5371
7993
7066
9636
3751
8888
5849
6991
6991
4939
4784
4090
9308
6991
5749
2468
8350
758
3751
7733
3964
7349
7835
832
5633
8072
9636
9636
7270
6867
4583
809
8706
1745
9001
8943
288
1873
5172
4401
120
4783
5464
8761
2803
5044
5548
9446
2803
7835
164
3257
8668
758
7328
164
1790
2847
8978
5273
3618
6802
1592
6867
8387
7328
6030
6320
4939
2803
7194
3574
8943
6266
6658
3591
2847
4847
7496
4870
7885
3751
5871
1592
832
8387
4998
6658
7993
7786
9290
5800
3942
6172
3891
3751
8350
8127
5044
7835
5172
7496
5273
6172
1080
2468
4939
7132
9884
8577
4577
288
9300
9479
8353
5205
4842
4924
2673
7930
6603
6825
9085
9744
7837
6991
7885
4493
3618
98
972
8948
928
2454
5649
5433
1429
4787
4787
9884
7631
4448
4583
5044
9085
553
7885
6991
7631
3950
812
9000
1867
8410
5205
1080
4914
8543
9937
391
4924
832
5780
6525
5548
5649
1592
2468
3950
2847
5905
6147
4448
8888
3181
6030
2847
7631
9085
7634
8606
1529
6658
2847
7132
9384
3591
6525
4448
9937
299
3618
6460
8622
663
7496
4090
8350
912
2207
309
758
6500
3751
3591
7391
3614
7349
9516
7786
2381
9719
7391
3751
5100
4787
6806
81
2746
4030
6991
4787
6460
332
1790
2454
3574
5899
7631
2189
7733
669
6320
6265
8763
5044
6999
3218
6329
9000
7837
8747
7993
4854
8679
7066
8747
4448
758
7132
928
7349
3751
2452
8606
27
8627
5433
1429
6542
9085
6500
2454
5433
3751
5905
4870
5273
4847
7725
7821
5637
6512
5240
3363
164
5464
5008
2673
3181
1790
8761
3031
3618
8353
1065
6667
5433
1649
5464
1554
8761
401
3618
5633
6658
7837
6512
4939
4687
9384
8761
5676
4277
2381
7496
1978
9645
1783
9937
8353
3222
7426
2189
6867
7526
5008
4687
9937
2183
8072
8859
7632
8127
8127
1429
1790
5548
3751
6825
5205
7640
9001
1456
2138
2072
1429
6266
9235
938
6193
8606
1080
561
9027
6806
6500
9719
6500
458
4783
4787
3950
7066
4847
4583
832
5408
7652
7330
81
27
8622
1372
9308
1790
2947
7328
5273
2847
938
3385
5240
5871
8747
2454
1592
4401
4377
2945
8761
8353
9884
3950
4939
3591
809
6991
6266
710
9937
2138
6658
471
9027
2847
8747
7652
4364
6030
5749
6867
4448
9673
4847
8856
98
4202
1953
120
7496
2381
8072
4939
3609
1015
2138
6266
4787
7704
3767
3181
5273
3618
6989
832
5044
6048
7704
9880
6320
81
9446
8622
1649
8888
3950
44
6802
7132
2310
1429
8938
5548
553
3751
9880
2468
6172
6204
7725
7754
7930
562
5008
1429
6147
5983
5749
7754
809
7754
6542
1361
5849
2381
5433
9645
6542
3181
5008
2310
710
582
2381
4030
3527
9832
1649
7704
7652
3363
3942
471
9636
5433
6030
6320
5044
832
9265
81
7349
8943
7631
5044
7733
7993
8387
9446
6172
6805
6500
4566
6115
27
8543
8761
6658
7194
8747
6542
6109
4202
9673
3591
4825
7837
3363
7634
7636
7993
809
5899
4939
6195
7930
9085
8761
7632
1015
9190
5205
1185
7328
9308
6989
1790
7640
3680
9384
7066
5548
3591
2381
8353
5100
1080
5044
2452
7837
2847
5008
1429
663
6329
1790
6147
5642
1592
669
81
8072
6867
2594
6172
5273
2594
7496
3527
6805
3158
6991
7993
9001
8641
2454
7634
98
2104
5633
7652
471
9479
4614
1015
9673
4002
3591
5205
8763
7330
1315
7885
1429
5044
9937
6451
5426
7754
9645
9544
3363
288
5649
3618
6195
4370
6867
9027
2847
9384
5008
1080
5205
4377
8387
8627
1315
164
9384
5240
5899
9479
6030
2803
4202
912
1649
5273
8606
777
7993
8627
4401
6147
2141
6266
669
2452
7930
9341
5747
4779
4202
3964
7247
3767
4002
758
5780
6147
9085
5172
2454
9645
3942
3964
2947
7631
8763
5100
4090
8706
7194
6500
4787
5408
777
5008
5642
6805
120
7835
7754
6030
832
6991
6658
6825
6172
6525
1065
120
3591
2381
6667
81
401
6667
1529
4779
2997
7132
5044
9384
7704
2138
4448
3065
809
7194
6594
7328
7835
4924
4787
7270
1080
4202
8350
6172
5899
8641
8627
4364
9308
8978
7426
3331
8627
4784
7652
8763
833
5240
6195
7632
7754
5044
6193
7349
8534
6658
4202
5989
5273
5433
3363
1015
4779
7786
1649
4401
4583
5637
4842
9027
113
2847
4577
2141
7632
6594
3031
2468
9673
1429
8899
8387
2454
5240
164
6805
5273
4998
4870
4448
758
7066
4577
6109
1429
6603
120
5008
5240
7885
2746
5240
9707
8899
4448
4448
8622
7652
9265
6115
6460
8888
7391
7632
2104
3527
2138
5606
2310
8978
6172
9744
2847
5749
7632
1003
7636
4687
9479
7738
9534
1080
288
164
1015
4600
9544
9211
1529
4600
6500
928
6030
5606
6937
8163
4401
8948
3751
6805
9000
938
6989
120
9000
2511
4847
9937
8943
2847
9544
669
6968
6266
288
9479
1867
7330
6806
7725
2771
8679
8072
8536
8606
7786
4364
1429
4825
7993
5008
4847
4924
5606
288
972
6968
8706
8888
663
977
288
8627
8127
9089
9265
9476
6525
3751
8761
9645
7704
1432
7631
8622
2454
9300
8679
9479
5205
6030
553
8859
7391
4577
838
5642
8938
6317
1432
8387
4030
3591
7496
7270
8627
5433
5240
1015
5464
5749
3767
6594
4787
7652
9645
7455
7132
8888
6266
1885
8761
3489
2468
3738
7631
1592
6542
5205
120
4784
7539
3591
1080
7754
7913
164
5867
8627
2072
3527
9479
7704
663
1429
838
2737
9645
9979
6989
8536
4825
5506
9000
3591
7066
8606
27
2803
4687
6991
582
9516
1456
9884
7930
6991
2381
5044
3942
2452
5633
1080
9645
3751
8856
4614
938
1367
3222
8072
8943
5433
3767
5548
3950
6500
5642
4854
5749
9290
5197
7526
9673
6098
5426
5676
663
7930
7652
8654
6147
7066
4364
4448
3942
8763
6542
2803
5433
4787
7631
4364
6266
1790
6512
8353
5849
5008
6345
977
8353
4847
8761
3363
7824
5676
3738
3751
3891
5044
2189
9937
7640
4030
6594
7824
6423
6266
6937
812
7194
3363
7786
6802
4687
2454
4842
3891
5849
4687
6266
8641
4401
9001
7445
7993
9880
3031
6098
98
6265
5905
120
401
8353
8978
2454
5464
4787
7132
9719
6030
7066
5637
928
8761
6867
1429
309
6172
4370
8536
3476
8761
4825
8353
3065
7993
2710
5464
2847
9645
7194
8622
5240
9880
7391
8048
4854
3738
4401
669
8536
1429
7738
2310
5606
8668
2803
2189
4401
7391
7640
7066
9211
2746
9479
3031
5044
6172
3950
7777
3158
7786
1790
5548
7328
6030
3950
9290
669
6805
9673
6030
6937
8641
7328
3527
8387
1783
6968
6500
81
758
9744
4687
4787
5205
4787
809
4847
4090
7632
1080
1015
288
8387
4583
8101
7496
1315
4364
7652
5712
7930
3751
1529
4364
3789
9937
120
5606
8387
1783
7733
912
8127
3591
710
7631
6030
9085
5849
1015
4842
9341
8938
1080
758
5606
8072
391
120
9085
1315
6825
8978
5008
4787
5205
7270
3181
7908
6512
4583
912
758
5371
2454
2803
5712
7930
7835
1592
7754
4796
6147
7748
4401
7391
7445
8761
2468
758
7640
1783
5849
8761
2803
4370
7391
6825
9341
2803
4370
3950
3591
9089
4998
4842
2710
4924
7636
332
2746
5273
9645
309
3789
2381
3031
4842
9000
3181
6030
7463
4293
4787
6806
2847
9479
4030
3421
1367
253
6658
7652
8353
9300
6603
7733
8410
5712
8888
5433
1383
5747
9884
8641
5747
7426
4002
2847
7391
4787
5633
8761
6991
4364
1429
2189
7738
8978
3891
2673
2803
7066
9832
8627
6805
9479
9300
2104
3751
3527
4566
2452
4787
5240
2189
9089
553
5871
7270
8899
2673
5100
2947
6603
5240
6195
1429
6276
2746
7328
2454
7627
5371
9290
7636
4842
5208
2454
8763
9744
8668
7632
8641
8627
3964
7885
2673
7066
8763
3181
7777
2771
9190
8536
710
98
5433
8353
7824
3218
6542
8606
7885
9937
6991
1429
4787
8622
8072
401
5642
832
8761
3527
2844
1315
1873
3065
9937
1867
8606
2847
758
9000
309
7194
6991
5871
7328
6147
8761
7652
8761
1432
8679
4583
4090
6802
5008
8761
9000
9300
5433
7132
8761
4939
309
6525
3363
9645
6978
6991
6195
7426
7704
288
1367
7738
471
2454
81
5433
4600
9937
6266
120
1529
5205
6991
4781
9645
4825
4924
2710
8641
6109
8396
6991
3751
3950
7754
8353
3489
2947
7539
1429
669
1550
4025
1315
6594
2452
5849
7631
5464
8410
5747
2803
7066
9446
6030
2803
2452
1367
9000
6991
9290
6147
7632
9190
2454
8577
8353
7930
3942
27
7328
7247
5273
9211
6968
7496
5989
832
7132
912
3767
401
1015
1592
1641
9645
7445
4787
5649
7634
8353
3331
1367
8410
1432
8938
9290
8761
6806
9300
1015
9085
6030
4090
6999
6603
3591
6806
3767
8353
7547
4377
8763
1080
27
669
8747
9544
4825
5606
9300
4825
1783
7631
8761
5633
6195
3591
7652
1638
2947
5371
1641
81
4448
7754
7725
9636
4787
8641
1649
4079
309
4370
4583
6320
2710
8761
2381
3942
5408
1429
2803
1015
7993
758
6991
7631
7434
7821
288
758
3181
9645
6109
7738
6193
7391
3751
3950
7640
1554
7652
3591
4202
3218
4787
5633
3942
9645
6867
6264
6699
5044
4202
8534
3591
838
2997
6825
9544
6500
2850
1873
6698
3579
8627
9884
7631
8856
8387
2468
5899
6991
7547
9089
6478
9884
8668
164
9384
3964
6276
6172
8856
7930
7733
9308
832
6806
6698
4237
4787
1867
9479
938
9476
4202
7821
9089
7349
8387
1790
7835
7631
6193
1745
9479
5044
3751
3181
6806
3354
7066
6937
1529
713
8536
5464
1432
7733
2141
3950
6825
7835
6806
5273
1550
4202
7821
3218
4030
8048
5548
3354
7328
9516
6667
4614
2684
5008
6500
3964
4448
6264
5100
8888
7496
4030
6500
3476
1790
4202
7786
1185
7132
3385
8072
7631
776
2803
7066
4939
3363
1783
8761
9884
5197
1080
777
9265
5506
9880
4924
5008
5749
3891
3751
2381
3751
3942
7907
8606
7632
928
1529
1783
7885
6320
8856
3354
7636
977
6285
5506
832
8938
809
9880
7754
7837
1783
7733
7634
8606
1456
5371
4825
6172
6500
5747
4377
7754
6937
4614
1315
5548
1592
7652
1429
6991
1015
7652
6806
9300
5849
2381
8353
9300
4939
3331
2454
7455
5548
1873
758
6172
2803
4364
4796
8353
5240
5606
8761
8938
8706
5208
5408
7777
8577
5044
7496
3738
1315
6030
7132
7930
1529
8353
6500
9300
5712
7636
1638
2310
9265
5371
7704
7835
7496
2381
7632
5371
2882
9089
6989
6806
3181
562
4787
7247
2454
4293
3031
81
663
912
1429
7496
8641
5172
7631
1582
2183
1432
8536
164
7132
5849
7634
6285
7391
6500
3618
7121
6500
8350
288
2746
5273
6500
1529
6423
7328
4493
8641
8641
1315
6805
9744
7733
1367
9308
1529
6968
5205
5008
8577
2803
6172
6825
2710
6098
5649
3950
3950
1429
6098
8387
1978
3950
3065
3331
8606
4787
4448
912
4577
2381
3181
7786
8353
758
6109
4583
6991
6867
9937
2454
8763
7455
3789
5433
4998
5871
3331
6991
2454
8387
8410
8536
710
6098
3181
3767
3942
7631
8072
3751
912
6991
8410
1432
1592
6147
562
8353
7821
8410
1783
3591
8577
8763
4030
6265
7194
1695
3181
1649
2468
3751
5008
4448
9341
6193
6195
5899
1592
5426
8761
6991
4202
758
4825
3363
8410
2138
9290
6172
4370
3363
4787
7270
9516
6805
7328
7547
4090
7463
2938
332
288
8350
4939
6991
758
9937
8978
164
5433
8978
6266
8668
9089
3031
3591
6991
3609
3767
3331
5649
4825
7786
3065
2673
2468
970
6805
1790
8387
2710
7631
809
3609
7066
2104
3476
8859
5273
7754
6991
4577
2111
5433
3527
8685
3421
332
5780
7066
5642
288
2608
9300
5606
7993
4796
6658
288
3964
2803
7194
1978
27
7632
9265
7270
7733
7738
9937
8622
120
1315
2803
2381
9308
6500
6266
9479
9265
7786
6266
3181
2454
8627
7631
7993
2381
7885
7526
3942
3476
6266
5464
6265
9645
6030
3031
4781
7824
6172
9027
7634
6867
4577
5273
4293
2468
9027
3007
2771
2882
7445
5464
2183
6266
5464
5205
3591
3618
2189
8888
6805
8763
1649
4248
6991
5849
8577
1549
5197
7930
6460
7652
6172
471
912
9744
2207
4854
7463
8706
9937
2310
3181
2673
8410
2468
7993
6698
7636
5433
2710
7636
1367
1080
9384
6195
6867
5747
7066
6030
8706
4939
7132
2771
164
27
6667
164
2452
5747
3738
5044
809
9658
1372
8387
6805
3942
332
4781
4787
2381
7330
1003
1080
8747
8668
4687
5100
6115
6172
9861
2872
5849
9300
8353
164
1873
1015
7754
7663
2310
4493
6147
2468
7634
8668
6805
7837
9027
9308
8706
8888
7835
113
8706
8577
5371
6806
1790
5100
4687
9300
5548
1456
7349
2381
5506
3751
9479
7652
9190
7824
3527
1790
5749
4842
3066
120
2310
4448
5426
5433
5867
5905
1529
7930
6658
832
4870
8387
562
4779
7539
8410
643
4787
164
2847
2847
7652
2847
6030
9884
3767
1080
3158
6195
7930
8747
288
2310
3738
3591
9290
6147
710
7930
3181
5273
9773
7824
3922
4202
6266
8350
8536
7786
81
9937
3354
3964
1315
2381
9089
4002
669
832
7733
7930
9027
4779
2847
6172
6266
7539
5548
7636
3591
5433
2381
838
6404
2468
4787
6423
2454
8761
5433
2189
1978
2847
288
3950
9832
5100
809
7330
7194
8747
5197
5172
6195
776
9211
4202
1015
9300
7640
2673
7634
3181
2803
9884
8353
2608
7391
9384
4787
5506
8641
2511
2938
7631
9645
4072
5172
6195
8627
9341
6999
6172
5871
2468
5849
912
5606
7754
1790
9300
5273
9544
1867
776
7885
5172
7640
3476
8072
9089
2807
2452
7631
2454
7132
938
4202
8978
4448
2183
4237
8747
4237
2310
4376
5871
9000
4364
8353
7632
9211
5008
1015
4847
9832
3767
8761
8627
2526
8353
6991
3950
8761
5371
6109
7455
7328
2207
4998
776
391
7663
8888
2771
4939
6266
2746
2141
7704
4448
3525
5044
4079
6802
5867
5008
2207
7631
9937
2454
5371
3942
1383
6317
3476
566
1080
2673
3942
1978
3331
6320
7455
6109
9085
7930
8888
5273
3363
4202
120
6991
1790
81
1867
2526
7194
1315
5548
3950
8577
9089
2381
6594
2938
3942
8706
7636
6867
6172
669
2468
8888
4847
9089
5747
6030
5712
5905
4687
6512
4779
1080
4825
3680
1456
2138
8888
6525
1978
5044
4448
3680
3591
9937
2711
6460
9341
5899
6266
3950
6147
7835
8706
332
8577
2381
5008
5849
7631
6825
7631
832
3618
8622
1456
5273
9308
5747
8761
6030
8387
1367
4687
309
2207
7652
4364
2847
2771
2189
4600
9001
8606
8101
7930
3680
758
4998
1429
3031
5899
6266
2310
3181
1480
669
713
1649
2847
8101
9300
7907
7066
3031
6594
3158
9001
1429
2803
9308
2454
8627
1649
4002
9673
8534
1873
1480
838
3181
2454
4448
2207
5008
669
4577
3950
8534
8761
7349
9089
2673
1783
7631
1783
391
9341
2381
2771
2847
9636
3065
6999
9300
9832
5712
8577
2141
6594
8706
98
7632
6603
8641
2454
8978
1582
113
8763
6867
8978
8627
3950
5548
7754
1080
5633
9089
6805
6802
1432
7652
7754
3950
5871
6991
8606
7738
2710
2711
6993
8353
7993
6658
8622
5044
8627
6423
6451
832
6802
4614
5464
4854
120
3363
8127
3680
7652
5426
2847
2381
776
2673
6030
1783
1367
9937
8859
6937
3331
5871
3181
3591
5044
5849
3950
6991
6500
7066
8747
120
4030
5983
81
8641
5749
7704
2381
8763
6805
3331
6805
6030
7993
1783
7748
9773
7930
2771
673
3609
4030
9744
7631
8679
7930
1015
6867
6266
7132
6266
5548
3942
538
9446
5676
4779
1429
9290
7132
5905
1367
6746
5606
6030
809
5100
9300
7993
832
7640
3031
7463
2381
2807
1015
2847
7445
663
1015
4364
81
3751
9027
8978
8534
1367
391
1529
9884
6195
3031
5712
3950
7631
9880
2141
8888
7652
538
3591
528
1529
6500
3222
5649
1649
81
4781
2141
9265
7824
6867
7930
8747
6172
777
2850
8761
2207
288
7652
9880
3065
2847
6603
673
4796
6594
2454
4796
288
7455
9832
4202
6266
1549
120
7270
6658
98
7733
5633
7652
6109
2710
9190
5905
8888
2882
1432
6147
8353
6658
3579
2938
6500
9290
3331
3385
6451
7824
7993
8606
7993
1315
3950
5273
4796
3222
7821
7885
9190
1015
7733
8387
5849
6030
7330
4842
3751
3591
8761
480
2771
9744
2847
2183
3950
1582
3618
8101
5044
6658
2803
4914
8627
4583
7930
8763
809
8747
1592
2454
3574
2938
7821
2454
8622
5172
9027
2141
8353
2803
5408
4401
5008
9000
8606
7194
6806
5205
7349
2452
812
7631
7634
8127
5642
3331
6266
391
5172
5548
7640
6603
2189
8761
3222
120
1790
4364
6999
7993
164
2847
7930
4939
7754
8387
5371
4448
7930
9884
6603
5172
6320
2737
7328
3257
4448
4600
4781
3065
4847
4914
8627
9089
9937
4370
1429
3181
6266
6030
5100
7636
231
7496
4202
5642
6658
8899
3591
4090
1429
7328
6193
8668
1790
6991
5780
8627
6266
8706
5044
8761
231
1080
3031
4364
405
2844
8641
3950
5606
4248
5172
1432
2850
6594
4998
4030
1432
4370
3331
4939
1015
6867
832
3591
4687
6345
98
7496
5983
7993
2803
832
2746
4202
6603
3942
3065
776
3527
6266
6030
5649
8641
6542
9290
1383
2803
8641
4176
1550
2381
1649
3942
5548
2189
5273
9516
4787
7652
8606
1080
5548
3363
6195
332
288
9744
4825
972
8761
8761
3066
7640
3527
8127
4401
4600
7426
1429
1783
3007
3579
6805
2803
9290
6266
9880
7496
7652
7632
5780
2310
3680
3363
1592
6867
2141
2803
8948
972
5008
7738
4687
3738
7328
6603
4825
8577
5633
6698
6147
9001
2938
3527
7132
2189
3181
6030
3363
5273
7993
4614
8536
6658
9290
7885
6989
6968
7330
1592
3527
758
2454
3767
1367
1873
9085
4939
2511
1080
561
6320
2207
9534
1529
3751
7993
4687
3363
2207
2882
8627
3181
7066
5649
5273
4202
8627
3591
7270
5433
4787
7426
8353
4202
8763
9308
8747
4787
5649
9089
8761
27
7631
5606
2381
3751
8627
7835
6266
4401
81
8761
4583
4614
2452
669
5800
7455
6423
7636
6500
4825
5940
9636
8761
7132
2746
9658
4519
7066
8888
7636
3942
7194
3618
1867
7270
3680
6667
6172
7066
6500
6802
7328
4796
3222
8747
7993
6266
5371
8072
2454
4847
5008
7391
832
6802
8543
120
7634
6991
1550
7754
5044
471
9479
2947
2138
120
1806
6147
2454
1592
3181
8072
6805
2189
3942
1649
9211
5008
1550
8606
6805
3476
6500
9937
4847
538
8577
9516
6802
1432
9937
8761
5548
7349
3789
7539
3007
8353
5273
8387
4796
8048
3942
4787
8668
7786
5008
3181
8536
4030
8387
1015
5712
4577
4998
6991
4370
9937
9211
3322
6968
5100
7930
98
2141
7426
3222
8622
3331
912
9884
669
3007
972
7463
3618
5849
5273
1015
4030
2468
7496
9211
7496
7631
3751
8856
553
3363
5100
2673
6147
120
6098
5780
6147
6172
5008
9089
9880
4847
4566
8577
928
4787
2381
2673
3950
7652
9027
6825
9000
6989
7194
4583
8410
8353
9645
5506
6658
2381
5208
1592
5008
6423
4202
6542
7270
5044
8072
8641
873
5747
5548
7391
6825
7786
8978
2710
7526
2207
8606
2452
9832
9645
2803
9000
7786
2454
4825
5240
9937
7885
3950
7885
401
3527
9479
3891
9645
8888
4939
7640
3426
3942
4998
8396
8888
7907
8763
6968
1080
3222
7733
9300
1649
5205
7835
6320
4030
6147
1015
7640
3363
9190
5208
4600
81
6266
9300
120
5548
8543
1432
4090
309
9773
7270
1429
1649
4090
7885
8622
7748
7738
809
8353
1003
7463
5989
9085
6603
5100
3476
7349
5983
6915
8627
8978
9719
1592
8072
758
2847
9937
8577
3489
8859
7631
7330
553
8627
7391
1783
9884
3031
6147
4401
4448
3609
5044
8127
4202
9300
9000
8888
710
1432
5548
7821
6500
6999
6867
9187
8747
9085
3574
758
2803
9190
8888
5849
833
120
3527
8899
4202
3609
3354
5849
9001
3950
7907
9308
8127
7652
6968
6867
6542
977
6968
2468
7835
8627
1315
9300
262
6030
1429
6320
4202
9880
4401
3680
8387
6991
5008
7922
4779
6320
1367
8641
2362
1429
7632
3738
7455
1790
3591
1867
6542
9190
4202
9937
1015
81
3579
2807
669
758
8761
2454
1080
1015
5464
5780
8543
8747
3591
562
8577
2468
4519
7930
3942
120
5205
9290
7496
2771
5548
9000
7330
832
5633
8938
3609
6266
8641
6542
3767
4370
9211
7631
7328
3618
7132
1429
5172
8353
113
9308
9308
3950
5197
9884
2945
7631
9937
2526
1790
9446
2844
1649
5849
8763
7132
6542
6825
5548
1080
6451
253
9000
9308
1080
6937
3738
2803
1015
8668
1367
7634
6500
288
7733
9085
4687
5433
5780
4600
8353
3331
758
9290
9479
8350
9341
5240
4870
231
5044
5240
288
8641
1015
8534
3680
7328
8622
7993
4787
8622
7754
2803
5899
4566
3751
2938
2771
4847
1315
7786
6147
2189
1649
7993
8353
4787
6805
7547
977
4870
6658
7526
9290
1592
6195
4364
5464
6802
3363
7885
2468
9645
4825
1065
8627
6048
9937
4202
8763
6806
1783
5780
4847
6667
977
1429
6542
6147
7631
7930
5273
6451
9308
9000
4030
288
4847
7328
8706
7636
9308
2882
2847
5433
1790
1429
9673
4401
9089
3354
5989
1978
8641
3158
4783
9937
9884
7631
2847
5633
7930
4796
2947
3950
1315
7194
5899
5800
8072
3181
9290
2454
8072
9308
9832
5408
4687
7496
8888
9027
8350
8668
8353
5205
4202
164
4583
7636
3891
2183
5749
8747
5747
7930
5008
4787
8859
7930
5044
5606
6806
2468
4277
3426
9516
3363
2072
6147
6806
6658
8761
562
5676
2381
9085
5205
4237
5197
4787
2138
812
6991
4277
6525
7194
2381
5940
7496
5273
8761
7426
8943
5197
7733
5273
9937
6968
8627
2454
6525
4783
3331
5606
9673
1367
6658
7885
6266
5506
9308
5044
7652
7907
3618
4847
538
6195
8641
5426
9308
3181
458
5712
6594
9300
2850
6999
1592
1315
6030
3218
5008
5780
4237
758
2710
5849
7747
7652
9290
3618
8938
5273
3680
4577
3891
7391
4370
7426
663
9884
6802
4600
5905
6542
8577
3950
6542
8536
3363
7885
4998
2847
5371
7496
2803
8353
9290
6806
9000
4099
5871
6193
8888
5633
9290
9027
7885
6825
2847
2468
405
6512
7885
7496
809
7349
5749
3181
3181
8387
401
8978
8353
6867
9308
7132
5899
5548
9884
6030
4030
3942
8606
3950
4842
3680
5606
6266
81
7733
8856
7631
4448
1867
4796
2847
1065
3964
9000
7631
7066
5100
8606
7066
7426
8859
6806
1592
2771
1867
5899
9937
8641
6266
7636
4293
8627
2468
4370
5433
5172
7930
833
7349
4090
8948
4847
7636
912
6030
6991
6266
2997
3065
7496
4002
1015
2746
3181
4030
6825
938
9645
8706
7786
4779
9446
9290
5606
4448
81
5044
5548
401
1429
2381
5749
2896
1432
4787
6172
6989
9645
4030
777
3751
582
8127
2882
5208
9937
6991
6500
6030
4041
9884
2710
6542
6500
9884
3789
6030
538
2454
6030
8410
1790
6147
3527
1080
8353
7270
4030
4783
2454
3942
5899
7652
938
4002
4779
8606
6542
7640
3591
938
9001
4924
2452
5749
3476
8353
4079
4870
8888
7704
2882
113
9937
7463
9673
5433
938
4090
3031
9937
2847
5905
7907
6500
3591
6603
8353
5008
488
5205
8350
9937
9001
8641
5649
5464
2938
6098
8641
7194
6266
663
2803
5633
7391
1549
7634
5044
3322
970
2872
7786
5548
7270
8350
4998
2847
6030
8622
2454
2746
9744
480
7066
970
6991
3950
4825
4202
9265
5433
7993
2847
6266
1361
5676
8706
1549
332
6030
6603
5464
1550
5633
7547
2608
9187
8938
758
3751
8353
3331
9880
2454
9190
6802
3751
8747
8536
120
458
9000
3891
3363
5633
5464
1592
4842
2872
5633
5548
1456
5506
1456
5205
8627
5649
4202
7930
8641
6172
7349
4787
4401
9645
7627
9884
5780
7930
4870
1592
2847
5205
5899
7725
938
4847
4583
3964
2882
8627
6266
7631
4448
4680
9636
164
3065
2454
8888
3426
2707
3527
6172
8353
81
6172
2452
7704
9089
120
1549
4600
9290
9673
5548
1080
8072
832
164
9544
7738
9544
3618
3738
6451
5548
3363
3591
7463
5172
8536
5205
5905
5642
8978
8387
8888
164
2847
4370
6030
288
6802
6825
6968
8627
6500
5273
7754
7786
5548
6594
9937
5606
3767
81
164
1783
4687
3751
7632
8938
8577
3363
9937
164
8761
6423
480
7993
5749
9384
7631
5633
8353
4998
7652
288
1783
120
2673
669
2454
2468
1080
8534
9027
9089
5273
3751
8761
809
7349
332
669
9832
8353
3222
4577
9000
7463
3331
9937
3751
7132
6500
8387
809
9308
8747
7754
5044
3579
2207
5273
7066
3218
1015
458
8706
3767
2847
4090
2454
4847
7930
4202
3591
8101
9479
2141
9190
8706
3618
6172
3964
6172
663
6266
7754
4364
6500
7539
5633
6542
1367
4370
4854
8679
832
8353
81
2183
6991
7754
5712
9880
5273
7725
4277
7426
7738
98
4825
1867
5205
758
9085
1592
9300
4202
6172
7632
3363
1432
3476
3891
4687
8410
758
5433
8350
912
120
1315
1367
332
7754
977
566
6451
8606
7907
3751
5712
5240
4030
710
8888
7526
9308
3942
5008
5849
81
3942
669
2454
758
7930
5899
7634
3751
6147
6266
9516
5606
7426
4237
3618
3618
2141
5649
3964
4448
9744
4030
776
1429
164
4202
7426
7547
1367
9516
6989
6172
9884
2771
3527
4583
1080
5044
8072
6030
7631
4600
9308
6542
4448
7754
8353
4202
3591
9308
7132
8536
4939
7631
8606
9027
8948
5747
9384
7328
8606
5649
2454
4364
4493
1429
3767
3751
7640
758
6867
5240
6667
1429
6805
7631
9235
4924
8627
5433
3527
1867
5464
7426
3942
8577
663
4998
6999
8536
4998
1015
6968
832
7738
5633
8387
9290
1592
1315
3065
9384
3942
3767
7663
1649
7993
8761
3591
9937
458
9645
2847
9516
2141
8606
8978
5433
8410
4787
7824
977
7132
6193
4202
9658
6806
8353
5008
2454
3331
2454
4099
7349
1383
669
6264
8101
2468
7837
832
7426
4099
3363
1015
9645
5205
2207
8747
7930
8888
2707
928
9384
4583
1080
7835
7636
6451
8943
5749
4002
7907
8396
4293
1783
5780
4030
9937
1080
4939
4600
6204
6525
7824
1649
8763
6460
1529
262
6825
1456
6542
8627
4614
4614
2468
7704
8627
7328
5606
7455
9479
9937
2850
9384
9673
2850
3950
9446
7885
3767
3181
3579
2104
9937
1315
5433
2381
6193
4202
4842
7547
809
3031
4687
1315
9001
2803
5273
7426
3942
8536
2141
7526
8761
1315
5205
5780
2183
7496
3591
9384
6658
4202
6937
2847
9211
4870
8534
1529
6603
3527
938
2207
970
5464
6806
3964
6423
4847
7547
7663
8978
2381
471
7426
9308
4687
6825
6802
832
8606
4030
3751
6825
1592
4448
7328
3738
1367
4842
6542
5044
8627
6266
3322
6805
120
113
2807
2468
9085
9211
6172
6989
9000
3065
6867
7930
9937
1015
7907
7194
643
81
4583
8641
832
562
8888
4090
1641
7426
3421
9884
7835
4583
7526
3618
2847
5205
758
6542
1429
2847
471
8888
6195
4030
6867
9000
4787
1867
4030
2807
7496
81
7885
7993
9290
6968
8948
2468
9937
7194
7636
6264
27
2454
5989
5989
9479
9479
8668
1429
2710
5008
7328
7066
4779
928
8127
4796
1641
4784
9884
2207
2452
6193
7640
7496
3363
7913
7328
81
8577
4796
8978
2111
2807
6542
7539
4030
332
3767
6802
6030
4202
5273
2707
4847
7993
7738
4583
7835
7733
7426
6658
27
5548
1592
7496
9880
8577
3218
4825
2847
2771
2468
5633
5240
2673
3331
7993
5008
471
912
3964
5205
5642
6030
2454
4842
2454
8888
3181
9645
4847
7194
7631
7754
4614
6802
710
5633
6968
669
562
7455
4998
2141
7835
7652
4825
4687
5849
8888
7885
9089
3618
3618
6172
6193
9645
2468
9341
8387
6460
4202
7066
9290
758
6266
2104
9479
4090
6805
9300
9027
940
6991
7631
6172
3751
8899
9744
6993
7733
8761
6542
4796
9190
4202
6500
4099
6825
1080
2847
562
2310
8938
6991
7132
120
7496
9290
7066
7632
231
6195
8534
4002
8353
3618
6542
9089
4370
9832
7631
9832
2938
2771
2746
4401
7930
81
4370
7738
6266
4939
7631
2803
7993
3527
663
9290
2947
6999
9673
3609
8127
3964
3942
6172
977
6603
5637
9190
7636
6999
9308
5044
5849
8387
8761
8627
2938
5273
6193
2847
2771
7426
6658
1015
2847
8396
1361
4448
6195
1080
2454
9027
3618
8387
4448
4787
928
391
9000
5273
7930
7539
4566
8410
1432
1953
3789
4939
164
120
4030
8350
2183
4202
7631
9300
3363
4448
6805
9744
3385
9300
6451
4825
7194
9673
2746
2454
81
288
2847
8763
4030
7132
7330
1315
9384
7824
7526
2997
8072
1867
2189
3331
5983
8747
4448
7754
637
6999
4202
8706
3942
5867
5044
2938
2803
3591
4847
5905
8387
9516
8387
3065
6147
9187
7824
8978
9880
7824
7631
6805
4493
6806
8888
2189
2454
5100
4825
3363
7634
8938
8536
7636
5408
663
6147
7631
2138
4293
2141
7539
6805
5780
8679
4448
471
6991
5712
3767
1592
1783
643
3527
4687
6937
6266
4202
458
7132
4202
4870
4202
5433
3476
2310
1529
3942
3031
6867
2452
3950
1080
4401
8350
1783
3751
8888
2454
6266
6266
2138
6172
9937
5273
8978
2746
6030
5273
81
7704
7786
9001
332
6460
2468
5548
6451
2183
3950
1383
1429
4687
9645
7652
3065
7738
7704
5548
6806
6594
1315
6806
8763
5273
5205
7547
6030
3065
6193
2803
4784
3618
5749
1080
8353
9832
8761
6172
758
582
6147
5172
3942
3591
5548
4998
9636
2183
8387
7121
5044
3767
5899
4448
3181
6147
4687
9937
912
7631
9265
5871
2189
7632
663
9937
5197
4796
4847
8353
9190
1582
5747
8606
5205
7652
2771
9308
4787
7754
4079
8706
1080
7930
7821
6193
8072
7733
6172
3738
6195
4787
6603
4030
3065
8353
6451
7547
9027
7445
6968
1315
2938
9300
832
7993
5899
4924
6147
5240
7821
3767
6423
8888
120
4364
8410
4825
9290
553
4687
8536
5008
6030
7328
7328
8350
98
4202
8761
5044
5008
9211
5749
5506
7631
3527
9001
7652
4577
3066
1456
6991
2189
4939
4842
1015
8387
8353
2454
9190
8761
405
9384
2189
5633
8627
6937
8747
120
5633
4796
5433
7455
1065
2452
6825
6115
7496
9085
6266
7908
2807
2452
2803
8978
4939
1429
6172
7328
4202
7132
3158
3767
5633
2608
8350
7066
7835
6805
7328
7330
2381
7194
7786
6478
6805
6603
776
3751
3065
401
6825
9516
1649
758
9001
4030
3331
5871
2468
8706
4030
3181
4998
9880
6805
7930
7631
6451
8712
3218
4493
7391
2468
1015
7426
3527
9479
4364
4030
2707
7547
9673
1790
6030
2673
6802
6098
9937
5371
7631
6195
7885
9673
5044
977
3363
2882
8938
9516
7835
566
6266
8641
6172
1873
6329
3591
826
9300
938
2947
2803
7270
6698
1649
4783
8627
8747
4519
7636
4030
9308
5008
3591
758
5408
1582
1783
3331
5044
8353
7777
9645
3421
5100
7930
6805
9308
2468
2104
4847
1429
9673
5426
5940
4583
2938
912
6147
98
2138
9884
27
9300
9645
2141
5780
4577
3591
3354
7391
3767
8577
9290
3354
7539
4202
9290
8761
391
9832
4364
8101
8978
4854
6265
561
7786
1783
8747
3065
5464
9937
2771
3738
9832
4277
977
7725
231
8761
4787
6345
7631
7194
2381
8410
7066
9880
5905
6867
1080
9645
6266
9516
4600
8536
2997
2111
7194
7194
8387
4448
7663
3031
1367
6266
8410
6991
9744
6806
4090
8627
288
7786
9000
6147
7786
3767
1529
8387
3363
9308
7738
6172
5205
6915
7754
8622
7496
8350
838
7539
1529
7631
1015
5044
6825
2997
4090
6030
6329
4787
1867
7132
253
4202
9190
2803
9937
9085
6266
5800
8668
8387
8606
912
1609
6030
8577
4781
6147
977
6825
98
7463
4998
9516
7930
3579
2468
8353
7738
4781
7391
9089
4847
4090
4448
1429
7907
3031
8761
2771
6991
7777
5008
7885
1367
2847
4448
7837
2938
2468
8387
4796
5606
6195
4600
8627
3609
8856
8679
8072
7631
7539
1315
1790
9187
3031
5044
7066
3751
5606
9089
9300
4787
2454
7993
3181
9000
8387
8763
2381
1806
9211
9211
3950
9089
4202
8353
6699
7634
3476
9308
1015
6172
2207
7993
8978
6030
7455
6594
8606
5637
5676
6147
5008
7391
5642
7066
1592
2468
7885
7632
332
5649
8350
5633
7328
4025
6989
2452
6603
1429
6451
1015
6172
673
9673
9544
4577
6423
8761
5433
4825
4854
6806
9089
4072
7777
4002
5633
5676
2847
120
8606
4784
5205
7907
7270
7547
5240
8859
2771
5905
6030
6802
5240
9544
6802
9645
7993
7391
120
912
6993
288
7885
2710
8641
758
3363
9300
6806
3738
7885
6806
663
5712
2468
1592
7066
5433
5899
6512
9645
7330
8761
9089
6603
4614
8668
4401
7725
3680
832
7993
3751
5273
4825
8127
7733
9707
2138
2141
2737
7754
27
7426
3476
2454
9000
4030
5747
3222
5749
9085
4787
5371
1015
9937
3354
8606
3065
164
912
4002
5506
758
2138
2207
9211
6542
838
2310
2847
6658
8747
1790
6999
3031
6266
9187
7636
3222
1592
5392
4600
6451
6805
5633
6989
3031
7907
7328
9300
7636
8353
809
1429
9937
5273
7652
6195
6805
5464
5800
7907
6172
81
5649
3591
6404
2844
8353
9211
8978
8353
1529
1080
164
9979
7328
8978
480
401
1592
113
7463
1315
1873
9479
2938
5172
9001
3738
5849
7132
7631
8856
4493
7066
1978
6500
562
9937
4787
5433
8761
2468
977
1080
2746
98
2997
1649
9544
6500
3031
2454
1065
6317
262
809
9476
8859
832
6989
7631
6991
5433
4687
6147
6172
6030
5606
7786
5871
1529
5747
5649
1529
9645
9884
3591
970
6825
1529
8943
3363
5548
4090
2468
1429
8101
6147
2771
7496
4202
5548
4090
663
7328
7930
710
5899
6195
4030
6030
812
7930
9308
8410
3738
7270
3421
2825
3614
6991
9937
6991
9937
9744
332
8761
4796
8706
8606
6460
8706
4914
3579
2710
5747
288
1015
8627
3354
7636
5905
2207
4493
6989
7754
5433
4939
7631
164
7993
7652
5712
6867
7631
3618
9027
3942
8536
7636
7426
4237
9880
8938
5273
6500
7631
4030
4600
7885
1429
6172
2673
4583
2850
8072
5676
5100
7652
561
562
7837
7391
758
5649
8627
98
2771
1080
8627
7993
5983
7434
4370
2882
3476
758
5273
6500
8627
7634
4493
3331
3738
6658
6991
7704
9290
4293
81
3181
8353
8606
663
5749
5800
8350
8353
776
2847
3942
6991
7631
3751
8353
7330
2207
7547
5044
7636
6423
9341
5433
4090
6991
826
4090
1367
6030
6265
4090
5780
5606
6542
7930
8763
8072
5197
7426
5100
2381
6500
9937
8127
4939
471
8888
4779
4376
4796
2850
4583
6805
2454
3618
4202
2454
4796
9290
9027
5899
553
8763
6030
6991
7194
4847
2381
7835
4825
1873
972
7652
758
8747
2844
9937
3363
977
6937
1315
7704
4787
777
4779
3767
44
8387
8641
977
8641
7824
928
2452
1015
2381
6098
6991
1080
81
6805
7496
7631
8747
7636
7328
8577
6266
9384
120
2454
3950
4600
7930
6460
3591
1065
8536
8387
6802
3751
9000
7330
6500
9880
6030
758
3065
7631
7547
6500
3476
6266
7704
6030
6115
7631
8534
7907
1867
3891
9476
2381
758
7066
2947
3942
6266
5273
1080
8747
5172
4787
8606
1080
9744
5749
5506
6658
6172
8761
5008
3476
81
5273
5849
4448
9744
5273
8353
3181
8606
3158
7636
6030
5649
5371
9001
5633
5506
7526
401
7631
938
8387
5506
2454
8627
6147
4787
8641
6193
7930
6195
3950
3065
5240
7754
2707
401
401
4202
2526
8641
9658
3527
6172
7132
4202
6172
6658
7907
2847
113
1745
7754
2771
663
8888
5749
5371
6147
8685
4998
1015
9544
3527
7733
9300
9645
758
5172
3950
528
8761
9880
7328
9937
8387
2454
826
2997
9211
9516
6999
3591
9001
4939
8641
3591
3591
7993
7993
2707
7391
7993
4030
4847
710
5712
2183
5871
5649
4202
1015
562
2594
7704
2454
2803
2847
6172
7632
401
8747
8072
9744
7632
27
5849
3950
2673
5008
6285
9937
4030
288
7652
9000
6603
4787
938
7885
8888
4041
7754
164
9645
7993
6805
8606
9832
8072
6805
9744
7391
7652
5464
8761
7631
3591
2468
5849
9884
4448
6320
4924
832
6320
4825
7640
8627
2138
7636
81
7704
3942
6329
9308
2310
2454
4202
2938
9937
2104
7194
4779
7391
98
6098
6805
6989
3789
332
4687
777
1315
9341
81
4924
8747
7132
1649
9880
5642
758
9645
2737
5548
561
7636
7132
7132
553
6658
5548
6825
5044
401
5871
832
5205
1529
27
809
6030
9544
2673
777
2847
3950
8353
9000
4577
1456
7270
7754
5548
7824
3751
5871
7636
7270
6266
7652
164
8353
3065
3181
8072
838
3618
5433
8387
6825
9744
5408
9884
7885
8606
7885
4448
7194
81
7132
9880
4796
8606
7328
6867
5747
6423
7786
6030
8668
1806
3579
1783
6098
7455
9000
9211
4377
164
7328
2803
7066
8747
3181
3181
4577
7426
5548
9300
4202
113
2746
8763
3527
6451
3950
9937
7930
120
1315
8387
2454
7066
6460
2803
1649
2882
5100
8938
5606
4099
2847
9027
1592
9001
5548
673
6525
4072
4493
4041
1361
3181
3158
8577
5044
3031
7328
332
1315
6030
458
3950
6978
4030
8622
1383
8685
5371
3385
6989
8899
2847
4202
8859
553
2710
6172
1367
9300
4787
6825
5871
8747
8072
6512
4842
8888
8978
5273
2381
2189
1432
5606
5548
1806
3527
9937
9001
9880
758
777
4998
6512
2454
9446
3942
6266
3591
8712
6115
8706
9190
3767
6806
6542
7463
5240
5172
8627
4825
4914
7930
4787
6172
1550
9190
6172
2803
9476
7993
4842
4002
7835
8654
5273
8679
7636
4202
3942
6991
6266
6825
3950
5989
4779
3421
4787
4870
5464
6667
9001
1065
8410
7824
4687
7652
4870
7777
7270
164
9089
1315
9027
5633
3618
1790
6594
6147
3618
6115
1783
3574
7930
7636
6193
3363
7824
8627
4998
5100
3950
3942
777
1080
3158
6594
4583
4781
7426
2138
4583
8856
6451
120
2847
9308
6667
4030
7907
6603
6276
7754
5606
4072
1550
4401
4202
7132
6109
977
4924
7270
8888
8763
5371
7631
2454
7754
6603
8859
1790
6500
9308
81
637
663
3618
7885
6656
9300
6658
7754
663
3363
7930
938
8577
3751
5548
528
8747
5240
2138
3942
5506
7539
7993
1790
2104
8943
9832
3591
8536
669
8606
832
4277
3181
6937
5100
9300
972
3738
7463
8856
6460
8627
2947
7908
4370
6698
7636
2468
4939
2454
8353
2847
8888
7132
9300
7636
7640
6115
4583
4614
8948
2468
9544
7132
2882
562
7632
5606
6478
4825
4202
562
6802
9479
4825
7824
8761
6937
6098
5408
6867
9884
2673
5780
528
6500
2847
8668
7930
7704
7391
7445
7652
9645
663
1873
7993
3181
9000
8577
4787
7885
488
663
9384
3942
938
8577
8747
1080
6805
7930
8761
5649
912
1790
3950
6266
832
3363
9884
3181
2947
9308
4847
8761
5044
7631
7631
6989
6195
5642
5548
5433
832
98
9658
5899
9290
6806
6266
8606
3751
6500
1367
6798
9544
1015
7786
6802
8856
9001
6805
7652
7132
7885
8761
3065
5800
7640
5747
6867
7704
8747
8856
6500
5008
528
6542
6500
5433
9485
7426
2454
4924
6805
8606
1015
3218
4202
6500
8888
9937
6991
8706
6658
3751
5642
6802
562
4939
5780
4090
4939
6266
758
9937
391
5100
4781
7636
1429
9880
5899
938
7496
8978
4202
7631
3738
8387
7631
1550
1383
6867
7328
2771
6594
9979
5008
8606
7631
4202
5905
6806
7885
3942
9265
4787
2847
8761
4998
1783
5871
9187
2711
8577
5433
4787
7066
3618
4176
6937
3964
977
9300
8606
6825
6991
6172
7885
3751
809
1873
8888
6802
7634
9000
3751
5240
6478
27
5871
8641
120
9645
3527
4090
2468
3489
9290
6172
9884
2452
7652
7733
9085
3751
9645
7885
4401
8761
5899
7328
9089
2511
6658
6658
9290
8387
4680
938
27
4825
3579
2807
9085
7496
2803
7754
1790
6802
2896
6991
9636
8888
9027
5905
5676
4030
1867
6115
5800
9000
3950
1456
3591
2104
2207
6451
7652
2310
2381
2468
5172
7349
3950
2381
5371
8396
5433
7930
5008
8761
1649
6867
2189
5008
4376
8536
1065
5044
9027
1867
9027
1429
6999
2997
812
4202
2803
6805
4401
3363
4847
7066
5989
4099
832
9884
3527
9884
4030
9832
5899
120
332
7704
7455
7349
710
7835
2454
1783
3218
8641
5464
7993
401
6993
1649
8543
2771
2673
8747
2847
7993
7632
6542
5747
9300
9937
3767
7349
3751
7930
5871
3527
9000
8622
2847
4202
2711
5433
2381
6098
4370
9300
6500
7066
1873
3527
27
7328
2468
7786
9645
5712
2104
3942
5712
7526
8606
4842
1080
5044
6698
7738
2468
758
5205
4090
9937
6147
81
4364
8763
8641
8536
7426
2847
6266
9516
7821
7066
5506
6404
3751
2381
7455
4364
8627
9190
6937
120
458
4448
5749
8856
7391
1429
2673
809
8606
5676
405
7496
5044
6806
2684
6658
809
8163
8127
7754
3789
7885
4202
4202
8706
6451
5649
3363
3222
6030
1790
2711
6265
710
6867
673
1885
471
7754
1978
2454
1080
5008
6542
4796
6542
8888
9937
663
1592
2141
1978
3322
6802
6266
832
6805
4787
6030
1554
7754
2807
391
1592
9744
7632
8577
4600
2938
5676
7132
6193
9089
2468
809
332
7132
4090
8761
2710
7993
6500
562
8577
5100
81
7194
164
8622
3421
6991
5712
2454
81
3950
3222
81
7194
809
6805
7496
4779
4842
1185
5606
562
7631
7328
8627
1529
8101
9384
9000
7631
3222
6915
8706
7885
9085
81
1429
2468
7445
9300
8127
6805
3181
4030
7885
3331
3950
81
4870
4687
7463
9308
7786
6195
288
8938
1978
2141
8978
9190
9089
8606
120
7496
2673
3751
2710
7754
2847
6266
5371
3751
9485
5749
1783
1429
3591
6603
7270
81
6147
7754
826
6030
231
8747
8747
7993
4870
3591
7930
6867
1867
4614
5008
5044
673
8888
1745
3942
5100
5747
5100
5633
4787
8978
7733
8627
3591
663
8543
4030
2141
1529
9000
7885
2381
9645
1549
5905
1080
5044
5044
98
4376
3363
7631
4847
7349
4796
5548
9645
9000
5871
3591
8641
7328
8350
5240
4998
4448
8888
8763
9085
6030
2381
164
9001
6500
6999
3942
2104
9384
1080
3525
5044
2310
7349
4825
3363
832
5371
8763
8761
3751
2803
4847
1783
9479
1367
4842
4854
9884
5044
6603
3579
9300
5899
2468
488
164
5008
8888
5649
6999
8627
5205
9645
758
5205
2673
7930
5240
3031
5749
6825
4796
6172
9645
7391
1429
8606
9384
7786
7463
812
9290
5008
2454
7349
1315
7907
4237
3591
8747
7349
9479
1080
928
7132
4583
6805
7652
7463
3738
3181
7349
758
8856
4787
1015
8163
1080
5433
7652
7786
8761
5240
3738
9001
8943
9446
9000
5983
2468
458
7663
2454
5273
3421
4079
6172
5273
1429
5548
6991
6320
4364
3738
5548
332
6320
2189
7455
2468
8761
5273
6030
3218
838
3322
7463
81
5849
6658
2454
7907
7754
3031
4998
1592
5371
7754
8761
7738
1783
7652
7930
669
81
120
9384
8761
6266
9308
5205
7663
5433
9832
458
6030
3331
2803
4202
7496
2141
5633
7496
4784
4796
9290
7885
5637
7328
7631
7930
2746
4202
6500
4090
9544
777
9000
7132
7496
9190
6802
8899
8627
2803
673
8387
5008
663
7526
5044
9645
838
4600
9308
4870
8353
7132
7194
5273
7636
8101
7539
8859
5905
6500
4364
3614
5749
1432
3591
2807
3591
2454
7652
7704
2803
7132
6048
3527
5899
8387
776
673
7634
7738
8353
3181
6345
8888
8938
6195
7631
299
6989
8353
809
1783
940
9884
7631
9707
7652
2207
7738
4090
7066
8072
9645
4401
471
2938
3331
9089
4079
2847
6265
3331
120
9089
8641
1592
6658
6999
8101
7930
7194
2847
9027
2452
9937
2746
8387
8856
7754
2673
4787
4448
4779
4787
3031
7777
1080
5548
2882
832
6172
9544
7526
3950
7627
8543
6802
977
7631
3751
6989
7634
8641
7636
6656
1080
6968
7640
7993
6658
9673
4779
8859
5197
3591
9645
1978
8978
9880
7652
2468
6993
8353
5548
3218
9308
6172
637
8668
8978
832
1315
2381
2072
5548
3767
8859
6805
7634
6172
7121
873
2452
8641
8101
8641
113
4030
8627
4448
3751
710
6825
4998
3591
4030
8627
4939
164
2452
6147
7993
7270
8606
3476
3950
5780
6991
7391
2468
8627
8641
873
9479
2847
9937
7132
5100
480
2454
7132
1873
8577
8101
9190
3257
562
2710
4939
7640
7455
4914
2454
4825
9880
7738
5240
7824
7627
4687
4600
4787
5273
2468
7837
9300
7391
1015
9384
2882
3591
7930
3680
1367
7747
7748
2882
8396
3751
6098
120
7754
98
8641
6030
8627
7270
7496
1641
7636
7194
3476
7463
458
5433
6989
3767
1429
4566
6098
7930
4090
2468
7786
7777
3354
98
8627
7463
8350
5205
4583
5749
7066
1367
9290
3331
2310
5273
7636
7634
9880
3950
3950
120
1429
8387
6195
8353
7455
9636
9290
2896
7066
5172
6603
4787
5408
9027
5205
5240
3181
288
4202
9089
7885
3789
9308
7821
8747
9235
7824
912
4854
6991
4030
3618
9937
8101
4939
5008
4202
3942
1529
1429
9516
777
6542
1065
6806
6991
1080
6115
5871
3614
7066
7930
2183
4779
832
9773
3579
5240
6500
9937
6802
4448
6937
6658
4237
1429
8387
1015
4583
3591
253
2847
9308
5606
2947
5780
4370
1367
5392
6320
6603
8706
8622
8410
5172
2673
9479
7885
7652
7786
6500
977
663
9384
758
1315
9773
2608
9446
4842
7496
9300
9937
2746
1429
6937
7738
2207
5989
7907
7908
5905
7463
758
7632
8627
9937
9645
7663
6195
4787
471
7930
7631
7652
8353
1641
9645
4248
7330
7526
7539
2454
713
4870
9308
2847
9000
7391
9308
6805
7391
401
5871
4364
7328
7066
5273
758
6991
6115
7426
7539
3007
7631
4687
7704
5464
164
7885
4842
4030
6658
2381
1015
3591
4202
2771
4870
5205
8763
8706
6172
2381
7631
1015
7391
3527
7132
838
3618
8627
832
2847
8072
7907
2847
2771
7632
912
8761
809
9190
9190
9308
7993
8761
9516
6991
5548
4448
9937
8763
4090
8706
8353
9000
2468
2947
1783
1315
8622
9485
4825
6698
2844
120
6802
7754
5240
1429
6030
8606
7754
5749
8627
9001
9027
1549
4025
4448
7631
120
1867
9636
4939
2947
3222
8888
3181
6991
8763
5849
7835
1790
4787
4202
1783
8622
4787
6500
6991
6500
7632
873
4600
2608
3065
7636
8072
3065
4364
4202
4090
7652
3680
8641
6404
5100
98
7496
8350
4600
1529
8387
3476
7328
8353
6030
4854
4825
4781
2207
5008
8410
2803
1790
912
6030
4090
8899
164
9446
6500
3181
8888
1015
5849
1429
3942
2803
8627
4825
8101
7993
6172
6667
9027
120
3591
1080
5008
3363
2803
812
4939
7652
669
3218
9265
758
9884
7247
7704
164
4924
9884
5548
9027
8127
938
5712
1873
5749
2882
6266
8888
6500
8641
401
5172
3680
7270
5871
7652
7634
8387
776
6825
9479
7066
8048
3363
938
6266
4583
833
5606
9673
6968
4998
5633
7328
7631
2454
2710
7631
663
9000
938
2468
81
5548
6999
7496
4784
4448
1367
4847
2947
2468
1429
9300
7455
6193
7132
5871
7837
9300
3767
7330
4939
3065
6991
3363
6802
8761
5433
7747
4825
9861
391
7631
5905
1649
1080
4924
1065
9479
9937
5433
4401
8387
1315
9089
4448
3618
3158
2381
4448
3591
4842
8627
7821
4825
6147
1429
6825
8536
9937
9884
1429
4202
3680
7993
6991
4030
4787
4924
4787
7270
401
7634
4277
9300
4687
5172
7835
5392
9937
4998
9479
401
4939
4825
6991
3942
6867
7132
6603
1609
7391
9290
2454
8938
9190
6991
7885
3964
8747
2803
832
9027
1429
1315
4998
1529
8747
9658
7777
2454
1080
7066
3363
9446
7907
7539
8706
2850
5426
8353
6500
6195
9937
9937
2104
4842
4030
6423
5649
6266
6542
4202
809
7738
8353
6500
6172
9544
5905
8888
5849
9000
3767
7631
4293
4939
4847
6989
9476
1649
7738
81
5433
9089
9290
2803
5197
1867
2844
1432
9308
1015
8888
2673
6603
5849
669
7652
9744
6825
1367
663
9479
9645
6451
8350
4099
8387
4401
3331
1080
2847
3421
3942
8353
8127
5899
4781
8622
4787
8387
2947
6266
1641
2454
9446
9884
7632
6991
3591
2847
6825
3942
2362
6193
3579
5371
299
9937
391
6806
9000
1383
9937
4030
3950
6658
8350
8387
2945
8747
3591
2608
7391
3031
4796
2825
8396
9085
3579
4939
6999
9290
5008
6030
4370
3065
5867
8978
2847
6030
8410
7631
1873
2310
7132
4030
4202
7786
7634
1367
6500
5044
9645
3421
4364
6594
9211
231
8763
9085
6147
9636
9719
4600
4448
3751
5642
9832
6172
3007
9384
3181
8072
4787
838
7754
832
3891
9300
1080
332
5433
6825
3331
5548
164
7426
5371
4030
2847
2468
5905
1885
1649
7328
9884
6172
9300
758
1790
7821
2803
5044
81
5871
9645
6999
5100
4825
6109
4583
6603
1592
1456
8627
7786
2844
8747
6805
8641
6658
1315
710
4847
7652
5433
4448
4030
2771
4847
4687
27
8761
5044
3181
7704
7993
8627
7066
5100
5905
3331
8350
809
120
4787
7631
7066
3618
8679
8387
6806
1080
9308
3591
1429
3751
3964
113
9300
3950
1649
2847
5464
8534
7640
8536
2847
8856
6989
4825
4779
7526
9658
8353
1367
6867
4202
6805
2847
44
4448
7631
6147
8606
1080
7496
4825
4939
2997
3751
9485
9000
3738
1649
9384
3331
288
27
3331
9880
2454
4847
9658
1790
7496
5208
3591
2803
5849
2111
4914
4614
6805
8536
6147
8536
9744
8577
2454
6512
81
5044
9645
3031
5905
3964
5464
7885
5633
1015
7922
9384
8350
972
4787
9085
5273
6172
5749
8761
3950
5273
9645
3007
6147
928
7821
9544
8048
7455
1592
8622
5172
81
1367
7652
8627
9645
3031
9341
7821
8353
7993
7907
553
7704
3331
9937
8761
2847
8641
5747
7328
5871
7777
4293
6542
7930
1080
6991
7652
5197
7496
8856
3964
3591
5749
6115
5506
6172
4030
2141
2207
5205
5044
3354
7426
8668
7631
98
3942
7328
7066
832
3680
4090
6542
4998
1367
566
2945
8072
8747
8641
113
8641
471
7930
5433
1592
9290
8577
8577
832
7930
4293
6989
6172
4825
4370
120
2947
4787
643
2847
8706
6345
6478
4924
7426
8350
8712
253
1549
4784
9479
4825
3181
6867
7066
9300
4583
164
8606
5747
8353
1873
1080
5273
6806
3322
7496
3950
1529
120
4202
4870
9645
8747
1638
8072
5749
3751
2803
5205
6798
8747
3181
9027
838
81
4854
812
7132
1080
4939
3618
5273
7496
5240
7132
458
8763
7627
1783
1315
164
9341
562
972
8761
4448
1790
9290
6542
6172
7066
1978
5905
3476
2141
8577
4401
9187
7194
4939
582
6172
8641
2454
8706
7754
669
3591
8668
7328
5606
3751
2803
5273
5008
6147
7328
912
3421
4914
3767
7786
3222
1429
4202
8622
6193
81
9000
7907
7837
6195
4924
7835
6603
4784
9937
4364
6030
5197
6147
7132
832
8622
5371
7391
4600
5008
4002
4854
8706
7640
7738
4448
7426
3942
4002
7455
9085
5905
288
1080
4687
3591
3363
5867
3591
3942
5676
8856
3950
8761
8859
2847
3942
9884
2468
3065
6805
4939
1429
8627
6320
2847
6825
3527
8761
7632
3322
1015
391
4787
6460
9937
5426
6147
8978
3031
7885
1383
2454
8888
4583
7455
5905
4030
6172
7132
9446
1367
1367
1790
8761
7330
8859
2141
6030
2803
7455
4787
1015
1432
7391
5433
5205
5642
5747
6423
2771
8127
7194
6500
1015
6172
912
6806
1885
6451
7754
7526
3767
9000
7930
7652
5273
2938
1065
8888
2938
6030
7632
8938
7786
8641
6030
5273
8712
6806
9645
7632
3181
8948
2997
5008
9300
6968
5433
9744
2452
8679
3618
1790
6603
3527
8072
6320
4825
832
6195
928
4924
81
4847
2468
4202
669
7786
5871
8101
6802
6991
8978
7132
1315
5633
4687
6109
6806
1529
6798
7194
777
8577
3751
4364
669
8747
1367
7993
7993
3950
6266
7194
6993
9001
5548
8888
6867
5100
710
288
1549
4847
4924
4687
1783
6805
8387
8763
9516
113
7733
7194
1592
2847
6802
4401
6805
912
1080
9027
6195
6802
2189
7704
6030
8387
5983
9089
1080
8888
1429
1367
4583
7652
9884
7132
7754
8948
7634
6658
4364
4202
3322
7539
832
8888
6172
6806
2310
6991
9211
2381
9636
4364
5642
4847
9027
2138
5044
7725
27
2452
9000
2381
5749
2310
5433
2947
9719
669
832
9000
8127
6266
7885
9937
7631
9085
7426
1978
7455
6978
4202
81
3950
3618
9446
7496
1080
809
3738
9884
7837
7652
5606
9937
9937
643
98
7930
3950
6172
98
6276
3964
7194
4099
1080
832
1429
2454
4377
8859
2771
8641
6806
5649
3751
7652
2711
6867
1432
5899
5899
7330
7636
8763
1432
2847
8978
6172
3007
120
3591
2803
5205
5100
7539
9645
401
7652
9832
6320
2454
4493
3942
6147
8353
8072
5433
3950
6937
3950
3767
3031
6172
6937
4847
1873
4614
3614
8747
7993
9190
8761
4687
7821
8353
6500
6825
9290
8387
7631
9000
2997
7993
4825
5044
5205
9027
5633
9937
9190
332
8350
5548
8888
8747
2746
3950
6098
2847
8410
3527
8763
7631
758
8072
2454
2882
2141
7663
2803
7496
9479
6603
2710
8353
7066
3158
27
8888
4577
9479
7270
6991
758
7328
4090
5506
9027
8747
3922
8072
3789
6991
7066
9235
4784
8627
5800
9000
8679
5780
2141
9636
7391
2526
2997
4779
3194
4030
2938
4842
2141
812
4825
8622
9937
5747
4825
8577
81
9645
120
8856
4787
9265
5849
5172
2847
4939
1745
6193
1429
7738
4781
2141
1592
6147
9645
5273
4090
1065
9001
4787
7496
9300
6172
5408
3618
8763
9290
2468
4614
5606
6266
4030
8641
938
288
9645
9300
1529
1080
7930
5637
7463
3181
3751
9308
6500
4293
7426
9636
2803
873
2381
4796
4202
6115
6825
6594
7885
2807
3751
4090
5273
1790
4787
3574
7738
6542
7066
458
6802
81
2511
1367
4202
4787
6542
1592
9341
4364
8761
6999
4825
1592
5606
912
3618
3751
3964
669
7652
3767
5433
8888
7652
4787
9290
4781
9645
2844
6451
2825
7066
5464
9645
7837
7837
4842
8747
3322
8978
81
5197
2938
5606
4783
9479
8706
8410
4448
1873
9384
8072
4847
6172
9308
758
7132
5712
6658
9880
553
1867
9089
6603
7631
2189
4448
1745
6698
3181
838
8899
6594
6867
6030
3942
4787
6172
7496
1429
4202
8978
6115
6115
9673
6320
5273
7733
7066
81
7463
1015
2183
4072
5100
3950
5392
6193
6266
8888
6266
1015
9534
5871
8353
5606
4939
9636
1080
6172
1185
6266
8387
2997
4781
9516
9027
3527
4825
1529
2138
7328
4377
9300
8072
2707
4784
7496
1080
832
5905
6195
3591
5100
9476
3527
8536
8859
7426
977
9645
7328
9476
3354
4924
9479
4448
1529
8577
3964
2454
5983
2803
7704
6172
5392
8668
9089
6867
5044
6195
4870
6805
2452
8606
777
6806
4847
1429
1873
3031
8622
7634
912
401
5371
4842
44
6542
1315
2454
6172
4796
3767
7930
2468
8978
9937
2673
8387
1080
5433
8747
4583
8353
7632
1978
832
3591
5433
5044
3527
8859
309
9937
6147
3363
5899
663
2847
9544
2138
6825
2189
9673
288
9300
5606
1429
8606
7993
1080
7930
4002
2468
5849
6802
3007
3738
6525
1015
332
3194
2207
5606
44
7434
6172
6266
5747
2468
231
7391
3738
5871
9290
5008
9479
8938
7632
7632
7754
2997
6999
9290
1367
5633
7328
833
4998
4448
3891
9884
9085
5633
9673
7930
1790
3751
9937
8387
5240
4370
2138
2746
6030
2207
5548
8622
9937
972
6698
4998
3680
5849
7547
120
528
2138
401
8978
9832
7631
7636
5506
7754
2673
8856
9265
4783
3751
8101
9384
81
288
8410
5205
4779
1065
8534
9937
9645
6266
6404
9673
663
6147
164
2707
2673
7993
4030
5633
7632
5100
2141
2847
7066
7663
9937
6195
9658
4583
5100
6658
7733
2771
7194
3527
6266
2711
7754
5273
7391
5273
8072
4277
1783
9544
7391
8978
1432
2710
2454
7632
8856
812
2381
7194
5989
6867
6999
4825
4448
6805
4870
9308
7930
4787
6802
1367
7066
2771
2141
9719
9089
6867
1429
7632
7930
7930
9190
1790
637
8543
9719
6806
7496
7132
1695
7835
8577
8387
8978
3591
8627
5044
1873
3942
7328
5649
528
9190
6172
2104
3385
4854
663
7194
9190
9744
2454
7930
9308
3579
8761
401
1550
288
4924
9476
812
9300
1783
3476
553
6030
7391
3065
5749
3218
8072
231
4787
4202
6825
4202
5273
5548
8888
7993
5649
2710
5548
9384
1790
2803
5676
3222
9516
8761
9190
2803
6867
3591
5371
4842
5008
6867
7754
4566
8350
1015
4842
6825
2189
299
6266
5548
8072
6204
7066
9744
4687
7426
4202
3421
8387
9673
3618
8072
7786
164
6798
9027
113
3891
8747
6603
8627
7539
4779
4600
1806
6264
2710
3751
4854
6500
2746
4847
4842
4448
832
7885
7636
8761
5273
5008
7496
4842
120
6147
8410
3363
4842
7270
8627
164
6802
7993
3767
912
4030
9645
4448
3591
5240
5008
4072
7993
5008
553
6746
7539
5849
6172
2138
8350
4687
7837
7738
2189
9384
9479
6806
9880
1367
6603
2183
9884
5197
7993
5940
3751
3738
4825
471
9645
7885
7066
1015
3527
6699
8577
4825
6542
7930
1015
9719
2454
6172
1550
4783
9673
8888
4998
9479
6867
401
288
3738
758
4448
6989
7930
5008
9000
5433
2847
5649
6172
2673
758
8536
3158
7132
7328
7132
2771
7652
8888
9476
6658
8622
4583
4787
7631
4583
8706
2104
4796
4854
1315
2746
9516
5371
5548
8641
7539
6172
2381
5240
6989
8888
6802
3950
9000
8938
5205
4202
9880
5606
6172
2847
2938
1529
928
1649
1080
5100
5371
5008
838
1885
3181
6030
4448
5800
1592
710
5506
9832
4939
1529
9516
8353
8888
2872
4600
6172
6193
9937
9880
8127
2104