00:00:13.84
0
9244
4510
1289
5496
4136
6186
4015
1996
3655
7677
2525
3049
3310
7419
4413
7367
8222
5139
9831
4253
7146
4628
7987
7508
4935
5238
1623
3200
834
3133
9831
3068
1184
3428
3200
7425
6334
2740
344
7248
4047
4691
8674
3068
6546
7987
4723
4986
482
7448
3875
6921
648
2061
2790
2949
2740
675
8193
2152
1540
304
8887
4986
7686
8502
8887
1667
7244
7146
8232
4926
4785
1540
1708
2047
2105
3649
8887
2735
2265
2061
7686
9134
9610
3068
7146
7508
3726
9141
91
4413
4822
6921
3133
1708
5776
6323
1996
9267
531
3564
3310
825
572
4128
6521
1623
3665
2155
734
9904
4280
4821
1124
8674
8484
8786
9485
5105
3941
8674
6699
1330
5523
7419
4280
4197
5687
288
8887
5496
3607
6511
9904
7219
2061
603
381
1257
6921
2198
7339
5524
5940
5387
4253
7502
4783
2198
6836
8502
91
2746
6831
3564
91
8887
9913
4723
8668
7419
3133
6836
1124
5044
826
675
3859
8193
344
9492
6186
3133
3875
7448
9440
91
4848
3455
5524
3068
1266
4047
8616
5423
304
4715
5961
4280
3917
344
5496
6186
7686
1266
2155
1102
3073
8993
6729
8660
3364
4280
4144
206
9943
8887
4253
304
531
8216
6505
1330
9440
7178
4986
3289
1001
7815
7686
4926
419
9143
3649
5238
3428
5764
7726
2932
7248
6870
9100
7035
1826
1076
3859
1289
7146
4723
5661
8278
4087
3379
5887
3200
3200
4986
7318
8101
1219
2746
7248
1263
7503
7035
7318
2540
9755
4532
143
2525
9143
6505
1042
3455
1996
8232
5238
5496
7219
3455
6521
3615
344
1330
2540
2789
5482
648
8101
4821
3310
3875
2373
5776
7248
8727
4691
6627
1266
292
7178
7219
4047
3455
8101
1996
1667
3859
6334
8812
5524
304
4087
4144
3709
452
2626
7419
8048
4280
4740
3428
4723
288
7502
7244
973
8887
4935
4280
2799
3200
3655
2265
6302
7235
8674
3200
6334
6345
1124
334
8222
3929
7318
5145
4197
5218
7448
3049
9134
2746
2674
8887
1667
4532
9100
9821
2155
9831
572
4136
9821
8101
7419
7178
8266
288
4280
424
4691
1623
6546
3379
2790
344
7248
825
873
7425
4280
5482
4715
675
5423
821
6921
4128
3150
1540
7552
6836
9913
7524
3428
3310
3394
8502
5574
3859
4403
3032
7987
3379
3080
9913
4413
8502
6202
3859
8981
1266
9100
3150
9440
6656
7219
8502
755
8232
413
304
7248
7367
3726
1996
419
3150
2932
840
603
2525
7524
7241
1996
3632
6511
9831
9529
206
206
2790
1124
6521
4280
2932
4740
91
7339
4331
5181
1667
2790
1120
8887
365
3237
4691
3030
9610
834
3655
825
8887
8048
2312
2198
3200
2540
3715
5423
2729
5449
8293
5687
6836
4228
1623
8812
472
3941
3394
5181
3133
531
292
365
4723
1540
3917
9821
8519
344
7502
4413
3615
8502
419
4986
2540
9440
4047
1257
8674
3068
4783
1996
5181
1266
7901
834
5524
4855
5687
1708
3875
6699
8264
8101
4087
5423
2047
3055
3049
4403
7344
304
3819
6511
9440
3632
5927
5181
3068
3200
4082
1589
3310
531
3859
7770
5449
2746
6627
5838
4822
7448
2265
3564
8812
3080
4821
2540
572
8193
7178
2310
2790
7247
761
1263
4280
4822
1330
2169
4413
821
7146
3756
4082
7524
2790
648
398
6006
7146
1257
7146
344
572
3394
5961
8048
7367
344
3310
2949
2310
4783
572
9618
7235
9134
9986
3080
5838
5687
7552
6729
7901
9904
3379
3875
7448
9943
5496
2945
4228
288
5524
5776
9943
4197
2155
6186
3564
8216
3283
8048
7677
241
1623
3455
8502
1266
4848
9821
344
2705
4476
1387
4047
8222
9100
7552
8418
4958
2155
1257
821
9440
715
6454
7248
8502
9529
2740
9429
4740
4413
3133
3941
3709
1124
91
3237
7219
4136
8931
4047
9141
4403
482
6505
9943
1001
9100
5769
7524
2790
5524
1667
1124
648
8887
344
5218
4228
6511
9492
4785
8660
675
5402
304
3194
3283
7942
8674
2155
7339
3564
2828
8727
3055
3632
9188
5687
6302
4926
3150
2740
5105
0
4047
9143
3194
7236
5623
5961
2790
9943
1996
6506
2312
7146
9584
3726
7552
7815
3615
3859
715
4926
1807
834
719
7219
2949
6505
9143
3595
6186
2735
5623
9913
7219
1540
821
4926
3875
91
3049
5190
3080
675
4691
8914
3475
8484
7502
1223
9440
1120
5218
1001
5764
1263
1387
9641
3049
7348
755
1589
0
7419
7219
1223
7248
4253
6332
5509
6729
4654
5181
5776
9134
482
1387
6921
4848
825
3200
8293
8914
2949
8887
1407
4783
8887
7146
3875
5449
8674
1266
2932
2169
3455
1708
4783
4047
1038
7987
2265
6202
7951
2316
9641
1708
7178
4413
7219
5838
5181
8101
840
1257
4848
2861
3133
8887
5238
3200
2061
6505
3049
5523
9109
821
3564
2648
1708
3941
826
2932
1600
2735
9485
5687
9134
1667
1540
715
8937
7146
2746
3237
288
9100
1266
3049
8232
531
7425
7552
2740
9641
7244
3080
7502
381
4128
3649
834
6036
4945
1001
9440
5647
2861
5574
1330
4087
2790
9610
6186
869
1540
6836
1407
675
7686
4715
8101
7419
2634
424
2705
2790
7726
7192
7524
1540
5961
7901
1540
8887
452
8101
8101
8812
5687
2945
5509
6334
4821
4935
9529
3632
3194
5181
4015
2310
826
8660
6870
5044
6699
5647
8266
4958
6656
4926
4628
3927
6505
7815
9913
2740
821
3726
3615
6684
3929
825
928
3875
4015
3649
3595
7502
4723
4280
1407
4532
365
5190
4783
4532
8232
5423
1996
5524
1202
3726
5218
4331
3068
7815
4926
4510
9913
3655
821
0
572
6511
8536
4691
7244
1708
2790
8222
3475
2949
5423
5238
4015
7815
7146
4331
6921
4821
5524
3542
5940
2735
206
2473
2945
7987
3455
4280
8502
5509
5838
8887
5776
8812
873
7686
4128
4926
9143
3875
1263
9831
3428
1001
5524
8887
7247
8887
8887
6186
7235
4047
304
2061
8484
8596
1540
5927
6836
3464
1589
2861
3200
5687
9584
7397
7178
4821
3068
1667
8502
3150
1330
4698
7318
344
344
4740
7344
398
413
4047
6505
7146
1042
7236
8222
6546
1667
9134
4926
5838
5524
2790
5524
4413
241
1667
3709
8536
8222
7815
4532
4047
3715
4691
1623
91
6036
8674
4128
7502
4331
4986
3756
8674
4637
2746
6729
1001
3607
6505
5509
4280
2047
3150
5392
2738
3150
6511
5524
1089
1589
1358
2540
825
8887
9831
3464
4759
2945
2525
4087
755
2312
755
5524
4025
5687
3595
648
4136
1708
8101
398
9134
344
91
3379
3200
5776
1708
1120
1124
3150
3466
1124
7524
821
3542
2626
5423
8502
7552
9831
755
4698
4280
3364
2746
840
1996
91
7235
2861
9831
8914
1120
3649
9755
4848
7552
7244
8193
6036
1898
3649
3364
3394
7241
3068
3564
7502
7339
2791
2155
4822
5574
755
1289
3049
5482
4783
6202
419
826
8519
9913
3200
7178
8887
3875
7302
4128
1184
8502
3287
2790
3632
9109
4926
9928
2105
8502
8222
1575
840
2155
2099
6836
2373
7367
4848
8812
1202
4822
4935
4926
9831
4698
3104
5218
8536
2790
4628
2310
4015
8668
91
840
7502
9244
91
3715
3615
7508
4926
1225
9943
8660
2540
7987
4566
7244
1124
6831
3133
3875
2540
4759
5218
1407
4087
3875
3649
3564
3133
9134
6186
3726
4331
8048
4228
7419
6870
6036
3200
4740
3200
1257
5423
1387
9529
6505
2740
7815
6186
4822
7677
304
7776
1708
5687
4844
3756
4280
6627
1275
4047
1996
7344
4015
6186
3726
4197
7770
206
4047
7141
5776
3875
7248
3394
2740
3649
1263
7247
3030
7419
4015
6511
8232
7344
7248
5623
2932
826
7524
3200
9143
2061
3310
4723
3150
5098
5190
7419
3665
8278
91
2473
6454
8887
344
7146
1878
648
4723
7502
4935
2791
8502
1330
7419
91
3726
3394
8502
91
4926
3428
2932
1263
91
4926
2540
4047
6744
2293
3649
2099
5238
8993
6345
6302
531
7367
2626
4047
1129
5574
3649
4532
3310
3875
6392
755
3200
3655
2373
4926
7235
3364
2738
4413
1266
5687
419
7686
7726
4197
2525
6744
4821
1089
7425
1387
4986
3564
1387
2932
0
292
4935
3200
9188
8502
7035
1708
5887
5193
4628
826
3364
3428
91
3715
9986
2735
1407
4926
7686
2626
4280
9134
3281
424
3200
1540
840
1418
1263
3917
2061
452
3428
482
5181
7726
1540
715
2790
4855
7508
3133
4560
3595
3665
3073
4958
3649
1667
5687
9134
6870
8668
5647
3564
6546
1184
1826
472
3715
9134
3310
7987
0
9429
8536
4783
3055
7425
4403
9831
5893
344
4691
5961
1996
8674
2790
3200
8812
6511
6202
8887
5496
8502
7776
9831
7776
5387
840
1996
4510
4691
922
7419
4532
2626
4848
8674
3917
4723
648
8502
5687
8502
8887
4128
4488
4087
8193
7524
8502
4532
7686
3379
7178
8502
9440
3632
3455
7552
5509
3200
8674
715
2932
5838
7815
2738
4628
6302
191
2265
2220
3929
1996
3068
7192
5872
9143
8674
3150
9584
8222
5238
2099
3564
1076
8101
8674
4280
2540
7146
419
3150
5181
1129
2790
5218
9755
7987
5623
2861
424
3394
9002
9913
2525
1387
91
7302
3564
3875
91
424
2738
4532
8674
5928
648
8937
9429
9718
3289
1575
4025
6729
1623
3133
755
531
3615
4331
304
8232
5928
7178
7770
1589
6202
2740
344
2198
7302
4759
3200
3615
8727
4403
1600
2738
2525
8887
7247
3073
8502
3655
7686
2740
9554
3875
4087
2674
7726
4047
3655
1589
419
7502
4413
9134
6505
1623
5218
4855
3726
8222
4015
7686
8222
3726
5776
8502
3607
715
4047
5687
3595
5181
3665
2198
2265
8101
7146
821
7219
3200
3564
3080
4723
3632
4926
2358
7448
2099
8502
1038
4246
8293
2790
91
2740
2155
7419
8674
5776
1667
6921
7815
7419
3310
7367
1076
4628
3237
9244
4280
2540
91
3595
5687
4047
3049
5893
3200
3607
6729
7367
9492
5924
4413
9943
3049
9100
4047
5524
1708
2932
3726
8048
8232
5387
3632
3055
2735
4986
5776
2047
6186
1330
821
8674
7502
1351
572
4785
8668
6836
9904
4148
4855
8660
2047
3756
4197
3941
5496
3655
3632
4723
3200
4510
4926
5392
7987
3049
6921
1418
288
3953
3394
8887
5776
5159
2198
4926
2746
4280
3310
3655
1418
4136
3649
6627
4413
8536
9913
3953
4197
9440
2540
2932
8887
3655
531
9755
3049
6921
761
7235
4926
6831
6744
3133
7502
7987
3150
4723
7524
8048
472
8101
1042
2799
4821
304
7235
825
2105
1124
3049
7244
4413
7178
4723
6511
5776
8293
91
4136
9440
7552
3726
8502
4986
2945
6505
8914
2945
5940
4822
5238
7524
3464
3364
4280
7228
4280
4246
130
4691
9529
677
2316
3726
1826
7448
2047
2473
8993
3542
4413
7815
5449
7247
1257
4822
7146
9100
3726
4197
8727
4691
4331
3665
8222
8660
8048
4087
3595
7146
3649
3150
5623
3603
344
5687
2790
8674
2740
5687
3655
7686
1124
608
4403
2293
9440
5411
6360
7397
6831
5387
7419
8660
91
1708
1878
4403
1540
4015
8502
7247
6921
1667
8293
7987
3289
2746
304
4698
7776
3875
7178
3756
6684
4403
825
7686
1418
4958
1667
2310
2945
3665
4082
8887
304
3813
9529
3665
7247
1418
5190
3655
3310
4082
3200
755
6360
755
5574
2265
5524
5190
2790
3787
3564
4253
5776
5204
3632
8887
8536
7236
7178
3394
8727
4413
3428
825
3859
1667
8048
4144
7815
2620
675
825
6684
8914
3133
2705
3564
3564
5623
1407
6870
4197
2738
3941
6627
4331
9143
2949
3289
91
8660
2932
2099
755
3615
2540
2540
2790
755
6186
9554
2540
8405
5411
4691
3200
8101
5190
424
413
3310
7244
419
7419
2705
5098
8674
2549
1996
6360
9134
7397
4047
3379
7686
3917
5411
8674
913
6186
2525
8536
7344
755
3310
1589
6729
5776
6511
4280
5190
8674
2525
8887
344
648
4082
4403
6921
2525
3726
4047
3289
3194
7235
3049
4848
4413
3310
3080
1330
4280
2949
8101
1263
3237
715
821
344
2312
8502
8674
3049
7419
8222
7552
2525
5181
2791
8660
4926
7552
3200
2061
7502
1407
3133
7502
4087
6392
6334
6345
7815
4144
9440
8674
7419
1996
826
6836
7425
826
3068
8668
1380
1225
4047
8674
3632
1589
5411
3615
8222
7244
840
3428
2216
1667
1407
3394
6186
2099
7318
1257
2104
4136
3632
2105
9831
531
7146
8674
424
8596
3379
9134
6921
3364
6345
9904
7302
8887
7815
4723
7686
4015
2155
1878
1266
7815
4454
91
4848
9554
1623
8937
2945
2061
4197
4628
1996
8812
4783
7776
91
1038
3941
825
3068
4926
2945
7244
1120
3310
9151
6546
5776
2155
1129
1826
2525
6729
2105
3068
9913
3049
7367
3875
5574
3150
9831
2169
834
8727
8264
1001
675
755
1330
834
7987
0
7247
5928
9913
2626
3068
6836
9143
4047
3859
5193
4821
1407
9134
3080
8887
8674
1124
3289
2198
2945
6454
6334
5687
8216
7508
5190
6870
452
9831
6392
6921
1996
2310
3310
3428
2525
2216
2155
3632
8993
2220
2099
8993
2738
6505
7219
715
9492
4087
3715
3875
6921
9440
7178
0
6836
1623
7951
6836
1001
1387
6862
9943
1257
3455
8596
6186
1407
6729
6345
3150
3200
973
9913
1184
3030
9821
8668
7241
482
7367
8660
5924
7538
3394
2408
419
9913
5387
2740
7146
5496
2310
2705
1223
1330
8727
8668
1407
9100
834
3941
6921
4821
8887
6036
6921
3289
3665
3655
1124
482
6656
7686
8378
4331
288
2967
7815
4280
4926
5687
9429
9831
9134
3394
3464
3649
3104
7141
2310
8101
2312
3379
8222
5482
2316
6454
1266
9837
4715
6186
5838
9641
1129
2525
4723
3200
7241
8616
2789
5687
1832
3875
4986
1589
6505
5923
715
4025
4855
7815
2310
6862
4047
4759
648
4783
6454
3310
531
8232
9831
4723
3049
3068
4144
9928
1102
4228
1996
6142
4654
7776
1397
1418
0
5218
5449
4197
3756
834
9641
2373
8660
3068
1129
8378
4958
4047
3379
1129
5524
4973
1330
3200
8914
334
8502
7425
8405
7248
4172
7815
2540
9986
482
1257
6836
4848
4855
2945
4253
715
8293
3615
3049
2740
2408
91
3200
8727
3310
91
4785
419
4047
3428
7219
3200
7815
3564
1042
6334
7318
7367
5392
4253
715
2735
1263
2674
8660
3917
1330
3394
7770
4015
7146
3394
7686
531
3726
143
8293
7503
4253
91
2105
6511
2473
6334
1001
5776
334
7178
365
3049
826
8101
2626
4723
9821
4723
2310
3632
3917
4532
1708
419
9529
3615
7524
7973
5423
9986
1589
8502
2735
7146
419
8674
2540
8502
3665
1076
7397
3133
452
7686
8293
8232
5449
4821
0
9440
1120
373
8786
5838
8101
1667
9943
4723
8193
8222
7524
9610
5131
1996
8278
3665
6729
3379
8887
2105
4413
6505
3428
6729
9554
1600
7448
7397
1076
7248
3756
4821
675
7552
3049
4783
8674
3394
2265
143
7146
4848
5623
6831
2540
3289
4844
1129
2861
6334
6729
6921
4958
2549
8216
5218
1330
4821
5423
4844
4087
3875
4844
5482
6656
3150
9641
3030
8222
5159
4331
5181
4821
3455
7248
2746
8101
3237
4047
1996
4413
6334
1263
821
1120
2540
648
8887
6921
6345
3289
1397
2949
3394
5776
2932
5776
5449
3859
8812
4331
531
3941
4087
8502
3875
6186
2738
6036
3632
9610
5687
1275
2373
0
2943
3929
7339
4691
2615
6454
5159
7419
7686
2790
5574
2622
3068
2310
3310
2626
5218
3595
3080
3133
1670
2408
8283
2634
5574
2861
5923
7339
2790
91
7937
8278
2735
3080
0
4087
9100
5387
3632
5524
3310
9267
8101
9610
2949
5218
1001
2540
9100
8502
288
4844
3428
3726
5776
3726
8232
1263
413
0
8529
7219
840
2674
2293
9986
8114
3289
9440
2861
6921
3055
5647
7726
3564
3774
826
419
7241
9134
2549
826
6323
2540
7451
7146
6505
3607
8114
1407
8193
8887
5687
7146
2540
3917
8674
4691
4628
2099
4413
3394
419
2155
1266
8812
2746
2735
8914
6506
5496
8193
3150
6836
9831
4783
7552
206
5159
5687
2312
292
4637
8293
3428
3875
3726
2738
1996
9831
3649
5411
3917
3310
4047
2746
1124
2540
8674
825
7302
4855
7141
7235
9485
2265
3564
6699
4082
2525
9134
1407
1600
1407
3875
2155
3726
4723
8232
3756
0
472
3632
7235
6870
7318
3927
6454
7973
2549
3068
7178
1120
5893
6729
3595
3564
755
9641
2790
2791
7178
5482
2738
9554
4015
3875
1257
2799
7686
2155
9837
91
1225
6392
7288
6334
2740
6589
3073
5524
2740
1708
2265
4280
834
826
9100
2738
8232
5872
4986
715
5574
1436
2540
7318
4822
8786
4821
5687
4413
4047
7987
6627
8048
3150
3615
3080
2265
3150
8786
2945
9831
1807
3756
4855
8660
8914
8232
8502
452
7815
5687
4822
2414
4172
7726
6473
1878
2861
9267
1878
7815
7723
9986
3049
3068
2198
7344
2061
1266
1289
4197
3607
5687
1076
2099
9429
5482
4821
7247
8887
1223
419
1266
3055
6334
825
3073
5411
4723
6506
9831
2155
4691
2155
7776
2540
531
1878
3150
6921
7503
9429
2740
4197
6186
3394
3875
9913
3649
4280
4047
8502
4723
0
6870
4744
3632
2540
419
3859
3281
9943
1266
91
8232
2735
5098
5764
3194
1257
4855
344
675
3455
6334
6921
873
8812
4253
834
9440
419
91
8293
7502
7524
4532
4691
4848
3655
4740
288
1001
9755
5776
8418
206
8887
5411
3068
5924
4253
5893
91
7726
840
8502
3150
7192
1124
1708
2674
2155
6836
719
6454
9440
7146
6186
3665
8101
3756
4785
7726
4253
7448
3595
3133
4723
8101
3929
3150
2414
5423
8232
2735
4844
1996
4926
2790
3310
3068
3875
8727
4958
3455
304
3049
8887
1266
452
4047
1387
2790
3133
3237
8668
1124
8674
9904
2735
3068
6921
2746
8502
3455
3030
1225
3032
4128
9831
3564
2540
4015
8887
4253
8887
8232
2861
1737
7235
8887
4926
5411
9440
2740
8264
5496
4047
7241
821
3055
304
9002
3475
91
5496
7508
3049
7726
4246
5193
8293
9134
3068
3875
3615
3564
344
3073
3379
91
3564
8887
9755
4637
3080
6729
6521
5145
531
7502
3200
5687
4691
6505
8378
7552
715
6345
7815
6870
8222
7146
8502
8502
7502
91
9134
206
3104
821
2932
2790
3726
7951
3055
1407
91
4759
1120
4822
304
5687
9529
9904
2310
3237
7552
344
603
9440
91
4723
3128
7524
4628
7241
6862
3133
7726
8222
3289
4156
3632
648
7339
6334
9134
7178
840
3310
3875
7552
531
2155
3150
9928
1266
2791
1826
5190
4331
9913
344
9134
7419
2828
1589
2738
5387
7248
9440
1042
6505
452
7448
9610
4128
5872
4280
2155
677
7552
9610
7247
6546
3310
734
3615
531
3049
6546
4047
2061
2220
3200
2932
3466
3049
3194
3941
4855
3200
3615
1380
8502
1623
5776
4015
1129
4280
2735
8887
3068
7502
2265
8502
5098
3150
424
5218
4958
7723
8914
8993
8048
8222
1667
7219
8502
7178
2620
3455
4413
3715
4821
8993
4246
4848
3859
143
2061
3237
7987
8660
3715
8048
8193
3133
1878
3150
4855
2155
3068
3665
6511
873
5423
7524
3428
5449
8193
3455
4783
8418
825
9755
7146
9943
6302
4926
5181
5181
7192
2790
648
1898
344
3310
6511
1407
2943
6729
3080
3615
2949
9755
4691
3283
2105
825
1996
5423
4413
3289
3104
8193
8887
1996
8502
6831
288
4047
1129
7987
419
675
6186
1878
4926
6729
3200
8668
7244
7524
3310
9928
7235
6186
2740
4844
424
2408
122
4926
1996
3615
8232
4331
482
3756
3055
9440
2932
3150
8812
1600
7770
4785
5218
7987
7146
6392
3859
1124
531
2740
7235
1330
304
3615
304
5776
4280
2047
1263
7552
482
3428
648
4783
755
9904
648
8660
2949
1418
4822
5423
1670
3289
8227
3200
4637
3428
2540
5687
834
2932
4532
5190
4848
2729
2525
4403
241
7815
1266
4637
5924
344
2949
8914
3049
344
2061
2746
6511
3564
1667
4087
8378
3428
2932
7244
826
2099
2525
452
4691
424
9986
241
91
4532
5131
873
8222
3595
1996
5961
2540
7503
6202
9134
4926
3364
9584
4821
9440
91
2740
6729
7686
8101
4821
130
3194
4331
6505
3150
4197
2293
3080
4740
8887
7448
7235
648
7973
91
7552
9429
1667
821
2265
1120
2408
4783
6831
3455
8887
4087
2626
8232
2061
2790
3080
4087
1826
8812
3466
4628
1257
4403
8266
6392
8158
7248
9822
2799
2105
288
9485
572
6546
826
8887
344
6511
7419
2789
1996
3289
3150
9831
5776
6836
1263
6546
3428
3726
4785
1225
648
9837
8101
3632
2746
206
3049
7686
4532
4821
4783
8887
6831
6921
825
2674
603
675
9821
7248
3455
7419
91
9429
4821
1124
1667
4783
9134
452
4476
3632
1380
3394
7339
2540
130
3941
206
5687
4331
4715
344
3542
4331
1330
8887
6546
5623
7686
7146
3875
2790
7448
3049
4822
7502
3237
6186
8674
7524
4413
9641
7448
7787
3564
928
2790
9529
4698
7397
3394
4047
143
344
9429
3049
1996
2740
4228
1289
6334
5218
7419
8502
9718
3030
2740
6836
7219
3455
9821
4047
4082
3289
1330
3595
5764
6729
4783
9143
2791
304
0
4274
4532
7236
5496
3607
7247
3632
3068
3564
344
1589
4926
3615
5776
3133
3859
7178
2790
4253
419
6656
3941
3941
2540
2945
4986
4413
5776
1996
2104
3394
3564
9831
3080
3394
9134
7178
344
2932
3603
6505
6506
4413
4532
3941
3030
3649
6862
91
7973
8668
7787
8418
825
7815
4197
9554
6656
3379
9904
821
419
1600
7419
4759
4926
5523
1263
1540
4715
3455
9943
1540
7815
3564
2740
9100
3237
3133
8812
3475
3200
8812
7146
91
821
7942
4280
6334
0
5423
7776
7244
648
5145
3080
2155
4403
3200
1407
7502
3542
4715
1266
2525
5928
344
715
1708
6836
8193
7552
7503
1330
5509
8222
1708
6546
5872
1996
3049
9134
3655
3726
9904
5423
7987
3542
2790
344
648
5776
3756
531
6506
3941
4532
7235
7815
5423
3133
6921
8993
3941
7247
922
7425
1124
2790
1387
7502
8114
1418
8232
7248
3564
1670
2198
1996
4785
5776
5007
3607
6454
1878
5181
2540
5623
4848
821
4958
6511
3310
2791
8278
6511
3941
9986
8293
6036
304
4821
834
5523
8668
5204
4740
4476
7241
2358
4958
3364
2626
6699
4855
4087
3756
2949
3200
9831
3756
2746
4015
3655
1330
8232
5927
7502
7552
1667
648
3655
1266
8502
4082
755
3819
9554
9143
4723
2945
3200
5181
9755
8674
8232
3455
4848
3819
1667
304
675
8502
2932
5524
2945
4197
531
1996
4331
6546
1898
3455
2198
1600
4015
4087
2738
1266
7503
1120
7815
3941
9943
5687
8283
3859
5423
4413
715
3564
2312
3941
3310
2312
1418
2861
7686
5924
2674
344
7776
3875
6831
7524
9904
4723
7419
2099
1124
4413
5687
5928
3859
7247
531
3237
424
3364
3428
4926
2932
5524
4785
8193
821
5482
344
3289
2540
344
8536
7552
1826
922
8659
3665
304
91
4403
5928
3655
4532
7987
3917
5159
4821
4156
5928
834
1826
2932
5007
1330
3927
3150
5961
304
1257
288
6699
3310
3310
6186
6202
826
3466
1807
3941
7178
2622
761
4785
3875
7235
4246
4691
2540
3649
5159
4015
3068
4228
4197
2047
5776
8101
4510
1878
5769
1708
8887
4532
5776
4136
2799
4691
4136
2932
9831
3655
344
0
143
821
1996
3564
1120
8993
755
8484
1330
4926
3379
4253
3756
1667
288
4087
4723
5423
4958
7770
3875
8674
3068
1708
840
304
0
7973
6302
3310
7235
2932
365
7367
6921
7244
9641
3564
2791
4015
8101
2265
9943
6831
6202
2790
3819
6006
4413
8887
3200
8660
3709
5509
7235
8914
4280
4128
206
7247
1667
1996
8674
825
3875
8887
4986
2099
344
8048
4986
4047
3875
4413
9718
3875
2525
1124
1223
9134
6505
419
2061
7235
2198
3024
6729
821
5687
365
0
9641
4691
344
91
4047
5392
7339
5238
1001
3464
2105
5204
4723
4715
4821
4082
7247
7241
1996
6392
1387
7425
365
1387
1225
1996
3642
5482
8283
8048
4047
9822
4403
7524
2540
4740
4144
1996
7339
3564
3615
6836
6334
755
3564
4848
3068
5524
91
4156
3428
2198
8727
9943
8232
1667
7677
7244
3603
2061
5523
7686
5044
3875
8812
869
7901
6870
4723
4136
1667
8674
2540
8222
3049
2945
7425
2155
2373
3068
572
755
6921
2198
6345
3875
7726
6836
9755
4156
7502
4047
675
7247
7419
4280
4403
5411
4822
191
9429
8193
4280
4855
8536
7344
2312
4532
3364
7552
5094
6836
344
3649
4566
9188
5893
4331
7815
4331
4740
2648
3615
3049
5764
3564
9109
288
3200
3104
7367
4413
4785
7219
3756
4715
344
8529
4740
2622
821
365
5423
4488
928
7247
6546
3068
5776
8101
4413
7219
9913
840
8278
4821
2740
7228
9134
8216
419
2265
8660
1001
5838
1418
4783
2198
821
4759
5105
6521
6505
6511
5449
6836
3726
4628
3726
3859
4698
6506
8931
7552
4047
6392
4253
8536
4740
5482
8887
826
6186
4821
6836
5769
4926
3875
7815
8193
2932
4331
6546
531
531
7146
7244
4274
2861
1996
4015
1589
2265
7236
3726
6036
4280
5647
7247
3289
7552
1996
6836
8502
8914
4723
3475
6699
9904
5776
4156
419
7686
5687
7815
3726
4783
4935
5218
2967
1330
6505
9100
834
1418
675
4280
8502
1257
288
6345
5218
9986
1575
3150
424
4532
6392
1600
1996
4280
7178
8048
6186
1257
3941
9821
7146
9943
3055
9610
675
4136
7451
2740
2312
6921
1589
9070
4087
2967
5423
6454
3049
7451
2615
4926
9440
9429
6921
3859
8660
928
8660
5524
3068
7146
1275
825
3813
4156
344
2738
4926
9831
572
5496
419
4228
3632
8674
7146
4844
4822
531
2622
8158
2932
4628
3055
8222
143
4740
7419
7248
344
7686
3049
9109
9529
7552
8887
2105
3364
6036
2525
7419
3379
4144
3709
7344
7776
2738
6345
7146
3542
4413
6506
4691
130
4280
4844
1540
7235
7344
4821
2525
3941
4246
2949
3394
4228
6729
5218
3774
7419
6454
3929
8727
4280
648
3068
7502
4015
2932
4723
3859
3859
8786
3615
8596
8101
6870
7235
8293
2790
9913
3049
2932
7502
2738
7502
7770
8660
4986
0
9134
691
6505
9943
6511
3875
5776
821
3941
344
8101
7146
419
4476
4047
3941
7178
8536
9440
5776
4691
834
4723
4087
9904
3133
4691
3615
8278
1708
2705
2790
1589
4280
91
7419
2549
1540
7987
2790
1407
5776
8887
5238
2648
3379
9134
4510
9913
2932
6729
3289
5524
7686
2674
9928
7686
2740
4331
5496
4628
3607
6186
5928
344
5623
5145
7219
6729
1589
5496
3080
2155
8502
4047
1996
2312
5424
719
7502
9440
4691
826
3379
2525
3200
9831
3542
7178
5159
3049
3455
3655
5204
7524
372
5411
4560
7987
288
3379
5218
1042
7942
1330
9100
5496
2932
7987
7552
2740
5509
9143
452
4855
6454
4821
5661
4654
9904
4488
6505
8887
8993
6506
5524
6699
0
130
8101
755
3726
9904
7235
1996
6505
8786
821
4413
3455
9831
3080
9134
6334
6684
7146
2932
4331
344
2648
3150
3150
1330
4082
6546
3133
4015
7397
4926
1996
8232
9904
4087
8232
2540
3564
7503
1589
3310
1289
3632
1996
7776
7425
4637
5159
3049
3649
7502
1257
1225
6036
7776
7339
91
531
2932
6729
8536
8786
2525
8502
5623
4740
9904
2626
304
4047
9904
1266
3049
3649
4172
3615
4715
9100
5872
7726
9134
365
9610
1667
9913
3655
8227
8914
5423
7502
5496
5456
4637
7901
2932
3941
6036
2932
8193
5496
4691
7235
4280
2932
344
8101
3133
4698
2738
3649
344
9943
6546
1120
8158
1407
7344
7241
6334
1330
7248
3615
8660
3709
4532
8405
2549
6454
1996
2740
130
4848
4723
2265
1219
3564
5496
4082
4821
5661
2198
2932
3364
4986
8887
5098
2525
3859
5044
4740
7419
344
2790
292
7508
4821
715
7235
9492
4532
3200
4510
7235
6334
304
2265
5961
3475
5928
4331
4723
1330
1996
4848
4958
8232
1623
372
8158
8232
4926
4926
8668
2790
2099
2949
3133
7302
9641
677
206
1878
2198
398
4785
9610
424
3237
91
304
7552
1042
3133
2265
3289
1878
826
472
6334
344
413
7235
6345
1589
8193
3875
3049
531
1184
5423
2155
4628
4488
8887
4197
2932
1266
1623
6831
344
304
4822
3289
6521
8222
719
0
2216
9188
1540
3428
1600
2155
7987
7901
3709
8227
9143
4047
3564
9267
3649
6332
4821
3310
7367
5423
4848
5776
7146
3150
8193
7192
4156
4331
5218
5838
7397
7686
8786
8887
5687
8222
6036
1124
4821
5961
1418
3859
3859
8660
3237
7367
1330
1263
6186
6334
3049
7302
2791
7419
1120
3632
4926
1387
3283
7686
834
9554
8674
5776
8660
4280
9610
6870
3394
4197
8502
344
1878
9429
3049
8048
7951
2932
3030
5007
4082
2310
7247
8674
7178
7192
304
5928
4136
9529
3455
715
9100
0
419
3859
344
2473
4926
9986
5776
9986
6334
0
2620
7502
3756
2265
4926
4628
3068
8786
5776
91
2155
9134
5524
2791
5181
2674
4087
3632
206
8266
6729
8660
3542
7726
572
9429
4958
2674
3941
9943
1124
6186
8502
2735
6334
531
5159
1202
0
2932
1266
7973
3642
8101
3927
8101
715
3030
9151
834
3859
6186
8101
3200
8227
8232
4532
675
3756
1038
7677
2525
8887
5204
4047
8786
9913
4783
7235
5523
2104
3049
5776
7686
7552
8101
3283
6870
4723
7686
6506
8222
4848
4087
7508
9718
4228
7815
1202
9134
7235
7178
6836
7776
7219
9831
2525
1708
6511
143
5145
5411
9002
4855
8101
7146
572
2674
3049
6921
6729
8222
9943
6334
91
4047
5423
5482
6186
7502
6186
5193
648
675
9831
826
4822
9831
5776
1407
1076
3655
4821
5145
9267
482
8222
7552
8418
7247
8536
4958
8293
5524
1223
5776
5181
755
9440
3819
1407
9904
3927
8101
373
8674
6142
1589
344
3726
4723
9134
7241
3649
3068
3049
2312
3200
3049
4715
3049
7425
2105
2310
5872
6729
5574
8264
1001
2540
6505
3104
5523
3726
4280
4821
869
1120
1120
5181
8660
1996
531
826
6302
3875
531
2265
4082
7244
7339
6345
6334
1330
7451
6506
3632
2540
3379
2790
6036
7367
5687
5145
4628
4082
6831
3655
2861
5623
3655
9134
675
4740
7502
3875
840
5159
91
398
3859
6699
6505
419
9986
8502
8660
7419
572
648
4253
6729
4047
1358
7686
9904
3632
6186
1667
2746
1589
2622
8101
3310
648
7241
1996
3709
5776
2945
3917
5193
8937
5524
1996
2945
1878
5423
419
9429
5402
4087
4691
9143
5687
0
91
3200
7146
4723
6921
3030
5764
6921
3237
6511
4197
8660
4698
715
3200
7726
7235
8405
5204
6506
7502
834
3200
4331
5623
6334
2408
5496
3475
3929
5238
648
1540
6921
1589
2932
4821
7192
1708
2525
8222
2791
1263
7241
4413
2949
3875
3133
3133
4144
1289
3049
8502
9943
7524
3615
6699
7815
5776
9134
7339
5687
1001
3104
4331
8674
5145
9440
3649
2740
6186
419
8232
9429
8502
572
9904
2943
9188
2735
3649
4855
4783
4156
1878
2220
7723
1708
1001
2932
691
3787
7248
1120
4723
6334
1001
91
826
9440
2790
8660
3133
3049
7178
4566
1589
4156
2353
5523
3715
8887
1407
3133
9913
9141
4848
292
572
3283
7726
8293
4280
840
6202
2932
7502
3080
7419
7339
7235
1600
3917
1330
6921
7235
3310
7686
4822
1407
6454
5776
6506
4128
8378
2705
3428
1330
2740
2932
9134
4926
1708
7235
91
7502
4087
3394
3875
4935
8193
755
1996
3665
5776
715
1826
4087
2746
3542
7552
7247
7247
3104
8887
3595
3068
3564
8660
5387
1667
4047
4128
7686
5392
5181
91
2061
2104
3080
2198
6546
9821
4413
4958
7235
3941
7524
4047
7419
8293
419
3726
5411
2746
5204
7987
7367
3364
482
6454
3283
3941
1330
2104
5423
2790
4087
2312
1667
1219
6334
7770
648
1289
5181
4986
1623
7686
2237
9440
9904
424
4047
1418
3428
1589
3289
4759
1418
1129
3049
4759
8502
8232
9986
1708
5923
826
9831
3049
452
7244
3726
9821
8405
7236
1996
0
4698
9986
8232
3542
2622
3455
8502
3200
821
5776
4848
9618
2525
4136
4822
5482
9492
6505
7367
1120
7502
3929
8536
1708
9134
4848
4848
6186
8101
5496
1225
2738
3068
2525
8674
6870
3655
4087
6546
7815
7244
4532
648
7244
1589
5872
6186
7552
3941
4628
8216
9143
3927
7146
8812
304
4144
5524
608
6684
5776
2740
9943
2932
1708
5661
3875
1667
3200
4510
7178
3595
3049
9429
91
1996
7248
1120
4958
8668
6186
4691
5190
2740
3875
3289
3150
648
3542
2932
3055
6392
7686
7502
6454
1289
1330
419
4628
3150
3428
2473
5423
1387
8101
2790
8283
5574
8502
0
8674
7987
7524
1826
2738
4744
8101
9100
6334
1330
6186
1878
4015
715
821
8484
3632
2047
4128
6511
1202
413
7776
3394
531
5574
9943
4136
4280
4015
1418
7686
3200
2828
2155
3310
4532
6186
9134
3813
821
3615
3615
2540
1418
3049
5204
4413
8727
2105
3941
7973
2169
9610
2155
5456
3875
7723
2861
4691
4128
755
648
7524
4935
8887
3715
344
1330
5961
5647
6345
3615
5523
5094
3133
7987
1088
424
7726
2790
6506
2740
8216
5661
4087
3726
1001
8914
8502
7425
8222
9831
3655
8114
5392
7987
0
9188
755
8529
4783
4691
9002
9143
130
2061
7502
1540
9831
0
5482
8566
8193
1540
3726
8193
241
2155
3428
4783
5190
3394
7815
7503
2099
3564
7419
7552
7686
3655
6862
1826
3655
5524
4844
1330
344
4136
7425
821
3150
7367
9913
8502
1418
7726
3150
8668
7502
821
5159
5496
2155
4280
675
8222
206
4197
8887
5181
9440
4413
7146
1623
2932
2105
8278
4532
7235
4087
3150
3464
7248
3200
3665
7973
1996
6744
4691
9822
6836
7770
0
7815
7419
5181
9610
3615
344
5524
2310
5769
1266
4855
1124
2674
5574
3068
675
4958
3150
344
4413
821
6506
3283
8981
5190
5574
130
3133
7686
4958
419
1257
2790
1996
531
5687
715
3283
9913
8993
8283
8660
4228
3615
4047
1418
9831
5204
3615
826
419
2316
6505
9913
1667
3133
826
4723
6202
344
6656
6392
5623
5387
4926
6334
4253
7339
4698
3394
7178
7318
2047
2705
7302
7248
8048
5838
1996
3200
3379
8502
1330
3542
6505
2620
3055
1708
3080
3726
825
5574
8529
1708
8887
7146
1257
7987
9831
5496
7770
5776
8674
3379
7241
648
8660
3875
4015
5131
3917
6684
4087
3615
6627
7367
4785
4047
1667
2932
6627
5524
7552
3603
4087
2216
2790
1670
648
0
3787
3049
5893
1387
5524
3133
4025
7344
821
715
7235
3875
9755
5764
3941
2525
4698
2061
3364
3595
4723
8484
1996
8674
1996
6870
6345
8502
1878
6921
4691
6334
6921
5924
1289
2099
4087
7815
7973
2735
1418
8993
5482
9610
2705
7770
7146
7425
9440
5776
6836
2155
1124
1418
8264
3632
3859
834
6729
8536
8993
2932
4723
4822
7247
531
8048
7318
7235
821
5961
2790
8660
5687
4488
9554
6511
755
2799
5687
452
4082
9100
3428
7419
3615
6546
3055
0
3030
2735
2155
9485
1667
4926
7247
2105
7419
531
8048
2169
8727
1076
5411
4698
1266
8674
5838
5928
755
4228
3310
5204
4691
5524
6006
8993
5523
419
8293
9070
6729
8674
5776
4280
419
6836
9610
7502
2746
4958
8914
1263
7425
1387
122
572
4087
2738
3875
3049
1387
9904
4015
344
5764
9134
6511
2945
2932
2799
1129
825
1996
206
8786
7508
4821
9641
2104
1878
8158
381
3283
9986
3859
3049
3774
1878
5928
834
821
1263
9134
3875
8674
4848
5423
1129
8887
8222
5387
7146
5687
7419
4855
9831
1996
7552
3542
3649
7776
5838
3200
8914
9641
1589
572
6186
3564
3542
3564
9831
6473
424
7973
3819
755
8484
6505
4228
3283
304
5776
4855
8993
3133
3289
3068
9904
4783
913
2540
821
4025
6334
4047
1275
9928
6186
8193
4280
4532
9913
825
4822
3875
7419
2943
5776
7502
825
2105
3068
5838
3875
9584
5776
9100
8283
143
3364
7987
9618
7419
2634
5181
6729
1120
531
6505
9821
4253
3200
4691
3030
6870
6699
7815
1266
8660
8502
7524
2105
2265
531
1124
8101
6870
675
5204
3310
4691
1670
4958
3875
1387
3665
7339
3607
7815
2525
6202
5776
5392
6186
7815
913
2648
648
3200
3564
5159
7419
715
2540
2943
1540
7146
5661
6202
6202
3049
3632
3564
3455
9134
2169
7178
3049
8660
1266
130
9759
6656
2198
7146
0
5524
4821
3464
3665
648
6921
2408
7973
3726
9134
4197
7686
7367
7419
4253
2540
7987
8502
4822
3133
1996
6186
3024
572
1708
3615
3603
2674
4047
7339
9440
3564
4047
4047
2155
2155
6473
4935
2155
7235
5423
4783
1380
3632
3917
3615
3049
7973
5838
677
5838
5424
91
8616
9109
9529
6202
9821
6511
6870
8937
1623
1124
2540
3428
7524
4413
1996
7235
7815
5687
4532
9822
3200
365
7503
4821
8887
3128
6836
2237
2155
3283
4691
9986
6511
3283
6870
3428
5687
9913
8502
5776
4047
1330
1124
4986
8101
7448
5238
5496
7448
8222
91
6323
5181
4958
4228
5838
6729
1667
3941
2310
6332
3049
6334
1996
2626
4848
9641
3428
3055
755
1407
5190
4047
6345
7241
8914
7776
1263
4228
5238
9821
7178
3080
4822
8887
7419
9584
3595
8378
9610
8993
7178
7178
1263
1266
1358
2932
9943
6202
3917
5496
9143
5872
1623
1257
3875
3726
9244
8914
4172
2540
419
4532
424
4331
2061
7146
4274
9831
4280
3917
4958
2061
3068
5687
6836
419
840
3310
6511
5524
3859
7425
6186
2932
6870
8293
4986
5961
4691
7503
8101
4848
4228
7178
4822
1878
4691
3133
8264
4087
8914
7244
3875
8668
2790
1289
3726
755
7397
4532
3615
4413
7236
3133
91
4136
4855
3310
3310
1001
2932
761
7686
3049
6656
2620
3194
9134
6506
2540
1996
6454
4783
7776
6186
9718
4136
6334
91
3080
7247
482
7247
4015
7987
9970
834
344
7339
761
7348
3455
365
2705
8887
572
3310
2615
3289
2746
5574
3133
6345
7776
3875
2312
2540
3200
7235
8812
7425
6921
3665
4723
5190
452
4744
3049
9831
1263
2099
8660
2738
1737
3200
2932
3917
4855
6511
3150
3649
4821
826
675
4637
840
8887
4015
6521
2790
3194
1996
7339
4822
7419
8914
7686
3150
913
3564
6729
3068
4047
4128
241
6921
9429
1589
3655
344
6392
1540
4253
6546
8222
8232
3756
3200
8216
9755
9429
8216
91
7987
2155
3649
0
3953
3595
531
572
8993
3049
6729
7035
1120
2932
2540
8232
9641
3364
3200
4715
9913
7987
7339
1708
2525
9831
7241
5687
4715
7987
2061
6836
2473
7776
834
8981
3859
1124
2861
648
3859
7367
3726
3455
5764
4958
5159
7552
9831
2735
7686
482
2540
6729
8914
3030
7677
2861
1219
3150
2932
5181
6836
2047
6506
7192
5007
3941
7987
7235
8283
7726
9821
7146
4015
5392
9755
7502
3049
7178
1076
3542
5238
2061
4821
9134
3665
5776
913
7146
7726
9831
1124
825
3941
4228
3927
5524
3859
5961
3595
7686
1266
7146
5524
7552
5764
365
3289
4280
5893
7987
9821
1540
5181
6729
7815
608
2155
3394
2626
5524
9986
4047
8536
5218
4691
5449
8232
3310
3455
8158
7686
7146
4698
6392
2047
6334
2648
5181
4723
4926
2626
8993
1330
9440
6360
419
1202
4821
7178
7686
8993
91
241
893
3150
4723
1330
3726
7178
7247
5838
5647
4015
4128
8222
5524
5838
8193
4926
8222
9831
8502
3649
755
8293
8264
4986
3428
7219
7987
825
292
8668
5764
5838
4935
4759
5687
5509
5524
5387
2155
3310
4532
3289
3200
5961
2540
5524
9904
4246
5392
3289
4855
3030
1407
5764
8502
3615
5190
3394
2540
1120
5496
7552
4986
3310
5181
3200
5423
8502
2746
5776
5776
1088
715
8887
8378
7425
5449
3055
3455
3929
2791
3655
3068
4691
4280
8048
2738
4413
3726
2740
7244
8193
1418
7339
3283
5687
7178
7503
8502
840
8993
91
4087
8264
5838
4855
2047
8048
7524
7987
344
8048
3379
1124
2932
9718
5238
1407
4691
7973
6831
3049
825
4821
1996
122
6921
1266
4280
8887
8193
5838
9440
7219
4087
9440
1120
7419
1996
8232
2799
3150
4958
2790
4822
2622
5392
304
826
3049
5776
6862
6186
5776
9755
3379
603
3133
0
2861
1667
7524
4691
5776
3049
5482
3655
5961
6729
2945
3200
457
8502
2408
3726
3917
4958
3595
3289
3379
3200
7302
3859
3595
3649
4148
3542
7686
4691
2932
8674
8660
1826
4280
1257
5387
4821
8193
8727
4532
4280
1540
572
1623
3917
3564
7192
9584
9134
4087
1330
3150
3073
8216
4785
424
5687
4197
7248
4280
9584
7503
7502
8502
821
3133
4844
8232
1266
1266
2791
6186
4413
5392
1623
8222
1826
6334
7248
304
91
7146
1124
8193
4413
8674
9904
4821
834
5482
755
7235
143
241
8993
4532
2540
4331
4047
2626
9610
6506
5687
2310
7288
1330
4253
288
2540
3819
3665
8101
3379
6454
7524
8502
3080
3287
5193
7524
3632
8536
1708
9943
834
143
834
2790
2674
1708
9755
4476
91
3283
7502
7552
5423
7302
8232
7987
5496
4986
9134
4986
7235
9986
821
7141
6345
5838
7397
288
4783
8887
913
1667
8378
3564
9913
2155
6202
3394
3080
3455
0
3428
4855
4945
2155
9529
344
1387
7686
1996
1589
288
4280
3756
3917
9134
4532
8812
8659
3049
4413
3379
413
755
4926
7686
825
734
5387
9134
1623
3133
2216
7244
7367
1418
2626
6729
4844
2525
4691
3649
6505
9943
3632
4628
1330
7419
4740
4087
1996
648
2265
1708
9134
3564
8536
2932
4744
1120
7502
6921
4136
7815
1418
4280
4637
7723
1708
8484
9429
3649
4783
2312
8101
6699
2047
3428
5887
9244
1257
4691
755
4128
304
9943
3655
4723
1266
1257
3595
206
3128
4047
7503
3049
3049
6921
6506
3615
7552
3150
3875
1124
4413
3049
7141
2549
4148
1667
2620
7146
9554
3774
3030
7524
344
1878
344
4821
1996
5524
344
9440
7248
8232
8193
3068
5496
3283
3200
3875
3595
7146
6334
8232
344
6870
8937
3289
821
6334
755
7178
5159
1418
1330
1257
6345
7178
4087
8502
2099
2155
8048
5838
3289
482
2265
4848
6836
8812
3364
8674
4973
9267
2265
2540
3150
2265
4848
1257
1407
304
9641
3649
4413
4015
4082
5776
3133
8484
6627
1670
9904
4532
5776
3150
572
6921
1826
7248
4228
2790
1330
2791
2408
206
1407
3310
7235
1826
5411
2540
2265
4715
6656
6392
3941
7244
715
7815
7247
7248
9440
826
9429
1380
4691
4783
304
3428
4280
2099
7146
4945
3068
3665
4280
3394
3464
3726
2790
4047
7726
2061
4228
648
7146
572
3875
3455
4855
9821
2155
4715
4047
3756
9492
143
3150
2949
2746
9904
4821
2198
4246
482
5105
482
3607
3200
826
4197
2735
4047
5524
3455
7235
9440
6627
4532
1826
413
7367
2198
5482
6505
9943
2746
3055
2626
7552
5776
5423
288
1878
8378
241
4532
3917
4047
3564
3133
5523
1540
2293
8101
4821
9134
7248
3875
4637
6836
7339
8048
2674
4246
3632
9904
3030
4413
9943
2310
288
8222
7552
5496
3665
9134
8502
4280
91
5423
3726
4926
2738
3649
9831
4785
9943
7726
3055
7686
821
1330
2540
9913
7524
4821
3615
2674
6323
4740
7367
7419
4740
3428
5764
1540
1225
3464
2932
1878
8660
9584
3428
2790
4691
7219
7244
6392
9755
4759
7524
9267
288
5623
8283
4723
4047
4855
288
4926
6505
6473
7178
1219
1407
5687
6392
4698
3310
288
7419
2047
3200
2740
3595
6505
3379
5687
7244
8502
1540
4698
7339
5524
3564
4532
9485
1330
2312
5496
4560
531
3364
4723
9109
675
2790
7451
8674
7448
3032
6862
7451
6345
7448
840
7723
1330
8502
531
3875
6831
5524
8232
6392
2265
3394
1266
1589
8283
7146
1225
7686
344
3665
7146
8502
4628
3726
5687
5764
5218
4228
7192
9904
8502
3068
3941
4740
5496
7425
9986
2312
8566
1600
91
3049
304
9440
4156
304
9485
1878
3073
7503
572
3133
7318
3756
7508
3049
825
5105
3726
8914
4532
7178
304
9429
8193
9610
2735
91
7228
6186
7524
5524
2525
9943
9584
5524
821
3200
4715
419
7178
4848
675
8993
7538
413
9831
5482
825
1708
4723
3464
8887
4047
6334
4047
8278
5687
4082
91
7178
2316
9134
3929
6186
8293
4454
8418
4628
4403
3310
821
4821
7247
715
5776
1667
3709
419
1257
3726
1042
4986
5776
8887
5687
452
4628
4087
4136
6511
7367
7502
7508
6334
1600
2473
4723
4744
3049
5411
7192
2473
3564
344
1266
2674
7538
6454
4848
9759
834
424
1996
7508
6186
2047
7146
9244
3200
8101
9641
3200
5574
7987
6505
6831
7247
5449
2169
3726
2525
2540
4413
3455
8193
3542
5776
4280
7770
8418
3564
4958
4413
3030
4331
91
2155
1266
1387
9641
9831
2945
4047
241
7248
826
4822
5687
1330
1124
419
761
6831
3941
8660
572
8668
826
5496
5623
973
1667
6831
1589
9831
1407
8727
8660
1667
1667
1001
3564
7677
3564
7241
7235
2735
8101
4280
7344
2932
7686
4047
7235
8484
8786
6836
1001
648
2155
2061
4691
2105
2540
9904
8674
9244
1330
2735
3564
1667
4926
5044
1996
7178
482
4723
334
7178
5387
3289
5923
9429
2353
5838
2099
8786
91
7723
8232
372
8222
4822
4628
1540
9831
3595
6410
3929
3200
531
1330
9100
7686
3428
2740
9904
7247
4047
6454
3237
2738
4413
4723
7247
8101
4280
755
4783
7146
2738
3564
3875
8484
2061
304
2198
8993
4848
2105
6392
2312
7425
5190
1589
2790
7538
4637
3756
4087
1330
1102
7987
6142
3055
2735
6392
5523
9143
893
6699
4136
2738
4759
1600
2310
675
8993
8418
4822
2540
2540
4783
2790
6186
715
419
7397
9904
5928
4413
4136
4253
7726
3200
8293
834
4740
1540
3310
7815
3049
1418
1826
4047
7937
6921
4855
8887
9831
7770
9831
8674
7235
3859
1996
7942
8786
7524
3049
6729
6627
2790
7502
8914
344
1275
3655
8674
6505
7367
3917
4723
2634
4025
2626
9641
5496
8232
1289
1540
825
1996
8193
8101
3649
1266
4723
2790
6186
7973
1219
4047
3595
1202
3941
4015
5181
7219
4926
2738
4413
7448
7726
6921
8812
2525
4253
3428
4926
5961
5687
7244
825
3542
5524
9904
7419
7776
1042
4723
3564
3649
304
7686
1996
7901
2790
3649
4628
9610
8232
8283
4723
5482
6392
7419
9529
2735
1996
241
5449
715
3200
373
5764
5776
5687
419
2198
241
8887
9913
2525
9618
6636
3595
4715
3941
3642
4532
3428
3941
1407
3428
6202
3917
1708
3133
3715
531
7419
8674
241
2932
4637
7951
5776
6036
5838
9913
6836
5961
3649
7235
1266
413
7973
4047
3049
0
4715
9143
9134
6921
8660
3819
5776
7973
3428
3194
7178
5524
3859
6546
5496
1832
6511
8283
5044
0
9529
7770
8502
1257
9429
9429
3941
3475
8502
7502
8674
5893
8101
1996
9134
1387
6921
4403
4532
1330
5181
3726
5623
8812
1124
8222
2626
9831
4783
8193
7146
1540
2790
3875
4691
7146
6699
2735
7339
834
2198
7987
8101
7318
4783
143
9904
8786
5181
3150
4821
3310
8674
9134
1124
8887
1124
3200
3049
3726
8812
3200
8048
8674
8048
5647
1667
821
4723
2943
4958
6511
840
1708
3049
1387
5687
5159
3564
1418
482
1289
304
5523
821
6627
6186
2105
3133
419
3875
9831
8222
3150
452
7524
2525
91
3394
3709
3875
4087
9610
9913
3564
8048
3310
4821
2740
1124
2790
4246
91
6323
8222
4566
3475
8660
7951
834
4783
4047
3030
7524
7552
91
9755
9440
5687
5218
5893
2945
7419
4986
755
5838
9913
5238
4986
8931
834
206
5392
1418
5387
6699
7247
3068
4821
825
3564
6202
4253
3237
2061
3917
5687
8727
6186
8293
2932
4926
4136
4926
7552
365
3068
2729
1667
4015
1387
4331
7686
8981
3133
5776
9267
2099
7318
5524
4532
365
1330
4228
1358
2674
304
9002
8101
2738
5423
5181
1330
2790
7686
7723
5159
7178
3917
9100
7686
1589
9913
9440
840
7035
7552
8193
8502
3379
3595
8222
8158
8232
5776
5482
3080
6505
5238
1708
4926
1996
3379
7502
6186
5623
1418
8101
3859
7538
3819
8101
4047
3649
6546
6921
8222
1223
2790
2932
8536
1996
4986
2790
4476
3237
3475
1667
7235
3200
5238
3200
2061
6202
8727
8232
7686
6036
4253
8887
4413
1996
7686
4926
6202
8786
8222
8674
6729
3287
7178
7726
2740
3428
5928
9151
7247
9429
8264
7503
8266
9821
91
5496
834
2790
7776
7686
6627
9821
3455
7987
8278
3030
7302
7552
3564
8283
4637
6921
5924
2312
1575
8048
715
1996
1996
2626
3649
7235
8914
3615
3068
344
3049
1257
4628
419
825
8660
3726
5482
4821
1124
4532
1589
5776
755
9440
5423
3709
7987
3080
4628
2265
7425
2473
2791
91
2945
4510
9831
8887
3941
2740
4821
3428
7726
1124
5218
5687
6870
2932
9324
5524
4926
9584
6506
4144
7987
6186
7502
5411
3030
9970
3364
6729
5204
206
821
3150
8812
3200
6186
5181
3068
2198
2828
3564
4986
8937
8674
4047
6889
2932
6729
5661
3237
1289
3665
1667
1996
1042
3655
4532
3379
1996
7235
2540
1266
4144
6186
7987
4855
4047
4723
3428
1225
1878
4413
8101
7248
1289
8786
2674
4759
7524
3875
4926
8405
8222
826
457
3875
2525
5776
5387
2310
7178
7235
3049
7244
8727
7787
825
9943
9584
3364
1708
2861
3615
3455
9134
7248
1223
7219
8887
2622
8101
4280
8887
9986
8216
7987
9904
3310
6511
3200
5524
7146
5496
3364
7686
6505
6345
7425
2932
5411
8378
9913
2932
3665
7235
6589
1330
5482
1667
3080
3133
4785
9109
7686
7419
3394
6921
91
2746
2265
3917
9584
2674
482
8222
1076
381
7726
344
4331
8484
5131
9831
4855
1407
3564
1266
7776
4783
5423
5687
3379
8101
7235
0
5423
6036
1623
8502
9943
3310
4082
2155
2735
2634
2799
5482
5411
5523
1257
4783
3200
5776
7302
3859
572
6186
3655
3030
3941
4047
2790
4280
4454
7241
7686
2540
3080
5007
9913
9100
91
9928
922
2047
3709
8222
9641
2525
3455
5204
2738
603
3049
3283
2373
3927
8101
5776
648
4691
6505
304
8222
9440
1708
4280
1124
4532
4698
3080
9904
1600
7815
1623
5411
4822
4560
5423
3455
1124
304
1667
4047
91
1124
7228
8232
3150
1407
8536
648
8536
6870
3289
2828
3150
4228
9943
7367
1225
5482
8596
9913
7503
9188
2740
4413
7219
4144
7146
3200
7248
531
8660
6699
8502
2540
531
9584
7987
648
4654
6921
3726
4926
7723
344
8812
4253
2265
2738
5687
6546
9584
1225
1263
6921
1575
2155
130
1263
5838
1600
1996
8502
292
3564
4087
3133
3917
7987
755
344
3756
3030
8674
5687
2945
304
2047
6473
4047
6699
9584
7815
8660
7235
9440
452
9143
9943
1380
2932
8668
5776
1289
4246
3133
4136
5449
5159
4087
344
7686
7787
4413
7987
6511
4855
3564
6036
3564
2620
6454
3379
344
4759
3289
3289
5496
6454
755
5190
8660
8222
4926
7192
5181
3200
4723
457
6921
4723
4128
5238
2932
5523
572
4413
2198
398
4926
8222
3310
603
7302
7686
2358
6836
4691
4087
419
5387
6505
675
3655
8232
304
2540
5872
4783
3049
4715
7367
9821
1667
6511
3464
4280
91
4740
4413
9821
3310
834
5524
2265
9831
9755
7178
6505
9440
3859
675
304
1540
7178
2312
9134
4413
3726
7776
6836
1263
4082
7146
8502
8101
3394
5928
344
2169
7302
7248
5482
2105
9440
3289
7502
675
4848
8786
7987
8216
3564
6332
6921
7146
5218
4047
8668
3133
4015
4280
91
531
7524
648
3133
5190
3364
8232
1589
7244
3150
2790
3049
8812
5159
4228
4532
130
9100
715
5238
8887
7726
9002
1996
1708
3875
2945
648
7178
5496
8812
3665
4935
2622
7524
0
9831
6921
91
4628
8101
2932
4246
0
7723
7248
5482
7815
6505
6036
4047
7552
8222
4047
6729
755
2047
2540
8502
9831
1832
6729
4986
1330
8405
3283
9440
2790
2735
7448
6889
2932
9134
8502
8937
8232
2740
8232
3200
6334
1996
2312
648
826
5574
1826
7425
1898
4821
893
7397
5482
7235
8660
7178
3564
2738
2738
1124
8502
9913
9831
9440
3875
91
7723
3200
2740
8887
3428
2220
4740
8887
4087
8914
0
206
4848
825
2740
8660
5190
3655
1667
6506
7146
2525
1589
4532
4025
5687
531
6334
1708
4821
6334
3875
8937
7247
5131
3564
3875
531
3927
3655
7367
5647
3310
4723
1708
7524
2408
4331
3379
6870
1001
4128
3859
1124
7726
9134
6511
7448
8222
5496
715
928
5238
4228
5423
1330
3049
5218
7244
3917
7942
8193
8674
826
7178
7776
8981
6656
1076
3655
5872
2540
4848
8914
3289
4280
1708
5218
4855
2738
2155
2155
2540
3068
4848
3394
7339
6521
4821
9492
482
4783
7815
2198
5423
5238
7241
3726
1407
6186
9134
7502
6036
4197
4848
344
292
8193
7502
1407
5190
6505
834
715
8193
5193
5838
3875
6186
9002
1418
3030
4821
2790
2738
893
5687
4986
7178
7146
1708
8418
1266
1708
3049
1042
9904
5496
4821
8660
3655
2310
8674
3615
413
9904
1708
8887
5423
834
5181
9943
821
1623
424
4532
3813
3464
2310
3379
5181
8887
5218
5496
4532
206
3068
5961
1996
5776
7248
2932
7248
7397
3200
3049
4228
2540
3859
3564
304
3030
1257
4698
4986
9100
5687
4015
1996
1996
4723
1289
6454
2540
9109
1289
4855
6473
4848
7987
6505
5496
2790
6360
4413
9831
0
3564
3655
3615
4280
5687
4413
3287
8887
821
821
9913
8993
9134
8887
8659
826
8660
7987
4783
4047
91
9143
2799
1038
7367
6202
5687
9986
7448
9151
1076
4246
648
4403
6511
1089
2540
3649
2540
1589
5574
8216
3649
5423
5387
3150
4723
4855
2155
9429
8502
7241
6921
419
825
2932
4759
6186
5776
4532
1275
2155
8222
2746
9143
834
9188
1996
9429
6345
4144
5893
4821
9821
6302
2540
755
5044
2525
9134
9134
5776
7419
6511
2967
7247
9440
5449
91
304
4926
7726
2099
4403
7302
7942
1623
4821
1001
4926
2061
8674
7419
3133
4087
344
834
9821
4723
6511
4047
8674
7302
8887
9002
2648
8993
4532
572
9904
8786
9904
4935
7146
1708
9641
4128
7235
6334
3649
9440
9755
8222
8812
1996
4087
8222
3289
4228
7367
4783
2047
3200
2945
1124
4253
8659
9440
2198
5159
2790
4628
3150
9440
344
1223
241
531
4087
1708
7339
3200
304
7686
8660
8293
3859
3194
4759
1330
3150
4015
1120
7235
3564
5392
7815
241
1737
5872
6505
5764
572
6392
3310
4280
3941
825
755
2932
7219
91
1667
3819
1878
3049
7367
2932
2861
1826
6334
4280
1387
531
1124
3200
3455
4628
344
4136
2312
8193
2265
8232
2738
3049
3200
344
344
1263
1708
8502
2674
8222
344
4015
1088
3859
4280
6473
5218
5687
1589
7425
4821
5687
3200
5928
3150
7367
9831
6506
4413
2634
9913
7367
9100
9100
3649
4855
8232
826
4228
2945
6334
4015
2198
4926
6921
2525
8101
5387
7219
6511
5423
8660
7937
7419
7178
6744
1266
4822
1263
4510
1351
7726
5776
840
8101
2198
3632
3310
5524
452
2861
9492
3875
6729
3200
8660
304
2790
3049
826
7367
9584
4087
7448
531
4197
7302
2265
6392
2740
3632
5392
482
2540
4413
3237
3068
4821
3068
2740
572
3917
5204
4015
9440
9904
3030
2169
4413
1120
6186
1708
3150
7502
834
9134
8222
6684
5181
3133
4413
7686
6511
4926
398
304
6505
5496
5482
715
4047
482
7987
9134
8536
9831
2932
3542
7302
3133
7987
1418
5238
4926
8101
5872
3289
4148
9151
398
91
5838
8660
4413
8668
1351
9492
2746
715
4715
3283
1001
4691
8914
3655
5423
2790
5387
5574
8812
8418
7770
6202
3665
3649
572
344
5623
6636
8216
1878
1589
6454
1330
826
1996
4935
6186
3030
7425
4855
4488
1575
9529
9554
5496
4047
7425
9943
9134
9831
3632
1996
648
7552
821
5524
457
3726
5181
2932
840
4087
7815
7686
4015
2790
4691
2155
3030
5764
0
2216
3394
8193
7987
6862
3455
2740
6345
572
452
4015
572
1667
8660
1120
4087
1330
91
4935
6862
3917
4759
2949
4926
7247
5647
5647
3128
1708
2674
2791
2738
4156
3133
1667
7686
8101
3364
4986
7248
4156
4087
3756
1124
4280
1996
6186
1540
4926
5181
7901
3875
9610
761
8812
1996
7146
3632
7686
5159
1124
7502
7344
7987
5181
6202
826
9986
7318
8993
7815
7146
3428
2047
2945
2198
4280
7677
9904
4228
7815
2525
9143
9641
1708
9100
1996
241
1120
1418
1387
5524
648
9913
8266
3428
2155
7235
3607
9529
482
9440
9759
7302
5449
1996
715
3455
4488
482
1266
4197
0
4848
9134
3068
3595
7146
675
9244
531
6511
8232
3726
3726
3428
826
8887
2099
2152
5647
2047
9755
1129
4848
8158
8264
2674
8222
8101
3283
4715
3941
6454
3200
8193
2738
4136
0
9440
8887
1418
1807
2790
9529
6454
5764
9429
3394
572
3455
8887
3655
304
7178
3595
8887
3289
6186
826
4047
6546
9943
5387
6729
3133
3615
7951
9429
8216
3632
4723
9831
5524
4848
9429
6870
8278
3756
3941
1289
8502
6202
9755
7815
5238
7987
9755
7686
3726
2105
1263
3875
3428
5193
6699
5893
6511
3455
3200
3049
2932
3049
531
7451
4821
2155
3615
2099
3603
7219
1124
91
755
3150
7502
8502
9429
91
9492
4047
3665
3649
2949
8264
7146
2615
4144
2740
3649
2932
840
1667
3068
761
6511
4413
7302
6870
6036
2932
3049
3364
6186
5105
3859
6511
7244
6836
4413
834
6410
3364
9821
7726
6546
3819
9641
821
5887
8232
2099
4280
9831
8048
7901
5423
3649
8101
9837
1826
8993
8502
531
7524
304
3649
4783
648
2525
7552
3649
2061
2735
7236
8193
2155
1589
3709
7235
241
8101
4047
1540
7524
365
2155
7524
1263
8232
1129
1124
8216
7503
5523
6656
9100
4628
5145
9904
4926
3655
4822
9324
7726
3632
4986
2945
2155
1667
4280
4698
8222
7901
2237
7503
4136
2740
9134
4413
3289
8222
344
6454
2740
8887
5139
9109
9755
2198
4087
4821
9554
4926
603
6202
7815
4698
7419
8101
7770
3756
7524
4532
3379
6889
3615
8216
4935
7419
9928
2615
7178
3133
7178
0
5687
4821
7987
1266
8812
5098
3200
5776
2358
6921
2104
1878
9831
7776
2620
7502
3665
6831
3564
4637
419
7288
1540
5190
4821
8193
2540
4532
7247
9143
3049
4822
4015
8660
2373
6334
6684
8266
3080
3030
482
3665
7524
5524
1667
3310
3875
8101
4958
344
7141
7815
9986
9440
2316
7502
5204
4821
3281
821
8660
3237
1996
4822
206
2626