00:00:12.94
8428
6406
3199
6610
6321
851
2689
7752
7617
6442
5233
222
6023
7403
20
7380
4090
2259
795
1856
20
7752
3197
4161
6809
6809
3790
9095
3842
5303
4577
6278
7783
222
2689
1199
7874
3197
6884
2026
3918
7403
3921
5074
8336
1345
3770
5668
1583
6345
5400
3918
5182
9610
1146
2086
4616
4795
9199
116
9610
1306
4442
6312
6442
1735
7874
116
8002
1146
7617
5741
4090
2592
3790
1908
6406
2503
5716
7285
5840
6065
3918
5416
3017
8860
3526
553
3501
7455
5258
1196
4165
9497
1353
7786
5400
4521
4442
851
1353
8342
3930
3539
1908
2592
3501
7617
5258
4662
7634
1888
913
5497
3525
3770
116
2950
6662
3199
9199
424
245
1301
9227
6809
1888
7455
3377
7874
7455
2200
7874
5081
3842
8963
9135
7834
4070
6002
8017
9663
6345
5400
851
5303
5074
8002
7634
1199
2110
366
3377
8342
5303
8336
3334
6442
5131
1856
4129
7216
5081
2593
6610
9135
6023
4552
2200
1641
8017
9095
9979
2110
9210
1199
9153
9210
2592
3199
9942
4629
5716
2026
7403
6065
8064
3015
3909
8704
5074
6442
245
7937
5709
7783
1199
4606
2941
9807
3121
5074
9413
819
7834
9979
5182
4732
9840
3121
1121
6358
7325
4662
7008
553
819
1583
7380
1641
2086
6610
222
7927
1199
9000
7783
7584
222
9610
3526
7008
7008
6319
3525
7617
1641
8969
7273
6610
7874
5760
448
6023
7783
245
7934
9210
3377
3842
4220
5258
3334
5081
9546
4662
9985
6065
2503
9809
6957
2110
2786
4442
959
5668
7008
8406
1641
3377
362
3377
7937
3770
9210
6023
8860
5716
4161
5249
4097
3015
1345
7455
972
6048
956
5249
6662
8963
9663
1146
7752
2079
9807
3501
3568
7584
3341
9227
9095
8002
3377
8704
7634
5416
7937
9546
4097
6859
7834
1641
3525
9979
9210
5416
1585
6358
4220
4552
222
7927
5418
7783
1121
116
6278
4577
1072
4616
5716
1353
6662
4732
4220
4442
5418
3378
6442
5249
7927
7403
5760
6023
3526
7584
2696
2200
5418
3017
2593
5182
2086
4629
7325
4407
3199
6048
2950
1641
3730
6874
362
3918
3730
4732
366
9809
7937
6809
7874
5182
7455
1306
851
3377
6002
7634
7273
5081
3017
7285
819
9663
8002
9683
851
6312
5074
7285
4616
913
4606
9663
7273
8017
1585
5233
8064
4662
4552
4629
9095
959
9806
7403
2950
9807
6610
6874
2110
1877
4090
7599
6406
5716
1888
5400
956
4165
9135
2079
913
2689
424
6288
2592
424
1196
3121
2395
9497
7403
5303
6319
2200
4765
5716
6406
8336
4662
2503
8860
9135
6278
1301
3730
3197
448
851
5418
5668
5316
553
424
5840
8017
2079
5081
5131
7752
913
9000
9153
464
4552
9000
1583
9497
7783
1353
959
9096
2503
5400
7634
3199
8342
7786
2086
480
7379
7786
9546
480
7927
3199
4552
6256
3197
1345
2200
851
6278
7599
4161
2079
3121
4577
9610
851
1585
913
3842
9040
3525
9135
4662
9942
5760
20
5668
4606
7752
5110
956
1583
9985
6957
6250
9683
8406
972
2881
9610
4606
5233
3015
7937
9806
5998
9809
5668
1121
8963
366
3501
7927
9096
7634
1888
4090
6859
4097
9095
7708
5400
3334
9942
8002
8336
9153
3730
553
3341
7752
7658
1196
1301
851
9434
9199
2786
5668
913
9040
8017
3909
1072
3197
1155
3501
6662
448
553
4606
5418
2950
3377
2901
20
2696
9000
9000
1426
5074
4129
1585
6321
7834
4662
2696
7834
3842
7599
7325
9095
464
5716
3525
362
4090
5716
4732
795
20
2593
819
6288
2200
6859
1641
4552
2026
7455
9153
424
222
2503
6874
9227
6809
5716
9683
222
7303
8710
7379
4097
553
4790
9095
2110
5074
7379
4616
3341
1199
4552
4129
2696
4765
2950
3918
2026
116
2110
2921
5074
9546
7008
1306
2593
2901
7927
5249
6256
2592
8704
4662
1585
553
9153
1583
4129
1306
1306
7834
3121
5233
2110
1641
5418
8336
4442
2110
9135
4662
9809
3918
5303
9546
7634
5668
2110
222
4732
6065
9000
1146
6874
7634
5303
956
2786
1622
2901
2086
9840
4090
3909
1306
5074
3730
7874
2259
553
4662
795
7927
1622
1345
4606
6319
245
851
4090
7634
448
6358
8963
1888
8969
1585
1888
9631
222
116
3918
245
5303
4856
3918
9663
2395
5840
1426
3918
8336
9809
3539
2696
3842
7658
9663
1856
4097
5418
3015
480
6874
2786
1585
553
3909
4606
6278
5303
8406
6288
4662
6345
3842
5668
8064
7617
1199
9227
1146
5081
4732
222
9135
5668
7617
7403
9210
6250
9210
5363
5741
9497
2941
6406
6023
2593
6406
9000
9210
366
7634
2079
4521
2592
6023
4165
6859
8969
7937
4662
4552
5303
4552
4165
3918
3197
3730
2395
6358
3017
3921
3930
8017
2901
7928
6874
3730
3539
9979
6809
9546
222
2881
7325
1583
5233
3525
2395
9683
6406
6312
2941
3501
9683
6256
7599
6023
366
9434
4669
4616
9210
5131
4097
9809
5716
4407
7325
3501
7963
5074
851
5303
1856
5182
2395
2689
8536
8710
4856
7834
4070
5316
3377
7380
6406
8064
7927
2950
5418
5400
8064
7236
6727
2592
1735
8860
2786
4662
1856
9610
2950
9210
6288
7708
5741
2696
3378
1641
4795
4070
4552
1345
3909
1353
1306
2921
9434
2026
5760
2901
2395
2200
8017
2901
6884
2696
7834
9683
2950
6345
6288
956
913
9413
20
3501
3730
6278
8002
4559
9497
3842
9000
4629
20
4407
6859
4790
9610
3378
5074
2200
6406
9942
7786
116
1306
3909
6048
6023
3842
9095
8969
3842
8342
7927
7834
9610
6358
3378
222
9683
9040
9807
9000
956
116
3377
959
5709
6319
9095
3015
7634
3568
5249
8406
7937
1735
795
5400
972
1353
6957
5840
7008
8406
6884
2395
7325
7617
2395
4662
6048
7584
7380
3199
4442
4765
4765
6874
1196
6312
4606
6023
9000
1888
3790
5131
5303
9942
7963
3790
3842
5668
5131
7937
3334
4552
4662
9199
6874
7874
4097
851
6859
4606
4577
1585
8428
7658
972
7874
8963
5668
3501
9153
2941
5258
9546
1155
5081
7937
5400
4765
7928
6312
7786
6278
3501
3121
5716
5497
4765
1622
480
464
6321
6321
5668
8002
7963
3121
9153
2395
3568
5400
3921
5741
5182
1585
5611
7599
7403
6874
2503
2200
222
7008
6250
3199
1072
7752
9040
6610
2593
7783
7934
2026
7786
1585
3377
7584
6004
8704
1888
2593
5303
4662
8342
2696
6442
8969
222
6406
9979
4577
5840
6610
222
2086
5258
9683
2696
3501
2503
8704
5182
819
5249
5102
5709
5131
2200
7599
2503
6874
6048
2200
8406
1121
2592
3015
9942
3341
7617
8963
7379
6859
5303
4552
3730
8064
2593
5716
4795
9227
5081
8860
9807
3378
4790
1888
5131
2941
1146
2503
5400
3199
4552
9497
5668
1908
6491
1155
7403
9210
7379
6662
2395
7303
9840
7617
9807
9434
4442
8406
424
6442
464
7874
8704
2950
9434
4662
2786
4161
5074
6288
6278
3790
6610
1121
5131
7874
9806
3015
4559
1072
1622
4559
7783
7380
6002
6442
1196
5416
3842
1199
9153
3501
3015
2110
6358
7599
7285
6491
5081
5400
7783
8963
8704
7708
2592
7934
4161
4790
1888
1199
424
4129
9135
3378
6442
6809
851
9210
6250
6809
3341
448
4097
5418
4407
3790
8342
819
3377
3121
4097
5316
4129
7927
7285
7834
6491
9610
2950
7599
7617
9683
851
1155
1585
6319
2689
2259
1345
7927
7379
4407
1306
6004
8342
9040
7584
6048
3341
9095
9210
222
3334
1735
1888
553
1353
7708
8536
9809
2987
9610
9663
3921
6859
9663
6002
1585
8969
7783
5668
7634
3539
7874
5497
3568
9210
3921
5131
7927
7379
7786
3539
4662
7937
5741
1306
9497
9979
7634
7617
222
7008
6278
3842
2593
3730
1345
9227
5249
2503
7380
7752
4161
366
1199
9413
2950
116
5418
3377
3341
1199
851
7008
2110
4407
3121
9040
8336
7927
4856
9210
2950
9840
1345
6610
5233
3501
851
8017
4629
2950
1353
2200
3525
7783
7008
464
5316
3918
7236
7285
972
5102
8969
6002
7599
4090
1585
4662
3930
5998
7584
6859
6312
9683
245
4765
1877
959
7403
2026
6442
4795
8342
4070
6491
2086
4407
2395
8342
3460
5716
2503
2950
1641
424
7786
222
9040
1585
2689
5418
7834
3930
8710
1641
245
4662
5110
6874
1345
6610
8064
6610
9497
6319
2593
6048
6442
4129
5716
2593
5709
5400
1426
7934
7273
9096
7937
553
3770
1622
9497
7634
8064
1345
7786
7379
3015
5182
1155
3341
7285
2395
7874
7783
1583
4129
9095
7708
9807
1345
8002
1196
3341
2950
4616
6312
7934
5303
6859
7783
9663
3921
7786
2259
2786
6727
1641
3770
3921
2950
1196
6250
9610
4662
9000
2110
1155
7834
9631
6002
4070
7786
7834
6250
9806
7927
3822
3525
9709
2786
222
9709
6662
3921
7834
956
2592
1426
366
5760
7599
5741
5416
9095
5303
4669
6345
851
1072
959
4765
1306
5182
1888
9809
5668
20
7617
9497
3918
2593
1155
2950
5074
4552
4521
5258
6321
9210
464
7325
9210
7380
4577
4732
6358
7937
9096
1908
5741
4442
6727
7786
1345
1641
5249
5131
7937
9096
9809
5074
9135
6859
1306
3568
4165
1301
2259
6809
6278
5131
1856
2593
9546
4552
1641
1856
6662
9806
4521
464
5303
9807
5716
2881
7584
5074
3526
4765
1583
9663
1585
1199
5258
9434
7008
5258
3539
3909
2950
4577
4442
366
2086
9153
3377
1199
116
2941
7379
8860
1426
7752
6023
2592
7379
5840
222
6809
3197
6065
6491
7786
7455
819
3017
7783
8064
1585
9227
7584
6662
1583
3790
4662
5363
2110
1196
245
9709
956
6442
3378
2110
6442
9610
7285
1641
7634
4442
4165
4606
1585
7584
5131
9663
20
1877
8963
2921
1306
6809
7752
366
7455
6002
6278
4662
1641
1585
3909
6406
1306
6442
7928
3377
3199
4407
7963
6874
6809
2395
2593
4220
7708
9434
8428
5497
9663
5760
7403
851
6406
5668
4552
4629
3909
6002
2941
9040
9979
6358
3525
6312
3377
7786
9546
2503
9683
3790
6442
464
2921
5249
9153
5668
4732
9942
2200
2593
222
7617
3017
5709
2592
3501
8064
3730
4552
424
5131
2259
4765
4070
9497
9210
7937
6442
3015
1199
3017
1735
4165
9631
7927
7786
9497
1121
2696
2200
2901
2395
7937
6004
9631
6358
6312
819
4559
6406
1199
2395
2395
8963
5303
4220
6727
2200
2901
5611
7874
7927
5400
4559
7927
2950
2079
3341
9610
9210
819
464
6406
2200
6023
9210
6406
3730
1426
5709
3790
7325
5074
5998
222
2950
9497
9135
4662
448
9153
6884
972
20
8428
3730
4521
2086
362
7834
2395
8017
7273
222
9683
7236
819
8002
9610
2200
7617
2901
4662
116
222
9040
851
464
8064
9546
9497
5363
5840
7934
1199
9210
6250
7584
2200
7379
9153
7934
9942
3909
6610
9153
6023
5249
7783
7708
2689
4097
7216
9095
6256
5668
6023
3770
4629
8064
7783
7874
1856
8064
6345
1155
4790
3377
9807
6002
4442
5102
222
6278
5102
9683
4662
9610
7273
3568
5611
6491
9809
1877
2026
7783
6023
7752
9979
6278
5131
5102
7963
4790
1888
9546
3568
1877
9210
5716
5363
3015
480
9135
1735
6809
7752
7273
9610
8963
553
448
5081
9413
1908
4161
8428
2395
7927
956
4606
2200
7927
4097
6250
9227
1888
3341
7303
9135
7708
5497
6884
9210
7584
7927
7963
7325
9497
8536
5400
3377
7937
6859
7752
2200
8963
3525
464
245
5716
9210
4407
5081
8704
4161
116
7325
4629
7634
9985
7834
2921
9095
1199
7379
2086
9227
5668
2593
1585
9000
5716
9942
851
116
6809
7617
7325
7963
9497
972
5668
5416
1735
424
7584
972
1155
5303
9985
3199
8969
9683
3525
7937
3842
3460
4552
4616
9809
2593
1426
6319
1306
7708
9610
6874
464
1641
6002
2395
7834
5081
1622
2200
9135
1877
5074
3017
2086
116
8064
464
4577
9210
1196
6859
2079
4070
464
9979
9610
7783
5400
6859
3121
7617
1345
2950
7937
2110
3017
6662
5303
4662
7783
3730
9227
2110
9546
9497
6278
6809
2086
480
2987
851
4407
5400
4606
9000
3568
4220
6809
7874
2200
956
7379
4521
4606
9095
4765
3918
4856
3539
851
7379
1199
913
6859
5182
7783
7617
1345
2079
956
4090
6874
8064
7963
3790
2086
5249
3015
2079
5497
9040
851
4090
2086
424
1301
1856
7786
1121
3909
1199
7325
5840
2200
9806
7008
3197
4090
2026
2110
7786
9807
9210
959
2950
851
2950
4765
7285
5081
2110
9809
4606
3377
5074
9227
4577
3501
4097
7783
7634
3121
4097
1583
6727
4129
5668
7325
6278
4606
2786
3921
222
4090
9840
5074
5131
2950
6442
7617
6957
5258
3015
8002
5400
9546
362
6809
3501
6319
3790
6065
6809
6406
3334
2503
2200
3842
3377
2592
1641
8963
9806
956
4606
7786
1345
3918
7236
3377
9979
9153
4606
4161
3539
7325
1121
9809
7934
9000
6002
3197
3539
5400
5716
4662
4662
6023
9040
2200
3377
6406
3197
9546
4521
2950
2200
7963
7584
5316
9135
3378
7455
9840
4165
1908
4165
3525
6610
6884
6256
3730
959
480
5418
1072
972
9663
8536
6727
6002
8969
20
1199
6442
424
5233
1199
1121
424
3525
2689
4606
2395
4097
7380
5074
20
3377
8342
464
9096
9227
4097
7599
4552
6319
2503
2259
9153
2200
6884
7216
1877
6610
8969
8536
4606
3015
8017
6957
1888
3568
6406
3930
1585
4521
3539
9040
6859
6442
2921
7455
1353
4165
7455
4161
1426
3930
9807
3770
9210
3017
3842
9040
6874
2200
222
7617
4559
3378
2593
7303
5709
6002
6048
7874
7303
2696
9807
6278
4577
5131
913
7874
1306
9153
9095
2593
2987
6004
1888
9135
2689
4097
7927
116
6048
2503
5258
9434
9809
9000
5497
4552
2950
4856
5182
6809
6345
1585
2395
7634
9663
9153
1877
2026
7834
7834
7285
2026
7752
5741
3525
5400
7708
4220
7927
9809
4070
6662
5303
851
5303
5074
1345
6874
6809
7783
20
9942
424
3790
4662
9135
5074
1856
972
3460
2200
6809
7008
1345
2395
6610
9210
7834
9610
464
2696
7752
7325
5074
8064
7927
5709
1345
2696
4790
9497
9227
4090
8969
9210
7380
5400
5497
7599
2696
2901
6048
9413
9040
1585
6288
5840
3539
222
5611
2881
1585
5840
5497
5102
2950
1856
3015
4070
7834
9979
4220
7783
2696
9000
8342
4765
8860
5182
3842
5840
4856
2395
5716
5363
2395
4090
6809
6358
3525
2200
5249
5760
8017
5363
4790
2593
9153
6809
5716
4606
2593
3822
2259
7634
3730
7325
1345
7325
8336
3539
9000
851
6023
9000
3842
2079
7634
7874
2110
9709
480
7379
6884
1353
7927
3017
956
3501
1199
9809
4407
2395
3378
6859
1888
851
8064
5258
6727
9497
8428
1199
2503
5258
3460
4070
5611
7273
4097
1306
3377
8342
8704
8336
1199
4577
4442
2881
7325
4090
1888
6859
2696
6023
9683
9809
956
972
7599
7834
6321
2689
2881
6345
7834
6859
116
7236
3790
7937
8002
959
3377
5716
1908
2503
5716
4097
9413
1888
9985
6321
6610
9809
9153
5074
4662
4856
2593
3015
8017
6442
6312
7786
2901
9135
6278
2592
2110
1856
3921
5102
8064
3921
5668
1301
6442
2593
9434
7584
5611
9942
2079
5716
4442
4070
5102
851
7786
1888
1888
2592
6491
6442
8710
4407
2786
3197
7752
7834
3790
1585
8342
5258
9210
8704
851
7783
3501
7285
3842
8017
9546
9979
2503
9807
5131
6278
3377
5840
9135
6256
1199
6610
3568
6004
1426
7303
1585
8969
6859
4442
222
5418
6312
1345
4662
480
6004
3017
9210
5418
5110
553
4552
3909
9227
6358
4662
4577
5716
6065
3918
6610
7708
795
6321
5611
9979
5074
7325
6727
6002
3918
5716
8064
6727
3377
6065
2503
8002
2881
9153
9663
424
5709
2950
3842
7617
2086
1583
4559
6442
5081
1196
3730
1345
9546
2689
1888
8860
4606
5131
7380
7786
2696
3501
1877
424
5233
7783
1583
7325
7285
3730
9497
7783
4220
5668
3770
464
6442
4090
6048
1856
5258
3842
6002
4616
4552
4606
7937
6256
1345
6278
9663
1353
424
5182
7927
7834
6610
2200
1426
1877
3015
7874
7008
9610
1199
4616
6874
1585
6727
9095
851
3015
8969
3525
5182
5716
3199
4856
7584
448
819
5081
7927
2696
553
1146
1353
7874
795
956
1426
6321
3526
2696
1072
2086
1345
2026
5131
7658
222
9610
424
4616
4552
1426
5416
4629
9040
6358
2786
7937
245
7617
2086
6312
5840
1585
6406
3921
3121
4606
4090
7380
5497
6004
6358
8969
8406
8969
5716
4161
7927
6358
4129
4070
3930
553
9497
9000
5303
6002
972
7403
7325
1353
5074
5400
5102
8342
5400
4161
20
1583
2395
5418
9199
2987
6406
7455
1306
3921
1908
6809
6662
1306
3822
6442
3501
6662
5497
6727
4407
2079
4795
9979
5081
9663
5081
4559
2395
6610
7786
2200
7303
3197
3199
3790
2786
2503
5102
7874
3334
7285
7786
4606
5497
3017
6345
3377
5081
7236
3121
3909
3568
2881
5716
1877
7708
3909
1583
851
4559
116
448
2921
5303
6610
6288
1888
1585
7927
7928
8963
3909
2901
4765
1306
4097
4765
7874
2950
8002
9979
6406
424
1196
245
2503
7325
5418
3017
5074
9000
6312
2921
2950
795
3930
2593
5418
4070
4407
9210
245
6358
7325
3377
5418
851
7236
9135
5303
7403
2689
3017
9809
7325
2901
795
7963
7963
6442
6884
2950
8064
6256
7599
6442
7584
4407
5233
2696
4552
8064
2259
3790
6727
5668
2110
5074
5760
4090
3199
9979
6023
6491
3341
5418
2079
6358
6288
2026
3730
3842
366
819
7273
1585
4669
1908
2987
6065
1345
5102
3526
9000
7236
7325
6809
424
2086
2696
9434
3842
9942
6727
2503
3377
5709
7834
7236
3377
9153
5131
4161
222
4161
8017
3015
1199
3017
1426
4552
366
8002
959
2689
6278
6278
6809
7937
7617
9434
4662
5249
959
5110
6406
5400
7634
972
9210
2200
7786
6727
6256
6002
464
3015
6442
956
7937
819
7634
2950
3525
9806
7937
3568
9497
1426
9942
9199
6023
4161
5182
3730
6312
2593
7216
4165
5303
2503
8017
8342
1908
7273
2689
7708
1585
5249
3822
7216
5709
4552
8342
4662
3770
4090
3526
6319
4662
6884
5400
5081
366
1155
6406
6345
7928
9807
7963
7617
5074
5303
5081
5418
7325
851
6321
2503
9135
6662
7634
3017
3017
5668
1641
7285
2026
9497
2941
3121
7273
3121
3568
7236
9807
9000
3334
7379
9153
4161
2593
1622
4442
8406
7285
7008
6406
3377
7963
116
4165
4662
1888
6345
5182
464
5316
3539
6312
4521
2026
5709
9497
9135
5233
5258
2987
3377
2110
1306
5840
1199
1888
4165
9979
7617
2259
2950
9942
7834
819
448
6321
4669
6662
5668
7834
7786
3377
7634
5303
6358
4765
4407
3568
4577
6442
7455
6048
7834
8969
4765
9434
2086
2592
5102
464
3197
5668
3199
9807
3770
5716
7783
5400
7783
7834
9806
9663
8969
6048
20
7273
5303
6662
9807
2950
362
6610
6406
1856
5418
5840
8428
1345
7455
7325
7325
9153
3501
7273
7708
8017
5400
4629
6048
116
6610
6957
9942
2901
2696
1908
4407
1345
8963
3121
5760
5110
3842
3909
7380
2921
222
7634
5497
6874
8017
2026
2086
2110
1583
6662
448
5716
9709
1345
4442
2786
6002
5249
5233
9663
3199
6727
1583
9040
1877
6884
2901
3334
7599
7927
7874
9663
3501
7927
5418
4552
4669
362
4161
8428
1345
9434
1345
4662
116
4552
2696
6859
6023
8342
7634
6727
7783
7927
9979
6874
7874
5363
5074
9985
5249
1735
9663
6278
9840
8969
2200
6442
7617
7874
4161
480
7937
972
9000
6023
6884
5840
6023
9227
851
3334
6662
6727
959
1585
6278
1856
3341
9040
3918
7455
4795
7379
7634
3790
9040
913
5081
1856
424
4090
6002
9806
9040
1301
3341
7216
5249
4606
4577
1641
9227
6610
116
7273
9095
8336
3842
6874
4097
5303
2941
2200
3377
3378
2395
3377
5233
1121
9809
4161
7834
7708
6406
553
4669
8336
3525
9610
819
2503
3334
8064
4577
6809
6256
4220
8406
3526
3770
1306
5418
3921
3199
1345
3822
20
3377
9807
6250
4097
6278
3930
7273
4662
7216
6610
222
5668
5668
424
9000
4662
4765
851
4165
2689
4559
6023
9809
8064
4129
9210
4070
3197
6345
2696
3341
4165
7236
6442
2950
1622
4662
9095
3921
5249
956
3842
8963
8336
5716
8017
7834
3909
2950
3460
1622
5668
6874
5074
3909
6256
2079
222
3341
20
819
4407
5316
5303
464
3334
2200
9497
1199
4521
4790
2110
8342
4521
9210
3121
7216
3121
4070
7403
3199
1585
7236
2950
2689
2503
1199
5303
9663
1426
3501
5363
972
2921
9153
4521
2696
9979
9631
6278
7455
2503
424
1199
7584
8064
5110
7834
9942
4577
2259
2395
7216
5081
3525
3526
3525
6321
5716
1199
4521
1072
5074
7934
1196
9210
3460
6256
3539
6288
6345
6610
2503
5074
5668
6859
9497
7379
7634
8342
1888
7617
6610
7584
7786
5716
2086
5840
4765
6278
1345
6345
5400
6859
5074
3121
20
3568
7927
5611
7634
6345
4616
1155
5741
3730
6288
4629
2110
7927
245
3930
6727
553
6278
7937
5363
3525
4220
7783
8002
1426
9807
3501
4732
6874
5716
6491
5840
2503
9210
9227
2592
2592
5258
2696
1426
9942
1345
8064
7783
9497
2950
9610
6004
8064
6859
7834
2395
1583
8064
2259
6859
5497
7834
5074
6727
2200
6884
9806
9227
1622
553
1735
1199
3921
5303
7403
2086
20
1199
8336
9546
8969
9153
9210
3015
9135
3460
7379
7634
2110
5840
3199
972
1199
6442
5081
4765
6610
4662
2079
7634
448
9683
9809
2987
1301
362
1583
6065
4220
7380
2921
9546
2593
3822
4732
3377
7834
9807
9942
9095
1345
819
1908
1426
9610
2689
2689
8064
1641
1888
7617
5840
2503
6442
4220
2592
9807
9663
6874
6002
448
3918
1888
5840
4662
972
8336
5074
1641
7783
6288
7786
6859
9610
7455
3334
9413
5709
2901
4662
6312
5303
4790
4732
5074
2950
3730
1306
5303
1155
2503
3909
1856
8336
7273
8428
7786
9000
2200
9210
448
553
5074
6023
7379
3909
4669
4765
3930
4097
6321
9809
2696
9040
3334
5316
5709
5611
5303
851
8002
7786
5716
2503
448
9610
3770
4662
2200
5182
2696
7273
1585
6002
9942
3770
3909
362
972
7634
1622
5400
5418
5081
5998
5258
3790
1641
6957
1856
2395
5418
6002
3015
3197
7634
5416
7927
2026
3842
8336
2950
6288
5303
3017
3539
1199
4662
9210
6957
7599
1583
4616
6312
4070
1199
1353
1155
3822
4765
9631
4161
8064
20
1585
8064
9210
5081
2592
8342
1888
6288
1199
4161
5182
20
6809
1585
3842
5303
2987
7273
6610
4552
5741
4559
8963
6023
6023
7783
972
6809
3568
5716
8969
7403
9546
9809
5316
1641
9807
6727
7617
9985
9985
7708
4577
3790
5303
7874
9135
913
4521
5840
5303
5363
4407
9806
2689
2200
6023
6727
5249
7874
6874
5110
6048
7273
5303
2593
9546
2689
1155
7708
8342
5418
6610
7834
8342
7008
6662
7874
1199
1735
6809
3909
5303
3197
7786
222
4606
5303
7325
5131
3918
4577
2026
3921
6809
1196
3770
3377
7783
5249
3770
6809
3930
7786
4606
5303
116
1353
9709
8342
1121
1585
3930
245
7783
1345
3501
7874
9135
4165
480
1583
9610
8969
5249
8536
7963
3842
2110
5497
7236
2950
362
1877
4606
5400
1072
9095
2592
956
8536
7927
6727
4662
5418
9809
5182
7236
5074
7937
7874
9040
5081
3921
4616
7834
6065
9227
6002
3842
20
6610
2987
1345
795
7379
913
6250
3730
3377
7786
4795
6727
4577
5303
9809
6065
2079
8336
2593
3378
6312
6256
9227
5074
9683
3568
4662
5668
3921
7874
9610
9040
5611
9153
2395
4765
7927
9227
3501
3199
222
7008
3909
7708
1345
3501
1301
4097
3842
553
9096
2026
2110
1345
480
851
6023
6358
4129
913
4220
8969
7927
6727
7236
9210
6442
7403
7634
6442
5316
4407
5074
4606
4552
3526
7236
1622
6256
4577
7285
4070
2950
1426
4856
9683
8536
6859
2503
1146
3199
9095
8064
8969
9434
4090
6002
7455
5611
6874
3017
4090
7584
9497
7617
2881
3822
3377
4097
6406
8017
4097
7934
6312
9663
4097
5400
6874
3199
6809
2395
795
7786
6319
6321
2026
4090
5233
9809
424
9663
1583
7236
5081
851
2086
4165
1888
9497
20
4129
9497
5418
9210
7874
6859
9979
5131
4090
7786
7752
4442
8342
5400
9210
9153
3921
3378
222
7216
5131
5998
3501
6442
9979
6312
366
3017
5363
4795
6610
7834
4161
6250
7379
2395
4165
5316
1583
9000
7752
4442
5074
7236
424
8002
4552
4616
9807
9096
9610
6859
7963
1345
7216
1199
7874
6278
7617
9227
2881
6406
8342
8342
9709
4129
5497
8017
5363
3015
9210
6859
2696
3918
6727
4629
6278
5840
3017
8406
7834
9610
9000
2200
2110
4407
1072
6406
5741
6957
3909
4220
6406
6442
6312
3918
7834
1072
7599
1146
245
6610
6809
7379
2110
6250
1583
7634
222
362
2592
3017
7783
5418
3377
3501
4552
5497
3790
2592
7617
245
7236
9942
9709
1155
7708
7634
5303
851
5110
20
1877
5131
7786
9199
2395
2079
9135
1306
5249
1856
5416
4407
2200
5741
5668
6610
4521
9840
2079
2395
2941
4606
9985
3341
4669
7937
7236
9227
7937
4097
3790
4856
6278
6727
6610
1121
3334
1199
2696
5081
5233
7303
4577
6859
1888
3377
7786
2200
448
9210
6358
913
1888
5497
6345
1301
7874
7927
1856
5668
3842
6809
7783
1583
2881
5716
6809
3017
4795
2503
956
1908
3015
1735
5497
3015
7786
7455
6809
222
1585
1146
6884
7379
3197
8064
5303
7599
6610
9979
7285
5258
4577
2259
7617
6859
9497
1585
5418
8342
3197
2200
2593
4521
9040
3199
4129
8017
9095
7634
6250
3199
9807
6256
6321
5716
5303
9497
8969
3197
5668
6442
2259
9095
4129
7617
5131
3377
9210
4765
6345
5497
5081
1641
2026
2696
2200
972
6874
9809
7325
6442
2110
7403
6662
7403
4407
9546
7379
9979
4442
6250
9942
20
5074
2881
2079
2950
8064
2395
5131
3930
1146
5233
7236
116
1641
1641
3842
9095
8342
6874
6278
5418
6809
6610
362
7379
9497
116
2950
4442
3790
5840
2950
6859
7752
6610
6002
1345
6278
1888
1585
2786
1641
6065
1585
6312
5074
7584
7752
9610
6048
6610
5233
5074
7934
1345
5258
8017
7752
2086
6345
819
913
1121
6023
2901
5182
4790
6874
5709
2593
7325
2503
9040
5303
6610
5258
6256
2786
3197
448
5316
3842
2689
6610
4521
9942
8969
3341
1877
6662
2901
6345
7786
7403
4616
9663
3770
5303
8860
9135
1306
7403
819
7617
3197
9807
4662
4521
5497
9809
2086
2503
464
4629
222
20
5716
956
8064
9663
9227
9840
4161
7379
2901
222
2395
2950
20
7584
9663
2086
6406
480
3526
4765
4521
2593
4552
6004
5303
1301
1641
116
3334
4559
9040
851
9227
5363
7786
1641
4161
3378
1426
222
3921
6278
2689
6065
4856
7455
7634
4577
2901
956
7937
4070
2395
5074
9434
6406
9497
2026
4616
3015
4129
2689
2593
3921
1585
1888
8336
7783
8704
4662
6957
6809
3377
20
1121
6727
4606
5716
5611
9227
5233
4442
1908
2086
1585
9227
4616
5131
795
5668
8002
7874
5668
7934
959
5418
9413
2200
5258
4629
222
3377
9199
7834
464
8064
1877
9434
7584
116
8406
4090
6023
9979
9040
4165
7783
4662
9040
5081
5131
4856
9663
6319
366
2026
7216
3539
5611
9709
3378
4856
4662
9040
3918
3770
4577
7927
8064
4669
9806
6004
2689
9095
6278
7786
5233
8336
4662
2259
4407
3930
3378
7584
913
3842
5668
5709
6610
480
9095
9040
6312
9807
9663
553
2950
6002
1585
9210
5074
245
7834
5668
6023
2987
2110
3334
795
3770
1146
9434
9000
7834
6278
4765
9095
6278
8002
9227
5418
6278
5363
7379
851
2950
6884
6809
3568
5233
20
8342
4732
2689
3525
2200
8428
7786
5716
4090
7236
7658
7303
6278
1146
6957
4765
2593
6319
2593
1072
4662
2200
9979
5081
6312
9135
4090
8969
956
8002
5074
8963
7325
9610
4765
4616
3526
1641
6023
7599
3918
3909
6406
5081
5741
851
5400
3334
5258
3526
2689
9434
851
9227
2950
6288
5418
3909
913
4790
8536
20
6256
1155
4795
4577
9153
2901
6312
5418
1585
5668
7599
3842
1121
20
7786
7285
4220
4616
6345
3197
5400
4521
5668
2689
6884
1856
5668
4161
4097
2395
4407
7937
1155
9809
9497
6809
2593
6809
4662
9153
6859
3790
245
4407
9683
7325
3501
956
8336
3822
9210
5416
6884
4090
7617
3341
9095
7599
7874
2593
9434
5668
7634
4856
4521
3015
7379
7273
6884
9497
480
2881
6002
5303
5110
3378
7273
7379
4606
7834
4407
4090
3501
6256
3017
9806
4165
424
222
5400
3539
6809
2200
7379
7708
9546
5303
1622
1072
553
6859
2592
3918
7934
1877
3842
9546
9135
3918
1345
819
4765
2593
7834
2950
1585
4662
7928
3377
4790
1306
2921
7379
9979
20
4559
4629
7380
1585
819
3197
5716
2503
7584
2786
1345
7834
2881
9809
464
5316
3539
5081
1426
3015
5233
4616
2200
8017
9683
4097
6727
5668
2950
4407
6345
8342
1622
2503
4669
9610
1641
6312
2921
9809
20
7934
1735
4090
2395
5400
9663
1641
7455
1641
8536
5249
7303
5074
480
7874
4795
6884
1199
424
6278
3770
6859
9840
9809
5258
7708
6874
1856
2079
7379
5081
3341
5741
3930
7325
1641
4616
6610
3930
2503
222
3341
9095
3730
7599
7236
5741
6809
4856
9210
9709
1199
4559
1301
2592
3341
3822
3197
6065
9096
4559
4165
2395
3842
5316
9985
5400
3921
2593
7874
5363
3918
6442
4129
9210
7584
3334
4662
972
9413
7455
5709
2395
6610
6321
5497
6358
4662
5709
9000
4577
2079
2503
5418
3334
3197
5316
8969
2950
2086
7786
1641
4129
9000
2593
6442
5668
6250
3501
20
5716
9985
7752
7008
8064
9985
6491
1199
2689
7379
2110
4669
5081
6662
9227
3909
3730
464
1856
6610
6442
1888
9809
7783
9227
5716
4662
6321
7783
6809
6491
1641
9095
5102
7379
4795
1888
2786
7874
6023
4662
5110
4616
1583
1306
5400
1146
7937
6278
3842
5303
5716
9663
6023
7380
6662
7834
9809
7752
1155
1583
1622
5131
8860
7634
7380
2200
1735
5316
819
7216
8336
2696
2259
1199
9806
3121
2941
4129
222
9497
4790
1735
1072
6859
9040
7379
7874
6859
7617
8064
7874
9096
7658
9610
6884
5258
6278
3918
6319
5303
5081
7786
4606
9840
9497
7874
7325
3121
2079
9210
1301
2503
5182
1585
3378
9806
8969
8342
6002
1641
1856
4577
3918
5668
1583
1641
366
116
7752
7236
2026
9683
7963
5131
7584
1196
6859
6859
6278
2592
6278
424
5418
1345
6610
20
5303
6874
20
9153
8336
6023
6884
2503
4765
7937
5840
5258
3770
1585
2395
2950
1583
5233
9631
6048
7937
7752
4161
3539
9546
8710
1585
7928
3199
9663
7834
5840
4606
5249
3730
7634
4097
4795
913
8064
3842
6065
5258
3460
3341
6250
2689
9135
4552
2503
3770
2593
6004
2593
7658
4165
2689
1146
424
8336
3526
5249
3334
9000
116
2026
8536
1641
6278
6874
819
2592
6874
5611
9153
5497
5497
7634
7874
6345
7216
8017
1155
4765
7937
5074
9040
5303
3526
8017
3501
9210
3377
5074
4552
9610
3121
7927
2395
5668
5316
20
7937
9807
6288
9227
5316
6048
6809
6002
3017
2086
6023
8336
8428
5110
9546
1583
4521
6002
6884
8342
6004
3015
2592
7963
5131
851
2592
20
7834
4577
4606
8336
9709
3199
9610
7934
7216
1877
1856
5668
2689
8336
2881
4521
819
5363
2950
5131
3378
5998
7927
6256
4790
2200
7708
9807
7874
8342
4442
553
2901
9546
6023
7783
8963
424
4765
6662
7617
7786
6312
8342
7008
3842
2689
7617
7786
6406
3526
6002
3334
7403
5400
7928
4577
4606
5400
4407
5400
3460
9631
5400
7786
116
5074
6002
7786
7927
5416
366
5418
5110
1735
6002
1856
2086
7658
3017
7874
7236
851
448
1199
5418
851
3770
956
2901
4577
5074
1641
3501
1583
7752
4407
2689
1426
5249
1301
2395
6023
7634
4662
3539
6002
5418
6312
7786
8342
2593
7403
9210
8704
2086
2921
9663
6256
3015
4552
9942
5840
6809
6358
5249
4559
5131
222
4097
6256
5182
6321
1908
7927
2689
5303
8064
6662
4662
5131
1641
9807
2696
2395
2503
6809
5998
6278
9809
5258
956
913
9153
6662
5182
3790
4629
8336
7963
5081
4765
424
6023
6004
5233
3770
1199
1622
8002
1353
8969
8704
222
553
7786
7634
6610
5102
6319
3526
4577
851
1583
5363
9709
9135
20
7455
6278
6312
7937
3909
5303
2941
6442
8342
5840
5668
9683
7783
7599
9840
6278
6859
7325
2950
5081
7599
1888
6491
245
3568
3341
4856
5303
4616
959
5418
4662
4790
7325
8064
553
6809
851
2503
1641
366
222
9807
7599
8064
7937
6004
6874
6491
6065
4790
2086
6023
1121
9153
9153
2110
9610
9546
7236
6727
6256
20
5668
7617
9809
6809
9227
5074
5102
4616
6610
5258
8002
2786
9985
3526
5611
6312
6610
2086
9942
7455
7584
20
5418
7285
116
6004
3909
2395
7708
9000
9199
972
2689
4407
2593
5102
6610
9610
1622
4856
7786
2395
4662
6358
4662
6957
8710
464
3822
4161
222
4577
7927
2086
1585
6859
9942
4616
9000
8704
7834
9040
3199
7783
5998
7786
6002
5716
4220
9199
5668
5668
9000
5998
1888
5611
6957
9663
8406
7379
4732
3842
9709
7834
7934
5400
1199
7963
1641
1306
1155
222
7834
3525
8704
7834
7708
7599
20
6442
1301
6065
4129
4577
5418
9683
7236
6406
7285
3930
3842
6859
5709
4606
5081
6048
2950
3918
3334
3539
3822
2110
3526
4090
7455
1585
4442
3921
851
5668
2395
6345
7634
5840
6809
8969
8710
5716
3842
6859
7617
2593
2086
1353
5741
1641
2395
5497
2593
9809
9979
366
553
3770
972
5249
8969
8064
448
9210
9709
3842
7236
5760
3539
1622
6874
2110
7937
1583
3460
8406
6288
4616
4790
7783
3918
3526
5081
7874
2696
956
7937
5074
8342
6345
1735
20
9227
1622
3199
424
3822
5400
6358
1735
3121
6610
6442
8002
5668
5249
4559
362
4220
2696
9610
3822
851
1199
9807
1199
8860
5303
3526
9663
6491
1888
2110
7303
4662
5102
5840
8710
5400
2503
366
9985
6065
7380
1199
6610
4662
3378
819
6809
6874
3501
7834
6358
9153
6321
464
5840
9807
6321
1622
3525
6662
553
6023
6727
7303
1888
424
7834
222
2395
5303
6727
4790
7455
6610
4165
4097
3199
7834
2086
3930
3526
6406
9807
6442
3377
2503
4220
4552
480
7584
6004
9942
2950
4521
8064
6321
7783
5131
5709
4856
1583
1583
5716
5418
1877
4616
5303
7455
3790
5400
7786
2593
9683
1196
7380
9434
913
819
4552
2696
7325
9000
5840
3341
5249
8963
6957
6859
5418
222
4097
7786
6727
5131
6874
9663
4765
7928
6957
7584
4669
7584
3930
2901
6859
6312
4097
362
9546
7325
9199
1072
9683
5400
3197
9807
9135
2200
9806
1622
3539
4606
2395
7273
553
8963
2592
913
20
5363
3334
6002
7963
5303
3015
2110
20
6278
6312
7325
4732
795
1199
7008
8342
6491
1155
9942
3199
7325
7937
5303
3790
956
8860
2026
1585
3822
2593
5760
6610
3909
4521
8064
7928
2200
956
8342
5182
4856
9210
4606
5998
7937
6345
1908
6002
2395
6004
1345
8342
9227
4442
8969
6406
4577
4161
1306
6406
1856
5074
9683
6023
4765
7834
7874
7634
6023
9979
7634
5074
9040
6406
5249
851
819
5074
20
6345
1155
2395
5998
2200
7783
1583
7379
1146
6065
1641
7273
6023
8064
6048
9979
3909
2026
8860
5074
7380
3770
3015
1888
4129
4090
6884
7584
7752
4577
3377
6065
9434
5668
4765
6727
4662
1622
5074
9497
4165
9040
2950
6321
2987
9663
1345
9413
5497
1877
366
6859
3017
8064
6406
7273
1888
5668
9135
7937
2026
1426
7927
5611
5233
222
448
2950
5074
9095
8428
8860
7634
2921
8428
6727
5668
1353
2689
5249
819
3822
9979
6662
1121
9040
2026
1306
7584
5258
5316
7928
3921
7325
7874
6874
7658
9631
5840
1622
2696
3525
5081
6278
1155
9227
4165
7303
2086
5316
7380
5249
9807
6319
6321
8704
972
6250
3015
9210
6442
222
4577
4407
4629
20
851
9610
3197
9631
5081
851
1345
8002
7934
7708
5716
6874
7783
9135
5716
8336
2593
5233
3525
9040
4161
8963
913
9610
3770
5249
3921
424
5081
222
9000
7455
959
8406
4577
6023
480
4765
6442
7634
7455
7325
3909
245
464
972
6809
4795
6250
2696
5249
6004
7937
1583
7379
2593
7634
245
9210
9000
4765
4165
9096
6442
8710
6884
1877
553
3842
4795
7834
5074
3334
4606
9809
1121
9210
2086
6023
851
7599
9546
6809
2200
6442
9683
7783
6278
5716
6874
6250
8064
6345
1426
5716
7834
6256
5840
4577
972
1199
7617
7786
9806
5716
1345
5131
5303
5668
9663
2881
5081
4552
2593
851
7599
7963
3539
5418
6345
1345
5716
1585
9153
2395
8336
8064
913
6288
4856
6809
366
6874
6256
4662
4097
9497
6859
8428
3921
2110
1641
1199
8336
5074
2079
3568
9809
8963
5840
2395
7658
6312
7325
7786
5110
9000
7403
6809
6319
7937
6321
6002
464
7834
4407
4616
1199
5102
9942
4577
5716
5110
2503
222
6278
2593
2086
9663
2026
2110
4765
5416
9413
6065
6345
1888
6358
2026
3334
20
819
2200
6406
3377
8860
5497
5258
1155
7273
1426
1622
2259
9809
7786
5998
1641
5102
5249
6278
2696
2200
7273
9413
9840
4616
6491
6278
9000
6442
6278
9040
8342
5418
956
6278
3334
6809
2950
7786
2200
1622
3121
5400
3017
6442
3842
2901
7963
9000
1345
5258
5102
6250
5497
4165
6406
795
553
1196
2950
4165
4559
7236
2110
9985
6023
553
1641
6874
9546
2110
9985
7379
9096
20
4606
3539
6312
5233
5249
4577
222
3460
7708
8710
7599
4629
2689
5840
4662
851
6442
9153
7834
1426
7273
5131
3334
6809
7236
4606
3730
4552
6002
1301
1735
5400
1641
8017
362
1583
7783
1199
6406
5709
5110
7786
6727
4552
4521
6321
7937
1301
9153
6442
6884
8342
8969
4070
6874
4442
9546
9683
8704
20
9096
1585
5102
3017
2200
6491
5497
851
5416
7937
4856
9210
9153
9683
6874
2987
8017
9497
7599
3842
9210
851
5400
7786
3015
4220
2026
1583
9153
9000
1585
5316
8017
956
8969
7708
6002
6662
5316
3790
5074
3822
6023
851
5102
6321
6312
8342
1585
9227
6256
9135
2786
5316
6065
3921
5668
7786
7379
9663
6278
7325
8704
1888
9210
7874
5110
4669
8017
1199
7617
7658
5249
8064
9040
9807
9153
8428
5840
5716
5840
9809
4629
2901
4165
7874
3377
7008
9135
5497
5840
7658
5400
8002
7786
9663
9840
4606
8342
6288
7216
6312
116
7634
6002
7634
3770
1121
8064
7783
2689
5074
3930
7285
20
2079
9985
2987
8064
3921
1121
5998
4616
3334
6610
222
3501
7634
1345
7783
2086
1353
7937
5709
8704
6345
2950
4795
3842
6278
1199
3909
5611
9153
972
6065
2259
6288
7786
7008
2259
9199
9413
7455
6610
4097
5840
4662
4559
1345
9610
4606
3568
6321
4442
7634
7786
4662
5611
3017
3015
3501
6809
5258
3539
5668
6662
5668
819
8963
9210
9199
3790
5840
5709
7834
6442
4795
2110
5303
3341
6610
5249
7634
8860
2200
6610
448
4097
4070
4559
851
5316
8336
9227
7834
7937
3501
20
7783
6662
1306
1622
6002
3341
3730
222
4662
4070
5418
4552
2026
7963
7783
1622
6002
8710
5316
3730
5074
4161
8064
4616
3842
2259
9135
4165
5081
2593
9040
3526
6727
1345
9809
7325
7617
9227
7934
3930
4165
7963
7834
5418
8710
972
2026
7599
9807
1199
5611
1856
1072
6345
1583
7380
5233
851
4662
8963
8336
7599
7273
6406
6002
7786
6610
5716
2110
2786
6345
6312
3197
464
5182
2950
851
1121
5303
5400
7874
9497
3730
9153
1199
6278
6859
851
3568
7584
1622
3199
1585
1877
6256
6278
9153
7403
4090
7584
9809
8064
8342
464
8342
7216
9153
1353
7634
7325
6442
4856
7874
9413
6809
819
4790
5081
7325
9683
9210
9000
6278
7617
1583
2086
3921
1146
6048
7834
1585
2079
7834
4616
5303
913
956
6727
9683
464
2786
2950
6610
7927
2086
851
3377
7963
3015
9413
6442
2593
116
5131
3334
7599
1622
6312
2901
3334
3334
5249
9227
222
6859
1306
4606
6256
6319
480
3017
2200
6278
2689
7834
9153
1888
2593
9040
6874
7325
7937
2079
7786
5418
6321
9210
2026
6278
6884
3730
7786
9227
7786
4442
7236
5081
7786
5182
956
4165
4856
819
6727
6610
4765
2950
2395
2786
5416
3199
7783
8342
3341
8064
1585
5998
6491
20
6278
851
4442
6809
1146
7834
4552
3930
6809
3341
5668
9210
7937
2110
7380
9979
9809
9683
4732
3918
464
5716
2079
480
9227
4559
9000
5611
9942
1622
7658
6406
7285
7934
7708
4606
222
4552
2987
7634
20
1155
3199
6957
5716
2689
4559
3015
9546
3015
5418
5316
5303
116
972
7834
5249
1426
3017
1196
6278
4732
9942
7599
7927
6809
2593
7236
2941
9040
5258
3334
5716
7403
8336
4090
9809
6321
9153
4577
4165
7783
5418
9040
6874
6345
5741
2901
9806
1585
2503
6345
5249
2921
7008
3842
1641
851
9807
6256
6048
7379
1196
9497
5668
3501
553
1301
9610
9153
2696
2503
3017
2395
5102
7617
7934
1877
9135
6406
4662
9000
6023
9942
4070
1306
8064
6957
3842
9434
9840
5249
8536
6278
6610
5081
3842
5102
4129
7928
6345
2200
553
1345
6809
8710
959
2026
6345
7834
3842
7273
3525
7325
5233
1888
9135
5611
1196
1908
9683
7658
5233
4407
1888
3918
9631
7617
7379
5081
7008
4407
2200
362
6065
9199
3822
7403
2592
7236
6727
2593
6442
2987
8536
5249
2086
1199
2259
9210
7834
7874
5303
4161
2921
9199
2086
4765
4616
9227
20
1199
1199
9631
9153
3334
7634
9546
1345
9434
1583
6256
6610
5081
6874
9210
1196
4577
6256
5716
9809
5074
6345
6406
2593
3378
9135
3525
8064
3378
2200
5131
1072
5233
6256
5074
6809
5709
6957
9000
20
4669
2086
3015
4765
1199
9040
7963
6345
20
7455
6278
8342
6321
8064
3526
1735
4090
4407
851
2395
3341
366
4097
2593
4220
5716
7455
1345
3909
1426
3842
9985
8342
9210
851
4552
4521
5131
9153
222
3842
1072
1641
6859
1908
6312
851
4165
5497
2200
2026
6727
9979
4616
913
7786
8017
9153
7783
6957
222
7216
7584
9153
4629
2987
5709
3378
7927
7403
2110
6727
3377
1353
3790
5081
8704
3334
7584
5074
6859
7236
9631
5716
5418
7599
6250
2086
3822
480
5418
2079
3842
6874
4097
8342
3501
6048
6312
4442
3341
4097
8969
4407
8002
5081
3017
4669
8428
5760
1585
4090
7783
3909
2503
5074
5249
5249
7273
8064
7927
6321
6406
6610
1146
8064
6278
4070
6859
9942
7285
1583
6859
9135
9806
5668
6256
9153
6002
5131
7008
5074
7834
9095
4616
9153
4097
6491
7303
3015
6312
464
5303
6442
7934
2696
9610
4616
5716
9199
5716
1345
5303
8336
7455
7937
7708
7325
5233
1426
7325
480
3017
9663
1585
3730
4577
3918
2950
9683
2086
9153
1888
2503
1196
9979
8704
6345
5400
1585
3790
1585
2200
4790
7634
3501
4442
851
8336
3121
4795
6278
6312
5668
1426
5998
3921
2503
3770
6610
6859
9199
5416
3539
5668
5497
5316
3501
4616
9135
5074
5716
2110
2950
7379
7380
3770
3790
2503
9227
4662
4577
1585
2950
9210
6278
5081
5363
7783
3921
9683
7937
1888
851
8064
7325
6278
3730
7403
9979
4790
1641
5840
5074
5716
1426
5249
5081
5716
7008
4662
5400
7874
8406
5316
5131
1585
9095
9095
1641
9153
1199
2200
3015
5416
5840
3017
4097
5497
5182
8342
3568
2395
4559
2941
4616
9227
3377
2503
8002
9840
4090
8342
5249
8336
5249
2921
5400
3017
6809
7455
1199
9806
8536
2026
9809
7584
5074
6319
6874
1908
2026
6884
6610
7325
5418
6809
1856
2593
2950
362
3197
3377
2592
1196
6662
8969
6727
2079
8710
1888
2950
7617
2950
1908
3501
1735
6319
2950
5258
2079
959
8342
4577
2950
116
851
851
6023
3790
6884
5741
9095
5840
6256
4442
20
3930
6250
5110
2110
5760
5102
6957
3017
7752
424
2503
4606
819
6048
5611
9210
2503
9807
9497
7273
6874
480
4161
245
8342
9807
3199
9434
4765
3017
4795
8342
9979
424
4129
4070
4669
9497
5258
1585
2110
819
2950
5102
7783
7937
1121
6442
3790
1121
9135
9840
7783
1072
6358
245
5668
7963
4165
7455
7634
6859
5303
7236
7963
2026
9631
851
9135
4521
851
6288
7584
20
5182
7403
1426
3921
3197
5249
7325
5416
7455
1426
2950
7273
362
7599
972
9663
3568
4662
8002
1888
9663
7303
3341
6809
3377
424
7928
366
7325
6442
1888
7617
5716
2950
9979
9709
3460
553
3015
4662
6957
7928
5102
3378
1353
3460
8704
1345
7634
6065
1306
9809
1199
3918
6358
3377
5497
4790
9153
2110
9040
9153
4732
5416
6002
9096
6809
2921
7584
7584
6002
7273
7658
6065
7752
3015
6065
6278
5716
5998
5709
2593
9546
6048
9809
2696
7379
3842
553
7303
7927
7927
5074
5081
9809
2079
424
6442
4097
2696
4616
7617
7285
3334
7634
5081
7927
6442
7617
2593
8969
5249
972
851
2259
9096
6312
4616
6610
5258
9610
4407
7708
7325
5102
9807
6859
1426
8064
7752
8860
7874
6662
3121
4161
9199
6065
4669
5716
3197
5418
424
4129
6874
2086
3121
2593
4161
1908
2110
6727
8704
9840
9000
3770
4765
4442
9095
1888
5709
7379
448
2110
6004
1585
9210
7752
222
1345
7927
7786
5081
6312
2950
4577
9095
5316
4765
480
1856
5303
3790
2786
5363
5074
7708
956
3790
7285
6256
7236
8064
5316
7379
2950
8017
6662
7783
1121
9806
5303
2259
3121
7928
4629
4129
6023
6250
2901
9210
1888
851
5316
2026
3525
9497
2200
6023
4629
2395
553
6874
9227
8969
5418
5668
6662
6442
3334
5131
8710
2901
6442
424
8428
4732
5081
4662
8336
2696
4606
3842
7658
20
7783
2881
6023
8336
7834
4795
1585
1908
4559
7874
9227
1306
5258
7584
9153
7303
5303
9809
1199
6048
4856
7786
2987
8536
851
5418
7783
8963
5998
4070
9663
1585
366
6859
2200
7783
7874
9000
1888
20
819
4577
1583
6002
7874
9040
7874
9227
3501
972
3377
7634
222
222
8860
4161
5131
4856
4662
7786
424
7937
1306
6662
480
6312
3015
1199
2200
1199
2395
4442
5131
9631
7273
3341
1585
6442
5131
2593
6002
480
1306
7634
7786
1622
4606
6023
3790
2200
5716
3918
7934
7325
5074
7874
9135
7927
7928
6610
7783
7786
959
959
7934
5316
4765
7937
1888
959
6491
245
9434
8536
3842
6662
6312
3770
7599
9546
1888
1888
222
2592
424
7285
2921
9096
8428
4070
7617
5840
1583
7963
9809
9663
5131
4577
6874
4097
959
4732
9806
2987
6610
7380
2395
2950
1306
3909
7963
1877
6884
6288
7379
1888
4795
5182
9663
3539
6610
8064
116
4732
7634
9210
9227
7599
1199
5497
6442
959
8002
5668
7783
4662
7927
3377
7325
4097
8002
7584
5258
6874
4521
5182
7273
8017
7834
1345
4161
2086
9227
1583
6004
4765
2592
9227
7379
1585
7236
6002
9497
1856
6002
2086
8428
5303
8002
5400
5840
5418
6874
4765
3730
2950
6859
4161
9210
6319
6610
3790
222
5400
6256
7617
5258
3568
8342
9807
7927
6727
795
7380
8064
6065
1196
4732
9210
1641
7834
5102
222
7285
8860
2503
7455
5840
5840
6319
2593
9497
2689
480
5716
913
6321
3341
6809
424
4442
6610
6406
5131
222
6809
9985
1641
2086
7786
9413
2026
2200
9040
4220
3377
9546
8704
7285
6312
7834
8710
4795
6002
7634
4629
7834
222
20
6874
5303
4165
6406
7380
3842
7658
9153
9000
5081
7934
956
9153
9663
2086
8064
3909
7380
7455
1345
4606
4616
7708
9153
5716
9153
1199
7834
9135
3921
116
464
1877
9135
9683
2786
1426
7634
7325
3909
6278
4129
7786
7634
1199
4577
5303
6884
7008
1735
7783
3909
6278
4795
3539
5303
7325
2901
3770
3199
7634
5716
2921
5363
9000
4165
6048
4765
366
7783
4552
7934
5668
6312
1353
4097
4165
5400
4097
4559
222
5668
7783
8064
1146
3842
2950
1345
4097
8064
6491
6884
9095
2110
2395
5998
6859
9210
2395
5258
6023
5418
6662
795
6727
5497
1199
9683
9631
1155
2086
819
5840
6727
245
20
8017
9000
1199
6278
5131
2593
4669
9840
3909
9546
9663
6662
1585
9000
6610
3918
9000
1908
3501
4790
5249
1306
3460
3017
5741
1641
9497
7216
1583
116
7303
2395
6859
5081
7834
9153
1583
9979
851
4577
7379
9413
7752
2200
6662
7634
5303
6048
116
4795
1155
6002
4097
4577
9809
6048
4552
9663
3568
8704
9809
5249
7786
7874
9153
851
4606
3822
7783
3539
5303
9497
5074
5303
7708
464
2592
3842
7599
2110
7273
9153
1199
6809
5074
2901
2696
4662
7786
1345
3525
3377
5400
9040
1583
8704
222
1583
6442
3568
2395
8336
7325
5074
6442
5418
4662
8342
5418
5249
1301
1345
3909
9095
9809
4662
5497
7937
424
5998
4407
3842
5249
5760
7937
4090
5131
6406
6874
1199
9497
2086
5716
8017
2200
1908
6874
9663
7634
6065
3526
9809
7303
1583
6278
4407
6256
2086
8342
9809
7708
3842
8342
4765
7834
7834
5418
8710
5400
4765
3539
5998
2259
5182
5760
3842
5249
7937
2503
3909
9135
8406
1908
20
4090
9840
4407
7455
1622
7752
9227
5074
9807
7786
6023
9210
1199
1622
7584
20
3539
7403
7584
8428
6491
4097
1641
8963
7934
9000
245
9040
3921
4161
7658
6321
4097
1856
3930
5363
3121
1072
4552
9040
3015
4765
2026
1585
7937
7783
2696
3918
4856
6884
1121
1146
7783
8963
9135
1199
480
9413
3015
3017
7599
2079
7783
1585
8336
2086
7963
6345
3377
1856
4765
8064
6727
1345
1585
9135
7325
7834
7617
5400
480
5363
2110
6662
4165
1345
3015
424
7584
4220
9663
3930
1583
9227
9610
7708
7786
4662
4616
5668
956
3197
4790
7874
1345
4765
116
4521
4662
2689
9806
7786
4521
6874
5668
7783
5074
2593
4442
2950
8860
2110
6406
4616
8002
4097
2881
8536
795
2395
2881
4606
5400
5316
5233
2086
8704
8064
116
6250
3822
362
851
1641
8064
4129
8963
8342
9153
6727
1199
5760
2200
5249
1301
9135
9546
9683
7599
6002
2079
5316
2689
6048
7216
1622
6312
3378
795
7599
5840
7379
5668
1583
5303
1155
972
1622
5400
2881
9985
6004
6874
1622
1888
4669
3918
3568
7236
1345
7599
4662
4765
3790
4090
851
2259
5303
9610
7786
9413
2259
6662
480
7325
7786
2395
7236
6884
7285
6662
6345
4669
6727
9497
480
553
7937
1426
5233
7599
851
6859
7874
8969
3378
1345
5418
4559
222
4765
1072
913
851
2593
9040
9040
2950
2079
4552
1301
795
3378
1735
9497
3377
4165
448
8002
1888
3909
5400
5303
7599
6065
6809
5497
1735
4442
1146
6874
20
1888
6002
1888
8002
9683
4606
1196
1641
6048
819
6345
1155
6809
2395
1199
9809
7617
6004
1426
1888
7008
3197
4129
7786
1121
7783
5418
8710
2901
5400
7783
3842
5182
8704
3199
366
9942
1888
6023
8710
5497
9683
5131
1877
2503
5400
7380
1585
245
6727
4161
5716
1641
6319
9227
1345
7379
5303
9807
1196
4856
3930
9709
464
5074
9942
3197
7236
2395
1196
6610
1199
4097
7874
7380
424
8002
3121
9227
6048
9546
2086
3918
5416
5716
2696
4552
851
6610
7380
3015
9095
6874
222
5110
1856
9040
8860
6884
2593
7236
8002
7634
4442
4765
5668
9631
9210
5497
8002
9709
6004
6442
4662
9497
6002
956
6884
9809
8704
2503
2079
7634
2987
7617
2395
3909
6048
8342
3918
2941
3770
4097
7236
8969
7963
7380
6048
366
9153
3197
7834
7874
8536
5102
4442
8860
2503
7236
9413
6002
6406
3017
5110
8064
6345
5303
9497
5668
9000
6406
2079
9210
1345
4790
7783
7379
4070
116
5998
851
4070
3525
3460
2941
222
3909
6312
6874
1585
5716
424
2941
5716
480
4161
6406
6358
2696
8860
6406
6859
9807
6023
4629
6312
20
6859
8406
5418
5709
8342
4442
7599
4165
9199
5131
1155
6442
366
8017
4577
3017
7928
4662
2941
9610
6250
6610
6727
7834
6048
9095
6256
9210
7325
9210
9434
9135
5497
8017
9610
3790
7634
5074
8064
1345
9807
7325
5081
6358
1199
2941
9985
9153
6065
9135
7752
6859
5182
1585
7403
5102
9434
9985
1353
3199
4161
8704
5709
9096
959
448
9610
5668
6321
6345
7874
2200
222
3377
8064
4442
5668
5303
4442
2950
7708
7455
362
7752
3842
6406
7786
2079
6278
1622
7617
9807
6662
4442
9809
8963
9709
5303
7928
4442
9135
8969
913
7786
7285
6312
4616
7874
8342
7285
222
5716
851
7963
2941
4407
5709
7874
7584
2079
6002
2881
3015
464
8969
5668
6065
6809
5081
7379
1641
5760
9000
5110
2200
6312
5303
1199
3017
2200
9135
4662
4662
7783
9413
1301
2921
1345
3341
3501
6859
8342
8406
6662
424
3460
2079
851
9663
366
6809
2110
9663
6809
3197
7963
4577
3539
4559
7325
6065
9434
9040
6278
8002
4616
3730
2200
4097
5716
3341
1585
116
9497
8002
5303
3790
6727
2950
9663
8017
5668
7008
116
3770
1583
1306
6859
4606
3377
2503
3842
3842
2086
7786
5840
5760
3842
7216
5416
6442
7455
5716
1622
3378
4220
2200
7403
1199
6874
4616
7874
5760
9153
6278
5233
5110
9095
9096
5131
4662
5182
1641
4765
5840
2395
9000
4765
6957
3842
2696
6442
2592
4606
9434
1856
6048
2696
9095
1345
7634
3921
2593
7963
7927
4669
2901
7617
1155
4442
7834
9153
5840
4407
7379
4552
1353
9135
464
7303
7634
9210
9095
795
8002
5074
7379
7617
9135
1622
9663
5131
2503
819
956
9153
2503
3930
2592
913
9040
5418
20
7325
6406
2395
7008
8710
3526
6312
8963
2395
6312
3842
3377
6859
6345
2901
8064
4732
6884
2086
6662
4732
6809
6256
8710
1199
9663
5668
4129
5760
553
1146
1196
1199
4732
5400
4765
6321
4407
9199
5074
4765
3822
9809
9227
2200
3730
6278
2395
1345
9210
6859
9135
9610
1585
9610
6610
6727
1345
6957
3121
5110
6278
9227
5418
3017
6312
9227
7874
2689
3015
5400
7325
424
8064
6023
5418
6859
9979
222
6358
5182
3525
2592
2110
2110
4856
1583
5081
3017
4407
8002
5840
2110
6406
5131
9985
4442
6859
6002
222
9135
9979
3921
7928
3842
4070
7303
2026
9227
1306
1888
7634
5668
4559
4129
4765
8406
7455
5182
1856
8860
9413
4407
6023
2395
9227
9210
9840
5233
4606
424
6727
1306
1426
5741
1199
4165
5418
2689
245
5131
4795
6345
7634
6662
1345
5418
8428
3121
4856
1199
5303
1622
7455
5233
480
6278
5418
8017
4765
2901
4521
3918
9631
5668
3197
3501
7008
9135
9663
4765
8017
9497
7934
8536
9227
8428
9631
7927
7834
480
1155
6023
7617
6809
3121
3460
7937
9631
1072
7236
8336
3377
9497
2503
7285
9497
4662
2950
913
1888
7834
7379
1426
2901
9199
3015
5081
1301
8017
8963
3460
2079
2026
9227
2026
116
1641
2950
8969
424
5668
9227
5074
7783
7634
3197
7874
9135
20
7216
7236
9663
7786
5074
795
1888
6859
9610
8406
6809
6312
8064
2950
2086
4795
9497
8342
1585
7752
8969
2593
9413
3525
1072
8336
9135
7634
3921
7928
5131
956
6023
5249
2689
5081
245
7834
5249
5081
7963
424
5760
9434
448
3539
851
5303
7325
9809
7285
8406
9663
7834
4669
6406
8064
2395
6874
8064
5998
2200
4220
9942
7937
8064
6809
7634
8342
4629
3842
1641
222
3017
7634
2593
5131
9807
8064
3525
9227
7325
7455
5741
9840
4090
1196
7783
3334
9000
7584
5716
7834
6406
1121
3539
4129
7834
553
5074
6442
5998
7455
6874
6809
3377
9497
5182
2079
2950
7783
2950
3730
7752
5131
7783
5716
5998
8064
7325
5709
2026
4521
9227
1888
2026
5316
2503
7963
6312
4765
3909
2593
956
6406
3921
5840
3918
1345
6023
7216
2503
4090
9546
9199
6023
3017
9807
4629
8969
7216
1888
2921
5418
7834
9546
3790
9210
5716
4552
1121
2026
851
5249
366
6809
8704
3121
2395
5102
2689
9683
7752
116
3015
1856
4090
5741
5418
7874
1146
4616
3199
4765
6278
3770
4220
3770
5418
9807
9806
9683
4577
9153
2026
3525
9709
116
851
9000
8002
2079
7783
1856
9809
7403
1196
4606
5074
3790
6662
5258
8536
5998
2026
2950
2503
9227
4442
6884
9809
3377
5131
7455
2503
9807
8710
7834
4795
1888
1585
7599
5760
7927
4090
6321
362
6358
9227
1583
9631
5316
1888
222
6319
222
2921
2950
6023
9497
3918
913
5418
3377
4165
6884
8336
6048
3842
245
2950
4616
2395
5316
9227
5316
7786
7634
7927
3730
2987
4090
9663
9807
5497
7874
1888
8017
1199
4662
9135
1345
2881
3822
366
7403
3378
2696
5741
553
5668
4606
9683
5716
7325
8017
9210
3842
7928
20
7783
553
2110
8064
1121
7236
6256
222
9546
7008
8342
3568
5998
3501
8406
7928
956
8064
9709
4577
819
222
2086
7634
5760
3015
4407
2950
6809
9663
1146
7834
9806
2086
7379
4577
9210
3334
3930
8342
5233
5258
1877
7325
1072
3842
4442
222
9153
8342
9153
8969
7584
4165
1121
7617
6319
2200
4765
3770
5611
5182
1196
851
6048
4629
2593
7325
7786
4629
448
9153
5716
5303
7786
5303
4606
6884
4407
222
2395
3525
4616
5131
20
9631
222
9663
7325
1345
7963
4559
1856
1146
9040
7937
5258
9807
6321
20
851
6023
9096
4790
4161
6321
3378
9610
7834
7834
5249
7325
2593
2503
3790
9806
9807
851
9809
3526
7874
2786
9809
6859
1888
2200
6874
1583
2200
8342
3842
7325
2259
3501
956
4856
1888
1877
8064
1888
9985
9809
6023
2593
7658
6288
20
9210
2921
7403
424
7834
8710
7617
3377
3568
2950
3199
4606
5416
7285
6874
1121
6809
222
3378
5110
6256
5716
5110
1301
9631
1121
4407
8969
7783
4856
7658
4606
5258
4577
7325
5716
1585
3909
5998
7834
5303
1199
4090
6809
7379
6442
6023
7216
9434
5131
4662
1306
4165
5081
8963
2921
4559
6319
2395
5760
3460
1199
2110
6278
1735
2079
9210
6610
5668
7874
222
9979
7617
6442
3377
7937
5668
5418
3378
6312
1072
7658
5840
851
7325
20
7325
9806
3460
8710
1583
5074
9683
6256
3525
2503
7599
1856
2901
3501
7379
5303
8860
5668
9942
4129
6859
9806
245
6321
9210
4856
6288
2786
5074
7752
7455
366
2950
4161
5668
4165
2395
6312
5074
5741
5416
7634
6809
7927
3377
9809
3539
5668
2086
6048
1353
4070
6023
4856
5081
9979
3017
2696
3017
4442
3199
9985
6727
9135
4577
6345
1888
4790
4795
4161
7325
2950
5074
6727
7285
1641