1000 9861 0
342 424 444 726 730 793 802 888 948 64 626 
105 133 306 442 521 598 713 774 797 814 830 854 980 115 485 
66 69 107 228 290 305 314 382 398 411 726 730 796 908 916 558 
67 76 87 124 147 152 168 325 338 376 388 438 502 570 623 681 683 754 758 799 831 852 856 865 889 895 138 392 860 
63 77 289 592 706 727 731 909 939 305 810 
15 159 246 248 375 384 536 546 567 577 613 673 677 712 795 857 862 997 191 509 767 
39 77 93 182 183 198 221 289 334 401 408 447 509 560 564 571 592 624 678 706 738 769 817 875 909 915 177 385 654 
67 78 124 170 199 207 262 316 325 339 357 388 431 432 452 501 502 618 623 637 642 702 752 754 799 808 835 865 895 953 957 145 323 349 498 
10 68 86 101 132 135 145 200 204 273 309 312 318 341 351 365 367 371 392 409 418 434 440 458 465 480 486 493 499 518 523 537 548 549 630 666 696 750 806 836 837 932 935 967 517 546 583 674 780 
9 46 68 71 101 135 141 145 200 204 205 217 257 318 322 341 351 371 380 418 434 440 449 458 480 483 486 537 548 549 575 611 630 639 696 741 837 868 910 935 938 967 986 111 581 772 915 930 
36 105 306 442 598 713 797 830 854 334 
32 103 110 178 226 227 232 263 279 286 310 402 455 470 477 478 542 547 553 586 616 658 662 671 691 716 773 775 788 792 828 927 983 652 943 955 
27 52 55 73 82 112 329 340 366 395 505 585 709 720 745 760 798 805 820 841 850 878 928 955 325 435 579 
173 209 377 524 551 561 583 753 761 308 
6 17 64 70 150 184 193 248 256 356 393 399 462 536 546 567 613 615 627 643 747 827 857 881 900 971 46 315 790 
192 218 220 293 303 504 551 568 583 771 851 885 513 762 
15 45 70 83 159 179 208 242 248 375 507 536 546 704 570 964 
58 79 118 122 162 192 209 220 235 281 293 377 386 397 419 451 504 551 559 568 656 659 672 697 708 753 803 825 930 1000 95 392 684 742 
20 27 55 73 104 136 154 255 329 417 505 585 664 709 720 725 733 798 805 850 907 928 197 616 704 
19 55 73 82 250 350 505 580 585 664 682 685 733 760 841 955 718 
38 146 149 475 670 714 784 790 800 810 863 934 206 370 
69 107 109 228 291 307 390 398 411 437 578 602 661 726 802 847 891 908 948 688 752 828 
49 167 189 290 379 398 413 421 730 802 948 89 403 
142 151 158 166 308 346 354 407 463 479 513 519 566 606 689 723 743 759 783 786 905 911 947 949 969 77 619 879 
36 133 406 420 425 442 521 598 713 778 797 830 872 896 897 994 45 819 
146 211 304 335 607 651 676 790 794 800 159 351 
19 13 40 55 329 337 340 505 585 757 764 907 950 399 901 
53 97 100 197 299 466 543 594 791 818 860 892 893 465 625 
218 293 524 581 711 761 855 982 987 793 
99 117 128 293 377 419 490 524 551 559 583 672 815 930 956 963 183 
44 48 174 212 269 311 446 459 594 628 640 707 846 873 883 887 302 
12 103 110 178 226 227 263 279 286 319 402 455 470 477 478 542 586 616 658 662 671 691 773 775 788 792 828 917 927 983 989 140 269 554 652 
117 162 173 192 218 568 581 583 653 119 
74 128 284 385 419 488 551 583 982 925 962 
75 113 188 321 355 372 403 435 517 614 667 692 717 742 762 858 871 970 483 660 746 
25 11 133 406 425 442 443 573 598 713 778 797 830 896 897 994 278 981 
77 88 289 401 481 572 706 731 767 769 915 988 60 714 
21 146 171 211 245 294 475 670 676 714 784 790 794 800 810 863 934 291 683 
7 77 84 183 221 252 301 334 401 564 572 592 624 727 766 768 902 687 745 
27 52 73 82 154 203 329 340 414 505 685 720 733 760 798 955 384 513 
42 51 92 121 134 161 169 202 237 244 265 302 313 327 368 410 433 552 556 579 603 608 612 617 622 626 694 734 749 776 787 821 833 845 869 880 886 912 919 937 940 952 56 440 730 842 
41 51 92 121 161 202 214 237 244 265 302 313 326 327 362 368 410 415 433 520 556 557 579 603 608 612 622 626 694 734 749 787 821 869 880 884 886 912 940 952 78 395 474 587 754 
89 156 176 195 196 297 416 429 842 642 900 
31 53 144 153 197 212 396 400 460 466 467 485 487 498 531 543 591 594 600 640 707 718 737 746 780 789 807 860 873 887 892 893 903 964 975 246 257 366 472 
17 64 70 83 150 159 193 208 233 242 246 270 295 356 363 375 384 393 536 545 546 567 704 823 827 862 25 792 813 
10 101 145 205 217 318 322 328 392 434 465 523 537 611 630 631 741 806 868 932 967 15 359 841 
101 200 204 322 341 449 486 523 965 967 375 450 
31 97 269 400 459 466 589 594 718 736 782 807 818 873 883 437 516 
23 107 268 282 290 307 360 379 398 411 413 421 469 602 604 605 724 730 802 853 891 908 922 974 992 124 311 778 
70 159 184 233 248 393 536 545 747 412 442 
41 42 161 202 265 302 313 327 579 608 612 622 749 787 886 919 289 479 
13 40 55 73 136 154 620 657 720 733 744 764 841 578 653 
44 28 100 127 197 311 396 459 466 485 495 543 591 594 600 655 686 718 746 791 807 826 860 867 873 887 893 975 995 88 241 258 389 
88 182 183 191 198 289 401 408 509 564 678 755 184 818 
27 19 52 20 13 73 82 90 104 119 131 136 154 250 255 260 350 366 395 450 505 576 580 585 620 657 664 679 685 693 709 720 725 744 745 760 805 813 820 907 942 950 960 121 147 684 893 
67 76 108 262 431 570 642 645 648 702 777 865 876 895 901 936 41 928 
120 177 262 376 388 432 461 618 808 852 865 901 301 505 
18 275 293 300 419 503 551 559 672 753 956 987 61 62 
83 137 150 159 527 546 567 712 827 900 774 912 
166 308 361 463 606 652 699 914 949 37 
64 70 83 139 181 248 256 295 363 375 384 393 456 527 545 577 615 643 673 687 712 795 900 926 58 764 804 
167 290 324 342 382 411 847 908 974 58 
5 77 143 289 401 423 481 669 690 817 909 915 464 966 
15 61 45 159 295 356 363 384 393 456 525 545 567 615 673 687 857 881 1 650 
138 185 287 389 625 763 923 931 999 170 248 
3 167 282 290 387 398 437 578 604 724 802 908 916 73 739 
4 56 8 120 152 199 262 292 330 333 438 541 555 570 618 648 702 777 403 774 
9 10 135 204 257 351 365 392 440 480 696 770 967 300 822 
22 3 249 314 394 411 469 710 724 730 891 916 922 560 700 
50 15 17 61 45 83 150 155 159 179 181 233 242 270 295 356 363 375 393 456 507 525 527 536 545 546 567 577 613 615 627 632 643 654 673 704 747 795 823 900 925 961 971 467 480 606 848 850 
10 86 205 206 341 351 480 483 630 639 868 468 536 
107 268 324 421 515 587 602 812 908 127 
20 40 13 55 52 19 82 90 104 112 129 136 148 154 203 255 329 337 340 350 366 395 497 505 576 585 664 679 685 693 705 725 733 745 757 760 805 840 841 850 907 928 950 955 66 196 271 466 517 
34 99 122 128 175 192 216 219 235 275 284 300 303 490 551 559 561 568 619 708 711 771 825 987 189 450 579 
35 321 355 403 435 517 614 667 717 742 858 929 110 444 
4 56 78 168 199 207 262 348 357 432 438 645 681 721 754 777 852 865 166 996 
63 7 5 37 39 93 191 198 221 225 301 343 381 408 423 439 447 482 509 564 571 592 641 650 669 678 690 719 727 740 766 767 768 817 909 915 998 24 103 771 787 841 
76 8 124 147 168 177 199 207 243 262 296 330 338 348 357 376 431 541 637 645 681 721 752 831 835 889 895 918 953 42 762 817 910 
18 99 128 209 220 235 275 281 320 347 386 397 488 508 551 595 619 656 697 698 711 753 761 771 825 855 866 956 963 982 1000 198 325 428 591 
185 231 374 428 625 763 923 945 999 592 937 
228 249 261 268 290 342 360 471 474 515 562 730 802 292 425 
73 55 40 20 13 104 136 148 154 203 250 260 329 337 340 383 395 505 576 585 620 664 682 685 709 720 744 745 757 760 798 805 813 820 840 841 850 878 928 955 978 702 713 739 749 845 
59 45 17 70 61 137 159 181 184 193 208 246 248 270 375 384 393 472 536 546 567 613 615 627 673 687 704 795 823 857 862 881 900 951 961 997 262 284 376 547 
39 125 221 408 492 509 554 564 647 678 738 767 817 915 415 840 
160 422 610 638 839 920 946 959 990 308 392 
9 71 101 141 200 253 318 351 353 440 465 480 523 548 696 837 967 986 430 857 
4 207 344 388 452 618 752 865 889 136 533 
37 54 182 183 221 289 343 408 447 554 572 678 767 768 915 998 53 791 
43 156 176 195 196 239 271 297 416 429 512 526 539 540 588 596 665 756 832 842 899 944 991 23 753 807 
73 55 119 250 329 340 395 580 585 693 798 950 955 221 963 
127 144 153 197 210 212 269 396 400 485 594 903 995 289 539 
41 42 121 161 169 214 237 244 313 327 368 550 557 579 608 622 734 749 787 869 880 912 919 952 984 503 594 854 
7 77 125 183 198 251 289 315 381 401 447 482 584 592 650 722 727 740 817 939 437 536 797 
249 282 290 314 324 360 454 471 515 578 604 605 724 730 853 426 
146 149 171 245 285 475 676 714 790 800 848 861 863 18 479 
102 267 280 321 355 517 614 667 692 717 742 762 858 968 131 208 
28 48 144 210 299 323 400 466 467 496 511 589 594 640 718 818 860 883 995 451 727 989 
146 245 473 676 714 784 790 794 800 848 849 863 134 203 
30 74 79 128 165 173 259 300 377 386 419 476 488 490 508 524 559 568 583 595 609 663 672 698 735 761 771 825 866 930 956 982 361 431 768 932 
53 28 127 269 400 466 506 594 640 807 860 864 887 903 995 190 608 
47 10 86 46 9 141 205 206 257 309 341 351 365 409 434 440 480 483 493 666 696 741 750 829 837 967 327 456 909 
96 116 321 355 403 435 517 614 667 692 717 742 762 858 871 387 482 
32 12 110 227 402 547 616 788 927 77 288 
82 55 19 73 136 154 450 505 685 693 700 805 820 841 955 869 
2 11 163 425 573 598 701 713 778 797 830 897 201 400 
180 298 317 358 412 426 638 839 920 946 959 985 990 308 865 
22 72 3 49 109 164 167 189 249 261 268 282 314 379 387 390 398 411 437 471 474 515 562 629 724 726 765 785 796 802 809 847 877 888 891 908 922 974 977 186 530 747 794 829 
56 170 199 243 262 339 436 452 461 574 683 754 808 831 835 850 
22 107 290 314 411 469 602 785 802 891 993 527 818 
12 32 103 226 227 232 263 279 286 310 319 402 455 470 542 547 553 586 601 616 662 671 716 775 788 792 828 917 927 75 160 398 871 
142 151 158 166 201 240 258 308 331 346 354 430 463 468 479 513 519 530 606 644 675 689 699 759 786 913 947 949 954 10 196 850 924 
73 13 329 350 395 664 744 745 764 850 924 928 955 846 975 
35 321 355 372 403 457 464 516 517 614 667 692 717 742 858 970 676 807 
147 262 292 338 438 448 618 856 901 559 800 
291 360 379 411 587 730 796 877 891 2 680 
102 188 321 355 403 435 517 599 614 692 717 742 858 929 244 798 
30 33 234 272 451 551 568 698 870 494 598 
18 128 162 192 219 234 238 293 347 488 559 568 583 866 956 963 176 487 
55 90 329 395 505 685 705 760 805 955 33 422 
57 67 130 168 207 262 292 296 330 333 338 359 388 452 501 555 570 582 645 648 668 681 683 702 758 808 831 852 865 889 918 936 957 352 549 950 
92 41 42 134 161 214 244 265 302 313 326 327 362 557 579 603 608 626 734 749 787 869 884 886 912 952 55 555 628 
18 74 209 230 524 559 761 930 956 926 
185 374 528 597 763 804 923 945 958 999 250 773 
8 78 4 168 207 241 254 262 344 357 376 388 438 502 642 752 808 831 835 889 918 973 49 151 460 
84 93 126 251 423 439 560 624 650 738 766 769 915 667 796 
125 221 222 315 381 401 408 554 564 624 731 768 769 817 902 915 263 523 
53 91 100 197 311 459 466 467 506 544 594 600 621 640 746 781 782 818 826 860 867 873 887 893 964 72 167 858 
34 99 118 74 79 30 162 173 175 192 209 216 218 219 230 235 281 284 293 300 303 377 386 397 419 451 488 490 504 524 559 583 659 728 732 753 815 825 855 866 870 885 904 906 963 244 314 447 575 
73 148 340 350 580 585 700 760 764 798 907 650 799 
120 147 170 292 338 376 452 574 618 645 683 318 472 
55 505 585 620 685 709 733 760 805 850 955 96 500 
9 367 380 392 434 449 480 537 548 750 275 763 
25 36 2 163 277 306 406 420 425 442 443 521 533 569 598 634 713 748 774 778 797 830 872 874 896 897 980 994 146 175 192 787 
121 41 244 265 302 313 326 327 362 550 579 622 749 787 845 886 912 98 147 
9 68 10 204 223 318 367 392 518 537 696 285 916 
55 52 82 104 19 73 203 250 260 329 340 350 395 505 538 576 580 585 664 679 700 705 720 757 760 764 798 805 813 820 840 841 850 907 928 942 950 955 87 228 446 800 873 
83 59 155 159 242 248 295 375 462 536 546 613 673 747 823 951 971 646 
65 389 428 453 535 625 763 923 945 4 661 
61 159 248 295 393 399 567 613 673 926 245 846 
164 290 291 424 454 602 891 908 974 993 32 185 
86 101 10 145 204 206 257 341 349 367 371 409 434 440 449 465 493 529 537 611 630 666 741 932 967 986 154 183 400 
24 111 166 308 346 354 463 500 558 644 689 743 911 194 233 
63 183 221 222 251 381 408 481 554 564 678 727 767 909 998 218 382 
97 44 91 153 212 213 247 269 323 400 459 460 466 487 591 621 628 640 736 737 791 807 846 860 867 887 941 964 975 223 338 393 643 
46 9 141 10 217 223 309 322 341 380 392 409 458 480 493 529 537 575 696 770 910 965 967 8 203 890 
38 95 98 21 26 149 171 190 211 245 285 294 304 335 405 427 473 475 491 607 651 670 676 714 784 790 794 800 810 848 849 859 861 863 934 996 133 156 352 927 
130 114 78 4 168 199 243 292 296 316 333 432 438 448 452 461 501 574 642 668 758 811 865 876 895 134 55 356 
82 73 129 250 329 383 395 414 505 620 664 760 805 840 841 928 955 224 307 
146 21 95 171 245 285 427 475 491 676 790 848 861 410 508 
59 15 70 45 159 295 356 363 375 456 462 536 862 568 569 
111 24 158 201 229 346 354 407 463 468 513 519 530 558 606 652 675 723 124 626 741 
67 4 168 359 501 618 752 834 889 248 374 
44 91 144 269 459 466 487 782 860 867 420 607 
55 82 40 104 19 52 73 255 340 366 395 414 450 497 505 510 538 580 585 664 685 700 705 760 764 805 841 850 928 955 960 141 321 551 962 
137 70 159 208 246 248 356 375 456 527 567 615 687 838 264 454 
89 43 176 195 196 239 297 416 429 512 539 756 832 842 991 146 762 
188 280 321 355 372 403 435 517 599 614 667 692 717 742 762 858 871 970 296 
24 151 111 258 346 354 463 530 652 979 321 506 
50 45 150 83 64 17 155 139 137 70 6 59 184 208 248 256 274 295 356 363 384 393 399 525 527 536 546 577 632 673 677 712 747 795 857 951 26 611 631 767 
85 180 186 194 224 264 298 317 358 378 412 426 532 534 593 610 633 638 688 822 839 920 946 959 976 990 110 313 341 351 
41 42 121 51 92 214 237 244 265 302 313 326 327 410 550 552 556 579 622 749 787 833 869 912 919 940 952 984 253 372 413 490 
33 18 128 118 165 173 175 192 209 218 219 230 234 272 275 303 370 373 385 488 490 503 508 551 581 583 619 653 656 659 870 956 982 469 603 746 912 
133 105 425 442 598 713 797 830 874 413 
140 107 167 249 268 307 360 411 413 469 471 602 730 765 908 922 948 563 696 
99 162 488 503 551 595 870 956 982 543 582 
60 142 111 24 201 229 258 288 308 331 332 346 352 354 361 463 479 500 519 530 558 566 606 644 675 689 703 715 759 786 816 905 911 913 947 949 954 969 979 76 236 594 685 800 
164 62 66 107 23 268 307 398 444 602 629 684 724 730 853 916 977 992 127 
147 4 152 120 124 78 76 241 262 330 338 376 431 541 570 574 582 618 623 642 645 683 702 752 824 852 865 490 538 613 665 
41 92 214 244 326 433 579 608 612 622 626 749 787 869 940 984 178 727 
108 130 8 177 241 376 501 752 754 834 856 901 936 953 65 266 
146 95 38 149 245 285 294 304 335 473 475 491 607 670 676 714 784 790 794 800 859 863 934 996 256 453 882 
231 535 597 625 763 804 931 945 958 280 766 
33 128 162 99 14 559 609 855 930 356 
31 197 210 212 496 531 591 628 640 791 864 915 949 
128 162 74 281 293 386 488 568 659 133 814 
89 156 43 195 196 239 297 416 429 526 539 540 596 665 756 832 842 890 899 944 118 437 928 
170 78 57 376 432 618 623 645 777 7 798 
12 32 232 616 658 662 691 788 927 169 
70 17 256 384 472 525 546 567 577 823 881 281 297 
106 160 194 224 264 298 317 358 378 412 422 532 563 593 610 633 638 688 822 839 920 946 959 976 985 990 509 716 866 
83 61 70 248 356 375 507 527 613 615 643 673 687 857 862 335 539 
54 7 88 191 198 225 251 289 401 447 482 572 584 731 740 766 767 909 915 988 206 376 835 
93 88 7 143 54 39 191 198 251 289 315 343 381 401 408 423 481 492 509 554 624 647 650 660 678 706 719 722 727 739 767 817 844 902 915 962 141 30 280 469 955 
159 50 83 15 193 242 270 295 375 393 546 577 613 615 677 704 827 857 881 900 926 54 260 591 
123 65 80 231 389 528 625 763 804 945 958 999 140 282 
160 298 358 638 822 839 946 959 985 107 760 
204 205 206 223 351 392 434 458 486 551 808 
35 116 157 321 355 372 403 435 457 517 614 667 692 695 717 729 742 762 858 871 929 968 970 598 669 782 
107 23 228 290 291 360 398 437 578 602 649 684 724 765 802 847 948 966 74 487 990 
146 285 294 676 714 790 810 863 934 100 
77 54 183 182 221 251 334 408 492 509 624 768 902 915 6 354 
128 74 16 33 18 162 118 209 230 235 266 272 369 370 377 451 490 559 561 568 581 583 595 656 659 698 728 735 761 1000 133 433 755 937 
45 184 15 83 242 274 363 462 525 536 546 567 613 654 704 795 838 857 900 997 254 423 537 
180 160 264 358 412 610 638 688 839 920 946 976 142 383 
89 176 156 43 196 239 271 416 429 512 539 588 596 756 832 842 899 944 991 223 277 906 
89 176 195 156 43 239 271 297 416 429 512 526 539 540 588 596 680 756 832 842 890 899 944 991 73 111 
174 91 127 28 44 53 210 212 213 247 269 299 336 400 446 459 466 467 487 495 496 511 544 594 600 789 826 860 864 887 898 975 995 19 581 584 
182 7 93 54 183 77 289 401 408 731 766 767 915 79 583 
147 108 8 67 76 78 207 292 296 330 344 388 431 432 555 570 618 683 758 777 865 876 901 918 933 953 973 539 634 726 858 
9 10 47 86 236 273 278 309 312 341 480 486 549 965 379 533 
166 151 111 308 346 354 606 675 689 699 759 911 105 404 
41 42 51 214 244 327 433 557 612 622 626 749 787 833 869 937 940 738 
40 82 73 136 505 745 805 840 843 98 145 
47 10 135 141 68 9 187 205 223 253 257 273 318 341 351 365 367 380 409 449 499 518 529 549 631 639 666 741 770 829 868 967 207 861 887 888 
10 204 101 187 46 71 206 217 278 309 312 322 341 367 392 434 440 458 480 483 486 493 499 523 537 549 639 741 770 806 910 932 935 967 354 699 732 939 
187 71 141 205 101 217 236 341 351 367 434 440 465 480 537 741 779 829 836 837 932 21 182 560 
8 87 199 120 78 76 124 254 262 330 333 338 344 388 431 432 438 452 494 574 642 668 752 754 758 808 831 834 852 856 865 894 918 973 204 507 724 945 
83 17 159 45 155 248 375 507 536 567 673 857 96 870 
192 79 18 128 122 14 162 272 275 284 293 347 419 451 488 551 568 583 619 656 711 728 732 753 761 771 803 825 855 956 982 255 530 901 978 
91 174 97 197 247 299 400 460 485 495 589 640 655 860 864 883 892 903 975 995 409 410 521 
146 26 38 285 427 491 676 790 848 934 552 895 
197 174 144 44 31 91 269 498 640 736 791 807 846 903 941 442 505 
144 197 487 791 807 846 873 898 964 975 239 658 
42 161 169 121 92 202 302 313 327 520 556 608 694 884 952 343 
252 381 481 564 592 738 817 902 909 383 
128 74 238 275 303 551 595 728 904 273 871 
10 46 145 205 206 351 371 465 480 575 696 750 770 232 948 
128 162 16 33 29 235 303 320 377 476 490 559 595 609 659 698 761 825 870 963 987 143 730 782 
118 74 162 128 559 568 583 595 728 851 963 987 620 891 
79 16 18 451 619 656 930 956 987 484 946 
191 7 126 84 143 39 88 77 225 289 301 334 381 401 408 423 509 564 571 592 647 650 678 690 722 727 738 739 766 767 768 817 844 875 909 915 988 90 262 302 458 648 
143 126 251 289 301 334 408 423 481 554 564 592 624 641 678 740 766 767 768 875 909 377 866 874 
135 187 204 145 236 309 328 351 392 480 523 631 741 144 195 
180 160 264 358 378 563 638 839 959 148 
77 221 182 445 481 706 739 766 915 999 
12 110 32 227 263 286 310 402 477 478 547 565 601 662 716 773 788 828 927 258 466 578 
12 32 110 226 103 232 263 286 402 455 470 478 542 547 586 616 658 662 671 691 716 773 788 917 927 983 531 803 
189 81 22 3 342 421 424 908 948 136 
166 151 258 288 308 354 463 513 558 644 652 703 911 949 954 979 538 
162 128 122 192 303 508 561 595 708 711 751 753 815 904 982 519 682 
185 80 172 597 763 804 923 945 958 257 
110 178 12 227 263 286 616 658 716 788 927 983 217 548 
45 50 70 375 384 393 545 632 687 142 
117 162 118 235 451 559 656 753 771 941 
74 18 234 218 79 192 128 300 386 488 524 559 583 656 708 866 906 987 425 456 799 
223 206 200 309 312 341 434 486 967 166 
42 161 41 92 326 327 410 433 556 557 579 608 749 869 884 886 307 630 
118 216 419 476 503 595 659 711 885 982 287 572 
196 89 195 176 156 271 297 416 429 526 539 596 680 756 832 842 890 944 213 678 922 
111 288 308 346 530 558 786 816 954 565 917 
170 124 168 243 316 388 541 894 918 53 372 
17 70 193 184 45 137 295 375 393 472 536 687 704 747 827 857 900 971 328 447 861 
241 147 78 108 254 292 339 359 376 388 432 574 642 668 674 831 865 889 567 870 911 
41 121 161 92 169 134 202 42 265 313 326 327 362 410 415 433 579 603 608 617 626 749 787 821 845 869 884 940 984 116 128 711 864 
171 95 98 38 146 149 285 294 304 335 405 427 473 475 635 651 670 676 714 790 794 800 810 848 861 863 934 139 728 771 
83 155 45 6 274 393 536 567 613 654 44 761 
197 210 144 311 396 460 467 487 498 772 860 864 867 873 975 981 267 
139 181 61 50 17 83 155 137 15 6 159 208 274 356 363 375 384 393 399 462 527 536 567 577 615 632 654 704 712 747 823 857 900 926 152 65 357 
69 107 94 81 164 291 382 391 411 474 908 606 936 
20 148 136 55 82 90 395 417 450 576 585 664 733 760 805 879 924 928 955 123 611 952 
191 125 183 222 143 93 182 289 401 423 509 554 641 669 722 738 766 767 853 971 
39 215 423 554 564 624 650 767 909 668 852 
204 86 257 309 312 365 418 440 483 486 575 630 666 806 965 161 991 
207 124 243 262 316 338 452 637 645 193 
55 73 154 19 329 383 395 450 693 843 209 781 
179 15 159 61 363 375 472 615 838 857 881 171 609 
141 68 204 101 253 10 322 341 349 367 480 486 523 529 537 806 910 967 44 231 878 
158 111 166 229 332 346 407 463 468 519 530 558 606 652 689 723 783 905 949 954 979 53 226 763 
99 275 373 386 397 568 656 753 870 541 
136 55 82 329 350 395 664 679 682 700 798 805 850 907 978 184 862 
81 107 342 398 411 471 602 604 891 500 880 
207 114 67 108 120 254 76 78 56 124 168 57 8 292 357 376 431 432 461 574 618 637 645 674 721 758 799 808 824 831 835 852 865 876 889 894 895 918 973 221 83 480 805 817 
12 226 227 110 32 232 279 286 402 477 478 565 586 616 662 671 773 788 927 126 417 473 
160 224 194 180 317 358 378 412 422 532 593 638 688 822 839 920 946 959 976 990 155 359 737 
244 134 42 51 161 121 41 327 579 608 622 734 787 821 845 295 
192 275 284 293 320 377 397 524 583 855 885 982 170 434 
96 321 355 372 403 435 517 614 667 717 742 819 858 871 929 247 894 
72 49 164 107 81 167 324 379 398 469 730 809 908 948 977 524 
197 144 91 48 31 212 100 153 396 400 460 466 600 628 640 655 781 807 873 883 887 892 964 981 995 32 763 899 
45 184 70 83 295 536 687 857 925 997 471 724 
196 89 195 239 429 539 596 665 832 842 73 954 
192 209 162 117 377 508 559 595 728 863 
204 200 9 392 518 537 639 696 770 935 965 216 528 
246 193 248 159 375 462 627 704 951 716 
79 162 74 259 209 58 216 266 303 524 583 697 771 803 825 963 132 
355 403 435 517 614 692 717 858 968 401 727 
133 283 420 573 598 774 797 830 896 980 195 346 
200 205 351 480 639 696 882 932 967 36 
12 110 263 32 286 319 402 470 547 586 616 716 773 788 927 724 
157 96 355 435 517 522 614 667 692 695 858 183 172 
79 128 175 18 488 503 568 581 672 708 179 875 
49 107 94 66 382 398 411 590 710 724 730 802 877 888 921 922 948 974 185 886 
277 425 514 713 778 797 814 830 994 903 979 
128 266 74 34 209 320 488 619 653 956 982 83 530 
146 211 245 171 190 149 95 304 405 427 491 607 651 670 676 714 784 790 794 800 848 861 863 934 135 371 597 
12 279 110 32 227 263 232 226 310 402 455 470 478 542 601 616 658 662 671 691 716 773 775 788 828 917 989 492 505 564 725 
65 428 453 535 597 625 636 763 804 923 943 958 999 238 336 
229 166 240 308 463 530 652 689 723 905 913 914 947 949 103 550 
183 222 251 221 182 198 5 88 93 63 54 37 7 315 381 401 408 423 439 482 492 584 624 755 767 769 817 902 962 988 51 91 664 673 
140 189 81 49 62 94 23 66 3 109 291 314 360 364 387 413 437 441 471 515 578 587 602 605 724 726 765 793 796 802 891 908 916 922 948 972 429 460 536 820 842 
189 249 140 290 22 115 441 444 471 474 765 809 891 908 948 38 579 
199 114 147 130 262 120 243 67 325 431 452 501 570 637 645 681 683 752 754 777 799 831 852 894 901 918 953 81 488 557 849 
58 18 16 29 209 175 30 118 128 266 370 385 397 503 524 568 583 619 708 728 732 753 771 815 851 956 982 459 639 683 859 
38 146 190 245 171 304 427 607 676 714 784 794 849 861 592 707 
70 139 64 159 270 61 45 137 184 150 242 375 393 456 527 536 545 546 615 632 643 704 795 823 862 961 971 997 265 301 488 669 
199 78 147 120 431 501 618 645 683 754 865 876 157 418 
196 89 176 239 156 43 416 429 512 539 588 665 680 756 832 842 890 899 944 179 933 942 
160 180 106 186 358 412 610 638 839 920 990 497 841 
97 28 197 210 311 459 466 506 594 600 628 655 686 736 781 791 818 826 860 903 408 805 936 
235 74 58 128 99 369 583 753 987 68 938 
77 39 221 222 381 481 509 560 571 766 767 915 57 295 
41 121 42 134 161 51 214 313 327 362 410 433 579 608 622 626 734 749 776 787 869 884 912 937 221 31 712 
128 275 16 230 216 74 218 162 370 385 386 397 488 524 708 728 753 956 345 406 649 
146 26 245 171 285 294 335 475 635 714 790 996 326 358 
3 411 471 602 604 605 726 809 992 5 370 
133 2 11 406 420 425 442 443 533 573 598 701 713 778 797 830 874 896 897 401 416 767 
164 49 22 167 342 364 387 398 411 437 441 444 454 469 471 587 602 629 661 710 730 891 916 148 237 830 
201 229 240 60 111 142 288 24 166 332 346 352 354 407 430 463 468 479 500 513 519 530 566 606 644 652 675 689 703 723 743 759 783 786 905 913 947 949 14 85 106 768 874 
9 236 253 205 145 223 200 101 351 392 434 523 575 639 696 580 905 
12 286 110 226 402 470 477 553 565 616 773 788 731 779 
31 127 299 53 247 400 531 628 718 887 964 995 49 329 
200 253 236 9 205 349 418 523 910 743 
41 42 51 134 161 302 121 92 244 214 326 327 410 415 433 520 557 579 608 622 626 694 734 749 776 787 833 869 880 912 919 940 160 427 562 771 
3 69 107 109 290 94 342 421 441 471 629 661 684 724 888 891 922 974 128 518 738 
93 126 183 289 381 447 727 768 909 15 
254 147 241 8 338 376 683 834 865 949 
106 180 160 264 358 638 688 822 920 362 375 
46 9 204 135 10 86 349 351 392 440 465 537 741 770 965 967 130 546 
110 279 32 402 542 616 691 788 792 531 
284 266 79 218 370 377 524 568 609 659 815 956 614 903 
157 75 102 113 96 267 116 188 35 355 403 435 489 516 517 522 614 667 692 695 717 729 742 762 819 858 929 968 154 158 595 791 
10 145 47 46 257 205 392 480 537 575 611 630 882 375 595 
97 144 400 589 707 737 780 846 867 964 8 601 
94 72 62 268 364 398 441 891 948 466 873 
8 292 4 438 501 623 645 683 702 754 889 894 79 13 
313 42 161 237 244 121 134 169 327 556 557 579 749 869 880 884 940 952 304 751 
42 302 92 202 244 214 121 313 326 134 51 161 265 41 237 368 410 433 520 550 552 557 579 603 608 617 622 626 694 734 749 776 787 833 869 880 886 940 101 344 365 486 489 
46 223 351 392 440 465 486 529 986 242 640 
40 27 19 82 136 255 73 119 90 112 260 148 13 337 340 395 505 580 585 664 679 682 725 733 744 757 760 805 813 850 879 907 955 311 556 618 
168 207 78 199 67 120 376 570 574 582 777 801 811 852 856 865 973 983 
111 166 346 354 479 652 689 786 949 475 
166 258 308 346 463 513 519 530 566 675 723 743 783 905 911 914 969 365 717 
207 120 67 147 388 623 752 754 894 793 806 
191 222 7 39 221 447 572 592 767 11 
146 171 26 304 245 473 475 607 635 651 670 676 714 790 794 800 848 849 859 863 934 181 398 696 
197 396 466 543 594 737 780 789 873 887 903 964 287 992 
27 82 73 329 350 395 417 510 693 813 960 346 956 
316 168 120 4 78 254 130 114 207 339 376 461 484 574 637 648 668 702 752 754 811 831 852 865 901 144 535 994 
108 243 8 338 376 618 754 835 895 559 
329 90 154 13 27 73 40 136 82 129 366 395 505 700 709 720 725 733 744 757 764 798 805 820 840 878 955 369 382 384 588 
47 205 101 9 204 257 10 71 200 145 141 236 206 353 365 367 392 434 440 449 458 465 480 493 549 575 611 631 741 750 770 829 836 868 910 932 935 938 967 160 433 561 677 802 
314 81 228 261 1 307 62 360 364 398 411 413 424 515 587 602 605 724 726 730 765 785 812 891 908 921 977 706 714 831 
77 183 88 408 624 738 739 740 755 767 915 988 214 1000 
199 124 87 207 388 436 668 683 702 327 916 
510 664 757 760 850 878 907 924 928 955 303 602 
166 308 258 24 331 332 158 151 142 240 111 201 352 354 361 407 430 463 468 513 519 530 558 606 644 675 699 703 715 723 743 759 783 816 905 911 913 914 947 949 954 979 337 277 761 875 
118 209 79 451 524 583 672 870 987 461 
76 78 555 574 618 623 801 865 936 947 
318 141 312 257 418 440 480 499 696 741 8 527 
136 337 260 112 73 129 20 55 414 497 505 664 720 745 841 850 879 928 412 517 823 
9 86 278 71 217 204 309 206 68 328 223 10 187 101 318 367 392 409 434 480 483 611 741 750 770 829 836 868 910 26 160 560 604 
308 166 346 530 558 566 675 911 949 120 146 
86 341 392 480 537 549 696 741 750 806 882 395 571 
346 111 166 24 201 331 151 158 142 229 308 430 463 468 479 500 513 519 530 558 566 606 652 675 689 723 743 759 783 786 816 911 913 914 947 949 969 979 191 205 717 852 926 
321 188 157 35 113 267 102 116 96 75 280 276 372 403 435 457 464 489 516 517 522 599 614 667 692 695 717 729 742 762 819 858 871 929 968 970 554 594 876 891 
181 150 248 45 70 15 155 159 64 375 384 393 525 527 536 545 567 577 627 632 673 687 712 747 795 823 862 961 997 147 173 421 920 
78 76 8 124 262 376 438 801 894 248 712 
160 180 264 106 224 194 298 317 186 412 422 532 534 563 593 633 638 688 822 839 920 946 959 976 985 990 304 834 
152 243 120 501 618 642 865 894 957 264 46 
164 189 49 81 342 94 115 290 411 421 437 602 724 802 888 891 916 948 508 621 
166 346 60 463 479 513 519 743 911 949 99 984 
42 121 244 302 134 410 557 622 626 694 749 869 317 575 
64 256 193 150 248 159 61 70 45 375 399 456 462 527 673 677 862 926 592 603 662 
307 342 290 324 390 413 421 515 602 847 891 908 820 857 
101 253 9 68 341 204 367 434 440 458 480 483 518 537 549 611 696 965 332 327 432 
55 73 340 154 13 414 505 733 764 805 44 929 
351 206 9 132 257 141 135 365 204 205 341 392 440 575 696 829 882 643 775 
92 42 327 41 433 626 749 869 937 377 
192 300 488 508 568 732 735 956 987 1000 340 613 
192 293 320 303 162 373 385 386 451 504 559 698 803 956 963 982 21 305 
10 217 9 141 392 449 480 932 965 285 719 
355 113 267 35 157 188 403 435 464 517 614 692 717 742 762 819 858 871 968 241 161 777 
259 370 162 451 583 595 663 815 987 692 
80 123 636 763 804 923 931 943 945 958 152 624 
155 150 70 248 242 295 61 181 45 233 208 274 83 137 17 356 184 256 6 363 384 456 462 472 536 546 567 577 613 615 632 654 673 687 704 747 823 827 857 900 951 971 997 322 47 317 392 587 
338 130 316 170 168 4 124 78 177 262 339 57 243 357 330 431 501 574 582 637 642 674 752 852 876 936 973 182 83 730 
192 18 99 14 30 266 272 128 320 218 451 488 524 595 728 751 761 771 803 851 885 904 956 982 1000 222 368 770 
160 224 180 264 412 426 534 563 610 638 688 920 946 959 990 388 626 
115 268 49 107 23 391 602 629 684 796 812 877 974 200 427 
10 132 145 204 434 549 575 639 986 787 931 
215 221 289 315 126 143 183 301 93 77 401 423 564 669 706 722 727 740 767 768 817 844 464 623 729 
3 249 282 62 390 391 411 474 578 602 661 684 724 730 793 888 921 948 992 340 143 385 
148 255 82 395 685 725 733 760 798 813 879 215 194 
179 356 6 61 45 159 83 233 64 375 248 399 472 525 536 567 577 613 857 40 340 526 
293 34 303 370 162 386 451 659 708 956 382 7 
235 303 99 79 175 370 18 128 259 385 568 583 771 825 525 760 
290 107 307 66 649 684 877 891 908 102 946 
243 241 207 344 124 57 199 333 120 4 87 8 448 484 501 555 574 618 645 648 683 777 824 834 852 901 936 957 378 400 628 887 
138 185 65 528 535 763 804 931 943 945 999 53 709 
22 382 107 364 394 437 809 847 922 645 
249 382 379 469 847 888 948 972 993 402 
322 367 135 341 273 223 318 328 46 309 371 9 205 145 132 187 351 353 68 409 434 458 465 486 493 499 518 523 537 548 575 611 631 696 741 750 770 806 829 837 882 910 967 986 18 4 85 375 858 
64 70 356 246 159 242 295 233 83 139 45 248 15 184 61 50 527 536 545 546 567 613 643 673 704 747 900 144 468 481 521 
390 69 413 590 649 661 802 888 891 948 977 992 706 987 
154 337 148 329 13 119 73 340 136 82 260 383 112 55 250 90 255 497 505 585 657 664 679 682 709 720 725 733 757 760 798 813 820 841 850 924 928 950 955 960 978 353 42 858 993 
336 91 269 247 44 53 459 544 628 655 846 864 975 705 907 
128 266 79 18 303 293 259 581 583 595 656 663 761 870 930 486 787 
307 268 261 189 107 282 49 167 324 23 3 66 342 22 411 413 515 590 604 605 724 726 730 785 796 802 809 847 853 888 891 916 921 922 948 966 993 110 335 495 700 991 
139 248 15 159 363 384 536 673 857 900 27 428 
91 269 311 48 44 144 100 97 210 323 197 404 459 466 495 496 531 543 544 589 591 594 600 621 628 640 737 746 780 781 782 789 791 818 846 860 864 873 883 887 893 964 975 981 141 105 388 734 857 
37 251 198 183 39 221 7 381 126 63 93 182 54 289 408 423 445 482 509 560 564 584 592 624 647 650 660 678 706 719 727 738 739 740 755 766 767 768 817 844 902 915 962 988 276 306 594 912 951 
12 110 227 279 32 226 310 103 263 319 286 477 478 542 553 565 586 616 658 662 671 716 773 775 788 917 927 983 989 391 439 632 636 
355 116 321 267 188 113 35 75 372 102 157 276 435 489 516 517 522 614 667 692 717 729 742 762 819 858 929 968 67 23 707 759 
400 466 511 718 791 807 864 887 964 201 602 
146 245 285 651 676 714 790 800 934 408 
306 25 36 133 425 442 598 713 830 303 839 
346 258 24 308 151 468 500 530 606 644 743 786 911 913 949 954 883 
143 84 54 222 183 221 343 88 77 198 126 191 401 289 7 423 439 481 509 560 564 584 624 647 706 727 731 740 755 766 767 817 844 902 915 299 405 607 697 
145 351 392 141 204 9 101 465 575 666 741 882 967 210 843 
237 362 161 302 42 41 244 327 313 550 557 579 608 622 749 787 869 912 937 210 149 598 
3 307 164 109 107 398 360 69 22 62 342 49 282 382 249 305 261 115 469 471 562 629 649 710 724 793 796 877 891 908 921 922 993 732 915 967 
358 298 264 194 378 160 180 106 422 426 534 563 610 638 688 839 920 946 990 350 50 756 
290 49 398 164 394 342 364 23 441 454 471 578 587 604 605 649 724 726 796 802 847 891 908 922 972 974 161 163 542 
350 40 148 366 154 538 580 709 745 907 493 579 
42 244 313 433 579 787 833 845 869 84 
196 89 176 195 297 239 156 43 429 512 526 539 588 596 665 680 832 842 899 944 991 306 529 577 
250 337 19 497 580 620 757 760 798 878 928 263 959 
253 9 349 312 10 440 837 986 296 615 693 
128 34 99 58 209 238 18 30 488 559 583 595 619 728 825 463 647 
133 277 25 306 425 442 514 598 701 713 774 797 830 897 994 153 462 523 
360 228 49 72 364 23 314 444 471 474 724 726 908 966 974 992 356 811 
85 358 180 412 264 633 822 839 920 976 990 119 794 
63 289 401 408 222 125 252 77 221 381 183 251 509 560 572 592 624 641 647 660 706 722 727 731 738 739 767 769 817 909 915 193 436 604 851 
342 228 1 140 444 471 724 793 796 802 916 948 972 630 756 
133 36 306 25 420 105 283 163 406 442 514 521 533 569 573 598 701 713 748 774 778 797 830 854 872 874 896 897 980 994 235 81 557 801 
106 378 412 160 532 633 638 688 839 920 946 990 94 438 
146 211 285 149 294 245 607 676 800 379 313 
80 287 138 453 528 763 804 945 958 399 79 
196 89 416 176 297 195 239 156 43 271 512 526 539 540 588 596 680 756 832 842 890 899 944 991 290 495 749 
354 308 111 346 463 558 675 689 949 86 451 
8 56 376 78 292 207 199 262 296 168 432 438 484 494 502 645 683 752 754 777 801 824 856 894 933 99 689 995 
57 262 199 76 431 243 8 207 147 177 438 452 683 758 901 365 830 
41 42 237 244 327 202 169 302 368 313 415 557 603 608 612 626 694 734 749 787 869 880 886 912 984 341 192 576 
351 10 132 205 206 187 46 380 101 309 365 9 141 392 341 236 465 523 537 631 639 696 741 770 836 882 932 965 266 651 812 942 
355 321 403 188 276 157 75 35 372 102 116 267 280 517 614 667 692 717 729 742 762 819 858 871 929 968 970 13 707 767 
108 344 501 555 570 645 754 777 933 957 423 514 
307 390 360 189 22 290 66 107 441 602 604 605 629 661 726 765 802 847 908 948 993 176 93 48 
432 4 124 67 431 207 357 147 114 325 76 501 541 555 574 618 623 642 668 758 808 824 835 865 901 933 426 515 664 
125 77 289 408 447 564 669 678 706 727 755 768 915 402 486 
101 86 205 141 318 328 349 253 206 341 365 367 68 9 418 10 458 486 518 529 639 696 779 836 837 932 41 541 635 
437 307 314 413 324 291 290 515 587 724 726 793 812 847 908 921 687 927 
25 133 163 306 36 420 425 2 11 406 598 701 713 774 778 797 830 854 874 896 897 50 212 770 
306 133 36 598 713 778 797 830 994 665 
1 424 167 307 421 291 726 908 948 972 75 704 
225 401 447 509 592 740 767 769 998 691 
31 197 460 487 511 594 781 893 975 136 
445 182 88 334 315 93 7 77 439 564 592 647 731 767 768 817 915 988 128 242 
147 388 114 618 645 683 702 808 894 895 953 449 659 
132 47 341 204 371 10 141 480 910 448 977 
104 250 255 55 154 576 580 682 705 720 745 760 820 843 942 47 74 
370 347 192 209 385 234 18 220 373 117 128 377 488 508 551 568 581 656 659 672 711 732 753 815 825 982 987 430 97 644 784 
207 432 120 87 108 130 147 254 8 292 618 702 752 865 830 923 
428 287 138 535 597 763 804 931 945 958 999 171 495 
413 307 94 140 471 604 661 724 802 972 155 567 
12 110 227 286 32 662 691 788 927 911 
64 295 61 363 70 375 150 155 462 507 536 545 567 613 643 654 677 823 857 235 101 855 
355 113 188 464 517 614 692 717 742 762 871 720 722 
187 145 440 392 9 10 205 341 365 611 741 932 221 610 
153 127 396 48 53 144 31 197 400 299 460 495 496 506 511 531 543 591 594 600 640 655 737 746 781 789 791 807 818 826 846 864 867 883 887 964 975 995 293 519 817 958 982 
446 459 210 269 144 44 247 467 640 655 718 772 964 995 124 290 
262 338 147 108 57 683 801 808 901 973 347 743 
193 375 363 150 456 274 15 137 248 536 546 577 613 643 712 827 420 722 
346 166 354 288 308 361 60 151 142 258 430 158 24 229 332 111 479 519 530 558 566 606 652 675 699 703 743 759 783 786 816 911 913 947 949 979 419 773 865 934 956 
355 457 372 113 517 599 614 762 871 968 63 381 
141 409 217 46 341 328 9 206 318 86 434 392 480 523 537 548 639 666 696 779 882 28 550 900 
28 53 404 153 48 127 197 44 269 100 97 400 299 144 336 467 485 506 531 543 591 594 600 628 640 686 707 718 737 781 791 807 860 864 867 873 883 887 893 898 903 975 981 995 324 226 73 822 
466 460 197 97 127 247 44 495 496 498 543 655 781 791 846 864 887 893 70 699 
346 407 308 151 354 111 258 519 558 644 652 675 689 699 913 969 979 393 71 
109 307 49 268 164 411 391 69 474 562 602 649 730 765 853 877 948 966 183 162 776 
286 227 12 32 279 310 110 616 658 671 788 989 759 944 
454 413 107 411 314 81 421 94 307 290 424 164 305 291 261 602 605 649 724 730 802 847 853 877 888 948 977 270 522 640 851 
384 179 375 83 256 242 527 536 545 613 627 673 712 823 827 857 925 961 997 130 44 548 
245 98 335 171 146 607 635 676 790 794 800 859 934 263 824 
291 249 107 421 81 469 382 730 891 42 
146 304 149 335 245 171 95 38 21 607 676 790 794 800 848 863 934 996 331 546 
99 218 238 559 568 803 851 866 956 731 959 
226 402 310 12 32 263 542 565 601 658 691 788 559 692 
12 32 226 263 286 402 227 553 616 788 792 828 497 593 
308 463 331 111 354 361 24 166 699 905 913 949 95 51 
278 205 351 10 257 200 145 71 353 365 9 341 349 449 101 322 86 223 68 206 132 217 465 371 483 486 518 523 529 537 549 575 611 631 639 696 741 779 910 938 965 967 70 262 690 913 948 
301 222 408 225 215 183 143 37 63 509 727 766 767 875 909 915 962 988 393 713 868 
182 401 93 289 77 509 554 572 641 727 755 915 102 675 
365 480 71 253 101 205 10 351 639 696 837 868 965 35 752 
388 338 431 574 668 681 889 894 895 220 599 
91 53 210 44 466 544 589 594 628 782 975 2 828 
257 200 47 253 10 205 187 328 236 440 9 480 392 493 529 537 548 575 696 741 750 770 836 935 965 327 439 397 
213 446 153 197 247 144 44 506 887 964 975 189 118 
451 235 118 162 377 209 369 34 303 99 128 175 165 284 79 419 281 524 559 568 583 595 609 619 653 659 751 851 855 906 956 295 292 629 833 
355 321 403 517 614 692 695 742 858 327 
30 192 99 218 128 74 162 551 732 803 825 987 168 161 
146 285 211 171 149 607 790 794 800 934 996 622 648 
183 84 191 289 572 690 727 817 909 286 520 
341 141 205 486 392 9 101 145 666 414 
207 431 501 574 754 758 811 865 894 117 653 
400 210 197 467 459 53 511 531 543 600 621 640 707 780 781 791 846 860 867 887 893 981 995 398 453 429 
197 174 467 459 97 400 498 718 860 763 
350 395 73 154 417 657 805 843 850 298 478 
496 212 44 247 467 640 860 892 995 8 
9 349 392 204 205 537 548 631 741 882 910 932 938 559 973 
407 166 308 354 142 519 558 606 905 261 131 
359 438 388 325 147 292 8 296 120 170 376 152 436 494 582 618 637 752 777 808 831 865 894 918 933 953 608 760 
4 8 431 124 618 642 674 702 721 513 825 
238 281 293 162 165 58 524 551 559 803 987 92 733 
370 16 128 18 551 595 672 711 753 956 982 613 795 
13 395 40 19 366 203 340 154 131 27 82 73 350 136 119 329 55 148 20 104 510 580 585 664 685 700 709 720 733 757 760 798 805 813 840 850 878 907 928 942 978 286 57 212 940 975 
127 487 299 100 466 459 511 640 707 718 772 807 860 898 158 638 
70 181 17 208 456 536 673 687 971 207 794 
79 272 162 451 369 99 230 559 583 595 659 708 753 982 987 1000 360 149 
401 408 301 54 423 251 191 183 221 84 481 482 77 445 7 564 584 592 624 678 740 817 902 915 939 180 6 
345 154 505 337 585 664 798 805 955 887 
404 197 495 459 97 446 506 640 737 746 791 867 887 975 981 652 880 
196 429 89 416 195 297 156 539 832 842 572 878 
346 24 361 354 151 332 111 229 308 519 558 566 606 652 675 689 743 949 16 502 40 
283 420 425 713 748 774 797 830 874 436 
441 290 364 81 398 342 107 72 94 908 972 974 438 672 
355 321 113 403 517 614 692 717 871 968 48 829 
355 489 321 435 188 372 157 35 113 267 457 102 96 75 464 276 280 116 516 403 522 614 667 692 717 729 742 762 819 858 871 929 968 9 350 73 
204 9 273 440 480 135 392 365 523 537 314 864 
346 258 354 111 513 463 361 151 308 468 332 500 166 24 530 558 566 652 675 723 743 759 783 949 969 979 230 459 960 
313 42 214 327 557 579 612 622 626 787 845 912 492 691 
425 133 25 2 533 569 598 713 778 797 830 980 994 393 210 
355 517 321 280 403 614 667 819 858 970 471 566 
46 312 480 309 465 86 257 47 518 9 205 392 223 434 537 630 750 986 126 420 534 
29 320 347 488 303 275 235 377 266 14 30 293 503 128 122 99 559 561 568 656 663 753 771 825 855 870 956 963 982 268 585 590 992 
193 64 159 356 70 179 384 536 545 613 386 830 
196 89 176 239 416 429 756 832 842 384 741 
61 472 248 295 155 70 393 181 59 159 356 363 536 545 546 613 643 712 747 838 857 862 926 951 109 349 940 
428 185 123 389 625 763 804 923 943 945 273 757 
328 486 480 440 257 145 204 141 630 416 
346 354 258 158 463 166 151 407 240 352 111 308 332 288 519 558 606 652 675 699 715 783 786 816 914 947 209 284 107 
174 466 44 311 400 459 495 589 594 981 227 319 
160 426 358 264 180 638 688 839 920 959 925 998 
306 425 521 133 569 573 598 774 797 830 994 200 87 
160 378 358 412 593 638 920 946 959 990 523 860 
287 389 453 172 138 636 763 804 923 943 945 958 999 338 706 
70 137 507 45 246 270 6 393 525 462 83 242 17 527 356 208 150 375 159 399 384 456 248 295 193 50 472 15 545 546 577 613 615 627 632 654 673 677 687 795 823 857 881 900 997 290 71 93 856 970 
486 392 318 322 9 10 205 434 257 365 141 46 145 499 480 353 523 206 135 273 518 132 465 575 611 666 696 741 806 837 882 935 965 193 605 831 
136 154 414 682 733 757 928 955 960 229 168 
196 429 89 416 195 176 239 156 512 271 297 588 596 756 832 842 890 899 944 91 181 199 
196 429 89 176 665 680 756 832 842 877 
78 241 168 67 438 618 758 808 835 440 259 
12 477 110 286 227 32 402 319 553 658 662 691 788 828 927 413 
400 467 459 28 53 466 336 495 44 737 772 780 791 887 165 563 
127 400 396 485 197 594 640 655 781 846 887 892 995 679 726 
536 295 356 472 527 70 61 393 45 64 456 525 50 233 546 613 615 673 677 712 823 857 862 997 801 947 
536 45 59 70 193 6 159 179 17 462 393 184 83 15 527 295 137 545 375 567 677 687 704 900 926 997 475 318 9 
12 226 110 227 103 279 601 691 788 989 83 708 
465 499 9 10 486 86 392 132 575 666 232 472 
341 10 205 9 480 365 380 204 353 200 666 696 741 120 889 
92 134 410 161 327 579 622 821 869 465 288 
209 18 30 503 74 216 34 490 117 162 79 451 16 58 165 14 504 559 568 581 583 595 659 735 771 825 956 963 987 1000 154 187 797 808 
161 327 41 608 626 749 787 869 886 211 765 
110 542 402 310 478 12 773 775 788 661 
251 88 252 126 143 84 222 482 183 560 669 766 768 915 32 355 
120 436 388 67 438 199 348 721 752 865 918 121 853 
326 237 41 214 42 161 557 749 869 880 329 791 
42 92 326 327 556 520 202 433 362 121 313 237 410 579 608 617 622 626 734 749 787 833 912 937 952 425 292 842 
346 530 354 352 468 500 258 519 430 513 229 151 166 240 463 142 566 675 689 699 723 783 816 905 914 947 949 954 979 3 619 812 948 
235 219 122 128 234 74 419 58 370 99 488 476 551 18 508 272 30 118 218 524 192 173 503 568 583 595 609 697 708 728 732 735 751 753 825 851 855 866 906 956 963 982 477 499 339 114 915 
554 408 125 401 301 423 7 592 624 650 678 706 722 727 755 766 767 817 939 69 351 206 
192 74 524 14 230 583 656 663 956 341 623 
107 469 411 81 587 602 724 785 793 891 948 313 843 
180 224 358 412 378 638 839 920 946 990 543 164 
439 447 7 39 126 54 143 401 215 222 509 252 408 221 77 381 84 592 650 669 678 727 740 766 767 844 915 286 721 
263 477 310 402 226 616 658 691 775 788 240 638 
308 166 463 513 332 558 519 352 354 24 606 652 675 689 699 715 949 522 634 
375 59 248 15 356 393 6 384 83 70 456 64 155 179 139 193 45 208 246 546 613 615 673 795 827 838 881 926 454 243 753 845 
117 219 99 320 74 451 16 559 118 259 488 175 476 281 209 386 551 524 18 369 293 33 192 595 656 659 663 728 761 771 815 870 956 963 982 987 150 582 606 614 
425 533 521 133 573 598 713 797 830 980 150 704 
4 292 67 199 168 120 56 436 330 623 754 799 811 865 895 918 933 17 663 
77 7 221 301 722 727 909 915 939 353 798 
182 492 423 88 334 39 482 37 650 660 902 512 238 
569 277 533 36 105 306 425 598 701 713 778 797 830 854 872 896 574 
438 108 494 376 484 330 262 388 243 130 348 207 338 168 147 618 702 721 752 808 831 856 865 889 894 573 784 
380 341 10 392 409 145 217 486 367 548 253 309 480 322 537 696 779 837 932 362 128 988 
250 82 73 55 450 136 580 620 664 693 709 757 805 850 879 433 
179 6 462 536 375 356 384 61 70 184 248 159 677 857 862 971 416 742 
382 66 290 22 413 189 94 629 649 710 724 730 785 802 891 921 966 993 226 52 
41 42 134 410 51 244 161 520 302 92 415 313 550 169 237 265 121 557 327 326 608 617 622 626 694 734 749 776 787 821 845 869 880 886 940 952 984 13 74 291 414 974 
154 90 136 20 55 329 505 576 450 129 417 414 585 709 805 820 841 950 309 746 903 
551 33 281 29 451 192 397 162 595 751 771 10 197 
330 120 376 168 501 754 801 834 852 918 568 165 
419 397 209 118 386 219 162 99 293 34 373 347 561 551 508 128 16 275 488 235 33 30 192 559 14 300 266 595 609 653 656 698 708 735 753 761 825 930 956 982 987 9 198 616 971 
401 289 93 408 182 509 624 719 727 731 738 909 197 826 
73 329 505 82 250 55 136 90 580 27 131 510 154 20 19 395 129 13 664 685 693 705 720 725 760 805 820 841 843 878 907 924 928 955 960 524 835 949 961 
12 279 227 263 402 110 32 788 927 989 652 785 
342 441 290 115 307 72 562 413 853 916 375 42 
196 297 416 539 195 429 89 832 842 340 
210 323 48 485 531 400 97 594 707 718 826 846 867 873 883 887 898 964 975 742 917 997 
394 282 398 604 684 724 730 972 974 524 967 
144 400 459 466 174 44 53 600 621 707 746 772 807 873 883 184 79 
222 221 39 93 564 445 423 5 560 7 447 334 215 509 401 77 624 647 650 678 706 722 727 739 767 768 769 817 844 875 909 915 998 363 80 294 
358 180 264 160 534 638 839 976 990 478 
197 446 31 44 589 485 28 53 336 100 91 299 400 48 531 127 544 97 466 459 640 686 707 737 746 772 780 781 782 789 791 807 846 860 883 887 892 903 975 981 401 92 166 355 595 
99 272 508 551 238 583 165 581 377 219 79 373 192 559 216 397 419 504 568 218 488 230 609 619 656 697 708 728 732 753 904 906 982 987 321 594 322 622 
195 196 429 89 416 176 539 239 271 756 832 892 932 
231 172 287 123 453 646 804 923 999 285 
425 133 442 306 533 105 25 36 2 420 521 573 443 569 11 277 406 163 634 701 713 748 778 797 814 830 872 874 896 897 980 410 188 117 783 
355 464 116 157 614 667 692 717 742 762 484 650 
400 44 459 127 269 466 53 495 299 197 591 655 686 860 975 995 957 
110 547 226 286 477 616 773 775 788 323 862 
290 261 562 364 471 307 49 164 382 167 140 305 437 379 109 72 360 342 22 189 469 605 684 710 724 730 796 802 847 853 888 891 916 948 977 993 404 345 781 918 
327 121 433 42 244 41 608 787 821 162 363 
454 305 261 590 66 398 437 94 413 49 710 796 847 993 423 351 
398 49 602 471 342 290 305 413 437 94 724 726 847 921 537 867 
346 354 308 258 500 566 463 24 151 60 201 407 513 111 530 166 652 675 689 699 743 783 786 816 911 949 954 70 249 568 
146 473 26 491 285 335 475 294 427 171 676 790 996 408 153 
603 214 51 557 121 313 244 302 552 265 42 410 237 41 327 92 169 579 433 622 626 734 749 787 833 845 869 884 912 919 937 940 984 100 501 709 
488 583 559 595 320 218 173 99 656 697 711 866 870 987 256 898 
298 85 180 378 160 412 194 638 839 458 
537 351 480 458 46 141 392 322 365 341 10 770 779 935 250 159 
520 41 42 202 51 433 169 626 694 787 865 913 
527 393 181 375 472 536 15 139 83 137 193 545 184 456 462 70 525 246 384 567 6 615 627 673 704 795 823 827 862 900 925 951 961 971 997 504 168 369 651 
355 517 321 403 435 188 489 372 35 267 113 102 96 116 75 280 457 464 516 522 599 157 276 667 692 695 717 742 762 819 858 871 929 970 568 320 683 914 
15 295 181 61 248 83 536 545 64 70 155 567 375 613 184 256 654 687 704 712 838 900 997 418 656 905 
12 32 110 402 319 227 565 470 478 310 601 279 263 286 178 103 232 662 716 775 788 792 927 583 19 948 
41 557 579 327 244 622 626 749 869 984 635 742 
501 541 87 296 114 574 8 262 438 199 452 348 448 168 177 130 152 359 502 388 67 57 339 645 648 668 674 752 754 799 801 831 834 865 894 329 656 691 987 
488 595 220 79 209 162 419 284 74 293 956 982 24 558 
148 55 52 417 82 131 576 657 705 757 805 840 942 955 960 219 
495 127 400 144 591 640 846 867 873 883 964 360 676 
362 42 327 579 202 302 265 161 169 92 557 608 410 313 41 617 550 520 51 134 626 694 734 749 776 787 845 869 886 912 919 937 940 984 595 491 745 892 
177 168 333 8 438 570 4 348 325 674 865 901 918 381 561 
7 343 401 592 191 39 289 423 509 126 183 125 252 584 408 222 560 650 660 669 690 722 727 731 738 739 767 768 844 909 915 962 374 839 921 965 
528 65 80 138 287 185 172 646 763 804 923 931 945 958 999 28 678 
42 617 327 362 552 368 302 608 41 202 121 579 244 557 622 313 433 169 520 612 694 821 845 869 880 912 937 378 1 151 
356 536 274 472 15 70 613 83 857 679 
144 31 311 485 174 396 400 299 269 466 718 791 807 818 846 860 864 873 887 981 121 388 895 
107 314 578 379 437 167 307 411 724 809 908 948 488 743 
9 46 523 71 529 253 141 322 10 910 938 424 237 
480 204 434 46 392 499 341 223 741 770 938 159 711 
70 536 375 356 295 233 159 248 673 402 655 
160 180 426 358 422 638 688 839 920 859 
133 598 701 713 774 797 814 830 896 566 199 
245 335 473 304 676 714 790 794 859 861 440 617 
287 374 535 646 763 804 945 958 999 402 
501 338 292 78 376 262 254 8 668 825 
160 180 358 264 412 378 633 224 194 426 298 186 532 534 563 106 85 317 593 610 688 822 839 920 946 959 990 506 565 695 768 
465 483 204 10 380 440 205 434 71 480 273 278 309 696 741 770 837 932 293 730 
466 269 97 212 544 460 144 459 210 127 31 174 400 495 506 498 100 621 594 44 511 707 718 846 860 873 887 975 981 471 328 724 890 
77 251 423 482 222 719 727 768 998 869 
502 56 124 376 147 359 438 207 8 243 168 645 683 852 865 876 889 43 749 
181 61 70 527 462 456 295 393 15 857 367 144 
308 468 142 166 229 346 111 407 652 675 689 759 911 949 979 451 
78 296 292 262 618 177 120 431 76 436 56 168 448 388 130 254 642 325 702 752 758 852 894 895 901 390 788 990 
597 625 636 763 804 923 931 943 999 137 
592 408 401 423 183 221 84 447 768 419 797 
120 388 56 67 618 338 683 752 852 876 491 221 
578 413 471 469 394 189 387 411 796 891 303 973 
252 401 77 221 93 564 183 560 624 125 572 592 722 727 731 766 767 817 909 939 599 64 129 
146 405 245 26 335 285 670 790 794 800 848 849 934 996 434 613 
513 308 288 530 60 644 468 519 566 151 229 258 606 331 158 463 354 675 703 715 723 743 759 786 911 913 949 979 12 586 511 32 
488 162 33 284 583 761 904 906 930 982 52 494 
248 615 456 246 536 70 193 375 747 827 925 926 7 821 
600 467 460 544 459 269 299 396 53 210 826 846 864 887 995 632 889 
192 79 451 561 259 583 595 18 235 568 397 209 162 524 220 609 234 659 697 751 825 963 987 615 618 
497 52 55 620 395 664 709 760 798 850 907 955 908 976 
12 32 178 402 286 232 227 565 470 477 542 773 788 792 828 927 213 
451 656 18 238 320 175 551 385 218 488 192 128 568 508 162 732 825 904 956 448 696 745 
572 624 401 183 423 727 738 768 902 909 988 35 802 
437 22 382 454 314 394 307 726 812 908 921 993 553 138 
542 226 32 110 402 178 616 12 455 286 263 227 691 716 788 917 927 363 744 
373 561 99 568 524 397 866 956 963 570 670 
395 55 250 576 20 136 112 260 73 585 345 82 148 329 350 154 19 657 510 505 679 685 700 709 733 745 760 764 798 805 840 843 850 879 907 924 942 955 289 438 863 899 904 
271 89 416 540 297 176 680 756 832 842 443 168 
253 493 537 548 141 101 9 465 549 409 204 696 741 829 836 932 938 717 821 
355 614 517 321 403 435 113 522 188 157 35 75 280 267 102 96 599 692 717 729 742 762 819 858 871 929 125 715 
338 618 147 484 637 438 243 207 120 344 683 824 852 865 894 252 
554 63 439 624 381 251 77 564 706 755 766 844 915 188 295 
245 285 171 651 335 21 146 38 676 714 790 800 810 848 863 663 
12 110 470 263 402 32 227 286 773 883 
504 281 451 18 58 99 347 30 870 515 
70 64 208 356 507 399 137 139 632 363 6 393 83 159 613 567 61 181 545 536 375 472 677 823 827 951 289 891 
502 618 243 262 623 376 752 801 852 9 
346 558 463 201 332 513 530 519 606 430 111 652 308 151 566 468 352 354 644 166 689 699 703 715 783 786 816 905 911 913 949 482 728 836 918 
146 245 285 171 294 98 473 38 670 607 405 190 95 211 475 26 335 427 149 635 714 784 790 794 800 810 848 849 859 861 863 934 996 113 621 787 841 
673 536 545 184 577 6 159 363 546 456 951 961 341 783 
222 221 560 509 564 54 401 77 183 143 88 7 84 592 439 738 739 766 767 817 844 902 909 915 962 998 239 625 924 
664 395 55 260 329 136 73 682 685 798 840 841 907 942 627 544 
196 429 665 416 540 297 239 842 890 115 
120 78 292 484 76 4 824 831 852 961 
679 260 395 329 82 450 20 538 840 879 230 741 
668 168 642 461 120 325 4 296 431 316 108 388 130 448 432 648 292 344 199 702 721 754 777 811 852 856 865 901 918 973 293 614 38 945 
314 189 382 167 602 379 590 387 809 847 55 18 
383 40 131 154 55 505 82 73 20 104 119 664 585 679 705 709 733 744 760 805 840 850 907 942 950 166 869 
600 53 466 299 594 807 846 892 893 975 703 775 
270 181 536 615 546 155 64 375 507 83 233 356 61 242 857 441 39 
638 378 426 358 180 194 264 412 317 532 160 633 822 839 920 946 959 990 22 860 989 
24 166 288 111 558 606 308 430 468 142 331 566 354 513 644 675 201 258 699 703 743 759 786 905 949 969 431 752 811 
63 624 221 77 492 719 767 915 939 480 
662 32 12 455 227 565 178 542 319 547 286 477 773 775 788 917 927 983 618 520 445 
355 614 517 321 276 435 667 188 599 372 35 157 113 280 102 457 96 116 489 403 516 695 717 729 742 762 819 858 871 929 968 970 477 373 777 805 
55 255 585 73 576 90 337 104 760 820 841 907 955 978 418 963 
41 42 313 626 214 362 622 579 612 327 433 787 869 769 960 
355 321 280 692 614 188 489 742 858 638 
353 367 9 392 440 349 549 10 273 145 217 486 575 483 639 480 434 101 309 68 666 465 365 278 537 135 86 910 935 986 659 335 164 719 
275 18 656 79 595 559 609 771 930 408 
117 218 370 192 79 583 99 956 982 987 702 949 
346 468 530 606 566 463 479 111 689 60 675 558 201 949 969 467 205 
154 664 505 340 136 104 129 260 757 955 69 398 
306 425 442 573 634 598 105 420 713 778 797 830 854 874 897 840 842 
448 325 8 645 168 56 120 338 574 67 452 344 502 683 777 808 811 831 865 901 918 973 82 698 968 
308 346 166 652 229 689 675 463 743 816 686 869 
17 613 193 274 83 45 615 546 70 248 375 184 295 242 393 747 925 971 569 19 444 
119 136 585 450 620 73 154 685 841 396 
225 439 408 592 423 7 381 37 183 5 560 669 401 731 739 740 767 844 909 939 342 394 535 810 
323 591 589 495 506 594 44 466 640 31 718 737 780 807 860 867 903 975 995 435 294 403 
583 303 559 385 595 508 230 281 293 74 18 235 771 815 956 987 547 764 
685 340 414 131 505 13 664 576 395 19 657 580 55 82 745 757 760 805 850 879 907 928 960 608 389 
602 307 69 282 604 578 411 724 730 802 853 908 948 953 998 
238 74 609 29 504 79 209 451 230 244 631 
159 527 61 356 472 6 615 59 462 248 545 900 357 302 
598 425 133 442 406 11 163 573 36 25 701 514 521 2 283 306 420 569 105 634 443 774 778 797 814 830 854 872 896 897 980 994 481 82 788 844 
146 304 285 171 405 98 335 294 38 95 670 635 21 245 190 676 784 790 800 810 848 849 859 861 863 934 996 37 342 867 
530 566 166 675 652 346 816 913 979 667 
12 110 616 286 227 279 226 232 662 402 788 792 180 274 
355 614 517 692 599 403 435 667 372 516 276 157 35 188 113 457 116 102 96 321 75 267 742 762 871 929 968 970 666 354 332 754 
589 466 53 404 496 460 97 48 628 506 311 44 640 707 746 780 781 791 818 860 887 903 964 975 20 838 879 
183 690 401 77 641 584 722 731 738 767 844 915 939 998 371 696 
55 395 13 450 340 82 40 136 350 52 505 585 19 760 764 813 955 978 457 975 
76 262 683 555 502 574 78 901 973 564 
93 381 423 251 571 183 221 719 624 592 560 650 727 740 817 909 915 457 462 
288 652 332 346 24 258 519 558 151 308 354 750 766 
342 578 398 454 710 605 360 382 413 629 167 69 471 441 290 421 602 590 189 107 411 66 282 424 49 314 94 562 793 796 802 891 908 966 270 640 207 279 
73 19 383 340 329 395 55 585 850 950 286 796 
421 107 437 444 305 605 441 22 413 342 661 3 290 1 398 785 812 847 891 908 966 992 199 544 995 
401 571 660 183 408 584 39 315 423 641 5 481 482 93 221 492 77 381 439 650 564 624 560 143 722 592 740 755 766 767 817 844 902 909 915 962 988 998 169 97 276 754 847 
303 128 377 559 216 192 595 272 419 209 219 293 568 753 956 675 245 
355 188 517 321 435 667 692 403 742 968 381 748 
471 69 282 23 578 268 1 474 81 602 167 49 94 382 398 164 342 710 3 469 307 590 115 802 847 921 966 977 218 639 376 41 
584 408 719 182 423 198 447 650 5 37 624 126 706 766 767 768 817 844 915 310 476 956 
451 293 128 490 369 559 595 209 659 987 411 205 
383 340 395 19 685 538 250 329 505 52 20 73 366 40 131 664 745 813 840 841 924 928 950 955 960 503 854 898 
265 42 327 557 313 608 41 302 121 92 579 622 433 749 787 886 400 
99 583 551 192 559 369 870 956 982 778 
48 144 299 212 746 860 887 893 903 876 
144 459 594 336 323 466 400 44 543 511 707 746 791 807 818 867 883 887 264 996 
125 423 343 251 84 660 221 401 624 719 678 215 7 584 740 766 767 768 875 915 202 314 757 
221 706 624 592 183 343 225 423 678 401 740 844 82 66 
408 182 222 93 381 738 77 343 739 727 564 706 722 445 401 509 768 769 980 
353 409 631 666 206 434 10 392 223 46 349 549 458 480 205 499 486 537 351 141 204 318 101 639 341 770 965 967 682 151 526 909 
355 614 517 692 717 403 321 729 435 667 188 372 157 35 113 267 116 599 96 457 75 695 489 102 762 858 871 929 968 970 18 589 577 617 
354 463 24 308 689 142 346 652 407 513 361 519 332 606 703 786 911 913 914 629 312 461 
52 55 685 340 112 82 329 798 805 662 
13 733 203 112 664 55 82 709 414 350 73 450 760 798 805 813 841 924 928 955 978 659 39 622 
53 511 127 459 737 44 736 718 400 591 594 781 789 791 807 818 860 864 903 964 35 580 162 
70 393 50 356 375 159 248 704 654 242 15 527 137 827 838 107 
425 514 133 598 778 797 830 897 994 729 
41 608 244 327 579 362 302 313 556 161 202 237 557 433 92 121 51 368 552 622 134 617 169 326 410 734 42 776 787 821 869 912 940 952 984 82 642 429 990 
353 351 132 486 341 217 101 392 523 9 779 932 967 723 872 
488 581 377 559 230 656 753 906 956 326 
452 376 292 8 152 207 338 555 124 574 170 168 87 648 618 78 674 501 333 645 431 799 894 22 483 689 
559 79 58 293 751 504 303 451 209 259 728 14 583 508 230 234 18 595 524 300 128 771 855 963 567 89 
582 8 207 683 618 296 436 170 338 333 292 108 4 76 494 570 339 325 431 777 801 811 824 834 894 953 727 42 717 
669 482 343 439 289 408 401 560 54 727 766 909 192 834 
196 429 89 176 526 539 297 239 156 596 540 665 195 832 842 890 899 991 412 424 964 
329 27 700 576 136 340 73 620 417 505 709 345 538 395 82 760 798 805 841 738 528 832 
120 262 541 645 4 494 207 438 199 432 147 889 894 901 918 933 973 766 
652 346 308 463 166 201 354 644 519 111 689 24 905 403 470 
73 55 505 131 345 450 329 82 745 250 40 585 693 720 148 119 709 20 757 383 13 417 685 657 154 129 664 395 136 764 798 805 850 924 928 955 978 186 501 386 945 964 
218 79 99 14 377 397 568 192 209 122 583 653 29 771 851 885 963 982 987 346 246 893 
355 188 517 742 599 717 464 435 102 321 372 667 403 457 157 35 614 96 692 858 871 968 78 16 156 
65 428 287 185 453 389 528 374 123 646 172 625 138 231 535 636 80 804 923 931 943 945 958 999 258 496 269 132 
136 760 664 129 154 27 720 112 340 366 52 798 955 708 61 
342 164 189 291 290 437 469 107 796 552 
221 560 125 738 222 225 77 564 198 481 408 731 650 669 755 182 554 678 401 727 39 251 301 767 817 915 172 723 758 
182 222 564 37 624 766 560 221 84 301 251 88 334 289 381 401 731 738 706 592 481 690 423 408 252 727 77 343 678 198 650 445 719 447 143 183 768 817 844 909 915 962 159 306 435 6 
126 767 660 624 447 222 554 740 439 381 77 731 738 592 647 191 221 315 88 401 641 39 817 909 915 939 988 99 308 638 
445 740 125 7 289 126 592 37 423 694 
486 351 217 639 392 204 273 341 318 434 205 631 145 68 611 741 837 967 442 377 
753 16 386 761 551 377 234 708 275 293 581 99 697 79 524 568 74 209 963 313 77 245 
247 460 591 594 543 506 892 903 975 10 
658 12 32 310 601 671 263 691 553 226 279 227 402 286 788 927 989 123 463 
713 514 425 420 442 533 2 133 277 634 778 797 830 59 67 
12 601 32 565 691 553 110 616 402 286 788 927 367 686 
579 41 749 622 327 313 302 787 845 469 
754 292 702 683 67 76 56 388 436 330 177 199 501 431 831 835 852 901 692 372 956 
713 598 425 133 748 105 36 443 442 25 283 521 774 701 306 573 797 814 830 896 994 49 735 857 
750 440 611 575 206 465 480 868 967 310 
707 44 718 495 400 323 543 594 336 791 846 9 909 
746 495 299 466 467 718 446 400 544 594 459 269 127 782 846 873 883 975 255 602 950 
485 400 781 127 594 48 153 807 818 898 903 964 981 218 188 
308 354 606 675 332 258 530 519 24 558 463 346 786 816 905 949 954 598 677 
146 294 714 98 285 21 171 38 676 790 800 849 859 863 451 574 
726 342 109 578 562 107 398 916 974 586 
652 308 530 689 675 783 111 24 743 354 166 606 240 407 331 463 949 979 
41 42 622 579 92 603 734 244 161 410 121 552 433 265 313 776 612 202 51 694 557 169 134 749 415 520 302 608 327 833 845 869 880 884 912 919 937 952 397 133 77 380 676 
12 32 402 110 286 773 477 616 263 662 691 226 542 319 775 716 478 658 470 310 232 586 565 547 227 279 103 601 553 455 178 828 917 927 983 989 645 713 850 894 
746 197 336 459 400 44 594 860 887 967 
146 676 245 714 171 607 285 38 405 190 651 784 95 149 473 670 21 98 304 491 26 211 635 475 335 794 800 848 849 859 861 863 934 996 15 946 966 997 
53 212 467 466 213 495 28 718 746 144 404 174 543 594 737 400 511 628 780 459 299 807 846 873 941 975 556 88 321 
319 478 716 12 32 616 110 658 917 45 
1 290 441 562 411 724 424 382 847 877 888 891 908 333 29 
146 790 38 491 245 473 171 651 294 475 98 285 676 335 26 635 800 859 934 996 107 422 507 
567 536 83 193 61 295 6 356 159 613 70 862 504 809 
290 724 424 411 398 604 115 413 602 107 765 649 3 379 802 888 891 908 922 948 125 725 800 
713 598 425 133 442 778 306 36 573 420 701 2 521 774 105 533 277 569 11 163 283 25 443 514 634 748 814 830 854 874 896 897 980 994 647 93 551 959 
90 505 40 745 260 760 13 129 340 510 82 764 136 395 19 383 417 657 757 744 679 664 805 813 879 907 928 950 571 116 177 954 
8 4 262 618 570 292 752 808 811 835 865 901 918 957 129 235 
146 790 676 335 427 245 651 784 714 491 794 38 670 26 98 95 473 21 405 285 171 475 810 848 859 863 934 996 166 796 136 114 
754 461 582 348 431 357 674 330 618 865 425 545 
602 454 22 730 796 394 23 437 424 1 578 81 66 471 413 109 398 360 189 290 710 107 282 724 49 812 908 948 972 977 993 660 341 836 884 
503 490 370 209 18 476 377 275 870 227 
763 528 646 287 172 123 389 231 374 625 453 597 636 428 185 535 923 931 945 958 999 61 807 813 
620 576 366 136 709 510 798 19 82 685 497 203 757 329 13 745 505 744 148 760 55 664 154 340 585 580 250 73 131 104 260 119 813 841 850 879 955 262 299 692 824 986 
353 392 205 253 537 9 46 257 967 333 826 
791 404 213 44 269 737 506 144 466 100 591 53 48 746 628 707 594 459 782 686 212 864 887 892 941 964 975 113 89 804 863 
574 541 799 448 438 207 461 120 8 57 501 124 702 108 262 811 824 865 551 187 963 
629 398 684 305 291 390 107 268 948 795 
146 38 245 800 714 670 190 21 676 934 706 5 
330 570 754 494 147 683 799 702 808 338 421 689 
72 342 802 726 441 379 661 888 993 558 434 
720 55 337 505 805 383 745 136 395 733 329 798 82 804 45 
2 713 634 778 283 598 797 830 896 175 
128 708 30 373 320 568 451 230 293 980 
240 606 354 558 715 346 703 166 463 530 783 675 911 914 947 949 827 
93 767 423 447 766 221 650 215 722 727 63 183 77 126 678 401 560 592 84 381 289 509 731 768 7 408 492 875 909 915 262 78 459 873 
718 737 459 299 400 48 127 628 28 746 782 97 826 883 54 109 
355 614 517 372 435 403 667 522 692 321 267 25 923 
82 450 395 693 580 585 104 13 55 136 340 850 907 364 290 
41 626 550 42 603 579 244 265 749 886 666 654 
358 688 160 264 180 317 422 638 186 839 920 959 985 466 68 
83 295 248 673 70 179 45 472 137 536 375 456 545 356 613 827 857 862 925 951 961 971 997 350 837 
808 388 168 438 431 668 681 754 262 805 473 
209 79 559 419 74 490 451 583 659 551 656 99 218 18 386 524 128 275 904 502 637 897 
589 299 459 818 197 127 53 655 867 873 584 806 
15 613 375 462 472 59 673 184 45 567 654 747 242 823 881 925 961 997 816 930 
788 12 32 110 226 658 478 542 286 927 983 485 22 
204 206 666 341 101 351 392 367 967 107 516 
797 713 598 425 133 778 442 306 573 36 25 701 420 774 521 2 105 533 569 277 814 748 634 514 443 406 283 163 11 854 872 874 896 897 980 994 432 525 452 307 837 
124 292 338 681 120 243 574 262 78 702 618 207 501 108 777 4 865 894 933 537 342 982 
196 429 89 416 176 539 297 195 756 239 156 596 526 665 271 540 512 588 842 890 899 944 991 757 908 
327 557 202 415 608 787 41 161 313 488 
388 618 316 170 207 152 754 582 901 755 358 
124 799 78 339 262 438 541 8 777 108 585 182 
440 351 341 486 206 9 666 434 837 967 802 675 
440 836 639 9 392 86 10 418 101 483 575 537 770 206 938 967 830 823 
155 747 615 567 256 527 193 900 961 718 
638 358 180 85 264 412 688 822 593 426 194 422 298 563 532 160 106 633 186 610 224 920 946 959 976 985 990 624 406 906 
620 682 203 733 340 136 73 679 685 664 505 82 148 841 928 955 978 84 701 
733 840 104 73 705 745 580 52 679 82 585 136 148 805 693 395 13 20 757 154 350 850 878 907 924 942 978 676 46 298 77 
429 196 832 89 416 156 539 297 195 756 239 43 176 665 512 271 680 588 540 526 890 899 944 991 701 557 41 290 
450 497 203 664 255 585 850 907 950 960 409 562 
401 706 624 767 678 731 739 564 381 719 727 221 592 408 669 183 909 962 988 998 713 979 1000 
41 415 776 626 134 622 520 265 608 579 244 787 869 880 886 940 82 567 
213 628 589 594 212 791 655 459 400 686 640 781 544 621 495 323 31 144 467 780 396 864 883 887 995 112 139 984 
437 413 391 390 364 793 107 684 604 726 398 189 605 471 62 602 441 730 22 853 877 888 916 977 993 727 969 
651 676 475 714 245 149 95 98 146 335 211 790 800 285 670 863 70 994 
790 146 676 294 98 335 784 651 714 863 292 986 
131 154 576 73 664 350 805 329 395 725 760 82 13 505 260 843 657 112 19 497 820 136 685 345 709 841 879 942 950 955 788 108 70 111 
476 219 293 559 16 761 488 377 982 471 423 
262 338 668 168 582 674 648 4 683 376 57 777 292 330 388 681 645 120 642 76 207 865 876 901 354 252 
398 587 469 94 602 49 847 471 710 167 966 555 251 
830 797 713 701 442 425 573 2 11 896 897 994 733 92 
753 559 79 173 128 266 488 29 209 524 930 456 976 
683 4 431 330 574 170 114 207 894 895 918 973 536 896 
456 64 193 472 242 687 6 256 643 375 184 536 208 15 545 181 270 384 248 399 527 83 577 627 823 159 925 951 961 86 400 364 778 
355 614 517 692 188 321 113 403 435 667 276 762 742 372 157 35 522 75 267 102 116 96 695 280 489 871 929 127 395 392 199 
146 790 676 473 800 784 635 171 794 335 714 633 293 
153 640 789 97 247 144 506 594 496 400 600 210 707 746 495 299 628 498 736 44 197 718 100 53 466 28 127 864 883 941 964 975 981 995 688 4 534 921 
146 95 676 149 285 294 245 635 714 790 996 242 204 
83 545 363 527 45 181 823 795 577 356 6 150 613 295 926 601 260 
146 790 714 784 285 475 800 849 335 848 670 676 190 171 95 38 21 245 98 934 272 807 664 
467 247 400 100 860 746 655 459 628 174 396 466 197 807 846 210 404 892 975 244 518 931 
668 642 623 574 330 452 501 808 120 262 359 57 243 801 316 8 799 296 618 438 4 494 56 852 168 207 570 831 338 76 702 87 348 147 555 683 199 876 894 901 918 936 953 957 973 612 106 463 
128 235 476 609 99 559 663 79 118 180 222 
621 144 495 247 466 323 153 459 511 53 826 737 589 127 707 887 893 995 605 714 987 
10 46 71 779 204 483 351 341 965 481 
41 42 694 608 579 556 121 845 410 161 92 552 433 626 302 787 617 244 622 202 169 313 415 327 749 237 368 362 550 326 884 886 912 919 940 952 104 641 703 685 
568 803 347 162 735 259 165 128 609 672 524 117 397 218 956 982 987 208 243 
355 614 517 692 742 717 102 516 435 667 464 762 372 35 858 188 267 457 157 929 110 216 972 
830 713 598 133 573 425 25 896 994 750 
213 44 31 640 466 591 791 589 336 621 781 400 48 247 53 269 628 127 826 898 941 964 975 981 136 817 324 
830 797 442 598 163 425 306 514 701 133 308 222 
481 592 738 221 222 817 7 909 988 281 346 
147 648 642 56 262 376 296 199 852 865 901 355 736 
471 793 282 411 847 379 469 107 115 387 891 540 910 
13 841 82 345 505 340 585 417 955 257 512 
682 250 805 664 576 709 798 329 350 383 850 907 928 718 24 
41 579 787 326 626 845 313 327 42 92 556 433 886 940 511 261 
179 256 567 827 64 536 184 15 83 896 
367 278 434 537 392 322 353 409 465 499 965 171 908 
31 48 621 459 466 846 781 860 737 97 400 589 818 210 594 591 269 887 898 903 941 975 995 407 671 
121 787 42 869 326 244 214 608 302 237 940 802 934 
128 377 761 238 16 266 906 930 956 911 
622 41 869 327 237 121 880 552 821 51 845 134 433 734 579 42 282 
487 400 336 144 53 628 718 846 197 31 459 127 44 511 737 807 495 594 544 100 467 789 466 736 269 883 404 543 589 867 640 311 655 893 898 903 941 964 975 995 204 510 388 900 929 
382 282 360 398 314 793 602 1 796 394 812 107 471 391 847 908 916 204 
262 243 120 124 152 78 484 642 758 87 574 325 4 918 549 655 
842 196 429 680 832 176 539 756 239 297 145 640 
140 22 115 413 796 307 290 726 877 578 360 411 109 261 793 724 69 394 562 649 398 49 602 291 474 342 364 324 314 387 107 908 916 948 673 219 355 
44 544 807 210 269 594 28 498 772 686 864 596 622 
44 400 686 867 127 28 467 53 466 736 495 887 446 903 761 55 
333 501 645 484 574 668 865 856 292 359 325 448 494 758 262 752 241 431 754 357 831 618 207 901 788 267 982 
645 856 56 147 4 448 570 339 484 262 78 8 957 211 628 
830 797 713 598 425 133 778 277 814 634 442 872 573 36 306 854 25 994 881 856 985 
830 598 133 425 36 701 442 306 713 25 797 854 420 748 105 980 994 825 
506 883 782 213 887 873 466 197 589 964 609 733 
842 196 429 89 832 416 176 195 539 756 297 269 664 
399 375 613 184 546 712 536 193 242 15 838 59 393 248 83 61 615 70 961 465 887 43 
702 721 388 623 645 876 865 292 758 432 438 57 894 777 114 199 461 799 56 834 338 170 852 683 936 957 27 209 938 
401 660 727 509 678 572 408 39 191 215 126 289 183 909 915 955 
883 707 44 746 212 91 466 893 594 336 736 299 772 100 718 210 782 887 975 981 995 580 320 283 
659 825 128 377 653 230 216 595 956 664 922 
166 675 258 308 689 332 479 783 558 346 759 24 500 288 911 309 615 
885 488 653 751 595 235 128 559 987 839 195 
841 345 820 129 679 798 27 664 657 685 505 260 55 709 73 843 414 693 19 879 585 329 136 396 927 
724 629 49 421 437 515 411 3 164 107 796 62 726 268 66 364 888 891 793 444 661 249 22 290 413 710 441 72 802 387 140 342 291 228 948 977 832 882 657 918 
571 182 143 7 722 678 252 755 77 592 5 767 875 492 63 584 215 727 768 817 222 423 706 315 650 624 660 902 221 844 481 915 939 101 780 741 
257 341 696 10 480 312 351 499 392 449 205 145 630 938 78 877 
346 463 675 352 354 142 229 652 606 407 332 644 201 166 743 24 816 361 905 914 979 455 243 885 
41 42 749 134 557 608 787 622 520 313 433 121 869 626 302 92 410 161 59 401 162 
652 675 354 463 308 111 346 479 166 288 715 743 468 407 949 979 480 612 
530 60 743 288 354 558 332 911 346 816 947 949 614 919 
767 678 731 592 481 482 408 198 63 439 690 768 7 571 126 182 221 225 183 125 401 902 624 77 343 719 722 738 423 84 88 669 909 37 817 301 727 447 509 554 564 191 766 988 411 174 559 10 944 
360 891 398 785 307 587 888 847 167 3 290 602 424 69 66 948 993 135 344 
662 792 402 110 32 227 788 691 286 589 240 
124 555 582 199 889 78 501 570 799 865 207 683 856 758 702 120 262 623 241 292 602 908 675 
51 313 161 92 622 608 41 869 787 914 953 
839 638 358 180 160 264 563 412 822 194 688 106 426 422 378 85 534 298 532 633 317 946 959 976 985 990 356 952 
382 578 342 282 411 730 398 605 661 441 860 624 
796 314 398 49 390 164 411 282 107 290 413 69 974 239 904 
763 804 528 597 646 625 535 65 374 287 231 80 123 138 931 945 999 819 452 
841 585 745 112 664 733 345 395 250 760 955 111 678 
654 823 827 704 472 857 270 613 70 971 997 532 34 
363 139 654 61 567 862 546 184 248 527 354 122 
12 32 110 402 455 227 775 226 263 691 662 658 232 279 542 828 178 773 103 586 616 788 983 989 907 146 441 
879 154 112 82 148 13 350 417 840 250 733 538 345 798 73 745 760 136 709 585 395 505 19 955 960 176 56 
355 614 517 116 717 692 871 403 858 435 667 321 188 742 267 75 887 366 
122 855 30 397 173 583 220 99 653 885 18 697 827 10 
763 804 923 625 389 453 646 172 65 374 380 864 
639 575 750 9 499 458 341 434 440 141 206 666 46 371 205 278 967 99 596 
501 431 438 758 570 831 436 199 936 297 
146 790 491 21 794 245 863 473 285 800 335 190 38 475 810 171 211 714 651 676 405 996 884 463 940 
341 537 611 486 9 10 696 205 273 941 
376 865 170 388 120 901 348 933 56 249 299 
41 622 410 626 202 608 557 787 368 302 192 80 
837 666 631 910 480 10 499 341 630 901 300 
706 5 909 690 719 509 768 650 560 93 571 205 981 
41 622 869 845 169 313 42 579 326 884 244 608 202 161 880 327 749 984 527 505 934 
883 873 212 144 887 791 860 807 975 935 234 
685 679 450 55 850 505 136 620 841 664 955 978 297 434 
763 535 287 389 374 646 528 945 999 12 
842 196 429 89 832 416 176 195 297 239 539 915 470 
763 804 123 636 535 923 943 138 389 625 80 172 528 428 453 374 231 185 958 999 207 760 683 
839 638 920 160 426 180 378 534 412 688 194 85 106 264 563 358 186 959 985 990 387 220 790 
166 558 354 346 914 530 816 111 288 308 24 463 545 348 
471 562 290 391 23 916 22 324 382 437 1 424 802 796 394 398 710 291 908 189 228 602 268 164 282 891 469 809 444 360 629 974 993 558 217 616 480 
346 166 606 479 288 699 558 652 513 783 354 644 24 229 361 913 519 430 914 60 566 352 463 331 407 258 111 675 786 308 816 689 969 316 174 585 698 
90 850 733 685 843 55 580 395 27 725 136 798 73 781 120 
677 159 527 673 613 857 137 823 83 274 375 401 982 
41 749 557 92 42 121 214 787 326 579 161 869 920 250 
448 170 78 501 754 865 199 8 292 919 710 
606 229 783 111 558 166 258 240 346 407 271 798 
840 329 136 112 345 13 720 538 510 154 40 664 104 693 928 764 131 73 119 250 395 805 745 760 620 657 20 878 340 82 700 924 942 733 850 148 585 90 12 902 183 970 983 
377 568 30 885 751 99 524 735 369 122 209 504 165 58 551 220 728 698 659 619 162 320 870 293 118 303 79 663 708 904 385 561 583 370 284 559 488 476 963 982 987 1000 337 777 731 463 
901 799 865 359 436 8 388 120 895 600 
763 287 945 625 453 636 231 185 535 123 374 428 804 172 999 459 
839 638 264 85 358 180 920 532 160 378 224 688 534 106 822 186 946 985 990 476 417 797 
709 928 154 395 55 733 620 585 843 538 337 519 694 
83 900 356 295 857 677 827 472 838 70 823 613 971 681 585 
767 844 727 401 624 183 678 289 481 154 34 
128 956 568 753 118 524 559 219 656 551 771 30 370 275 663 218 79 761 982 1000 693 808 90 
336 621 323 807 269 213 782 44 311 404 460 718 873 887 589 144 898 860 487 746 400 127 459 975 981 995 17 756 760 
47 318 200 483 371 434 480 486 145 273 537 882 253 741 365 868 967 624 
398 578 189 469 853 724 730 726 421 790 63 
392 145 141 837 318 741 932 750 965 68 205 86 257 836 779 46 204 9 341 480 409 10 278 770 101 829 806 236 47 411 789 590 987 
355 435 517 692 742 321 717 403 464 729 762 188 516 276 372 96 702 
689 699 332 468 166 949 24 519 354 847 
355 614 435 692 188 742 113 35 522 157 717 536 955 
704 961 613 242 823 375 137 577 15 925 295 70 507 997 251 583 
590 391 454 515 444 290 424 802 413 871 
207 683 721 461 856 199 262 702 124 330 758 376 865 499 649 
379 107 515 590 413 948 49 922 314 785 62 140 421 282 977 992 579 
466 781 873 446 210 589 964 511 594 485 791 887 640 600 807 396 772 864 941 718 686 53 44 860 213 487 144 707 903 247 459 197 400 883 995 720 505 112 978 
593 422 839 194 264 920 358 180 160 855 657 
268 847 908 730 802 602 974 167 471 342 394 107 992 449 988 
505 942 82 260 841 395 693 840 720 745 760 975 209 
346 519 786 468 911 715 644 229 913 652 354 463 166 158 558 258 283 844 
830 797 569 598 425 713 521 277 2 897 133 815 740 
873 903 247 495 628 640 531 466 860 782 400 594 964 511 269 36 939 
559 29 963 504 79 165 595 34 524 238 956 583 99 370 230 619 209 761 508 653 293 284 568 870 451 698 851 162 377 266 735 987 831 894 459 951 
788 691 402 227 927 828 12 32 232 955 330 
169 161 92 617 940 433 622 244 749 579 608 846 361 
186 822 358 946 839 920 180 106 959 896 
380 86 141 328 523 392 696 10 418 849 805 
503 906 508 870 29 956 708 369 218 982 220 698 551 300 219 568 583 347 58 235 451 373 761 656 490 609 74 732 595 394 867 618 967 
660 221 401 768 727 915 844 447 481 289 37 182 343 875 998 575 977 
788 402 773 547 927 586 470 286 32 688 97 
839 638 920 563 358 180 160 264 85 412 106 378 688 959 422 593 534 426 946 298 189 749 645 
842 429 89 832 156 195 196 416 756 253 398 
421 974 394 382 49 977 726 305 167 336 524 
948 602 802 916 847 604 578 812 398 109 391 411 140 437 661 395 
830 797 778 896 425 133 872 897 748 713 854 283 533 25 36 420 443 521 848 338 
459 887 860 210 53 269 964 197 495 707 91 100 867 544 460 498 903 846 655 600 466 97 883 975 311 726 431 999 
146 790 676 861 714 475 800 607 491 304 934 171 651 794 737 76 
925 546 827 472 545 823 613 193 295 83 615 356 536 375 6 971 270 790 589 
727 592 988 641 678 445 143 719 844 88 77 710 532 
804 943 945 123 65 636 287 535 763 185 923 625 646 958 389 80 597 453 995 225 
956 551 79 369 508 192 963 377 18 844 343 
