00:00:12.83
4750
1
7003
3501
3769
2663
9882
9979
1524
2582
10
11
12
5245
14
6548
16
3986
8523
9201
1335
6668
1111
8719
3421
6747
26
9867
4497
5594
26
5319
3844
7651
1112
628
2916
1956
9790
39
7456
41
347
5402
44
9772
9157
1820
5027
5852
50
6514
7310
6169
5781
783
56
9762
2239
5699
1979
61
3156
8519
4014
65
4242
1485
6129
5351
6551
5717
322
4217
933
6199
4252
9151
5407
6761
3342
177
1924
3404
4704
8257
2125
8814
5488
1889
7861
385
3713
1912
4291
8495
96
1560
8440
5408
100
2963
6545
9044
6831
4142
3048
5012
3873
2581
110
111
112
9475
4935
4840
3483
1058
5391
2744
4699
2014
7613
452
1426
125
4250
8905
918
9455
1889
2688
132
4363
5807
3059
3284
705
138
6218
4077
1766
2610
4805
1861
2740
3243
147
1471
1564
6862
6439
9095
2103
3666
1747
156
157
6523
1303
160
7445
4094
3360
9714
2744
5062
8199
610
7126
4546
1150
4938
4392
1766
5160
1110
9414
3213
3286
1014
881
1314
655
2427
2433
3682
8390
1491
5868
5091
8817
5120
1
232
4832
8020
5021
7596
5791
200
7255
7204
203
6915
2629
9763
430
2654
3210
210
6439
1820
4085
2892
7821
4967
217
1119
8278
22
221
9108
8086
863
5534
2948
4082
7457
6240
5239
231
232
8199
234
2074
236
237
1575
132
1582
241
610
243
8719
245
246
651
1066
6931
1647
2488
1309
1924
9728
9672
9447
2476
2237
7536
260
1871
66
7573
264
5025
7162
25
3557
5661
9036
271
272
9404
7655
7892
9751
7732
9910
3319
8321
8573
8059
4105
3834
6517
7126
6848
4474
8786
1501
3630
4481
9569
2412
9872
5682
1140
4735
554
1939
9855
302
7641
5632
1642
4268
4470
568
8642
5185
3632
1347
7374
1316
2514
5343
317
6226
9086
8061
7844
322
6597
2995
2194
3213
3192
2102
4867
5914
7505
1948
1056
2886
1663
5712
554
6240
7183
4438
65
725
8573
778
1693
8792
6528
348
5607
1697
9482
1093
6899
7897
5126
3156
7125
9416
2880
9851
7569
5727
4832
364
6215
1939
6586
368
9471
8163
5876
4005
3007
2436
7577
100
8224
378
3764
4085
5448
3846
6334
384
6835
1141
8312
2491
1473
808
2129
8208
1726
6249
6615
2237
397
2482
7674
7360
4735
3131
7905
5395
2992
5147
160
7363
409
615
411
3606
3465
414
415
9644
4130
7275
5785
8589
3671
8190
2720
3426
132
2660
4805
2009
9480
367
5604
5707
6455
734
435
9310
437
9774
8792
3847
659
8394
3470
1590
2588
8589
653
9065
8262
6460
3458
9176
9127
424
455
8163
4983
4086
9689
3421
4468
5534
463
3692
3384
7152
6263
3421
4084
5717
1111
1511
473
7374
2692
4790
6444
1820
6919
480
8256
2112
483
9650
7884
2032
487
988
7838
4140
491
402
3138
9385
9435
6444
157
9821
7259
7116
132
5506
7319
8323
4882
5985
4205
5653
7353
4130
7267
9388
2178
6981
3906
1402
517
2649
4990
1852
6140
830
7445
9867
7665
4079
6561
528
4119
9153
1708
1056
9404
4052
972
5133
6740
2023
4901
1112
1123
542
4836
544
231
881
9471
1588
4460
6818
774
7073
8443
2945
555
6919
3461
1055
1079
7306
5319
4771
4824
7914
6388
3675
567
3250
569
4251
3783
5979
9741
1726
575
6981
4584
7859
9124
580
33
6809
6816
1814
44
2000
9010
2784
5682
7474
5727
4481
2026
304
8925
6990
597
598
4568
910
7457
9615
3243
604
605
1232
6722
3581
609
1335
611
3764
679
6558
615
7931
7861
5012
5707
9639
4704
9905
9973
624
8781
1560
1238
5966
3008
7215
5398
9472
6171
634
3158
9715
9144
7511
1587
5802
9950
997
7193
9788
5160
663
647
7544
3421
993
2845
5137
8231
5402
2772
9205
5632
7979
9324
4804
3665
6116
663
6891
5319
4039
8366
9990
881
9279
2173
439
1300
2478
1834
4627
3472
8628
1263
680
5423
4990
2883
7700
8455
7862
7513
5829
3046
6102
8755
660
8067
6460
2991
696
8261
5193
2211
7648
1384
7915
7519
4474
5080
19
1004
4298
2777
2736
2478
6288
713
3424
2387
7777
177
6980
3964
5555
4059
722
723
5633
9650
2179
8814
6848
7890
2356
2736
2304
7597
9986
6626
7445
2346
1
4068
740
8257
9880
4843
1619
1939
1684
423
7602
3345
7376
4228
657
6128
7862
3360
3033
2918
758
2797
6388
761
7197
4447
333
1316
6054
277
227
8486
1087
4699
166
7286
774
2657
4825
6147
778
7314
5901
5791
1775
2919
6588
5653
409
5926
7803
9183
3695
4364
7500
793
3181
472
8925
77
77
9687
8618
5540
4813
974
4482
805
7424
9459
808
4736
655
454
8002
3424
2622
1513
1567
9973
8271
4584
4907
7983
9758
1719
1579
9137
3740
5038
9614
1659
830
7405
832
4334
6215
2885
132
6740
2304
9154
6072
974
8486
3129
9027
7445
846
5000
9055
9517
5169
6122
138
2006
2618
855
6821
3695
2369
378
7365
741
3601
863
2265
999
8507
157
7942
5044
4529
7159
872
873
3284
2035
4562
4903
7622
4595
880
3052
9990
883
8589
885
9637
3514
5874
6317
4823
7871
3740
5207
894
4250
4495
7947
7499
2101
796
8398
6352
3954
4651
4281
5633
8085
1775
6513
544
7152
1423
913
914
9626
6822
6371
7768
2744
480
8280
2919
7257
1266
3352
3499
5705
3286
8152
3465
7376
3629
4482
3398
6733
7376
1020
4947
3526
7192
941
9829
3237
5156
9219
946
2369
9615
3757
1037
687
8439
5705
246
3421
3022
7764
132
243
4880
3149
5251
9144
3872
8512
3925
7168
6420
969
2482
4302
972
6920
5972
6274
132
7424
4418
1250
9568
981
8299
8206
869
854
2741
8944
988
7116
1875
6747
5827
3614
7129
544
9030
997
519
999
1000
4031
2012
1110
8739
4153
8719
3425
1008
322
7193
555
5622
6065
1014
6188
1016
8519
9819
1019
7204
1021
9477
1104
1024
2900
1174
8854
1112
1757
8741
7240
7316
7534
4923
1035
3254
8518
5099
5526
5530
9341
3352
623
5495
644
8231
9502
4285
8201
2365
8492
3472
6574
4654
1055
1056
2406
2657
2772
6712
8019
1474
65
3906
1387
7817
3347
4766
6054
241
1071
1505
3572
5714
4533
5972
7678
7284
1079
3458
7410
9150
3158
4140
7512
4036
1087
5288
7152
360
1091
8818
9219
3082
4050
7683
832
3106
4036
965
3173
160
7917
4079
5831
6929
2790
8539
3114
6777
8336
2627
302
1114
4015
6014
702
1878
9292
1120
8163
1694
1123
8094
4460
5607
1182
5288
1129
1130
1034
1132
4134
3677
4722
3189
1067
7498
6675
1140
1141
1142
6798
1144
1795
7522
6603
2048
2733
1150
1144
9404
1153
5806
5766
7344
1935
4398
6214
2916
1161
6626
5009
136
3987
9838
9076
6563
4614
2565
3752
8255
132
1174
5957
132
7710
9335
5256
4432
4537
7588
1183
6603
7181
8345
5415
4281
2436
2017
4491
187
2012
6855
4085
34
2798
249
7913
4159
4136
8059
5748
6283
1205
7694
2411
260
6107
2477
6779
5880
5937
7094
4811
8390
156
8770
1219
8098
9522
1222
6779
1902
1225
4144
8589
9728
2478
9067
8493
1232
7237
1234
1235
8908
2046
7909
5853
3029
9298
2738
9594
3696
3783
8373
7679
1248
9526
4650
9555
8870
4482
1234
9914
3421
7076
491
5781
1260
8086
4819
1524
1029
2048
9012
8206
1268
3729
3048
4666
7325
7332
4339
7152
7893
6413
2096
8094
1280
6822
544
4704
5255
894
1471
1287
411
5160
1290
734
1556
7892
1294
1295
2868
793
1298
3605
8562
6809
9569
1303
3250
3472
4067
8019
5506
9176
6652
7618
6650
6739
9225
3138
9608
6512
7140
1319
3420
2518
3174
6496
2854
1458
1156
7593
1862
3164
1171
9973
1403
6455
7720
3088
5393
3665
8193
8592
2180
5872
4350
3606
9478
8131
8301
1347
2992
7259
5398
7749
2451
3488
3933
1505
1356
5872
4233
696
5423
3648
8994
2474
4933
3537
4482
9105
2524
1473
4402
8883
8280
4481
4349
3521
1376
1377
1378
9900
4554
5455
4905
9790
1384
6963
1386
1387
4132
8418
2945
7962
8170
2622
4124
4863
1500
5727
4024
3605
7809
5232
9478
4098
5383
1405
6274
8778
5934
6685
972
8006
6638
1413
5826
7346
1416
3757
6032
9124
4935
4791
6980
1443
4482
9650
1290
8166
1301
7962
1928
5573
863
1433
9418
8755
7543
1437
1438
1439
1440
1441
7764
571
6274
7637
3048
5247
4483
8233
940
1451
1452
8664
5801
8958
2406
4701
1458
7008
6464
7278
1642
3510
5214
2663
4935
3254
7152
3338
6868
9367
6870
2320
1474
1387
2270
3666
1478
1980
8067
7891
7222
7756
9206
1485
1486
5062
7651
9234
3867
1491
3134
7263
570
7622
3393
9095
4726
3585
1500
8335
5728
1503
5146
1505
4014
4078
4481
1509
9946
1511
7301
1513
4427
2031
8500
6245
7819
5988
6235
7651
5622
2032
166
1525
9753
7852
6922
9076
4614
4482
2017
571
8539
5895
8507
9653
2394
4062
1698
2176
1567
3539
1913
5712
4447
2922
4933
8432
2883
4651
367
8366
9886
7331
1556
2172
6771
1559
1560
5860
7536
4033
4711
260
9562
1741
8006
584
604
7861
1572
4064
7707
1575
9867
5428
6223
1248
7474
4251
1582
2106
6230
4291
2692
1587
1588
5832
1590
1298
2499
2655
9986
7828
657
7044
24
1599
2637
5818
6832
1603
3614
166
4351
5492
9512
7766
9225
7456
3953
7868
4191
7456
6305
2385
7897
3047
1182
8592
5577
1623
1525
8605
8361
9438
9644
6393
8809
2451
1837
395
1776
5887
3544
7502
9650
9557
3421
1473
1642
3163
4677
4306
4803
2936
4640
8713
8055
7105
7132
6712
9832
9749
8255
9626
1716
2906
615
4656
1662
7603
5374
7172
1666
4198
2557
9908
2023
7316
3849
2788
9882
9201
597
704
1225
1423
4063
6815
3322
9437
1403
6248
2134
9525
1688
6834
5102
1159
411
1693
2892
6795
7674
1697
1014
6081
5399
9149
7966
2173
9003
663
8589
3614
2006
1709
9918
1377
6357
7700
2023
3133
1716
4675
7363
5880
1820
2103
3805
2718
8255
3351
70
568
232
4569
6471
9714
1732
1733
609
6514
3510
780
7890
9691
9772
1741
4982
8193
9095
7059
7474
1747
4957
519
3775
1015
8420
895
149
9947
5840
4491
1758
2720
1760
217
6622
2150
4940
6753
7023
3962
2061
9763
667
5285
5293
1773
4763
8240
8905
9788
2844
1779
407
1642
1782
9151
5402
4482
1627
5728
7076
4302
3651
1791
9763
1066
8361
1795
5556
4233
777
199
1119
2278
1802
4181
6038
1808
659
1807
9608
9788
663
2253
5858
6359
796
1815
275
9144
5399
1980
2140
7617
2648
1823
2391
2854
6740
66
1376
2084
7238
4544
1011
1833
1834
1000
3322
6153
1447
4587
6841
2844
5423
3809
749
8518
3427
5705
4009
9635
6600
5530
1852
1912
2103
2809
6485
1857
4348
5460
2084
7694
1862
1980
4284
8446
1314
2569
2906
5053
6359
1797
5765
6697
7943
1875
3696
4893
1878
5428
7152
8301
3557
1883
1071
1885
1309
8466
634
1889
1156
4039
4777
5807
1894
1502
4829
5367
6171
7414
9054
4888
7786
3052
6455
8809
6774
3687
3008
2349
7766
3987
1416
1913
6617
8462
2074
2661
2070
3675
6841
8335
869
9734
629
2962
8402
9376
6825
1579
4018
6891
1963
5146
6485
7546
8960
7109
2527
1939
8371
1941
8500
5832
7465
3237
1710
1947
3298
4351
9201
1474
8201
7259
2637
5868
1956
4339
9594
659
8569
5078
9104
6677
3147
7263
5078
3210
3241
1378
6413
2577
2046
645
3194
5709
4474
3488
3963
5000
8462
879
1967
7719
9608
1174
1986
1987
8951
8085
2991
8067
1992
8123
4665
7901
1996
5801
7608
7125
3764
9010
1285
8645
6140
5439
2006
5431
2008
1782
9204
2011
5135
1494
2014
1215
7749
2017
8724
6778
149
2478
1142
2023
1113
7678
4229
3743
5604
4554
8013
6188
4454
3775
5347
2035
3752
6001
3268
8826
723
2041
5141
7957
41
3327
8825
8444
1822
7417
4349
8908
8199
6038
4859
4595
2363
3950
2546
2798
3967
2061
1779
7260
2064
1160
4435
1383
6548
9754
1009
5312
9514
6978
2074
6491
4101
2077
3241
1074
2956
9615
7355
3933
2084
8701
1797
2087
1719
2089
5255
1489
1511
3853
7984
4402
9759
4562
8243
9914
522
4742
722
1786
6569
8098
8705
2014
7204
476
7171
1814
2112
7901
4777
4804
1307
6647
1171
4537
6465
7136
5125
4676
9396
8425
1709
1141
854
6913
7960
2465
1486
132
8542
4488
2136
5571
4378
5025
2185
4703
9139
1029
7698
8117
7168
4348
8165
9173
2150
1280
2152
1268
2102
5516
9787
7393
598
2488
8518
1590
7009
2163
3862
7766
3166
1732
2168
5148
210
9514
2172
4867
1074
9313
2176
1404
9274
2179
3774
7805
1293
8163
6608
2185
3597
8160
3398
6795
8199
5460
9277
2330
8961
2210
9299
4899
3461
2146
4742
5818
396
9979
4938
2026
8960
3132
7879
2565
2210
2211
1861
9780
6617
7215
2473
3537
1913
794
2378
604
9672
7569
277
2225
5347
1820
7451
2229
1963
2356
845
1410
4843
8778
5423
2237
8125
5351
9384
7908
2242
6328
6915
623
8961
9884
8618
4219
5713
1979
8411
2253
1500
5712
340
8126
3630
2299
7170
1452
4499
7757
7023
2265
9153
1962
2736
1924
2270
5885
4621
1474
9299
359
9651
3439
2278
1268
3504
6441
1266
3932
5474
5221
3426
4703
1775
6081
3169
4184
1834
6223
5252
5682
7966
7991
9341
2299
6318
2670
7218
3823
2304
1832
7794
4804
3168
8826
302
2311
6214
2313
9254
4365
6777
9067
7577
256
5620
5009
5530
5912
4119
5984
5286
2327
4948
4447
2330
1146
2180
9022
1575
4334
99
11
3552
7219
6912
5984
9594
8964
5009
7801
95
532
2648
2349
2784
3984
2352
8630
236
4529
9449
8048
3988
2359
1693
4561
4960
6900
7259
2365
8683
4489
1564
2369
9299
7162
8036
3241
3950
5872
1509
7991
4803
7480
95
3766
1810
3082
4810
1114
5112
9850
5916
8141
8519
2391
8501
3597
6465
2395
6951
8992
5627
8905
7685
1659
2342
2403
8006
4350
9286
5634
9624
1017
4948
2302
2412
1386
8276
2415
4645
1820
5423
2523
1539
9351
7164
7386
4668
2425
3809
2453
5394
2916
1304
2162
8330
2433
6226
9722
2436
7895
5899
5512
2440
8009
6582
6402
287
2445
6875
5506
7866
1556
993
2451
6574
9091
4418
2769
1510
3557
4530
6647
5213
8157
5591
1447
487
2465
6798
8616
8244
6638
7828
8847
9837
620
2474
2291
2476
3262
9514
4860
3320
9725
2482
5929
7451
5050
5347
2487
8403
9576
5357
2491
4740
6480
6107
2030
6508
8323
5979
2499
5394
7300
1021
3925
6899
7392
423
8125
1852
8705
7073
3962
4928
532
2514
7505
574
454
2518
4052
3924
2087
9513
5975
8646
2525
7159
7007
570
9108
7220
706
6121
8542
4193
6919
894
4555
8798
9114
439
1539
611
847
1170
2545
2546
3642
7474
1741
4542
472
6947
403
2466
986
4219
8788
3805
2559
4298
1732
9691
1384
6178
2565
5975
5252
8205
2569
3824
2347
8556
3950
2574
6823
5627
2577
1079
402
1114
7224
2582
734
5051
188
4286
9772
2588
125
2590
2591
6963
6001
6363
132
2596
2930
4775
435
9653
8441
8443
2477
3088
3183
2456
9562
5862
4746
7546
5275
8827
7284
1623
3734
333
3231
1182
6831
6334
3752
7183
660
6170
2821
9930
2627
5626
6247
1912
2835
2942
9286
3472
4627
8664
2637
612
4832
9388
4740
487
7331
8927
2349
39
272
3586
2649
4454
5399
2652
4960
1942
4789
3477
9418
1992
1335
7771
7863
2433
2663
9335
7146
9805
4701
9753
9055
2670
6121
9157
4298
4840
9663
8883
4400
3834
8095
3775
8776
4722
2411
2320
5687
8817
1473
9834
1567
2690
5292
4093
7952
9502
3052
6171
6872
7588
2119
1018
3671
2936
8360
1263
6001
5472
5972
8126
6997
7111
3481
2712
7623
9036
2652
2716
706
8378
7300
9228
1484
3527
8346
5147
5883
7866
3846
1662
3549
8958
986
4750
9179
2031
3286
4313
8589
9568
9759
6387
2783
1967
1011
2744
6328
4398
8411
8683
2347
2859
186
506
5861
4968
6600
4423
6169
3897
5807
8847
4997
7793
9851
9855
1573
396
4423
7209
2769
7376
941
757
8870
5975
5141
4349
6920
6218
4829
3924
2794
7203
644
9699
7903
2942
6190
2788
1758
7914
8986
1539
7879
2794
3348
7821
2797
2474
6686
4309
5816
1225
9447
9651
2805
9815
2557
2525
3853
2440
9718
3252
2813
1956
1861
2816
923
4898
8400
7573
7550
5402
9909
640
8744
8029
138
913
6263
1018
2179
5510
3129
8390
277
7875
5521
9635
3543
9307
4122
5367
555
2844
2845
2521
2847
3531
9456
2850
237
112
3774
2854
4041
2518
3678
6891
2859
4746
2996
8905
1474
7197
2524
1167
5488
2238
8971
3114
430
9367
1441
2581
6735
3123
7319
2425
6367
19
5585
4982
6496
2884
6644
2886
770
2012
2889
77
4931
4472
4051
8616
1862
2951
6427
8599
2772
5932
7133
3816
3319
8882
3526
2906
9404
873
2411
1615
2809
3070
5160
6252
7593
1020
2917
8486
2919
508
5394
2922
6983
9652
6927
9821
4536
4470
8205
2930
2931
7809
6517
1832
2346
1215
9088
1153
8299
8991
9153
2556
9399
2177
2945
1599
2947
7322
541
1773
2951
8336
504
2954
7499
2956
55
690
5513
7831
7948
2962
3676
7848
2835
8256
2741
2582
3934
7085
5347
1140
4500
1912
6682
1016
2794
6733
5220
4235
972
210
3873
9010
3421
6944
6385
75
4771
2988
7213
8493
5256
1822
2995
4500
8232
5495
504
2383
2548
3002
7512
7220
879
3008
9108
6984
2173
7094
5352
2935
5156
2718
1703
3243
597
5534
4541
5402
25
9615
9988
1491
2112
6260
1460
6872
3029
4821
2962
3853
6816
898
6740
9181
788
1150
296
3040
2376
6014
9776
3009
4220
4482
1786
2610
2690
484
4198
9153
2461
2510
9946
9612
6848
9759
3059
4483
3009
2146
1820
6717
9280
397
9385
5656
6978
3070
1
4499
9168
5508
4398
3867
2097
7549
4104
1820
6835
1248
1634
4134
4666
9756
4237
3088
2657
9363
249
132
6429
3094
9522
6128
5868
1104
2097
2023
3101
7396
8926
6165
9909
3106
7125
6247
260
2992
2739
4508
3988
9299
7536
7168
3117
4677
7863
1820
2654
8654
3123
4854
147
9782
9363
8393
858
953
3765
5482
3384
3134
4400
8276
157
1820
7569
9749
6307
4349
1049
9138
3319
4242
6625
5253
3149
4363
7360
7219
2661
5272
2253
2912
6751
7917
2030
6262
3740
1120
3514
3164
2103
3166
2172
6626
112
1728
6165
990
6098
6625
506
5840
7707
2058
64
4955
6821
2862
3183
11
6650
7534
2356
9884
3189
5061
3661
4901
2123
9053
6994
474
3740
6311
1703
8670
200
4094
5667
2631
6107
4129
9576
5232
3849
3210
1017
983
3213
3214
5591
9173
6325
6215
8730
4438
1639
3740
3223
8439
7732
9986
793
876
2041
5872
9977
384
3192
7316
9718
7526
3237
7868
3046
2167
1697
7857
3243
6437
5874
9882
5347
5315
1295
3250
1800
4482
819
6433
7905
865
3257
2649
5099
3260
7260
3262
3263
9028
8655
5901
9383
3268
610
2738
3472
5923
923
1503
5415
4005
5714
6823
5979
2995
2017
3499
3537
3284
8261
3286
815
6214
9988
8579
402
5272
7676
7283
8301
5082
8000
3298
5540
6559
8825
2
9513
1474
7562
4734
473
9468
4825
522
1485
1175
9788
1424
3586
7577
1780
2660
3689
3320
7941
6835
4676
7859
1942
2805
3327
3008
8642
5247
3040
4693
6328
855
8575
9456
487
3816
3687
2690
2147
8178
9562
2387
3345
2954
3347
1579
6946
2560
3351
85
2411
7390
3667
8384
2936
7522
9780
3360
2849
8542
4968
3364
6931
3047
3047
6388
2150
7265
4370
7471
4497
5062
24
463
7527
3597
1137
6092
8101
4073
5423
3384
4760
5645
7801
3388
4864
7957
7105
5662
3393
7155
2790
5872
9775
1857
3345
3834
624
4370
2272
455
3527
437
4229
1575
2942
9753
4274
5656
9452
8767
22
7821
8112
544
4854
3420
3536
9444
1470
3424
3425
3426
8791
8141
4903
8443
4181
8400
5578
1426
2930
1568
7596
4098
574
6213
6617
8972
9278
5703
9298
8936
3447
1294
7565
1179
1802
1474
1266
2330
8020
1639
862
3458
3123
2466
463
5230
4944
9881
4093
8000
3953
2427
1559
3470
6135
3472
8255
1800
8043
4621
3477
7391
6428
4898
2012
2136
3483
4650
5356
611
1791
3488
5407
8394
4703
7219
3173
9815
2850
8747
3205
2239
3499
5709
8324
9144
6668
3504
8360
6825
5765
880
913
8017
1820
3838
8788
1773
3515
6582
6706
2541
3796
9753
8321
5578
7030
2510
1634
3526
3527
8243
3421
9367
3531
5126
7613
1403
4460
5516
132
2821
4278
8535
6231
9377
1640
3544
1017
1541
1852
1947
9280
5343
7117
1507
1405
7838
9612
9217
8233
7438
4131
6509
4142
2919
2119
7774
815
1501
3567
3950
2103
4656
8224
3740
1376
2088
4706
1347
3128
4116
4297
2403
1443
8247
2369
9897
4718
6465
8616
1628
4982
9104
872
2690
1702
6252
7901
5932
6740
2805
1705
9292
3601
1524
6365
8993
3605
2551
5423
8017
9324
6512
6294
6962
297
8561
234
1885
1645
4291
4064
6255
3047
4495
1875
6260
862
2545
8039
9562
5519
5125
8647
3632
9105
7892
9278
437
4084
8589
7719
177
757
9176
5988
3651
8262
5907
4184
5156
2646
7982
6834
1445
3740
245
7365
8335
56
8719
8262
1779
3661
5632
5685
629
66
3385
7170
3421
3669
6976
3671
1709
5428
4438
5969
3676
227
3678
6165
4198
4489
6032
1795
9149
8664
5374
6772
216
3114
628
4682
3692
745
3189
3695
3696
3697
166
6398
4655
9882
9414
6239
5969
4107
2161
7030
2546
1439
6928
1252
3614
3713
5870
9114
1303
7503
7471
4601
5682
6563
745
3072
9480
1902
6907
4947
2242
3897
8324
659
5343
6208
8244
1344
5653
4093
9416
5448
5853
9027
5622
5969
3744
3745
2102
9094
902
1445
5966
3252
112
7019
5367
6269
3756
9725
6431
470
5703
1321
476
879
6180
9307
9602
473
2690
3769
4086
7683
1619
6116
1667
3775
5966
4854
3867
914
2385
2074
5086
8170
3784
5993
1640
7891
6515
9422
7526
3791
4980
3688
5934
217
3796
9838
3420
6515
6283
8403
4885
2610
4746
8708
3521
1560
655
3809
4199
2954
4184
9754
3537
5367
5899
1747
4967
4062
4907
6413
8199
2272
8670
9794
4551
1004
4235
4863
8646
1114
5829
6480
9750
7863
4306
4334
3838
4441
3840
2783
6913
612
85
7747
3986
3847
249
9363
4348
3117
6928
3769
7320
3855
9445
4500
1802
2514
2720
9881
3472
5872
3864
8029
680
3867
188
3840
6201
7791
3872
360
7947
6951
5439
1808
3878
2032
6875
5141
845
3205
9855
3885
4508
6489
5256
1070
5643
1820
3764
2032
8741
1290
3862
7588
455
5027
455
4888
9454
2618
1232
8403
2885
1016
6657
4668
2071
7181
8924
3740
2618
322
6122
2147
9444
3398
2261
9790
5519
1437
9930
5876
9523
3927
4947
5203
3630
6827
696
1619
7817
8126
3047
7320
8562
6652
6367
575
4497
6625
1667
7884
6226
8791
4331
5705
3823
858
3320
1703
1473
9568
6245
9725
7648
1255
9367
2342
3630
1807
3964
5573
1786
3967
4468
7759
6569
3926
4122
7136
4302
4068
9637
8373
5916
5901
5383
8507
3364
819
3984
8519
9750
5124
9722
532
2813
2739
195
7386
902
983
8630
687
4813
6962
3051
9880
5402
4003
8994
8238
9769
2720
7871
4009
6389
1000
5645
2453
4014
7129
8924
1829
24
3352
6740
9086
9411
8206
4024
7019
8664
519
3740
9785
4030
4031
732
4735
5482
9557
9617
347
3625
4039
1800
7355
9006
1912
1513
4791
567
3677
1193
3945
1582
9776
6363
8997
1402
2835
4200
4057
9644
2302
4836
9474
4062
4063
4064
2185
7474
4067
1833
9872
9086
8825
9652
7011
3367
9181
2629
6740
5357
4079
4711
8112
2948
6773
3796
4085
199
5462
1864
8208
6735
5486
4933
5642
8662
3606
4243
5359
687
8589
9435
933
4880
6371
330
4824
9551
5979
9652
5969
2009
7803
1167
65
9909
9741
2880
2853
5665
359
1807
8148
4821
8206
4124
4199
4956
9145
8943
4129
2476
4131
1640
5661
4568
1250
4136
6827
5356
3740
4140
5801
4142
5529
1837
5660
696
4142
4272
740
6735
1287
3964
4153
1833
2046
3421
3363
7883
4159
7719
6467
8317
4163
4164
9809
6733
628
4587
6756
4170
6201
2394
6315
6245
7108
2520
7132
2191
7931
3599
3729
6074
5687
6305
1820
1973
3351
4256
4059
1703
6230
6984
4193
5742
2168
1875
2087
4198
4199
4200
271
875
4203
6588
4205
64
783
4864
8713
2741
3539
3299
2237
517
9829
9993
4217
4218
4219
4220
3372
1829
1928
4432
7698
1137
2168
2495
4229
7255
2070
9204
4233
4151
4235
7824
9328
4504
3103
1009
5643
1823
4243
4532
7698
1491
9718
8741
6186
4250
1820
6935
1813
580
8964
4815
1235
6315
9800
6343
1433
4262
5630
3316
4435
5957
2557
9433
1833
4835
1760
304
7623
4274
7674
7457
7831
8560
9917
105
1620
7709
9762
1255
5360
5880
5521
6617
4041
4290
4551
6199
5699
9482
7353
6997
4297
7213
6551
3384
4301
1260
9127
2
4130
8046
4307
105
1252
8501
6673
4312
9577
6213
8975
3651
5665
2796
6286
1024
2474
1049
3677
9133
4104
8441
9335
4278
5827
4816
61
986
8646
4334
4785
9278
6143
7947
202
8137
7655
3158
9981
3515
2712
2176
3667
8199
7618
4350
4804
8100
4131
1018
6944
7505
571
2242
7908
6227
3436
8589
5620
2885
4365
1316
2119
733
7757
4370
6147
1153
977
2901
2247
66
2238
4378
7267
6892
7777
858
4542
7322
9399
228
2740
6121
4732
3809
4119
4392
5288
4394
6947
16
2918
4398
5851
2425
9030
8141
55
918
8160
7589
1820
7575
5478
8562
6271
898
5934
2916
5148
9513
5602
4418
8029
4233
6763
4400
4423
4424
9154
7036
4905
4682
2931
2629
8088
5125
1910
9886
4435
2483
4865
3046
3404
8384
4441
5728
7278
6875
6944
3009
5316
1129
4811
5555
7500
9617
6944
6777
7454
4456
1175
2986
6926
4460
1708
5801
732
1053
8366
4517
3470
407
7608
4470
3963
4472
6586
8565
4397
8817
4130
8527
1458
7009
7527
6240
4816
7410
5117
4718
4015
4488
6926
7868
7183
2514
8589
9855
9981
8366
4497
805
4499
3421
6054
1130
348
2415
7511
3047
7009
9993
4509
2096
4511
4729
4268
3729
6186
8157
4517
203
847
1248
5550
4522
5818
1252
969
1159
7209
7886
4529
1883
2572
8719
4677
9454
4535
4536
4541
1802
4539
6852
426
4542
427
4544
8781
4546
2559
8589
3808
3399
4551
484
4553
359
4555
7300
8798
3213
9929
3421
3986
1576
2147
8647
7506
9687
3666
4568
9407
4436
9341
3791
9222
3286
8208
6922
9030
3791
4613
9821
8997
2892
245
5415
9525
256
6081
1891
5862
2467
729
9206
2796
1822
4595
8131
8438
830
4599
7126
4601
3870
4219
2788
216
8163
9751
5748
9663
1285
9654
4731
4613
6067
4094
4616
6809
702
2461
9195
1920
2889
5570
9289
5585
271
6712
25
297
5078
1663
6107
2355
2877
4504
9614
4637
5220
7007
4640
6872
8776
761
8438
4645
6548
8642
6327
9517
4650
2008
1694
5247
8412
4655
3585
3163
1008
4840
3133
2162
1837
5513
7168
2548
757
4504
4668
5402
850
6763
9471
3286
1018
741
5308
6582
1295
3563
7129
6013
3885
5239
5627
8739
5365
4687
1987
3740
9076
7159
64
4693
1021
7848
132
8920
6107
8054
317
1222
9780
9861
364
5018
7786
8315
584
1688
3682
3052
2313
1293
2092
1233
5115
221
4718
9637
5907
1642
4561
4619
867
8190
8605
9790
7288
4142
5526
4731
5423
5366
4734
3536
4736
1587
2988
9364
1522
8724
12
4888
918
1522
4746
340
8492
7915
4750
4999
6441
6129
9734
2330
3258
7500
1295
3765
4760
3169
9770
6073
1445
8232
4766
1037
4052
3606
5426
4771
5642
1424
7176
4775
4990
4777
5186
1642
5383
8026
3882
1962
6311
9050
5506
5985
2816
8791
4790
4791
8773
6098
4919
8786
97
4313
7768
2733
9711
518
9946
7008
4101
4805
3194
192
8712
6389
4885
4811
1160
3531
869
4815
4666
3240
7518
6559
3149
4821
5858
4823
4824
4825
4333
567
2956
4829
8776
2991
9438
3703
3648
2048
690
7794
9422
7607
4840
6057
7108
4843
2302
1719
2716
8346
4125
4849
1710
6318
7811
100
476
749
4856
4980
4982
5091
4860
5832
9782
4863
8641
4865
4619
4867
9809
2947
24
4105
6187
4218
3048
3855
1871
6508
1067
1757
4880
1304
4882
9171
8573
3129
4057
4893
9154
5662
7749
8439
6367
4893
8170
4243
653
7156
3123
7353
9749
4901
2934
1878
3481
4050
4058
4907
5668
7774
4302
9863
9197
156
7948
7886
4916
423
8163
9075
4847
1576
8137
4923
8560
729
5645
8148
6920
9637
3413
4290
562
5253
7991
415
3223
5448
4938
5212
4940
3897
2510
1705
4944
4039
4771
4867
4676
9929
4463
6301
1645
3864
9399
454
6981
4957
5195
3298
4960
4835
1992
8944
8623
8457
9988
7306
9027
9234
5852
2844
9145
8232
4983
3845
5351
2631
5078
147
2847
2299
1160
5806
5876
3363
6262
7665
8565
660
4990
403
869
6551
9364
2061
9003
3834
713
4999
5000
7960
6143
7984
2716
2304
3166
9151
8393
1791
1137
1279
3425
1433
1255
3838
2996
7602
5018
7471
5426
1074
630
1548
2038
8443
385
5027
5147
1056
5204
7705
5823
5805
5286
4463
3740
9274
6213
2545
9377
8020
1791
2712
5044
5204
9639
1424
8573
5049
5050
472
9884
5667
1474
4307
439
2071
7914
5059
667
5061
5062
814
7404
1220
1494
7133
2877
2225
3801
2365
4650
2648
6402
9150
9608
8321
4098
8940
794
2652
5082
1502
4306
4364
6624
9321
5634
1452
4682
5091
2525
4888
4063
1176
8176
5274
6415
7908
5100
5993
5816
4791
6107
7764
6713
2161
5978
5310
1176
2152
850
7111
1020
5115
5213
5117
7788
4331
6822
2365
8268
5123
3501
2103
6365
8272
5169
567
241
9414
9204
5133
4517
5135
4990
5137
7941
2058
7710
5141
3697
64
9750
4348
5146
8680
5148
9428
5150
7298
3801
6305
7172
6528
5156
377
9809
6474
3250
8168
6804
7344
5365
6398
1744
9950
5285
1307
5059
2356
6561
33
7970
7109
5100
1522
4220
334
1910
9027
6081
8589
8992
5185
5186
645
5519
2106
741
1864
7405
5193
2849
1248
5519
1486
562
470
6545
4994
1470
5203
1016
2912
9930
4722
330
2101
5210
3327
5212
6190
9003
574
896
4153
832
4268
9083
5221
7105
9775
485
3791
4159
5805
4082
3132
5230
5347
2986
2395
1588
8589
3169
7310
1130
8831
4775
6673
3986
1645
5642
5245
5573
4116
6420
1627
4662
5251
5252
5253
3421
5255
6431
2352
8330
6844
7890
2456
4997
3347
5645
9468
689
1576
4151
5478
7608
4290
5239
6753
5274
5275
1404
5137
7550
6474
7586
4307
6215
5283
1019
3834
5286
7725
5288
5289
4441
8599
5292
5293
3388
6269
5727
8080
1941
5299
6316
3847
9715
6624
9091
6476
1567
5307
4785
6317
5310
1491
6067
8271
5705
5315
5316
3342
4999
8163
2484
8974
9341
426
7094
9519
7363
6417
8840
9075
5330
7265
2342
1782
5478
9364
9028
5887
415
2178
7352
7011
8224
2548
2572
5916
9576
3439
1726
9026
2477
8993
5352
7701
6892
7969
5356
2578
629
5189
5360
2917
6433
4706
5979
5868
7374
5899
2657
628
2660
334
6653
1130
1776
4901
5299
1739
5705
5112
9815
1187
567
1093
1694
5059
7257
9298
2524
3629
5080
5391
881
5393
740
5395
3205
9962
483
5399
4364
9452
9105
7891
5000
7916
4944
5407
5408
7960
4997
65
3421
7152
2476
8420
9981
6947
3427
3743
6057
6437
3260
5423
812
8054
2962
4705
5428
7059
4256
9805
414
6417
9780
5435
8013
3364
4441
6262
1471
4483
2777
8261
4938
6777
203
9433
5448
1797
5450
6006
8317
6909
2229
517
2699
5357
6844
6708
5460
9139
5462
3183
5049
187
7155
8662
1447
4905
3260
8569
125
9452
5474
3669
3071
6215
4064
986
9929
8043
5482
4057
7417
246
1616
3388
2784
110
5793
7156
3147
3286
8811
5495
6912
6038
5516
1502
8055
5550
2495
4895
6515
5505
3985
1500
6013
6638
3784
9782
5204
414
4601
9030
5785
8683
6328
8940
7720
5521
8002
4093
657
7562
2934
2140
5528
3689
8345
6408
2931
4587
4482
9438
7192
885
5292
1959
5540
1891
969
5021
5086
3133
2718
1303
5548
9205
6971
3756
7283
2008
6156
9325
5556
3774
384
4418
6989
4562
7192
8301
4968
7438
3688
6855
8317
5569
6814
5571
6944
6861
4499
4898
8579
5577
5578
7788
8402
1757
2660
5330
4983
2253
9437
6288
7465
7107
3606
1820
2903
5813
9376
4136
5596
3033
3906
5653
7319
778
5602
3338
8705
6831
5606
2622
6357
5360
246
7193
8972
876
9307
6460
5399
6311
6804
9363
1726
3086
8199
6686
132
5370
5626
5627
9770
5633
2546
4068
5632
5633
1684
8958
9068
1142
1757
6362
5086
1642
6182
3816
2146
5645
3174
3006
914
6230
3240
8345
9772
1423
423
9091
5656
4511
7883
8178
5135
2951
1078
2274
653
3385
5232
6512
3132
5569
740
5150
9886
640
7674
8009
3499
4522
8462
4763
1079
8589
2311
9257
3752
2106
5643
5687
5315
2320
3924
3167
7844
2627
5694
1548
9910
5718
7365
6311
6708
1034
3870
5703
4333
6913
5146
8398
8126
5709
1573
9519
8043
4856
5714
1113
8645
5717
8455
687
111
5212
7719
9615
2854
3360
5726
1709
5728
6116
4345
1883
1017
1146
1093
6713
9310
3743
3765
9913
6840
2901
5742
8247
8535
2798
2849
4732
1182
4050
4916
9614
5752
9413
1484
8092
9072
7077
8747
1820
8272
5357
3632
6169
8440
832
5766
4051
1170
427
6834
4163
6946
5773
4217
9091
3051
9411
6485
9715
9699
5781
5861
5985
5393
9364
1525
1437
8378
6214
1034
2903
6978
5793
9151
6014
5450
1307
5496
4302
44
4067
33
8240
3436
5805
5806
5807
4143
3932
9543
4119
8575
5813
2238
5815
6840
333
5818
3270
7290
5821
2467
5823
7970
5929
5705
5827
1383
5829
6408
8642
474
396
6183
7617
6697
1137
7519
8770
5272
264
620
5713
1473
7111
2456
5027
780
7519
6247
5851
5852
9103
4546
8123
6409
9468
2172
1111
8925
4144
7511
474
7983
4191
3549
4495
368
7813
9219
9880
5872
256
1290
883
5230
1666
3601
3784
3398
9805
5793
5883
3072
5150
7069
9800
7404
1979
8561
9522
1440
5893
4482
3625
4086
1473
506
3003
3740
4789
7152
574
9718
9914
8408
7069
5908
8163
9528
2646
774
1802
5914
296
8573
7396
780
3988
9310
8545
8739
8317
1055
6622
5926
7321
2560
9718
1599
3872
5932
7760
5934
3134
1878
4676
6246
7404
99
7238
9821
1572
5966
4655
3696
3147
3682
4016
7322
2476
8152
3231
5801
8418
3549
8943
770
5050
5352
2971
6479
9411
5402
862
5815
7623
3372
541
1647
4077
8276
4058
9569
5120
7917
4616
5978
9228
4463
9663
5982
5529
5984
5985
8589
7805
5718
8010
5091
8467
2712
5993
2140
624
6065
8130
1510
8055
6460
6001
1659
7817
2631
2577
6862
7618
6227
1074
9750
3360
9602
832
6014
4775
5299
7932
6915
1912
6685
5213
1684
6407
6024
2813
4003
1894
6771
1815
2884
584
6810
5705
1182
4205
3101
3878
7871
2514
2581
5366
9012
1948
6362
3070
2123
3022
1091
990
5526
3501
302
733
6054
9388
8525
6057
9444
3963
7544
6408
5186
5398
9036
14
3388
6067
6985
3844
8578
2385
6072
6073
6074
8346
1573
7461
2648
6178
9962
5610
1502
4301
1287
3252
5124
7388
6013
725
4181
9072
5726
7655
2917
7794
8535
6935
7011
7938
758
186
6102
2971
4534
6215
4992
6107
6385
5474
9302
3421
3543
4810
9544
5316
7676
1572
6072
8259
1377
6121
5870
3840
5526
7171
367
7848
3413
6129
6778
1620
9120
2477
5021
8778
4203
3128
6464
5937
4718
2146
3816
4351
19
5785
1132
6147
1766
7857
4785
3922
3240
6153
2797
1137
6156
3205
9908
3257
2935
8708
8908
61
7550
6165
3540
7793
5548
6169
6170
6171
2191
7863
8336
7027
946
5053
6398
1567
6180
4078
2359
6183
4535
8525
2973
1627
6188
1219
4402
4889
4134
867
3421
9743
3195
568
9774
6199
9473
8438
1087
1235
4228
3590
4014
814
7325
3033
367
5133
8017
7550
3801
9785
4198
3413
3183
8061
6246
5705
9775
7346
6163
9137
4637
6491
2352
8088
8788
4960
2395
8280
6994
6235
6187
5512
3299
9298
4005
4101
4107
7503
6363
983
1910
9206
6248
6249
7983
6467
6252
112
463
6255
3227
8168
9456
9455
2853
9150
1744
6263
4284
6107
8811
6430
3427
5548
7623
132
1114
1304
8589
7994
863
7108
796
6279
8814
9821
7109
1170
5898
6285
267
7941
3002
2089
8659
7562
4705
7448
2991
1018
8589
4228
9845
132
3147
4646
4136
8086
3845
4447
3156
6307
3540
1478
7059
7969
5831
4865
4785
6315
7838
3678
6318
6739
1642
1104
4423
4916
4307
5888
3606
1143
6328
477
6633
4546
7932
1656
8882
4825
7438
914
3703
9551
2313
5195
340
9204
9475
9221
3385
3138
4078
3173
4553
3597
6352
2991
5988
7779
3765
9321
880
1233
2466
7512
6362
2813
5905
6365
9756
6107
1029
5912
8166
6371
3046
517
9433
1161
9882
9468
8148
7394
7927
2278
217
9459
6163
2918
4655
1693
6388
6389
9168
4285
9452
2129
3689
6317
6420
2217
395
9139
5423
9672
9167
2629
7465
407
7414
6407
2906
6409
3824
9381
6305
8384
4312
6413
4819
6417
1378
7705
815
1568
7173
6821
8943
3642
347
6427
6428
6429
9652
9910
9945
5975
2988
6455
6436
9955
1773
5038
5274
8943
8811
8262
9416
6239
1279
6447
4646
9144
6938
8992
4889
7891
6772
7420
6252
3768
6926
2917
3250
2191
3194
4627
4616
6465
2327
6467
1152
1452
9847
6471
8560
3138
6474
9743
6476
4899
7456
9454
6480
3149
5978
4143
2134
6485
2646
3768
275
6489
3824
6798
4481
7171
4584
3846
6496
5027
8646
3117
485
6624
7414
4992
5365
231
4621
4859
3801
6509
7238
3713
304
6513
6514
5826
7824
6517
7159
8417
3082
6938
6248
3425
3998
1541
5100
7842
7275
6909
872
4073
8926
6931
5840
7008
4005
7298
9658
5315
7909
1959
5707
4587
4509
4107
8421
846
1810
2877
6550
8501
4994
8312
6294
2152
4829
4251
4313
6559
1174
9053
1439
6563
2488
2191
6116
8767
509
4097
3998
2492
3922
4312
2816
7526
7677
5061
1786
873
8680
5455
8662
9173
830
8927
7597
1183
6588
794
8336
6429
1776
9754
6912
6595
9435
6597
3129
7837
1279
6652
9228
6603
969
97
6927
7155
6608
2738
9880
5888
368
7388
7443
7321
3048
4544
2092
7979
423
4424
6622
8000
6128
6625
9924
5512
3845
7448
6626
3962
6861
6633
1301
1143
275
2394
4491
377
4143
8589
9829
6735
8701
3424
8467
4803
3258
364
9474
6753
6652
6653
1808
2203
1215
6657
5308
5988
7019
4482
2456
6255
940
2203
6666
5821
6668
8971
610
1662
4647
6673
7443
6675
4033
4067
2320
6343
3316
8654
8927
8214
9254
1123
6686
4323
3364
6689
4736
9325
5793
5591
1175
5370
1564
6697
7948
6402
4015
7915
1573
4726
8148
2930
3659
645
363
9774
7237
7265
6122
8457
610
132
7513
6717
1413
2883
5391
5203
1238
6409
9472
4181
8402
5492
6239
9127
9127
9880
2299
6733
3745
8444
1556
6909
8178
6990
5521
5312
5718
6980
192
3855
8867
6747
1852
5402
6325
6751
2772
5893
8975
9134
6756
7923
5802
850
2272
9780
894
6763
895
1238
6644
863
3558
3128
7678
6771
6772
6773
6774
5310
1996
7461
8647
6145
2483
5596
8875
6783
7927
2030
1935
330
485
9635
1300
5923
8713
5395
3734
3846
1015
5705
634
9881
2809
9543
3572
9026
7819
7085
9459
7883
7220
6230
6810
132
6795
202
528
4285
6816
7451
6818
5905
7982
9743
801
563
1029
6825
1728
6827
1187
7700
2628
8131
5474
7474
6722
6835
132
517
8618
7107
6840
6316
111
4262
7994
8455
6998
395
5898
529
9167
9654
6852
9860
9157
9653
6156
3515
9452
7543
6860
6861
8233
4760
7332
5862
2161
5486
3605
7512
44
1129
7942
4554
6574
6875
9205
4529
9012
4427
8481
6881
2588
9695
1438
8786
4301
8818
1967
8095
3671
8130
7424
5823
6286
1642
2733
4668
9010
6899
6900
2031
7679
6903
3404
5125
1511
6907
4595
9083
778
5200
6912
5482
1475
6862
5307
2038
6809
5078
4554
7597
3886
6471
8054
2805
6926
7607
6928
2311
5610
5124
3240
9860
1688
6935
6983
9800
9376
8112
9114
9749
4647
7623
5393
397
6946
7176
9222
8920
7725
6951
6032
6098
1119
7760
56
1494
7766
423
9176
5748
8883
5472
9847
4541
4537
5802
4323
4821
77
6927
8421
5898
4297
3740
4454
6977
9917
8163
6980
3094
7176
4919
8670
6985
2096
4835
7263
7127
8527
105
9947
4306
6994
1693
2383
1250
1055
110
6626
7116
8160
3006
7886
4365
8481
7007
7008
7009
8695
7011
9837
8125
8573
4533
8905
6545
8017
3713
1493
2363
2009
3572
8713
2177
70
7027
4882
3927
7030
8419
132
7768
4181
9067
6147
470
713
7804
3675
1979
4280
6751
1986
6595
9643
7047
910
136
2395
2242
4601
7756
965
9886
3254
2889
4647
6439
6343
8054
7637
5816
2134
1507
8545
3082
9794
7275
5682
758
5668
6186
647
7779
8020
7077
4740
6365
1387
8867
7535
2403
202
9905
5112
3740
4252
2058
5569
4482
9328
9325
4967
1474
7257
334
6848
147
1603
5285
199
5885
8964
7105
2369
7107
6038
3885
5914
1470
9929
2868
5893
8924
6582
7117
8039
7565
865
6140
6558
9880
6489
3167
7126
7127
5662
7129
6328
4339
7132
7133
6860
3552
4334
363
4935
7290
7140
3515
8063
4262
7932
1238
3945
3363
6929
474
7213
4975
2168
7597
9909
7155
7156
8542
1708
2556
5360
7367
7665
5347
8730
9381
1152
6369
3998
8201
3743
6814
5610
7173
3924
1642
4116
1161
6437
5435
186
7181
7565
6713
5851
1572
4640
4530
3421
9699
3540
1728
7192
729
2064
923
3665
7197
1486
1910
1205
933
84
7203
745
9523
8817
1473
4274
7209
2854
1433
939
4456
680
7215
7073
3926
7218
1779
7220
1829
5059
5253
7224
3066
6978
1891
5505
6145
4131
1078
5393
579
8719
8165
6810
6783
4302
8081
7240
1705
4651
2574
4181
3514
5408
9900
6474
1170
3967
4731
8974
3805
3348
7255
7388
1920
8425
4200
7260
6433
9422
4018
9144
7265
2467
9805
296
1564
7270
2491
9786
9183
7156
7275
439
3048
7278
2847
317
9872
1011
7283
9455
1510
7286
4424
6689
6369
8440
5665
3167
8495
8940
4760
1049
2591
3646
1702
7300
8589
1111
2356
4665
4286
7306
2376
4614
7290
4975
4130
2211
8039
7314
5307
1008
435
1780
96
7320
7332
6644
5914
2461
7325
6938
7875
426
722
8659
8432
7332
3729
2168
9750
1413
9280
4463
2378
5694
6677
651
5916
4522
5251
7346
9413
9982
4200
9945
6218
7352
705
7641
6608
8680
5193
2883
4742
6074
1959
3357
9071
2163
5626
4530
7367
774
6107
1986
9171
7819
8826
6736
605
347
8920
3158
6615
6288
1056
5123
4184
6976
9083
2963
5394
3926
8231
8986
7391
6675
9173
7535
5602
7396
5687
1378
9982
529
4082
6740
5214
7404
5080
7747
9551
8130
9425
4084
651
2178
1153
6476
9069
999
7417
9257
7573
7420
8630
2527
605
4829
1035
9897
1187
8425
4094
7193
5934
645
1053
3029
6188
4456
4885
8486
725
6818
4706
216
7443
2225
3367
5293
8063
7448
5831
1503
2453
9322
9950
7454
9699
7456
3173
1505
896
8043
5966
1820
9431
6316
8457
9134
5885
758
1321
7994
8157
6311
177
7474
1484
9475
1024
7837
4928
5602
5540
3461
8243
1225
6182
2166
8705
5089
4863
1987
3174
4097
1667
5155
2
1924
3393
7367
9644
7500
8840
7502
5435
4849
7505
2032
4073
9743
3740
9050
542
7626
2302
6633
9472
8256
2274
8500
4699
9955
8561
7522
2445
7363
9065
7526
7527
7793
812
6509
9055
8092
6977
7534
7535
8512
5431
3651
4687
4201
4662
5969
7543
7544
6352
5926
1183
2265
7549
7700
8419
8095
8240
3586
629
8974
1215
3646
8199
403
7136
1948
7709
3319
7213
8013
2934
6706
4036
6697
9044
556
6429
7085
7306
5727
7140
5230
2378
6269
8446
9832
2097
6795
7260
7586
3052
6246
7589
1233
8877
8501
3257
6753
2880
2077
1494
9829
1441
5221
5606
7602
7603
9754
8993
6107
2383
1332
7454
2173
6153
9517
1347
6685
96
378
7617
6129
9425
5851
4888
6763
1410
6615
3322
5806
3882
2499
7424
5359
2578
1489
5550
6246
5256
2541
8870
4164
9555
7036
8818
2922
3766
9528
7454
9145
7897
9205
5292
6369
7172
3192
9914
1603
918
4816
1726
4397
9654
9689
1588
4645
7132
4999
6128
8421
7667
7942
85
518
667
216
3525
3885
3189
7676
7677
2784
7679
5059
5367
9787
8323
2919
7685
7938
5391
7405
1473
5534
4586
4968
9003
7694
8112
6818
4856
7698
7506
5061
6208
4003
3094
7852
7705
1070
4532
2859
4637
1878
8762
2347
3131
1460
7948
3922
757
5893
2440
7720
5668
385
3047
1451
5053
402
3007
9431
9217
5578
3071
7732
9383
9763
4677
3849
2560
2346
2796
7270
4815
232
4595
4280
9775
9128
5660
2884
7146
1321
9612
1642
5907
630
3985
9219
3117
4500
4333
5872
7811
9845
7701
1698
1307
1150
3483
2518
9392
623
8623
896
6447
6977
4097
9555
7777
1332
7779
518
7173
4734
9617
6976
4488
7786
722
7788
4923
5758
9914
9687
9847
7365
6550
5280
5496
644
6523
9396
858
9643
7803
7804
7805
9445
9383
6881
7809
8393
7811
4947
7813
4818
3689
7394
9718
4488
7819
5526
7821
4281
6881
1834
2483
2578
898
1309
4129
2415
7831
5395
9837
3676
8986
5829
7837
7838
7267
4895
9890
9577
8080
3784
4955
5201
7502
6201
788
6182
8257
6474
3590
3599
9643
6984
7857
8569
7859
9528
8373
7862
8199
1290
9035
981
14
7868
1744
8991
7871
5415
2862
6990
7875
4495
1820
3558
8805
6187
8712
7222
7883
7884
9054
7562
2492
1810
9050
7890
745
4252
2106
5870
7895
9734
7897
1602
9758
2581
5815
9449
5594
579
7905
5510
2106
7908
4919
3263
1780
1058
7913
2581
4599
7916
7917
3470
2912
1113
5492
5571
7923
6814
5853
5402
2596
1986
704
3540
7931
9787
9094
7608
9195
9431
8744
6328
770
377
1640
1378
7943
8589
5742
1776
6393
993
6073
9221
6415
7952
9819
4568
7786
6107
1484
9445
8259
7960
8238
7962
7791
8958
4483
4847
9459
808
1405
3597
9279
5570
1384
9471
2973
4732
2523
4905
7979
424
5818
1941
8847
2551
3567
3601
2688
8495
3954
7990
7991
8991
2903
110
1280
2134
542
9012
8176
3998
8371
8002
2347
6666
2973
9526
409
5594
1386
8010
3103
6387
4163
2465
5861
6868
4159
2556
8019
9278
5512
5359
9851
7757
97
9053
4536
8762
8029
3123
5245
2088
4534
2569
1636
1443
3029
7952
1599
6318
7319
7007
3114
4345
6600
8046
4994
302
6170
7325
1344
6926
9028
8054
8055
9472
4532
6722
7641
3029
7454
3544
2247
819
2521
5578
1795
9053
1319
5853
3103
1475
689
4432
2936
4073
940
1963
9557
8080
8081
9376
2901
9425
3682
8086
1458
8088
2809
5050
4009
1321
4763
8244
4805
6657
5773
8492
1183
9691
8101
997
7893
2150
5210
1386
8360
9880
4509
3783
9221
7884
5114
5148
4893
4078
8117
3629
7111
4050
9482
3101
385
4818
8125
1942
1300
6231
7607
8130
6976
95
612
7203
6180
4784
7451
9171
2628
1
2844
3926
4084
1820
1020
3734
3756
8148
6245
8936
4199
9725
8412
5709
8972
7824
788
9027
2347
2061
4309
364
8163
3606
6248
8166
9819
5310
4024
3488
5049
1616
6595
297
125
8176
9145
8178
9478
234
3082
1473
5888
2670
6240
5923
965
6357
6352
8190
2520
8877
9167
8214
9913
7690
1928
2655
8268
8854
4849
6006
6153
1935
8205
4867
7801
704
7617
508
7215
8095
5773
1020
4153
6998
5285
2291
5993
10
1541
6024
4144
5280
7893
9769
2918
9672
4345
6985
6006
8232
6855
3181
5044
267
41
8238
9114
8578
8699
491
6014
8244
4907
9834
149
5513
651
4601
477
75
7215
9289
7909
6135
8257
7286
8870
1058
7577
1332
8773
4647
6523
5431
7129
8268
8481
6430
5634
6892
1019
1871
4394
8276
7710
8278
8701
8280
6485
568
3048
7076
9289
7321
7044
2972
7804
6102
8100
9377
3465
3925
6861
8730
7474
1567
6761
3002
6479
1035
2868
4992
7866
6774
2077
7969
4790
7238
3270
8312
1233
8571
8315
788
8936
953
578
8048
4693
6398
8323
195
8361
1760
5827
5312
7322
1615
3088
4980
4122
3040
8335
2783
5665
5529
5630
9322
2092
5826
1034
4064
4616
8346
3357
4511
1959
1773
939
3238
6609
4220
5895
3667
8659
9225
7386
1252
4784
5402
5793
423
4278
3563
1980
1179
1070
9068
8371
7047
2177
9022
6464
8940
1808
8378
8719
9167
8086
9905
4297
2739
3106
1928
4101
1823
5505
8390
4691
8238
8393
8539
6092
8908
8689
7424
202
4532
1055
5398
1573
1383
7916
4079
287
5748
3168
8556
8214
8412
4646
6595
1656
3048
7622
8418
563
9069
5312
5186
8324
1091
8695
8512
1776
7927
8394
9834
1304
8432
9455
1447
3059
647
9786
7298
8439
8440
8170
4654
1862
8444
3385
1441
1066
3316
1014
8450
4948
6140
7952
2147
8455
3227
8562
6736
3873
4151
2936
8462
9472
4097
6989
96
3279
5150
7813
5929
1112
5099
9144
2885
9526
2302
6703
3072
3642
277
8481
8523
9658
9035
4722
7222
7931
875
7549
7301
9924
8492
8493
6778
3214
8787
1067
7448
6815
3106
3421
5428
9249
245
2274
5049
9088
7519
2123
3599
2210
2591
1902
16
1356
5169
9197
7331
8519
9658
480
3734
2466
3231
4750
4919
3646
1615
4569
9280
1070
4854
7771
5275
3163
6102
2495
3009
2972
271
5283
8240
2574
3345
8545
7417
8098
723
6822
9863
4438
3320
999
8117
2947
8628
2783
3514
2217
8560
3744
8562
5883
4790
2125
8525
9890
7982
1602
1205
8571
6903
2349
2578
7575
1175
1260
8578
8579
7125
483
2885
3168
7596
9103
6900
5402
5114
1123
9850
1758
6928
138
4865
1193
5713
5239
7760
8599
4181
2176
147
7164
6739
895
2692
5713
5330
814
7794
14
2185
8807
1576
801
8616
6971
8618
3070
5289
2089
5726
8623
5849
2572
9901
5979
8628
3678
733
4508
1319
8786
9179
9310
7003
8997
4272
7759
1187
407
5831
4614
8135
855
7613
8647
5360
7394
1416
1152
8163
7589
4041
8655
5402
3526
8017
7931
2412
1304
6844
424
7008
7709
575
1941
7107
483
8670
9137
3156
7603
236
6682
4378
3872
9918
7725
8680
2649
9776
8683
5124
1140
4882
1280
8589
5982
7498
4823
6387
1067
6622
865
3539
6984
3348
8699
2071
3051
1376
5288
946
4811
5752
5694
8708
6171
9794
6773
4237
1143
2541
6609
4441
6644
5791
8719
569
9785
509
3007
5462
6294
9035
9321
4073
1973
1662
1636
4124
1298
3421
3801
6712
8418
5455
9905
4201
8741
4691
4398
7257
7219
359
8747
6057
6897
5861
5912
8366
2415
7941
4163
993
8809
4766
7732
5926
1140
8762
2483
6551
5455
6279
8767
2023
5978
8770
528
6491
8773
5932
3399
8776
5120
2217
3338
3756
8781
2129
6393
7667
2194
9168
8787
8788
9428
3243
5115
8792
304
4033
149
9083
4957
1263
1815
6178
8026
5860
4237
8378
7393
1234
8807
8009
8809
3426
6508
272
7670
4052
4350
6673
3210
6417
7842
3262
8556
612
9769
3661
9026
6389
6161
8257
6558
4016
8324
1667
7047
3803
5626
4489
8493
8446
1568
8840
2488
5508
7480
317
7498
1666
8847
2008
2922
4170
6092
3472
8827
7499
4816
267
6271
7152
4860
8101
1137
3964
4051
6315
1623
2996
3599
4286
9431
7499
110
7811
9456
6783
8875
7278
1628
5347
3525
7575
7107
8882
8670
4561
4836
5805
3284
3625
7707
5821
6024
7263
1590
9313
5330
7284
9687
5868
6951
9071
9541
3552
7947
1053
4933
7111
5253
5232
5957
8055
2167
528
4784
894
2180
8193
4491
6913
423
2590
9734
7386
9577
8924
8925
2845
9377
3164
8719
3167
6260
39
7905
4726
7269
8444
1642
8512
7804
8135
3006
7655
518
8944
9979
7240
7036
1087
3648
9624
8951
7314
192
1268
7288
5155
1645
9104
1616
2618
8961
1410
3676
913
9526
5293
1813
7146
5888
4082
4656
2548
5018
8974
8975
136
6464
7391
5642
5849
4544
9292
5606
640
8762
8986
6307
3783
5395
12
5137
8992
8993
1889
61
200
1568
2112
568
2877
1739
4170
3504
7269
3862
9006
7695
1616
966
6736
3808
9012
5201
680
1443
9302
2167
6307
1356
8500
5347
160
4500
8036
7390
7895
788
9028
634
2006
6107
9656
3642
630
2035
7471
6771
5370
4553
6860
9477
3934
941
6946
7913
2487
1111
3131
541
8565
1567
4193
195
9054
3210
8689
5426
3352
8398
2559
6235
6357
8457
4645
9065
3692
9067
9068
2590
4824
9071
9072
9075
896
9075
9076
2473
4975
4835
9819
3195
679
9083
228
3585
9086
7255
9088
7506
580
4810
7683
5661
9094
9095
679
3086
4956
3279
6437
7162
6145
9103
9104
9105
2527
2903
8163
6960
3844
3477
9656
4015
8645
9769
7146
9117
3906
9416
9120
3953
7513
7777
9124
7209
4859
221
9128
9351
4313
5255
2948
221
9134
7852
5620
4203
9138
3539
5292
5102
9022
3933
6777
9145
5347
4931
4944
8655
9150
8330
8744
6428
9154
7030
578
6559
6868
4339
7588
4931
8535
1733
6647
8403
6868
4640
3527
3692
1583
9171
84
9173
8818
8098
9176
6161
3531
9179
8259
9181
6960
9183
4122
8466
4243
7914
4537
1639
5908
50
1120
3849
8699
9195
9108
9197
75
6548
8781
9201
427
6931
3774
7396
2740
2956
7903
8623
3299
6772
8719
1583
1795
9324
981
5051
7824
855
4522
22
5712
1009
8432
7593
2862
8061
9482
1603
1556
1205
3003
2482
9234
3393
6682
1219
1698
6161
879
234
3436
1582
8247
2011
3181
7461
9028
9249
3740
4627
1567
966
8823
2359
3072
9257
2900
1910
3796
5832
761
3745
7803
3606
5486
1996
3659
4860
3689
4059
1220
8059
9274
4731
3531
2238
7500
3967
9280
3164
3214
6870
7108
5201
9286
4468
1452
4418
634
3003
1161
3007
2628
6574
4497
3987
5289
6892
4181
2136
9302
598
2359
7667
7346
9277
9414
1020
9310
3181
8315
9313
3316
3447
5529
7678
9392
1623
4789
2739
2922
9861
9324
9325
7759
8565
9328
9144
9149
5496
706
3563
5135
9335
1113
397
1314
5009
2058
9341
5929
1377
1447
6875
3697
1947
1193
452
2077
4491
4729
8641
9133
6862
7962
6751
1642
7984
6431
3677
1832
6359
9474
6447
9280
4309
1232
4561
1640
5189
8417
7990
1301
815
3886
6441
7527
5450
1894
9381
2610
9383
983
8373
5402
2355
9388
264
4847
3740
9392
977
6208
7842
9396
3195
360
9428
3824
8166
5791
4077
1473
542
6385
9407
6625
7651
8847
3066
6960
9413
9183
3413
9416
4675
7269
5351
7390
1319
9422
7237
9424
9425
9763
8466
9977
2628
2000
7176
7786
9433
9384
9181
4218
604
9438
4280
2853
5584
1956
2945
8190
2596
3477
9447
9809
9449
2699
4125
8501
7393
3320
7518
9456
2590
4947
2622
4030
9687
4423
1460
940
4101
5634
4132
3803
9544
3421
9471
8441
9473
9474
4474
7546
2436
9478
7618
9480
7352
9482
6107
7677
2125
3769
2473
4472
2383
1344
9557
8165
3669
2788
8578
246
3094
1986
2995
1645
95
2862
2510
9454
872
6279
7240
966
7603
2356
8823
9512
9513
9514
4018
8036
2313
3399
6135
2291
529
9522
5089
2716
9882
8384
8807
9528
6073
8645
1857
1078
491
7310
6891
100
435
5530
7676
6903
9541
3071
9543
2524
1078
9454
6334
1524
6317
4637
9551
2868
2521
9554
7023
3932
4637
4250
6832
6935
7927
9562
4703
3399
6067
5316
1883
1451
203
2023
9787
4701
8512
6231
6703
8926
6199
757
4242
8450
7695
6994
6897
8817
9151
2229
6283
2963
2102
430
4278
6528
4105
9594
5816
777
267
1132
9599
9277
3521
9602
9901
6129
7218
7969
5185
579
1285
9456
9851
8148
6997
4392
8157
8877
3425
136
1782
1293
8831
1647
3659
528
3504
5876
8165
5957
9845
1573
2363
2031
1335
8046
4693
7626
2935
8654
9639
1093
4098
4436
6098
3003
2574
264
5114
8571
5703
8823
9651
9652
9653
2523
186
7757
6129
2487
8641
8176
7690
7044
657
9722
2520
4539
6815
1642
3132
4067
8419
9672
1377
125
9299
4940
5766
5252
210
1509
3134
5012
705
3886
7126
9973
3864
6783
9689
2935
6981
4309
6823
6855
9695
4619
1439
8805
9699
7344
3298
3510
2935
6285
5758
1559
9117
6327
2363
3536
9711
1263
112
9714
9715
3847
9437
7970
7073
2560
4599
9722
6334
690
5221
4711
7966
8201
8440
1559
8080
2849
4586
6362
8605
9424
2973
8573
2023
9554
9741
1220
9743
415
6301
2356
7747
232
7756
981
9751
1383
9753
9754
1091
9756
5852
9758
9759
3525
659
6327
5115
7817
4252
6900
7518
3047
9769
7705
5585
5821
4107
7868
3086
9776
7069
5189
5528
966
7027
9782
5051
2140
9785
8724
9787
6947
5289
9837
5528
9624
4456
9794
2261
504
1070
160
5556
2166
2134
5207
3740
423
9805
2551
6024
437
9809
7465
3279
2456
5705
3066
9815
3238
6239
7982
7224
872
8371
6597
4116
9908
9249
5280
9937
188
1290
2265
4553
9832
518
5402
1489
609
8805
243
4039
846
2916
4015
4290
6816
1009
3808
3279
3985
4009
5594
3483
9157
6963
8798
7270
5200
2311
39
1967
9860
9861
2821
5255
9120
4662
3775
9867
3886
9407
8450
26
5239
6436
5584
3342
4262
7117
8085
3543
9880
2889
8823
3421
9884
7176
5984
3372
1144
9555
4736
5709
3581
4586
6371
4555
5210
9897
5596
2546
9900
105
1493
1920
5905
1376
8831
3238
2173
2270
5978
1791
3945
9913
7932
6367
4928
7593
3927
6677
9385
1710
3606
2790
7685
8467
1525
1473
9937
9651
3791
6439
1959
34
2484
1314
7392
9937
4687
70
9599
4302
6218
4159
556
9945
9424
9947
4711
5025
569
1471
5213
8408
1071
8818
7828
6832
6065
7420
8867
1020
9962
1110
3537
5982
9120
5773
3740
7152
8199
4654
2796
1820
192
6951
5685
999
9022
9979
7019
7670
9982
8527
9838
4935
9986
3086
6479
723
9990
8556
6550
9993
1423
8960
2889
232
6761
4777