00:00:12.88
3003
5673
6553
5409
4
8981
8226
6963
4647
9
7717
9643
12
3364
14
4751
3799
3072
9263
3798
20
2222
8940
6026
24
2460
6558
8435
8442
29
2263
31
8207
2545
8286
1814
8109
723
3760
6720
7662
1547
1607
723
5913
4476
8497
4454
7321
230
50
6891
9997
1731
8933
5940
5108
3760
517
1028
60
5121
62
2588
64
6852
375
1043
8030
1110
9910
317
9567
7321
4929
3078
555
9729
3704
7855
692
4803
6969
3710
7677
7490
8080
8965
9944
9526
5943
5490
6127
6019
6631
6713
96
1253
7587
3657
8576
2995
3768
4018
104
5664
2526
107
5972
8092
3633
2803
8560
5870
2509
8961
7039
2425
9388
7437
4309
6328
8276
123
9149
7545
5447
9092
128
3586
130
7066
82
8819
2297
9482
9472
4341
7278
2062
3223
5616
8341
6843
7558
51
3678
7815
7441
8701
1493
6971
152
9249
154
8363
3471
157
8163
6458
6774
5932
3223
4095
7200
3233
4130
3415
5230
9316
2561
171
6867
64
8714
175
172
1733
178
5053
1667
181
6062
610
4531
9176
2520
2645
188
8390
190
4870
3647
2908
194
7138
4532
7694
6123
9341
4739
7528
8961
308
934
205
8255
4803
5530
9491
6931
5603
2227
6065
214
923
905
1928
9828
2867
1102
5024
3234
8620
5255
380
8882
7155
9351
229
5033
3729
232
1902
234
3033
5117
5864
7767
3205
2310
7059
6346
9533
663
5443
9130
3896
248
7672
1941
2406
8127
253
7871
8154
690
7818
2302
5203
2518
8281
672
7867
7197
9374
3346
7240
5094
7630
7792
271
272
1677
9253
275
2129
6386
8483
279
126
2684
6582
3441
9996
1170
8025
4999
8272
289
2420
6376
3238
4036
6476
3098
6963
12
3834
8401
300
301
429
8923
2218
8796
8195
7902
7899
561
5174
8698
6014
9427
1892
9851
3674
7972
318
319
320
5287
5893
323
857
3277
7146
8924
9289
4664
6363
4893
2545
9672
6718
335
898
9026
363
444
340
72
1105
2684
369
2144
5575
7647
2871
5174
8308
7084
8752
7730
7385
7955
6623
6966
4284
4209
6541
9726
5214
2307
9703
5162
157
8094
5013
8910
8874
5549
4794
3018
2893
8555
4627
8669
8732
7534
3346
5603
5496
1049
7718
1631
3360
2706
1105
1548
3491
9539
4716
6497
6923
395
82
397
5811
3938
6780
401
402
3907
8114
405
6640
5944
7001
5452
6464
1963
4677
1091
5444
415
2944
5543
3270
8327
5634
6850
6231
5085
424
5385
7554
1503
7707
7585
9921
5279
4099
6287
6990
5117
4915
437
7155
1160
6810
6246
4562
227
454
445
5881
5706
3139
51
450
3532
452
453
359
1060
9489
2894
7705
7845
4180
1585
4272
2684
6868
3547
1186
4664
2119
7211
470
5101
6689
9790
474
773
9897
1454
7171
6430
1656
1740
4474
9205
1529
1517
486
7906
568
489
490
6531
4356
493
5159
8255
8868
6852
513
5170
5314
8910
1529
8144
6590
505
1240
507
7677
5496
2546
8125
7157
6808
2471
3384
5839
517
1205
6614
8172
564
4280
2748
5286
525
526
360
1041
9977
6172
9067
8643
9525
8551
6515
6107
7526
6041
9043
540
7196
7365
589
6747
1988
7487
4916
548
6109
8318
4212
9944
553
554
7018
4533
7126
397
1687
9578
2964
6806
1208
7164
9562
6733
14
568
859
4819
6892
1477
4999
6790
3941
8504
561
1281
579
580
513
582
5555
584
585
2456
587
7928
5374
3842
6875
1474
8761
5775
8504
976
4586
4999
1486
1660
7196
1990
5345
3100
4023
4807
607
3657
1724
3199
1954
5243
6805
1735
1556
3857
617
1363
3606
2226
1024
4445
8144
2151
5240
5274
9502
114
8092
9481
649
1161
3421
7620
975
6109
175
8531
1627
8013
641
2532
1296
9885
4736
8064
1928
4516
649
8586
6041
652
2201
93
8994
9
657
1066
2724
9551
1815
6003
1122
664
665
1808
6808
668
9182
532
1999
672
690
2959
675
2227
5194
6667
283
4645
6400
682
9501
1142
7423
1160
7248
2985
5925
3350
7927
692
4194
694
5242
6718
9759
5336
4893
4136
6454
915
3880
2895
1780
706
162
4718
6059
8179
8790
2001
5656
9573
8418
716
991
835
9551
9022
7809
612
7902
8008
1924
1566
9917
728
8906
1237
8176
2506
9801
4128
2626
7890
2185
2955
3246
234
4250
3089
791
744
745
4704
8879
8451
2513
6531
8478
5190
3762
9022
4822
4940
4626
8458
9308
354
761
9140
7671
2249
5562
815
8353
6116
6473
986
8662
7354
1552
774
6475
6517
3508
8498
8860
1439
9002
5457
6929
4427
8849
3914
9458
7541
2497
1103
199
8008
1914
4539
5154
8260
797
1281
4564
6968
4677
128
1634
8921
1814
8991
9385
9562
2406
6827
689
1697
813
7204
4457
816
9445
6255
6940
5228
6006
3528
4822
3415
4108
6584
6243
4049
9326
7971
4161
7084
9233
6732
835
7683
2641
9913
5024
2844
6347
8683
8333
9751
6768
8170
8797
5780
8531
4995
82
852
7444
8560
9370
9712
6531
2552
859
6292
3657
8683
9573
2774
8372
5445
9435
2884
869
7026
1281
933
5496
2964
8672
4181
6807
353
3902
4881
435
7595
199
732
656
6865
2000
5329
5457
4432
891
3657
7623
745
895
539
9723
1315
899
225
9913
3738
6443
3779
3122
2578
4501
515
9776
797
1056
6347
7011
2598
915
857
2051
8322
8757
3356
283
2424
923
3762
925
926
6451
4732
2576
930
819
4501
933
3767
9981
5539
1160
9233
7867
3938
2415
2368
2635
9525
7807
946
9769
114
9495
2318
951
5141
9651
813
9236
178
835
1796
8538
2472
3858
7198
1581
5175
93
3604
967
130
3122
1032
8082
8879
5803
3356
532
689
3078
894
5170
6197
72
450
3712
230
3099
986
5617
3881
162
990
6172
6197
993
8176
3923
5944
2786
998
9777
9016
8089
5959
9904
1487
8106
3461
7405
507
1657
1235
6513
1404
6230
6413
8630
6021
7390
8761
8071
5585
9542
3760
1023
664
7955
1156
9472
9981
1548
8396
5134
3373
1327
5203
8276
6744
5763
7419
593
3493
1041
8101
8900
2223
7483
1663
9432
9828
1049
7233
4703
8131
147
1533
1055
564
2476
1058
9614
6161
3547
6165
18
6814
4586
7383
6152
3651
96
134
6600
7204
5723
2502
1647
3627
4809
2729
1687
188
4992
4890
4651
850
330
4546
5485
280
7697
2661
1091
3657
408
9641
1095
1116
1097
6786
3768
6246
5738
1102
1103
1104
8376
8840
5219
9405
2227
3648
4956
363
381
9162
1529
9231
3541
4803
5516
2686
2655
2701
9851
3341
4603
6582
7620
6558
5573
281
1131
5274
1133
1226
9931
1136
1137
7339
7236
895
2461
8989
5029
152
3024
8821
8876
1925
2699
585
7615
6982
4790
949
6381
6789
3954
6352
3145
6718
1161
3121
8051
7997
776
8987
1771
4490
838
2509
6600
4902
2706
7412
2654
3195
3205
7348
9295
9597
2675
3061
1524
8989
9850
1186
5913
6624
1667
7899
6458
8369
9863
5387
7758
6740
8666
5656
2646
1750
1314
5336
2167
2502
8570
4867
6221
1208
3565
6931
3263
7393
1750
3723
3336
4181
2268
4445
8140
1220
1547
7016
2311
1224
1634
9021
1227
6165
990
2235
3186
4774
1300
4480
1170
4508
1237
4136
3000
2382
76
9253
1243
4531
3670
3181
2031
1248
8621
1250
5222
8739
1253
2728
7867
744
1257
1258
9086
7299
381
9923
923
8971
1773
8873
1828
582
1881
7072
1161
424
1273
6986
4386
7545
8125
5764
7670
8788
1281
2552
1220
852
6590
6165
5125
3791
377
5516
3905
4130
1293
8640
1295
1296
4517
1504
1915
1300
1301
1302
8570
1091
9515
3421
7640
1663
5015
1310
2500
353
1490
56
1315
1316
2135
7009
9878
5783
1321
1322
7321
8539
9481
7928
1327
4313
3539
7628
6695
8666
487
4193
493
5216
76
5864
1477
9878
3422
6891
5950
3740
203
6929
9376
3606
3082
1350
8367
8172
3707
222
7440
1122
6737
4990
7023
9516
4480
8417
1363
4280
7972
2451
957
1368
6660
4537
5057
8502
3373
9350
6260
5852
6767
4402
6558
3642
4569
2142
1585
7186
3426
6806
1387
9891
6084
1888
974
6869
486
4339
9358
9335
7766
490
7021
1327
3657
3819
6646
2606
323
1274
7585
9293
6937
2165
8141
7405
4598
5539
3547
1519
3586
6923
1556
2509
8316
1422
1605
9680
2517
2288
5220
2375
5277
2958
1832
2221
6806
4999
5832
1883
7198
3052
3543
5708
4005
575
2561
1444
8292
2526
1480
3478
2199
5392
6732
3046
3399
7949
7807
7716
3514
4147
4402
7670
4469
1742
3206
8140
749
3044
8651
1468
2574
6754
4187
4115
4851
2024
5428
1476
1477
2451
1565
9435
8958
3580
9220
1657
2675
1486
5853
5497
1489
5402
317
1492
9624
9755
7906
1496
6336
1498
9107
7792
3831
271
1503
1733
6464
1506
8390
458
8495
5708
633
8133
8906
1514
9316
9866
3771
4832
1519
1520
3824
9487
318
1182
1525
3727
7779
8455
1050
4437
6561
9550
4122
8292
1942
8555
9064
6796
8213
6394
5599
5954
1652
9215
8289
2266
9160
7911
5870
2166
6972
1552
5884
8818
9801
3984
2337
8714
3186
2834
8173
8645
9556
5481
1565
3111
4102
1568
6982
5021
3884
157
6851
4546
9643
6199
6202
5752
2000
4331
4218
9628
3775
7291
1585
3886
8495
7184
1589
7437
319
4489
2686
7431
6048
9033
237
8186
1599
1659
8824
9854
4141
3659
7336
6024
1812
1329
2918
1610
6444
1740
7425
2144
568
6180
3604
6805
5903
9627
2200
4218
1971
169
5392
2526
1627
6637
914
8142
1631
588
1504
6851
5927
6005
9316
3350
2569
2996
429
3831
4286
8144
1150
1891
1647
9627
2831
1650
2451
1652
7871
2227
667
1656
1657
7750
1659
440
9489
9088
9923
1367
1741
4174
6859
4469
2168
3384
1316
5943
2546
9866
9205
9356
232
8323
1850
3754
8539
6577
1477
118
9048
9429
4940
7146
319
2171
7441
1692
1693
385
5730
5215
4811
5978
3549
8120
2996
5646
7984
1771
5265
1579
467
272
5028
6165
2803
7997
2185
6201
3243
7088
5261
925
2485
2227
8115
2656
6324
1657
3431
991
5596
3111
2059
3202
1731
5603
1733
7341
1735
2243
1737
5494
6017
4533
9142
5355
6012
1744
6624
8071
5961
6977
9434
4775
2412
7864
3111
470
9567
367
9650
9762
6230
5829
158
2278
4522
5080
4999
1825
6995
9573
4244
7151
8906
6681
369
192
5705
6184
774
6590
4640
7639
8592
4127
1133
2294
4086
1786
4774
4331
2661
1387
9182
7967
6691
7677
9931
1796
1797
6350
8762
1519
6239
7112
7134
7007
3246
1239
7255
4501
3613
1314
3222
1095
7671
2784
8276
2369
6646
9356
2646
652
1950
7578
593
2158
4290
7947
3880
7477
8838
2913
1925
1832
1833
1834
1835
6190
1789
3475
1839
8572
1220
1076
4187
1591
2466
1757
610
158
9140
2623
1851
1852
5318
6720
6186
713
8497
6273
776
6940
477
1525
5611
8187
9776
1866
6851
1868
1830
2222
6084
6928
7619
741
3886
4102
1877
2952
1487
5310
1881
7196
6690
8995
1885
1311
3356
1009
6892
320
1891
990
272
7353
4994
3338
1897
5555
1492
7113
3115
5134
5368
2502
7714
6014
1907
3566
7299
6392
2755
3078
5916
9515
2249
3916
2485
4642
3587
7216
5925
8142
1923
9641
3836
9286
5696
1928
445
1713
8572
4294
4664
8598
4739
3541
8705
6848
5745
6392
930
1942
1368
7423
564
4284
8696
6476
3443
1963
5978
6485
5484
9011
5730
8029
6908
7476
5053
2784
440
2123
1963
1602
7949
4082
1967
5573
8227
4403
1971
5766
1537
9982
51
5928
8348
8347
20
8790
7401
6515
8835
318
4151
3836
8401
5662
1367
1990
1991
924
8641
1812
9286
5186
8923
6969
5312
2000
8560
3431
4531
6324
9254
6981
5216
2008
7884
2010
2011
2012
1491
8978
317
628
6017
9335
2019
2020
9637
8784
8172
171
930
1789
5174
4097
4082
8882
3184
4002
7659
2318
1477
2036
4017
7076
3834
3645
6348
772
2043
9142
7625
289
3089
6336
1596
1404
2051
1902
2185
1768
9375
6340
7911
1161
8717
1439
8965
4678
5565
7011
3657
5125
2067
1350
5772
8327
978
2559
6324
6273
2075
4506
5186
3831
7499
4781
3100
816
8179
8958
7413
4552
8349
1056
1541
1891
9501
2092
2093
610
6190
2169
7334
2105
7441
7601
2155
8054
5240
3300
2105
5348
5072
4274
437
6337
2227
7534
4532
1055
158
8286
4141
5409
2119
300
5216
2598
8384
4979
3182
6381
6160
9008
2129
6982
5030
2677
6927
5601
2135
8860
8331
2729
2139
8000
7845
7128
525
5215
5252
1274
9584
3606
2149
1142
2151
246
4023
4666
2155
6877
4114
4467
7339
3600
6981
847
7759
4115
2165
5355
2167
2168
2169
8925
1557
554
2173
5222
976
4297
8452
2682
6065
9016
8016
6451
4439
3578
2185
2501
162
8101
3062
5575
3003
505
9052
9375
8142
2701
5221
125
9932
2200
2201
4456
8660
2235
8662
3787
7308
2235
9887
548
5728
3305
7890
3152
668
7184
2721
5736
5385
4317
9627
5248
2223
9219
2500
6491
2227
5940
1135
3336
1237
2187
2917
3277
7084
8316
2092
8878
8780
9726
2241
774
2243
5447
283
1957
3707
4672
4280
1955
3655
4774
2001
1422
1410
3808
4030
5506
1133
2727
6152
2262
4546
9022
6690
6045
6430
2846
2437
8821
1135
582
6165
2262
3461
6145
203
1444
9026
3422
8079
6123
6047
3354
3384
7521
3731
2288
2475
8534
2578
3052
9074
2294
7140
7241
5673
3540
2952
7419
6397
4935
2727
2648
8217
1568
6011
8060
2309
2310
70
2858
7967
6949
1796
1757
569
2318
9159
2320
3884
2748
7765
2324
8085
7128
3627
5803
741
1486
1058
7545
9854
4250
3784
2680
2337
8838
3093
9358
4836
9631
5012
1262
3606
3001
6883
2235
3720
2813
3385
5194
9008
7073
1738
6705
6955
6908
7558
5013
2481
2959
3511
2772
2684
3287
970
8870
2369
2171
5735
8475
7531
4386
6552
5943
2738
2729
6091
7784
8660
9182
9644
7272
6004
4612
5803
4704
9823
9375
9233
7657
357
623
7930
6011
3884
899
652
6854
1110
5745
1797
5094
6928
6292
5977
7444
6746
8805
3712
4834
9437
1116
2415
6246
4647
3837
7927
2420
5722
4309
3514
3642
2425
6004
9931
7112
4956
40
3955
6517
1852
2434
3033
3879
4832
4663
3408
2440
3606
7907
5385
2227
671
2446
5497
3267
2449
6694
2451
2223
1999
2856
4537
229
9889
6202
1321
2622
2690
2724
2463
8715
8876
2466
3098
149
6737
8376
2471
2472
6518
5944
3248
2476
486
1744
5441
2834
2481
3508
7176
3731
2724
5374
4645
8396
7757
5277
2519
2865
51
6570
4603
9899
2497
1771
9910
2102
9458
3664
9099
1525
2546
2506
7085
8172
2509
9160
9778
8161
2513
9986
8343
1320
9370
3565
2519
222
5094
1850
2523
3246
7319
1398
2828
445
9960
9022
2531
9555
5795
2227
1424
4545
2148
8187
4732
3003
2541
9891
5660
2024
5718
232
4122
1136
138
3324
6722
2856
454
4867
9650
4662
6454
5530
4857
6045
1191
839
2337
9002
6518
128
4
1510
2569
7705
5870
3270
5967
9850
6795
2576
5899
2578
188
4666
962
4983
1510
8008
2585
5676
5935
4651
3121
3606
2588
6488
8341
7197
5611
5763
1119
4238
21
3078
2601
331
5596
9977
3361
4836
7572
2608
8106
2286
847
7947
192
1224
3162
5864
4742
663
2263
4290
4447
331
2668
1367
7706
2626
6563
2628
6754
4595
9614
4355
9133
5781
7834
8843
3167
8244
4726
1735
2641
1988
7626
5662
1387
2646
2067
4854
8147
6062
8925
1491
7657
9035
4476
6210
4763
6877
7424
5638
1414
2662
3225
8025
5196
9899
51
2668
1611
1097
2671
8805
975
5074
2675
2676
2677
4108
9658
6841
2846
3393
964
8110
1454
7587
9022
2692
1311
2690
2000
1928
5101
3172
2695
5447
360
5474
6623
8868
2701
3106
6859
9437
2526
5251
9749
5027
8180
6350
1738
24
5186
675
3238
6408
2531
6509
6459
2024
744
2559
1190
6234
3094
5521
2727
2728
2729
18
3754
3858
6812
2895
2735
2880
6235
2738
5696
9631
6784
5810
446
9537
4832
1182
3443
4921
5323
8714
6070
5050
3233
5445
1311
6875
6553
5175
152
2760
6792
706
1315
2414
5766
580
3553
6117
5963
5877
2806
2772
9376
3923
978
5062
2514
2778
9754
5851
2781
1410
4289
2199
949
2786
4294
453
7545
9165
9391
1432
9328
5801
6625
3128
6843
5321
5460
2800
2557
898
2803
2514
2492
713
8710
5590
429
3606
9656
7387
2813
2156
6319
253
5175
2818
6252
6816
1602
1416
3398
154
1925
6243
7732
2828
5738
5896
2831
5609
7393
2834
5893
3590
8255
4099
852
1506
8031
8594
9471
2844
6609
9341
2918
6566
4491
3580
9663
7849
6928
815
3365
2856
8752
5855
4122
6552
3985
8390
5978
4434
47
5887
612
1458
3172
6497
5877
3729
3824
9072
7986
4127
2877
8281
9133
2880
5298
5788
3808
2884
2885
7222
2905
2608
1078
6712
1575
3487
3554
2894
3360
4915
3469
9351
5407
1329
7180
1607
7623
6768
5402
6400
246
2908
2471
1502
2848
5329
6850
2905
293
5000
7784
5239
2919
5663
3806
7849
4060
1137
5332
6453
8739
3606
706
1156
5222
8947
2933
871
5959
5860
1489
2938
3444
5240
7236
281
6206
2944
3779
6210
5932
1914
6808
2081
7639
2952
1439
4437
5485
9731
3282
9757
967
2676
2961
4193
1243
7864
4888
4925
1833
2975
5478
6180
8276
6819
1316
2081
2975
3288
385
2692
3606
9597
5374
2337
4867
1469
1310
9028
487
5221
487
9132
8933
2992
1954
7348
3938
3511
1095
4862
4358
8195
3001
1314
633
3004
6939
7140
9102
9074
9932
8703
9298
9833
517
6007
5130
1398
772
3018
8669
3346
3699
7528
3292
1747
9104
6180
29
3028
4457
1201
3225
9644
7730
8435
6020
3415
6591
8141
2628
9495
93
3363
1650
3044
8030
3046
56
6843
690
1888
2546
3052
8554
4876
2241
8441
2105
8695
9945
2059
3061
3062
2227
7646
9189
4217
1893
9396
5764
1078
7909
9801
7125
9733
3854
4441
5675
1469
6664
2227
3566
2167
5094
5232
6126
128
3326
9482
3089
2227
8260
9625
5562
3094
3095
5042
126
3098
3099
8172
7057
4530
5832
6091
5851
176
5913
435
9683
205
3111
424
3122
8554
3115
1713
3493
2950
5219
1320
3121
1301
9815
1498
5322
2119
3731
4232
3119
1317
2740
7140
9619
5175
6513
2958
1160
2227
2622
8069
7640
7871
1131
7146
951
6712
8947
3148
8797
8713
5877
8703
4678
4201
8141
2999
8309
3158
4943
458
764
3806
9249
9289
5712
7365
3900
3168
3419
4876
2715
3172
2606
9749
8354
641
1404
7308
2606
3586
3181
3182
2142
3401
839
3186
8841
7345
2171
6647
4317
9155
5175
1654
3195
7066
6280
3198
1224
1315
7697
3729
2320
2027
3205
3206
4685
3657
213
4646
6533
953
6334
2656
6413
2467
5248
8027
9231
1547
181
3222
2012
5781
5228
292
2638
4754
5159
2988
7862
1520
4491
3234
8874
470
56
7714
2938
6971
8372
926
3217
3590
9254
3246
587
3248
9861
9248
7995
1430
5190
8289
5000
3407
5857
3258
4186
4048
5240
7419
3263
6381
4694
8995
4637
3641
8818
8172
199
5374
6854
7616
3275
3276
9672
6944
8538
5407
3623
3282
8925
9422
4209
1150
3287
4510
2001
2893
1226
2726
4595
9340
7039
7490
9151
5021
3343
8017
4180
5676
8808
9202
3305
5332
2917
8027
2311
8156
9392
7525
1889
2481
2523
5407
8079
4668
986
4694
1954
3549
2019
8269
4483
40
6394
3328
2382
4439
4839
6172
24
9639
6003
6986
2818
3338
9394
6732
8865
8334
7390
8651
2958
8001
9002
3760
18
6850
8172
5337
553
3354
1939
5119
280
3358
7890
2203
51
2545
3363
6911
8808
4834
9851
5108
3838
1940
9178
3122
7758
2641
8849
4490
9790
895
9420
6119
1160
4550
9819
3606
9487
6553
5673
4705
3357
2475
4273
4030
3393
4491
3606
7760
369
3398
3399
7779
98
2186
6816
1517
641
3837
7341
114
8172
612
7506
671
3525
6848
3415
6397
526
3853
3419
2609
1250
8141
2961
3350
9151
8824
2165
9041
367
3938
3626
8335
1879
2889
8376
9009
4703
4785
1945
7587
3341
6722
3443
3444
3942
172
926
6891
4406
946
8958
6165
4297
5763
953
6517
8489
1601
3791
5870
7424
9458
5478
4097
3578
2414
6949
3300
8316
3654
6536
8651
4141
7255
9551
1496
7233
3478
301
5121
1492
9670
4921
1414
1736
4545
8360
1240
7408
649
3491
5893
4776
3902
9298
6536
5238
8808
9658
1963
9728
1581
3217
7909
3606
8926
3941
5664
4647
6397
2227
8017
4297
8762
279
5460
5940
2001
6386
8165
1414
1311
8839
1833
3525
9242
8683
7499
5985
5217
3493
3532
4023
3357
14
2129
651
7540
3539
9397
3541
5243
3543
3984
667
5033
8172
2955
3549
3853
1591
5888
5026
5516
6026
8843
2774
4159
4225
5599
8335
8966
385
8550
8165
3566
5033
397
6827
4905
3571
6196
5526
9556
2251
2297
8017
3578
5154
3580
1310
8225
3583
6713
8805
761
8891
7702
2151
3590
655
5881
1693
9619
1609
2594
7889
3886
3184
8676
9643
1490
4371
3140
6030
8915
6091
3129
3609
2616
6623
4563
4244
6366
1596
4607
50
2420
5967
3771
4441
5903
3623
6011
7487
3626
3627
1135
8661
7615
5050
1637
832
9236
9555
9491
1789
8737
1301
7733
6767
8843
1627
5788
8046
5443
3647
6841
8660
6335
3651
8363
4090
7023
5157
8792
7580
663
5175
5074
5783
4151
9821
1940
1990
1575
3642
9319
7541
3670
7771
2865
3630
3674
2120
797
6531
1102
8097
1983
7751
6231
7007
6590
7764
9350
4888
6592
5689
8498
2806
5444
4980
3653
6985
675
6197
665
1315
7009
3451
5402
3993
3704
8710
2598
2918
7245
8060
1529
82
3093
8485
5535
3715
4947
3431
6243
9123
3720
4127
1825
9708
5935
96
436
5775
2097
4550
5391
607
5037
7666
9899
9097
8647
9028
4244
6944
3740
3741
7902
8735
5816
4589
6937
1489
1205
152
2151
3443
951
4491
9316
2695
3756
2882
9022
330
4159
3762
3762
871
4552
1510
8898
2499
682
3583
7412
5943
1514
2856
7939
9140
1654
1915
1416
8244
1866
445
4848
8865
3784
4151
3858
3787
3788
4075
7958
2519
9854
234
1834
3712
444
2218
2846
986
3785
7155
8046
6150
6995
5474
4454
7909
2105
3247
4039
9960
7134
8835
8289
5307
8127
1692
5877
3819
3381
354
541
9024
7771
7354
2835
3680
1003
1684
3583
3831
5074
51
3469
8172
6301
7634
3838
2662
3664
1928
4963
4651
8873
4642
7765
9178
157
4905
1289
253
2546
3853
3854
6992
8512
3857
3858
4983
1565
374
5443
4431
9921
3801
6392
9650
9898
405
9500
4059
4569
5863
3099
1693
7855
1330
7366
8286
3880
3270
9823
3549
9099
1841
4263
4683
924
2813
4238
7809
9592
7406
1510
3312
3896
293
8870
8935
8025
3901
3902
3106
6600
6350
7528
6688
6209
7717
6922
7730
8008
1454
9048
1780
3916
4508
1469
9080
2714
8965
9102
3923
1779
2556
9190
8576
5186
2608
1058
3419
5263
9821
5121
363
6301
2918
2226
6150
3976
3941
2440
7319
9471
4377
2075
4994
832
2740
3950
3951
1009
5831
7958
3955
9150
176
6792
6352
6591
8441
7907
8835
540
8721
5143
1765
3276
8551
187
8840
6156
4933
3276
9996
3976
1656
1851
3553
9606
9427
2585
6255
8353
3526
7437
5891
9050
408
1750
2738
4270
9478
9658
953
9370
9783
3258
1797
8757
5452
4522
1768
5027
4005
9397
6017
6569
2541
2828
4011
6954
5323
5255
3727
9108
4839
5853
9656
237
1808
8187
4023
9515
453
4026
2227
3094
8875
1477
8114
9392
289
6292
6150
8651
357
6024
4039
2008
6488
6735
6019
4044
2638
4046
3613
3234
4049
6810
3121
3392
579
9917
7572
7405
2831
3608
4059
7646
6199
2655
4075
1454
8594
7145
7199
5441
4978
3444
1458
7368
5664
3838
4075
5530
7972
5859
9989
8717
4763
4082
9231
7198
477
4086
9088
640
8085
3976
4516
4092
1224
4094
9005
8239
1851
9670
6981
3508
374
4102
6625
4303
5570
682
9793
8455
1028
4965
3608
2526
1610
4114
8054
5175
5570
9
4119
3895
40
4122
2482
1526
4819
98
3654
9189
7088
2716
728
4132
2463
6451
3653
1991
8512
761
2880
3600
9759
8435
8613
9405
9815
6774
9767
3441
5355
5348
3741
2320
2010
9680
6990
5903
4504
5010
1311
951
9391
5367
8334
6165
5967
8764
4167
7240
8647
1050
474
9176
645
8830
9482
4853
4836
7313
1066
579
4181
3199
6187
4184
2227
4186
4187
7278
9149
3115
4270
6048
4193
4435
147
2142
5899
9723
9898
5752
3443
5329
6427
4184
2304
7971
3336
7339
6187
1566
2932
3606
6206
6391
1458
3151
4217
4218
2425
3976
4530
623
8299
2577
8534
2573
3246
2262
2227
4559
8066
4232
8001
3836
914
9567
7580
7016
7647
6252
4284
114
9478
3018
9092
1654
6735
6786
8354
4250
2227
120
5370
5676
1549
4256
3443
4627
9899
3444
6271
8783
4263
1806
7787
1967
7452
5967
1780
4270
4271
8512
1330
7001
1897
5093
6592
3129
8321
4280
6062
2556
6637
6971
4678
9022
8554
3623
8631
6271
6784
8941
3657
4655
579
9680
8661
656
64
5883
1980
4516
2302
580
8847
3566
5988
8807
4925
2564
4431
5616
4313
5374
3760
4776
1828
2245
8877
3942
4097
5441
2286
8299
2690
5425
1607
230
3028
5261
6733
401
381
9035
5689
5950
1248
172
7619
1129
3061
975
4848
4925
4345
2412
3896
7084
6479
3341
6688
7591
7396
2944
7037
4356
4005
5029
5849
9385
5959
5881
176
4345
4094
8971
8696
9022
9878
3740
1060
2062
1591
5058
7085
3217
2871
4590
3258
1398
60
7112
1547
7299
1508
1264
6625
9623
7714
1832
487
1744
9022
6533
6459
733
2594
4274
1892
4011
1663
4402
4403
6667
104
4406
2227
865
5740
993
4489
3195
3463
5355
5211
4416
7619
2000
9502
722
3664
3856
7134
6427
1190
3760
4427
1061
5916
8501
8505
3606
8343
2062
3606
6812
4437
359
4159
5000
5763
671
4443
275
3596
8989
3326
7150
6747
4450
7580
6733
7615
3181
4455
3206
4457
4644
9235
2223
9891
6070
2161
2995
9218
5960
4999
62
2120
6271
8347
7506
9462
1866
5656
9429
3044
3426
3365
4929
3756
1637
672
7797
8465
7717
1529
4963
9815
5634
21
5143
5010
4494
9573
9754
8973
4740
4997
7803
4501
6806
1416
585
2865
6012
5712
9005
8961
1024
4978
9731
7009
4514
9101
5211
8225
6230
7521
4167
4067
4522
2275
1999
3472
3267
1413
6795
8131
8882
4531
4532
3393
4533
4441
3527
4490
6674
4539
3606
9491
4751
9107
4544
9205
8110
4547
8140
3343
585
4551
924
6160
401
4
5424
3784
8410
7383
2297
3914
4562
4563
4902
9216
1237
1731
7216
4569
9317
8107
1503
2645
486
24
4589
7021
7886
279
7646
4545
3798
7066
318
6160
1963
6922
2081
4589
3401
1835
5050
9374
2481
4595
3247
5154
4270
2050
5977
4693
2424
6283
3779
4905
8163
6450
7972
6227
6335
1392
4612
1043
9024
3553
4339
6004
1713
978
6541
8395
9234
9350
7083
5696
4626
4627
1301
2440
5888
3093
5967
6554
3442
7862
2381
4637
4638
5839
3489
4017
2375
4256
4935
4645
2561
6722
248
2309
1458
1295
8367
962
7930
1349
4290
7890
5140
5321
2996
4661
4662
8966
5831
8807
2169
3609
9625
1559
9123
9428
2556
4416
4036
5857
4664
6330
3623
8739
541
6160
668
281
3754
7197
5310
7815
1591
6464
1224
5831
5200
4693
4332
9634
4956
9550
3565
2278
8917
7272
7890
3933
7650
4377
4358
6875
939
6165
4710
6547
9562
7425
8087
6018
3526
6920
2298
9793
4351
7525
2050
7590
2420
9160
7588
7617
3447
1945
6021
4731
5772
9539
308
8343
4736
8582
4598
4739
4740
2913
4742
2010
5887
9422
8269
1877
2081
8161
3540
4677
9942
8338
5925
5448
7177
8354
6020
8991
6231
3036
4510
4763
194
6235
3613
9308
1174
8898
9218
4997
939
7138
6735
5516
6966
2148
1297
8796
3158
4781
5562
1498
5859
8372
8620
6363
4661
1713
6030
895
3030
4239
4794
2918
7200
9030
4608
7387
6188
3756
2116
4803
6275
9086
7357
5810
64
4809
783
4811
7707
9525
5689
2446
3062
8978
6817
7003
6116
2482
4822
9495
5604
4167
7345
1264
8172
6705
6227
3018
4832
3788
2645
3361
1243
5371
6454
4839
205
2116
1834
1160
6674
2716
6328
6334
4848
1493
832
3727
5646
3771
2540
9540
2424
8784
745
8069
3106
1988
4862
6733
6848
4865
9854
2381
5048
6340
4870
5677
4872
8327
8915
114
4517
8371
2492
4879
628
4881
7174
6602
9326
1220
3630
819
797
3199
2778
6686
9235
4893
4154
1839
6273
1556
3384
897
7301
2226
3654
905
4904
4905
1983
3424
275
8322
1559
5066
2264
3407
2980
4915
7186
5862
8383
3539
9729
7197
4902
1476
5533
5392
3824
3001
3571
4929
2509
8864
3727
6350
6694
5506
869
8380
7845
7477
3151
1841
9525
29
3528
8369
2500
4947
6041
7718
7059
5286
3139
2893
5539
1129
2772
4090
126
3497
2011
4661
4876
3324
7151
9050
7133
6532
7291
2019
4933
7585
4119
7956
8659
8611
149
5877
4978
4979
4751
6647
607
8614
4238
3710
7139
3426
3189
4644
4739
7176
925
8538
4994
4995
8069
1076
5929
9628
7339
9651
7498
4289
6409
617
8165
9296
5853
7571
6990
7248
5012
5374
8321
5015
6532
1773
5780
7059
7581
5021
5896
6473
5024
2774
5026
9041
5028
1349
5030
882
3699
5033
87
7984
7018
225
5891
3626
8097
2382
5042
5705
3401
5045
1524
3478
5048
4827
5050
1812
8069
5053
5205
6767
5811
5057
6842
7174
8752
4567
9578
4514
5424
9533
3361
7601
7641
9942
1602
3401
8056
8140
4494
8479
2950
1113
3771
4345
2566
7531
2648
1825
9216
5085
9592
6485
1980
3654
1160
158
4611
2908
3148
3799
5745
6869
3189
8938
8584
1430
5027
528
9295
8478
4567
5399
5058
8094
1274
7650
8180
1533
9577
4450
7765
8458
3001
5119
1780
2368
9104
6430
8452
6566
7867
9641
5451
6108
5130
7905
1579
3643
6567
9751
5205
1003
6443
2655
4049
5141
8377
7662
8811
2677
5859
9977
70
6113
8640
4163
7306
8498
5154
4807
450
5157
1163
5141
3148
8783
5162
6600
5164
5773
3444
301
9744
8384
4443
4454
5175
575
5174
4244
8570
2400
5717
397
458
7145
8390
9389
382
2020
5186
9999
1892
1266
9022
9022
7334
9102
6852
2871
5196
1557
2466
7272
2952
589
1575
5203
3609
5205
753
3381
8978
2531
8066
5042
3784
2932
5214
26
5216
5217
2008
9008
5220
6695
3923
7620
8642
8029
5108
555
9639
8180
1130
3754
2245
8272
5298
8695
7145
1957
5238
2561
7527
8984
5242
5243
8643
3834
3243
2933
5248
9097
5286
5251
5252
899
9319
5255
5074
2190
1888
1596
3801
7437
8127
5263
2368
993
4710
6922
4467
3267
1897
5783
5547
6931
7146
9164
7440
5277
1170
5279
3657
4090
1113
6695
3523
8239
9500
1457
9562
8322
8991
4225
1392
5293
7767
2509
2241
5660
4834
2574
6747
4263
6851
6867
716
7733
1311
5307
2748
1032
5310
6084
515
8942
5314
8819
3247
3905
8001
8266
271
5321
5322
5323
3543
7057
1697
446
9130
8732
6955
8320
1296
555
2415
323
4515
8097
6161
9344
6337
4562
6985
8824
1321
4980
5348
9445
5348
323
5322
5377
445
5706
8965
1591
5356
2041
8909
658
8762
6252
87
9410
7211
3082
5366
7554
5752
300
7670
5371
2919
6660
2975
9672
9866
5377
4371
9024
6283
9052
8788
8752
8764
7898
4447
1049
6786
9097
2381
5391
2499
4862
4256
9767
9434
4854
7113
5399
6160
8161
4044
4437
1957
1837
9130
5407
3469
4879
4030
9159
2101
4664
7571
6805
8555
9631
1537
6867
1487
8952
3276
2139
4662
5425
5426
2398
1850
6485
1609
2833
1828
2999
7890
526
8501
2806
7405
2992
882
2310
9624
446
6234
5445
1023
7694
5448
2119
7319
923
5367
4921
2135
9649
8835
8704
2227
9219
5460
9974
1591
3923
553
222
4435
1590
6969
2532
8186
8106
5214
8483
9631
882
335
7452
5478
1851
1566
5481
5329
489
5484
5485
2933
1757
9562
6784
1003
3756
6810
227
5494
5119
5496
6330
1915
1631
5883
7483
1424
8796
9526
4785
9420
4716
5508
8006
1104
9344
5512
8705
5323
1988
5516
6481
2835
6470
5190
5521
7004
5523
9819
8739
5526
2520
8172
3276
2832
5261
2885
5533
8921
5535
1163
3082
5538
5539
3514
5508
2654
5543
5293
9341
640
5547
126
9762
8173
6491
2955
9601
5554
5555
9389
6226
3223
1487
4642
2123
6868
357
29
5565
138
835
3657
8479
2800
8217
3900
2097
541
3578
7626
5474
1273
9202
525
4879
9099
3162
8821
5585
6850
139
6444
6839
5590
6563
5194
9102
8807
716
5596
5543
445
3162
1266
8701
7320
5603
5604
8917
9035
8647
4646
5609
1735
7620
6227
8870
5862
7016
3140
5617
3606
1310
1208
2482
7388
5512
595
816
5626
8611
7895
1396
8877
2566
8475
5508
5478
6806
8926
1742
5638
9009
3152
5860
6807
3328
7837
4462
5646
5877
8347
8825
2650
4564
1413
2514
8642
2601
493
9149
3620
2001
60
3914
5662
5663
5274
2800
3657
998
70
5211
7797
7150
598
5022
6790
9885
8780
1533
1684
6363
5013
7773
6109
2714
3596
3723
6819
7851
564
7393
8860
1506
658
1529
330
5366
8417
7452
8849
463
3643
8322
7898
732
2264
5705
5706
6458
1253
521
8451
272
5712
5215
7003
2716
1119
8929
7773
6133
832
6789
6315
6221
7662
1667
8154
3888
5728
4494
5730
9539
6541
31
3089
7171
5384
9521
147
4640
2882
4683
3808
1529
2760
5745
8248
6647
3472
2051
293
4750
6366
882
9215
2434
9374
4990
1610
2227
6691
1552
8613
5549
8341
5988
6062
8013
8054
104
1235
1889
5772
5773
4225
5801
7595
8025
2484
2865
4141
8072
1486
5783
199
4232
9155
4416
8796
2311
3729
5773
1066
6590
2635
5795
8115
7245
7125
7085
6705
5801
575
7180
4455
4239
5573
8611
7855
6772
9989
3641
2527
1659
5012
6234
4515
1190
6954
2036
2002
5864
4941
8722
7939
3145
8060
9592
1235
5829
4132
5831
5832
7692
2218
9981
1955
6275
1559
7073
2858
8883
9080
4317
415
359
6690
7390
2706
8790
444
3263
5852
9500
3513
8935
722
5857
4341
5859
7694
3248
5336
5863
3148
5428
6977
7241
1568
4044
953
7558
5490
4128
5675
4082
515
7401
6366
7397
8873
764
8683
9960
5884
8489
9068
6470
5888
6475
5065
5891
7066
9542
8921
3473
2559
3645
5050
9628
118
2369
7697
2243
1097
6513
8539
507
9431
2848
6105
2806
9539
5913
623
5891
2684
1116
934
8172
6963
9767
2701
5801
668
5925
540
1257
5928
5929
9554
8224
4876
6141
3072
3270
4683
190
5923
9392
9010
9778
3657
6591
6691
9754
9293
3715
2680
194
8614
9202
1416
5728
4241
7083
4754
8721
9735
5959
5960
6391
8465
5963
9137
9944
7319
7767
2092
6021
4155
3806
5015
3606
8395
3879
3381
5935
3392
149
8092
1808
9683
1510
1976
4355
974
2415
2721
5907
993
5057
107
8631
6718
8101
753
8900
4313
5130
2572
1549
477
6606
6004
8938
2449
993
5972
8630
6541
6892
2067
8704
6014
7425
5314
6017
6018
6019
6133
6021
6217
3000
6024
7348
6026
3888
2800
6848
2884
7939
857
6374
5860
3258
125
2318
6038
6348
2586
6041
5810
5530
6985
5217
5175
6047
1765
3292
6566
2576
9656
5279
2294
4848
4668
5851
7423
8971
7779
5585
523
924
4339
8286
5222
4904
60
4807
7398
374
832
436
7185
2484
5766
588
949
4508
7572
9064
7587
3879
478
7218
4443
2872
9022
9289
3580
6408
6351
2586
6199
7438
4130
8926
7360
6099
8915
898
8762
5844
7199
1742
612
2476
6108
6109
3842
2337
9680
6113
1551
9311
5053
6117
4086
6119
4611
1137
8085
3365
2540
8819
713
6127
5877
8808
4092
3527
3896
8335
9366
3657
5855
5265
20
2307
1503
7438
5074
8161
1677
6145
9033
405
5687
5214
4785
9996
6152
7438
9634
7126
6156
6307
331
7578
8805
9578
8389
5533
1208
4159
8316
8722
2564
2011
9064
232
6172
3907
2509
2520
5356
7757
1940
8704
3775
3243
1023
645
5829
3600
9
9898
1841
2307
6190
1789
4476
5164
4890
7176
8935
871
6688
7650
2499
9885
4122
2918
357
9997
6243
3741
6963
6059
9703
6217
565
6391
8028
5132
76
2062
7692
5428
4704
9651
3472
2569
5884
8864
6226
1043
5248
1227
6230
2241
9234
7353
6234
6235
9804
5367
5374
6239
7003
5538
9009
8705
7792
8141
7862
8906
4445
905
5252
7640
3651
8757
687
6255
3606
4197
6258
835
4161
3620
5626
463
4664
3565
7750
8375
1885
6319
382
6271
8935
4094
7936
6275
539
5677
1320
5780
6841
776
3606
5130
6602
8224
5485
6287
6065
8879
806
6291
2509
4775
6202
9026
5397
9837
5547
8276
4294
4726
8006
1258
1043
1942
4111
4872
8940
2199
7670
521
9394
8016
3657
4163
3189
1457
2171
9456
733
6475
970
935
6324
1492
8730
7701
6328
8598
6330
7659
3532
716
3904
5366
4638
9319
9155
3942
8703
3443
3324
2858
7046
4332
9428
6347
1297
8598
6350
6668
4108
5985
2556
8418
8320
6123
6681
6307
7291
3642
8064
6363
6258
5029
6366
3565
3606
5831
1837
3275
9134
6747
6374
9302
1889
9495
1806
9989
9982
6381
3715
3089
5877
6386
6386
7150
7368
4865
4872
1653
5407
7765
6394
4094
7113
6397
3901
4036
4132
3857
9246
7630
3431
8268
3392
8823
9910
6409
9850
897
6963
6413
8984
1413
8133
9986
6291
4480
3620
2168
5080
7707
9488
158
5139
6427
8028
4809
5220
3951
4612
8217
5022
6883
4457
8698
9050
3633
1925
772
4775
6443
6444
4718
2650
9074
7851
813
6450
8077
7751
6453
6454
4736
1910
815
6458
6376
402
229
3493
8396
5261
4580
7889
7506
2093
4286
6470
8645
8227
4775
7760
6475
6968
8592
6113
6479
51
5021
4854
5538
2298
2010
4002
2944
4504
9807
470
7018
7617
6315
187
6877
6459
2686
7864
7667
3217
3547
4404
6939
3004
4514
9488
4303
4111
6509
4517
1956
1940
6513
1050
4046
8630
3941
6518
5877
3030
2173
6694
3343
4132
7647
6334
8377
2933
4740
6091
9335
6532
6533
1300
521
3760
8713
5772
4186
6209
2382
8367
8846
3707
9160
6171
6547
5943
3463
1065
8846
453
6553
6554
6206
1041
6570
3877
2692
1747
6561
9663
6563
5093
1264
9754
256
8771
5481
6570
6160
2545
9577
4130
8838
2027
7313
4474
1317
6340
3984
6582
8315
6584
687
6536
3985
5345
8207
6509
6591
4608
4992
3523
2414
1009
4241
3233
2227
3881
2532
4551
2201
354
200
6606
4403
2726
7322
3089
3238
5917
2156
7477
4432
4351
3901
8614
6395
6117
9284
1812
6735
8281
5072
4067
9587
2460
3089
3554
6624
8154
8947
6150
5293
6087
8195
2190
2650
6640
4580
3287
1939
8504
6966
3856
6647
850
9567
93
3659
9904
4926
3728
4827
9481
7368
2518
8631
3115
9735
4241
8031
6664
7476
6566
7675
9777
3172
5474
2008
3497
5893
6674
9471
1655
2648
1562
7313
6680
3198
2572
4147
5134
8873
8978
7697
847
6689
6719
110
2002
554
6694
6695
6271
5512
3720
2569
5555
2527
3801
5687
9723
7018
1227
5374
7628
7066
3933
5859
1999
6713
9236
8910
6726
2097
6718
3914
6720
5444
6722
7290
3653
7301
6726
3145
3172
7624
8797
4980
6732
905
8349
6735
2462
5526
4355
9397
6740
6741
1302
6126
8797
6680
5093
5239
8172
3687
2461
375
9246
7886
174
3024
9429
4567
1717
1655
2434
2559
5108
5140
4941
1503
7438
6767
1273
1565
1295
8120
1076
5758
692
330
3336
7322
357
8576
7936
9887
3880
4947
2120
4751
2369
2944
1032
6789
4212
9560
9733
2690
4550
4386
6796
610
7245
256
6258
2760
7697
3678
2151
2221
5121
6807
1174
2566
6810
4742
6812
9142
6814
440
6816
6817
847
3419
3657
6400
7895
3606
3879
7909
8227
8389
3038
650
9649
1316
6625
7357
8763
2187
595
1293
2999
6839
4462
6841
6842
6843
7248
1868
8176
7911
2628
6992
8353
3857
6301
1186
6854
8244
2932
964
6479
1104
5178
8323
5609
3292
5022
4090
4212
6808
2677
6869
6746
4060
962
9584
3095
9885
5263
5274
62
395
7818
4026
6311
6883
8323
1332
8761
6376
1529
6852
2699
8176
882
4564
8586
5736
753
3167
6119
130
4677
310
9833
2309
9560
7899
633
5242
7834
5255
1990
6911
3857
9577
1599
9712
96
5844
2462
1061
6920
5143
7837
6923
4303
7255
4668
1605
2858
6929
3896
6931
2913
2735
1477
3648
6400
6937
1950
6939
6940
3791
4450
4683
1502
8172
1266
6947
8952
4943
5803
7150
5877
5356
5508
1191
9233
5307
454
806
6012
1581
3444
1432
3525
1476
9488
7157
6968
6969
9982
6971
6972
3082
8611
7617
8921
9205
5877
8982
5705
7694
7677
3119
6920
2161
7398
1792
7521
8371
2201
6839
682
640
6994
1889
6336
6780
5927
440
2585
7001
3760
3373
7004
832
2958
5085
7008
5030
3036
5664
8641
1837
2684
3442
8114
5712
4811
2588
340
5985
2001
7023
5928
2288
5735
9151
3326
4995
5374
6346
4750
6623
2167
5175
6868
2158
3182
467
2918
6145
565
1941
3822
2517
3710
1647
9672
8324
9619
3905
3407
4819
3951
9780
957
7218
7058
9254
4039
4655
1289
1520
4302
8783
7066
1349
1925
7353
8268
8971
7072
7073
9521
2227
7076
6719
7760
5590
3933
6091
8308
7083
1266
7085
4377
4586
7088
5139
3038
8213
3687
7406
8790
4685
5242
951
2501
7211
9022
9854
9537
6689
8171
694
5219
3195
5494
5452
4051
1137
741
9165
9132
2440
281
8994
2227
6941
5140
3723
657
2695
3328
7125
7126
8811
7128
2190
7326
6631
5538
4612
229
9540
6908
2833
8926
9778
9942
4616
4154
5441
9248
1311
6812
3877
5758
3888
9010
7151
894
2676
8133
6875
8170
7157
2509
8539
2316
665
171
3491
2532
5216
3423
6691
5961
1841
8396
6047
9052
8331
7174
1815
7176
7177
4663
7692
8213
4655
8818
1549
7184
7185
7186
1667
4608
8354
8924
4051
4127
5730
9022
1422
3540
7197
3312
7199
7200
4515
1332
72
7204
3119
5476
8170
4551
7971
3540
8013
8839
3162
2310
3370
7216
2437
8715
9521
1257
9685
7667
3478
1779
4402
628
4916
2646
1797
4506
4092
6444
7233
3152
8900
9651
5141
5337
4517
9083
1392
9295
1430
3181
5214
3225
783
7248
1529
4857
3728
6569
2784
6569
8101
4539
4839
3950
7634
7354
7366
7262
6668
4197
2781
7701
7967
6947
5164
6450
8489
9011
8320
2828
6929
9772
5888
4434
521
528
4302
933
962
7383
7868
5839
1205
1924
5374
1129
7291
7292
4136
9431
7245
8643
899
9030
5506
7702
7301
1939
7908
1653
2043
7306
8308
7308
5048
7117
3674
8865
3657
8981
9512
7037
9181
1839
8060
8966
9554
7322
4547
8554
2101
7326
7139
1110
8077
5816
1967
6210
4448
9142
6726
9351
6637
5132
7339
6091
1731
205
6184
9242
7345
2844
5853
7348
7849
1972
2375
8359
7353
7354
6391
3655
7357
2166
7733
3801
6580
4925
5801
1910
7365
7366
1491
7368
9181
1329
3976
9762
4483
8666
6395
3655
9910
975
9540
8621
9634
6165
9504
7385
9577
2010
7387
4046
4119
7390
2992
8207
1533
139
5117
9165
7397
7398
1808
4046
9662
3312
1065
964
5248
8701
300
7408
5927
3723
1601
7412
6858
5573
7764
4693
7725
5978
9639
8080
9263
1850
7423
7199
5125
9164
6814
8596
359
1736
3223
5374
6014
9234
4514
8841
9897
1976
6117
8125
7441
4180
1119
9396
9804
6260
120
2655
9987
6105
9242
2041
2218
9159
672
8497
4776
6226
3186
6796
3901
2227
1398
7185
2552
5374
6927
3837
6944
8763
369
3554
402
6842
8735
2173
234
7037
4476
9658
6772
5175
7483
582
7490
9637
7487
7725
689
4693
3354
3473
9584
8087
3678
7059
2513
7498
7499
1041
8701
2027
9897
1066
3373
4371
4827
3463
2623
1
2818
1656
5240
8272
107
4432
832
640
3033
9388
3606
3184
8375
9137
408
3651
2908
8107
935
1590
7657
2227
7037
6766
4434
2573
3699
1765
1477
7540
2601
3819
8309
5675
7545
3606
3514
8054
4351
4445
2324
899
3444
7554
5664
3648
8939
6395
6084
8107
4550
4933
3363
4562
7534
7764
6609
2877
3489
652
7571
4672
5531
2609
4904
8272
5164
3657
5626
1830
227
5708
4603
5426
4522
8410
1736
4685
8475
7590
3381
6459
6038
4533
9749
493
4546
1136
4611
8808
9488
6766
2027
5923
6686
3565
645
3539
7895
9376
3904
9555
943
8109
3565
7616
4435
8030
1972
8056
2650
8873
7623
7624
7625
7626
2671
4154
47
7630
6774
561
8001
7634
8771
6351
5917
7837
7639
8531
7641
8924
9780
8171
7001
6394
9614
7211
3324
7650
4637
5663
8797
2721
174
9445
7657
4174
7659
3760
3633
7334
5523
6252
1653
7666
6584
2844
436
1834
7671
7672
8309
5531
3258
8349
745
2654
7672
5217
176
7771
5740
8338
7685
6187
9249
2715
584
2552
9542
2748
1350
894
9107
2499
943
7758
4163
9974
2509
1915
558
7718
1589
7706
5883
6108
2735
774
9777
300
4048
7714
4209
5919
7717
568
4564
2832
7912
7625
377
6141
5780
5735
6754
3442
4693
7730
1647
190
9033
1942
4614
5497
123
6117
2913
7292
3659
598
9202
3168
8019
2682
7525
4026
4790
5696
3707
7939
4640
458
1226
6784
7757
7758
7759
7760
7171
7936
7809
2123
1541
7766
7767
5944
5205
9576
8429
4940
9016
694
1907
6045
5337
6994
7779
8824
4197
5200
7907
5157
8796
728
7787
5239
9246
558
6949
7705
2601
3182
1182
7890
7797
9644
4963
3704
1487
2161
2867
7360
9086
914
6065
1474
2102
991
2520
9526
5565
1988
200
1526
706
7818
2872
4194
6007
3526
5554
2050
548
1825
5220
8333
3710
2699
1568
47
7498
7834
9340
539
2933
965
6858
5387
4978
4272
3767
6541
1605
62
8333
4655
7849
2778
7851
6307
6631
3028
3475
7871
7857
9242
3728
288
9504
7862
1902
2622
9942
5030
8069
8144
5287
9772
8276
1368
4017
5384
7398
3822
2227
380
9396
1480
5196
6668
7759
7884
1945
7886
4983
2120
9989
5811
1738
4377
3393
6156
7895
6340
201
7898
7899
4448
5377
2656
5027
5718
4256
7906
2144
7908
7909
6807
7911
7912
9123
7849
5535
6161
4111
9215
8876
7809
7733
9623
3586
8172
651
8505
5374
7928
5877
4155
7076
2278
3715
7431
26
9728
4726
401
3038
4290
8669
5730
4273
7444
2485
1396
7947
8094
9889
6190
1881
3365
819
8672
1941
7956
1893
7958
974
5981
8938
5460
6640
3469
9644
7758
1733
1696
8939
1258
7590
7972
1885
123
4406
1601
1510
3904
976
8501
395
6014
2186
2449
1160
7986
859
6307
6186
8825
2786
9181
8698
9043
7995
5385
783
7534
1955
8000
8056
5521
4059
1591
1627
174
4781
4794
1113
4614
667
2894
8013
8239
489
8016
9866
9311
8019
5312
3723
991
4011
8347
8025
3951
8027
8028
8029
8195
8031
6567
3444
26
526
2639
806
1834
7196
2245
2316
3111
2877
5883
8051
3238
939
8698
4705
3914
8051
4217
2217
3489
5863
2462
967
201
5531
7634
3421
5530
8695
4317
1737
8066
3305
6741
1983
523
8071
8072
7619
664
3787
2523
8077
8874
3385
9977
5604
8082
4506
446
8085
2268
6817
6196
8363
8334
397
9649
9009
8094
9889
5891
1056
7834
3654
1310
8227
4943
5399
5531
1043
8106
1447
3089
5718
8110
687
2654
6674
51
8115
7385
1742
8502
3473
8120
6843
8973
5026
9807
8125
5907
8127
623
3760
6291
8131
5961
9606
8324
8260
1789
8244
5356
7675
6805
6977
1589
3095
377
9456
9083
8147
4666
9302
7125
1814
3370
7058
7855
2985
5687
2318
2307
523
8154
8172
8596
8163
3513
3907
1235
9587
9904
2980
4851
8171
8172
6920
6515
192
8176
4839
8029
9601
4736
8627
9665
3423
6184
7008
5765
7037
3158
2944
375
9160
6336
1866
4590
9472
565
9307
9071
1519
1468
7630
9987
2995
783
3768
7616
8207
6606
5626
9246
6737
2831
8213
2102
2144
5917
6920
9022
555
4865
5928
4286
4853
2227
7039
8584
8227
126
6221
8497
4186
7540
5634
1883
1240
7628
288
4356
8239
6479
118
5481
3415
8000
5523
2116
8661
8248
147
454
5392
6891
6087
3771
8255
1610
8551
9317
2882
6145
5211
9219
1311
8661
8938
8266
9783
8268
3741
4063
7171
2027
4890
2509
436
8276
1687
4
9289
9016
4435
4776
5899
134
2318
2891
1524
9270
8289
4108
6311
3760
6330
5585
1652
9847
4580
8359
8717
5238
8925
7334
3511
8645
5402
4112
110
8308
5399
791
8823
4431
3778
8878
8315
8316
1049
4313
6614
8320
8883
8672
2482
8324
9576
9150
3364
4462
5919
5221
8331
657
8333
8334
8335
1468
7797
1297
4710
9945
2959
3471
8343
3463
5397
178
2186
8348
7008
9165
9140
5521
4532
4963
5451
8356
806
9284
1605
7385
5923
7218
8363
806
2398
4490
9555
4404
1201
7962
3785
8372
8384
1350
1
8376
8377
7716
7807
2728
3398
8315
865
8384
7177
7199
2155
4756
8389
6580
5164
8170
229
1585
8395
1028
4097
6681
5919
6239
8483
5478
1697
8000
7558
2724
507
1422
4637
8621
4865
7706
5616
9723
8418
8864
3785
4445
4921
9783
5599
8676
3444
9662
8502
1250
1240
8683
8429
5981
3608
2871
9755
3222
2985
1786
6087
5332
8489
4155
1506
8442
2513
9155
7858
5780
4530
7177
7057
5066
744
8452
6453
292
7174
8941
8613
7528
8156
4239
8338
4161
7667
2740
5022
4018
4940
957
2541
6226
1517
7155
617
9
1239
749
1477
4925
8479
3571
651
6473
8483
1480
8485
3712
2446
8737
4331
9022
8356
6705
7641
70
8495
2881
641
8498
4501
2304
8501
8502
965
7572
2999
4995
3288
3288
3659
6280
2577
8512
2881
2217
8764
4776
3954
6464
6283
8584
819
9307
1548
3659
6045
753
3931
5788
3916
6337
8531
1447
6859
8225
4865
1049
5287
8538
8539
2891
1879
3363
6713
169
3606
6188
7905
1950
2639
1201
8551
2889
1537
5723
8555
2266
1923
3785
9982
8560
7662
2564
2781
6819
1502
5062
9847
6047
9554
8570
4626
6584
9215
2249
4736
8576
7986
8981
3760
4537
1589
8582
1293
8550
9488
3189
8458
6789
5015
9231
5037
4718
1957
8594
891
8596
1967
8659
9614
3626
2185
8721
1696
5570
7641
6126
8410
2848
3778
3630
8611
8715
2519
8614
4355
8331
3198
4915
5048
1105
8621
9526
9190
7313
6209
9311
9298
4742
5887
6165
8631
4302
2918
110
149
1611
4929
9772
1160
8109
8641
7857
8643
2467
5764
6941
3167
8172
3129
7962
8651
4522
1956
8213
3788
9178
5312
9028
2781
8660
4992
3444
6577
9008
8318
4569
7936
3540
9683
4127
3222
8672
6328
5977
8171
8676
4935
838
5877
9024
7616
9345
2774
1142
4119
178
5013
7262
3451
9577
1060
4039
3511
865
8046
8696
7908
8933
4854
2668
569
3358
8703
4147
1976
5368
1248
8179
9427
6260
1447
9035
4607
7176
8715
4857
8790
3630
9307
6547
4933
8722
5562
7292
7803
8029
8659
9649
7133
8730
4926
8732
1110
1130
9162
1806
1773
6252
1591
5318
4112
1050
7128
2574
1972
5877
3000
4672
8316
5424
9932
8752
3003
6287
9130
2905
3364
722
6024
8360
656
3343
8763
8764
2437
650
3627
8172
9639
2964
5935
3408
1311
7685
2509
5424
8891
7431
7591
8780
3168
4539
9757
8784
9755
7360
8485
2316
3421
3587
1330
8792
2165
650
2484
174
9108
6927
4447
8807
4102
3487
8056
2337
7140
3198
3806
4638
4184
772
8811
2980
8380
5200
4822
5085
9397
2778
9137
9683
21
5765
8823
5377
5863
8877
6741
8560
5178
8830
9728
4819
3128
2318
7527
7751
1914
8838
1350
8840
8841
7858
6038
1684
2036
8846
6552
587
8847
2715
3778
1517
8821
5696
3571
3553
7164
2031
8046
4147
213
4432
4427
1950
4662
6252
5307
1660
9021
7986
2456
2288
428
7076
8875
3443
8877
8878
9011
4447
4114
3674
4317
3288
1717
56
9757
2002
9068
5722
8891
7007
2245
5773
2298
139
1492
6673
8442
8900
7322
2623
4999
6584
1314
1444
9410
7947
8909
8910
6766
7732
246
2467
8915
1444
8917
9022
6954
5738
2050
9041
8923
3653
8925
7672
1892
5117
7541
6374
382
5476
8348
7815
9483
8627
943
6563
8939
8940
1432
9344
7306
7803
7383
579
6741
8640
8114
9092
4731
5297
4494
7884
6908
452
850
8958
3328
237
7527
8713
7262
2917
3904
4420
1506
1243
8217
2872
5765
6133
8478
9488
3950
4128
6737
7198
4851
2275
8981
8982
8669
8984
3942
4274
8987
9340
8989
3606
8721
7902
5115
4544
8995
1637
5662
6817
1537
2834
7397
9002
9644
12
9005
7290
8030
308
1367
9010
8359
8495
5374
5919
8089
2594
7588
4750
4309
3942
9021
3895
7895
9024
8994
9026
2996
9028
1262
9030
3565
4881
1410
5045
5765
5496
4345
7868
7241
6171
1692
7058
2682
7308
3360
7425
9050
2541
8534
4559
1311
2858
3606
8973
3072
7476
4851
9101
2263
3106
3877
4965
5712
9064
2606
6217
8292
5728
9375
8087
4963
773
1970
9074
7732
540
2400
2638
3856
5963
2043
990
9083
598
4716
9086
3205
9088
894
5526
9350
9092
3287
8452
8966
3738
3093
6453
9099
1693
3888
9102
7857
9104
2102
8582
9107
1883
6580
280
7526
1191
9345
7412
7784
9043
3004
7685
9769
9048
6180
589
9123
3760
3526
2251
7184
5251
5298
6602
7245
9132
3151
1773
9435
6865
463
3606
4997
6221
7912
3907
7701
1956
1133
125
4115
2316
9072
9150
9151
7815
5332
7578
9155
5877
6515
5033
9807
6161
4114
9162
9043
6664
9597
428
401
897
5053
3424
2492
2139
2514
5811
7320
9176
5316
1474
9162
869
6746
9182
3225
7809
7858
1477
9628
8909
9189
6201
4517
7117
1724
1970
1868
3590
7406
1508
4455
998
3277
7365
2462
5972
6931
3648
7388
9788
6481
4289
2156
6026
2832
2557
1786
445
4559
9218
374
9220
2051
6374
5617
5530
2400
9639
6351
1508
2561
174
2938
2726
2368
4341
9235
521
2169
3586
4790
6481
7634
5656
7995
1387
6740
323
8109
9248
2031
2446
7587
110
214
6780
7487
9108
5277
4271
9751
5337
5316
3000
9263
9410
5139
9898
4416
8360
7732
9270
452
3647
3475
3447
5072
5013
3760
4059
2540
214
9483
7671
1525
7366
9512
641
8286
8874
6623
1609
335
6006
9767
930
1186
5370
8737
436
6892
2148
2041
9302
7046
6673
6186
9306
9307
9308
1160
505
1607
2484
2639
6099
7388
6473
9293
9863
9502
483
8935
813
3900
815
9134
47
3028
9328
5849
7666
1852
1496
9022
2020
1773
5028
424
4926
2574
9340
3993
2227
2460
976
9663
6105
9432
891
7751
3393
4404
7625
2506
1387
4979
256
5297
6819
5775
3775
5916
483
6491
3423
2755
773
580
9108
4217
4435
9670
9234
98
9491
8289
9376
5178
4181
8276
6772
7023
5601
4999
2440
5159
5115
3128
6059
2891
5988
5547
6774
9769
5599
9296
3895
9397
2572
1939
6995
9552
1924
5855
3595
9405
213
1396
9253
1741
6187
5243
6865
363
8172
1239
3399
9306
7685
4603
9420
1652
9422
9366
6030
5543
6334
6552
9428
7073
2509
9431
9432
201
9434
9435
6839
4775
569
8316
7759
8994
2337
3778
3024
5399
5549
7949
4881
6807
5954
6292
6065
8248
8732
7157
3613
6107
5960
382
2818
2001
9462
2203
5717
2375
5549
3596
7765
3361
4067
7601
4095
6691
8321
3762
3202
898
5646
2497
2375
9481
9482
9483
6352
2223
5374
9487
9488
9489
2992
4403
3046
7431
8429
898
6160
656
8941
6252
9500
6485
9502
3350
9504
4351
9134
9887
5037
171
9665
5852
9512
320
9649
9515
9516
4552
9685
791
797
4167
1637
4075
9641
8269
2938
1562
2083
4544
190
9366
6746
9533
1282
9712
1792
9772
7581
3583
7320
655
9317
3659
4063
8504
9550
7683
6346
3398
6006
9551
9552
9525
2950
1893
6972
5263
7928
4201
4051
4839
6413
2142
6561
8147
2721
9567
2169
3004
2449
5232
256
5708
9913
7554
1496
9253
9578
5689
9744
6795
6283
6127
9584
8343
8672
2552
7601
3182
6817
9837
1226
4161
214
7949
4756
9703
4694
1866
3993
9601
6294
2083
2093
5175
9606
1972
9293
1971
3931
3305
3993
1273
6854
1687
9537
7967
289
9619
3606
6567
147
9623
9624
4212
4309
9627
7639
7383
5766
7521
6584
4095
4048
8883
7413
1468
4809
7262
4051
9641
2149
9030
9644
6517
7867
4926
6408
1868
9500
1424
4048
6986
7396
5026
9656
1282
188
8226
584
7126
1991
1551
8341
5675
9729
4241
9437
4063
4666
463
5132
478
6688
6376
5718
1945
6172
8847
490
8442
4111
4273
1737
9685
6444
3061
5374
8929
2895
8942
2905
4456
310
3399
1457
3609
5366
6868
9358
7784
1250
1477
4956
4705
4159
2961
248
5677
1971
5242
663
490
6712
5780
6744
6744
2895
1201
8064
7930
6197
3030
1477
3950
9726
6667
3595
5200
3608
253
2638
2472
9341
5316
4181
1654
3338
8172
2203
9067
7076
9614
9744
6209
8080
7180
483
6070
3798
3195
675
8180
749
9755
9945
9757
852
4595
1295
1976
9762
7886
2877
6294
3877
8796
20
9769
4443
4616
4626
5932
4544
9537
9504
9777
1923
3158
9780
8984
1741
9783
5599
6481
3767
5154
9788
5765
9790
7222
8584
9793
6171
5981
5428
6567
8792
4232
1490
9801
3370
5230
3680
1902
3687
7787
3670
8984
5877
6099
2476
610
2616
6941
3767
8735
6217
9819
1830
4474
1273
9823
7146
1988
5391
3098
5024
3606
6668
1541
8627
292
515
2302
7197
9837
8620
4272
4614
4420
2594
3195
5322
8592
9456
6947
2227
7716
9850
4197
5058
3093
3587
1367
9405
6986
8929
5443
585
9861
3657
3738
7675
9284
2320
2889
6475
7408
3167
9708
3206
5426
816
1599
9478
2523
5961
7424
3089
6713
4284
4263
9458
7388
3408
2988
523
9889
9104
9891
2012
4904
227
1163
5321
9897
9898
8224
2662
9823
6005
732
2501
9592
9071
3822
7001
3489
1416
5523
4163
5575
1493
7336
6592
478
6774
9427
5239
9921
2881
9923
4916
7397
3643
1322
6291
51
2606
9931
8173
1660
7197
6532
2517
6780
2156
9391
5065
5345
5425
9931
7026
7675
2622
4794
1250
7625
5705
2699
6981
2278
6966
1142
3275
4128
8383
5601
9960
4990
8621
8717
6941
2988
5494
1697
5265
1078
4420
3100
587
2227
6686
4545
9578
9270
4703
7766
733
9981
3888
435
6992
467
9986
9987
1575
5026
9345
1557
2226
9999
4060
3140
9996
3900
4097
9999