1000 3961 0
410 73 278
411 611 649 697 553 179 735 87 453 477 438 467 668 759 398 188 209 
784 698 670 728 704 4 
728 784 698 670 704 166 934 534 845 677 265 480 579 3 678 912 134 212 428 
638 681 940 
598 210 289 72 406 460 526 554 173 614 860 66 770 962 456 593 909 
188 723 819 
365 288 310 84 13 259 908 120 108 258 287 207 628 50 520 599 944 638 814 681 741 342 817 395 274 129 210 
56 910 551 575 616 206 821 
48 183 872 12 178 
173 220 460 210 614 962 829 
183 503 872 923 827 752 48 584 156 764 878 402 133 608 990 10 331 373 251 403 554 886 
365 8 562 
555 283 954 18 
25 903 754 
28 68 248 372 780 568 
119 712 962 
51 431 224 410 185 136 349 306 987 744 73 14 566 
843 209 451 695 69 487 229 245 330 588 161 96 414 190 664 835 514 746 271 929 127 940 965 66 106 529 532 
795 312 566 917 497 
432 888 671 767 730 46 
118 892 212 705 53 315 160 564 582 639 726 246 750 792 861 907 709 216 589 717 
172 249 988 141 348 194 848 314 299 408 437 461 577 644 269 763 733 485 953 782 995 906 121 522 832 
509 243 993 973 159 290 374 405 421 595 645 63 896 577 
15 806 113 256 309 338 339 237 457 971 497 837 857 903 699 422 
615 766 302 933 
39 64 114 436 458 578 669 691 824 873 952 123 608 
16 68 876 248 372 379 780 980 866 
304 468 785 
698 728 835 
685 657 495 88 111 157 
123 832 244 742 356 391 417 424 643 629 823 941 667 848 
253 525 291 370 538 834 849 103 938 311 
86 129 400 473 219 
305 385 925 838 72 
848 577 102 
795 566 692 830 
732 283 954 209 
27 458 952 369 
45 55 214 675 169 565 188 734 464 378 569 862 887 961 630 723 528 635 
383 690 673 272 534 
647 938 405 
638 274 190 
362 171 80 233 226 99 768 844 381 515 528 612 489 718 855 897 984 775 376 839 
40 565 734 378 961 723 
80 362 171 228 701 515 729 855 984 775 21 843 
51 431 410 349 306 744 73 338 
10 183 373 608 827 872 503 12 
362 984 758 
365 548 628 8 520 638 414 
431 224 316 47 18 58 410 180 185 627 270 327 332 136 349 380 306 428 748 510 540 544 317 987 744 803 919 73 964 63 383 472 888 
468 116 148 155 304 641 717 797 850 864 595 793 
705 22 601 726 246 750 667 792 292 881 709 241 698 
264 385 925 297 
40 565 188 464 168 887 630 723 
9 551 705 
863 535 609 633 894 185 
51 410 744 766 
848 577 953 958 
484 615 302 921 
76 323 513 
432 888 958 784 
159 290 405 993 973 595 509 645 421 374 243 24 435 651 758 147 840 778 983 896 51 233 554 
27 114 458 669 691 873 952 993 
690 673 190 
173 210 614 526 6 220 318 406 390 72 598 554 289 454 860 807 472 460 573 308 322 102 914 770 504 962 976 719 456 19 106 374 603 
183 872 503 298 
28 16 153 
209 451 487 843 695 19 330 161 414 190 664 514 746 271 929 127 940 165 173 314 
305 385 875 177 290 
747 818 236 
210 6 289 390 526 554 173 66 504 962 35 983 
744 410 51 431 306 349 185 224 987 136 18 748 428 544 803 47 270 919 517 540 1 200 722 510 694 627 964 84 872 984 
266 407 257 745 
396 549 963 731 257 
61 145 215 163 230 662 736 192 394 682 900 902 323 116 221 
154 413 469 583 591 785 858 362 
173 962 388 
674 794 818 
46 362 233 44 701 381 855 536 984 617 880 
848 577 708 
119 344 559 788 721 
863 633 431 
522 365 207 258 310 628 8 944 638 814 681 274 73 263 
146 320 466 492 621 755 891 135 441 745 
34 400 219 654 
611 697 411 2 605 
351 364 991 738 685 632 829 804 957 31 111 903 940 
197 165 927 779 361 172 
848 577 850 
173 614 962 742 
674 505 122 
756 949 106 638 
577 848 606 763 348 314 485 782 384 
209 843 414 664 271 929 
843 209 19 451 695 414 190 664 514 271 929 197 539 
159 290 405 129 
698 728 993 
44 381 962 
859 440 443 275 889 774 
784 698 728 376 
173 554 66 962 36 
538 291 33 737 370 525 849 253 938 738 888 
638 741 274 391 
159 405 210 
508 949 449 507 828 506 756 93 787 776 476 911 513 124 203 865 634 580 539 174 999 930 479 66 19 
664 271 404 
8 638 387 
511 1000 419 638 
690 673 302 
88 31 957 632 351 685 495 738 991 769 804 829 657 620 931 364 857 858 
575 206 903 
25 338 339 837 857 903 836 
27 64 458 952 161 
158 261 352 519 555 732 954 
52 304 76 
784 698 670 728 704 257 
892 22 351 
82 17 128 152 985 783 273 281 712 359 344 355 389 423 559 218 679 524 788 721 851 946 948 996 496 934 
8 638 596 
577 23 461 929 
743 917 975 92 
32 847 742 391 276 613 629 823 941 27 408 
106 451 950 
690 383 673 235 870 493 665 167 208 252 170 195 491 446 754 846 880 901 272 201 266 962 
565 723 173 
271 664 414 843 209 929 190 19 514 451 695 69 330 161 746 940 239 577 579 
119 359 614 
34 366 400 455 473 387 500 219 740 967 97 8 
432 888 660 767 886 
848 577 782 896 
197 165 927 361 779 
503 12 473 
877 615 302 4 
85 320 492 298 
410 51 431 185 224 18 349 306 987 744 73 150 214 
511 419 911 
277 440 978 751 
630 723 682 
383 690 167 870 673 272 
23 848 314 461 577 606 485 825 
290 405 690 
794 505 509 
440 916 784 
762 76 215 736 688 902 323 721 
85 320 328 466 492 621 755 441 255 419 
993 159 290 405 63 970 
52 363 959 303 
184 975 312 340 
511 1000 136 
742 391 896 
119 344 367 
863 307 633 789 839 894 899 68 
77 413 469 583 591 
468 52 855 
183 12 207 
201 31 339 
115 915 594 954 
993 973 509 243 24 758 147 420 622 350 97 105 225 771 290 651 313 325 333 374 658 405 409 421 435 462 501 595 625 645 652 707 63 840 778 255 983 896 285 397 611 841 916 
22 212 246 673 
843 209 19 451 695 69 330 414 190 664 514 271 929 127 940 114 
280 730 729 
76 682 900 323 670 
196 232 321 478 702 820 176 757 
779 197 361 661 686 724 749 927 132 89 69 229 
265 534 480 579 784 698 677 845 670 728 934 704 4 672 752 893 
690 383 208 140 673 125 754 272 394 
55 630 985 
40 188 723 695 
383 690 235 673 125 846 272 929 
46 362 44 381 536 
23 577 782 89 
210 526 6 554 460 406 390 72 598 807 289 220 472 573 454 308 646 322 430 318 189 619 576 474 448 442 78 102 11 905 614 856 860 66 914 770 91 504 962 976 719 456 126 69 257 704 931 
756 106 631 
414 664 271 973 
164 447 287 
70 875 802 590 
674 794 10 
611 411 697 553 2 743 
410 51 431 185 744 244 
659 445 786 277 275 916 
843 209 414 664 271 929 584 
48 878 10 67 156 242 402 584 373 608 752 764 827 872 923 503 951 990 12 458 843 998 
692 412 572 867 975 149 267 258 
410 51 431 224 18 180 136 349 306 428 429 748 544 987 744 803 919 73 57 645 807 
290 405 923 
365 638 938 
40 565 55 169 7 282 464 378 569 680 713 862 884 887 961 630 723 2 380 
210 807 173 710 
414 843 209 19 451 695 69 330 161 487 96 245 229 588 664 835 514 746 596 271 929 127 940 965 43 65 814 822 877 
511 1000 419 746 
76 215 688 902 323 459 
800 955 642 432 
23 848 314 577 763 953 
690 383 235 673 125 272 290 
164 232 321 354 478 702 820 757 613 
165 779 439 361 661 686 724 590 927 132 89 96 994 
278 347 516 558 546 799 921 939 415 796 918 
888 432 391 
744 73 374 
157 459 305 125 
362 233 381 984 775 451 
507 106 615 
811 505 248 
615 745 909 302 700 
112 518 9 821 724 
84 240 628 8 520 944 638 814 681 274 156 314 
383 690 167 235 870 673 125 272 
451 95 487 229 245 69 843 695 19 330 588 626 182 161 96 414 190 739 664 835 514 746 596 271 929 127 928 940 965 38 2 478 821 867 
6 598 220 189 308 318 72 390 646 406 430 460 472 474 807 526 573 173 11 614 856 860 66 914 770 504 962 456 8 105 383 727 
593 403 816 433 715 597 343 975 
315 22 160 246 709 4 
863 894 714 
40 862 630 136 
76 145 736 192 375 688 900 323 901 
705 709 750 881 22 
952 458 575 
119 359 355 783 712 
129 400 473 34 455 366 86 500 740 967 368 642 827 
210 406 526 173 11 614 66 962 750 
591 413 76 
266 257 598 
413 469 591 401 
51 431 18 410 185 136 349 306 987 744 73 633 648 
159 290 741 
362 233 44 612 489 984 775 986 
591 413 785 664 
46 362 233 612 897 984 
209 843 19 414 190 664 514 271 929 165 681 
76 323 268 
298 615 980 
196 164 354 447 757 
362 202 228 80 226 44 768 701 515 528 855 536 897 984 523 775 63 566 
247 826 955 642 870 
690 383 493 252 208 170 604 870 195 665 673 125 446 846 880 901 272 320 953 
674 811 505 71 
338 25 339 971 837 857 903 313 
848 314 577 290 
248 372 127 
365 207 522 520 638 681 395 773 
414 664 271 53 
183 872 503 261 606 
509 24 993 973 159 290 374 405 421 595 645 63 896 592 
32 742 391 424 643 629 180 
209 843 19 414 190 664 514 271 929 633 
22 601 564 639 892 212 705 726 160 53 315 667 792 861 881 907 709 782 795 
234 826 637 955 642 434 
28 16 876 372 379 780 980 866 239 204 
23 348 848 577 366 
863 609 789 894 535 
608 12 927 
383 690 493 235 870 125 446 272 
33 819 538 834 103 938 
371 910 341 
159 290 405 146 
25 338 339 801 837 903 
266 341 74 731 425 222 75 549 396 947 956 444 117 173 
84 8 638 184 
365 8 638 817 274 
575 821 996 
115 519 732 283 954 989 242 
863 609 538 
399 659 84 
305 966 54 365 
166 534 784 698 670 728 934 704 4 
798 341 353 74 407 222 563 963 655 979 731 425 257 956 444 125 574 
975 184 290 
742 391 830 230 
577 848 408 299 23 763 953 782 
410 51 431 349 306 744 73 561 
664 414 843 209 190 19 514 451 695 69 330 161 746 487 96 245 229 835 588 596 739 182 95 626 470 589 490 241 175 585 300 635 574 521 107 422 388 581 929 127 928 940 706 965 968 346 415 541 653 816 
690 383 673 125 235 870 493 665 846 901 252 208 167 170 446 754 617 491 195 880 41 974 560 587 140 624 683 666 552 943 434 765 910 966 
119 344 447 
908 8 365 725 520 207 522 395 681 84 259 638 933 43 104 741 629 876 
297 277 100 181 440 818 659 319 936 978 889 334 611 
742 391 123 356 329 629 962 
859 138 297 340 440 443 445 502 659 786 747 818 181 791 275 936 916 978 577 609 
198 347 939 1 
848 577 984 
162 888 757 
119 783 712 344 559 788 288 650 
565 188 630 723 475 
38 732 519 261 954 14 
376 615 998 745 842 909 328 
784 670 159 
734 862 723 666 
288 8 176 
287 310 8 944 638 281 
6 72 390 526 173 614 66 962 664 
159 993 973 509 24 243 758 147 420 97 350 622 186 142 225 771 651 325 333 374 658 405 421 435 501 547 595 625 645 652 707 63 840 778 255 983 896 267 238 195 70 577 
33 370 819 647 538 834 103 898 938 782 
53 705 576 
698 728 420 
705 557 947 
816 433 693 
591 785 732 
277 440 443 659 786 818 275 936 978 889 54 705 
877 231 376 998 367 751 766 836 693 302 631 135 67 
848 314 23 326 461 577 269 606 763 953 782 338 624 
414 271 801 
863 609 675 
615 766 877 909 376 751 663 831 745 482 836 935 531 869 562 134 998 484 496 918 298 693 367 842 937 481 727 805 970 205 360 567 26 550 60 942 110 465 583 706 
414 664 148 
468 52 116 641 904 29 
264 35 385 459 70 925 838 201 802 580 715 
410 51 431 349 185 224 136 18 270 47 627 332 428 748 510 544 722 317 987 744 761 803 919 73 514 863 925 
863 153 609 670 
210 526 173 66 962 
25 338 763 
522 288 84 8 638 814 
970 935 33 
692 20 566 917 149 
159 993 405 237 
848 238 194 23 141 988 299 326 408 437 461 577 542 763 94 953 782 568 994 207 69 987 
705 212 22 246 667 352 
51 410 951 
410 51 431 306 744 924 
210 173 66 804 
859 404 440 443 275 
85 146 466 492 891 135 235 
164 196 417 800 
173 614 66 408 
76 902 900 736 215 145 662 688 192 163 682 394 854 636 375 230 61 762 362 698 808 
338 903 789 
159 290 866 
848 314 299 408 461 577 763 485 953 782 382 628 
410 51 730 
146 492 284 
742 276 902 
843 209 19 451 695 69 161 414 190 664 514 271 929 127 940 421 
503 12 945 
410 51 431 306 744 
159 290 993 405 383 
591 785 275 
361 686 981 
784 698 670 728 545 
414 664 586 
25 113 256 806 309 339 346 237 457 971 324 497 790 801 837 857 903 992 299 47 
338 25 113 256 806 237 457 971 801 837 857 903 157 437 
277 818 978 149 
266 407 963 731 257 947 956 254 
8 638 723 
593 597 816 852 211 
119 281 273 82 359 783 712 152 355 389 679 524 788 948 996 871 874 
955 642 453 
338 903 271 
198 278 516 558 546 799 623 893 921 939 498 704 
23 249 848 577 94 
410 51 431 185 224 136 18 270 47 627 380 306 428 748 540 544 640 987 744 803 73 460 547 900 
159 290 405 728 
88 931 632 957 111 118 
115 732 954 315 
266 425 523 
196 232 934 
119 344 218 709 
742 32 276 629 830 421 
371 821 884 
784 728 694 
119 985 128 344 218 721 
831 877 615 663 766 531 693 302 
197 165 335 661 686 724 927 132 89 831 997 
46 49 80 171 202 226 228 233 44 768 381 612 718 777 536 897 984 775 77 323 
148 641 491 
88 111 500 
13 522 84 50 187 240 259 628 397 8 520 944 638 681 817 871 395 274 264 909 
129 400 219 249 
615 877 496 482 298 766 842 909 693 302 152 846 
219 400 809 
698 670 39 
33 291 834 103 938 
357 910 254 795 
248 28 16 780 239 
183 48 872 12 618 
159 290 993 973 509 24 243 405 421 595 645 63 896 200 66 
215 323 758 
298 877 918 481 482 615 562 284 663 751 766 842 531 909 693 302 44 101 
795 692 412 898 
188 40 45 808 862 887 630 723 477 
248 28 854 
51 349 744 188 
202 844 701 44 171 99 80 362 718 855 897 984 775 462 952 
459 838 326 
208 252 170 140 41 690 167 491 493 235 560 587 602 604 624 870 195 665 673 125 683 446 754 846 617 901 272 333 51 210 
915 954 94 
305 35 696 70 868 838 54 
583 591 858 490 
473 129 108 739 
664 271 78 
119 344 643 
72 289 210 448 526 554 173 614 66 770 962 402 991 
742 32 123 151 268 648 244 847 276 613 643 629 823 830 941 104 199 
784 698 670 728 704 
742 613 629 414 
76 900 323 167 
638 871 8 365 817 725 240 681 274 820 
75 257 673 
522 365 638 159 
649 2 908 
263 659 405 
129 34 366 86 455 473 219 740 368 
690 673 223 
183 503 12 390 
597 488 433 715 816 852 211 12 659 
659 319 107 
159 290 993 973 509 374 243 24 651 758 147 333 420 105 142 186 658 313 622 350 97 409 421 435 462 547 595 645 63 840 778 255 983 896 399 42 520 
210 6 220 598 460 807 526 173 614 66 770 962 456 544 737 
341 74 266 563 655 956 444 570 
848 23 314 988 326 461 577 269 763 995 906 123 322 
159 405 557 
51 431 224 18 47 316 58 180 185 627 270 1 327 332 136 809 349 306 428 748 510 540 544 722 720 317 987 744 803 919 73 456 537 890 975 
611 649 697 553 735 87 477 438 179 2 668 938 957 
184 377 572 975 797 
77 154 223 426 469 810 822 571 583 591 600 700 785 841 858 874 221 227 609 967 
843 209 19 451 695 69 330 161 487 96 245 229 588 182 95 626 470 922 303 337 589 490 241 175 635 190 739 664 300 835 514 746 596 271 929 127 928 940 706 965 968 393 50 784 785 988 
921 198 271 
848 577 641 
742 32 629 321 
637 955 642 
1000 511 450 191 109 498 427 434 137 146 
993 159 290 405 293 
159 290 405 993 973 509 24 243 374 595 645 63 983 896 356 330 
664 271 25 
119 559 927 
742 32 244 629 830 
353 266 257 604 
413 583 591 785 460 
1000 419 680 
410 51 306 431 349 185 744 73 4 
185 744 442 
210 173 962 902 
51 224 47 18 410 180 185 270 332 136 349 306 428 748 540 544 722 640 317 987 744 803 919 73 83 495 
21 130 62 888 660 199 767 765 730 193 663 
597 715 403 816 295 211 
419 272 247 
159 290 405 993 973 509 595 63 896 469 
27 952 798 
314 23 848 577 763 953 339 
611 411 2 781 
197 590 690 
277 138 100 297 445 502 920 659 319 753 818 833 144 275 936 978 889 969 
85 146 608 
173 962 429 
100 277 297 319 818 916 926 
956 257 407 266 731 837 
277 440 502 818 181 788 
690 383 673 125 235 252 272 556 
176 232 273 
390 173 615 
911 476 508 756 689 949 106 999 479 481 709 
511 1000 419 677 
209 487 69 843 695 19 330 161 96 414 190 664 514 746 271 929 127 940 124 202 802 813 
888 671 767 903 
2 345 999 
554 173 614 66 962 
129 400 219 790 
173 962 66 210 460 406 6 504 410 
338 25 339 837 903 
27 64 114 39 691 824 873 952 217 950 183 992 
382 305 696 201 192 
210 6 406 807 526 554 173 11 905 614 66 504 962 456 426 349 
848 23 314 141 299 326 408 988 577 542 606 763 485 782 121 555 
159 405 381 
812 618 795 532 656 975 
188 40 55 961 723 897 
647 938 302 
85 146 320 492 621 679 
611 2 502 
52 155 304 641 850 904 959 29 864 744 896 
413 154 223 77 822 571 583 591 700 785 853 435 482 
843 414 664 271 954 
674 505 704 
210 554 173 614 66 962 51 
129 400 34 387 219 133 
210 173 922 
848 577 282 
773 449 513 828 106 
649 411 2 378 
196 164 209 
106 787 949 508 828 773 449 507 870 
166 784 698 670 728 934 704 4 848 
376 877 615 766 836 531 935 302 449 
376 877 561 484 615 367 766 909 302 469 
527 775 830 
482 60 877 615 766 909 693 302 868 
577 606 141 94 848 23 763 603 644 988 461 542 326 953 782 591 894 
784 698 670 728 954 
209 451 69 843 695 19 414 190 664 514 271 929 674 939 
597 403 622 
44 226 729 984 775 
414 664 271 386 
690 383 665 673 125 272 363 
85 146 320 466 328 135 864 
690 383 252 235 870 665 673 125 754 846 901 272 534 698 
784 698 728 695 
957 31 111 431 
367 766 935 302 119 
338 25 903 20 
1000 419 347 
742 629 803 
129 219 364 
159 290 763 
445 440 277 936 978 467 
183 872 608 827 752 48 584 764 878 67 331 402 541 133 242 990 12 787 
173 66 210 554 526 460 598 72 962 456 615 736 
674 794 811 92 236 204 143 471 776 
756 106 772 
203 756 883 949 106 999 479 
449 865 106 999 479 
24 243 993 973 159 290 374 405 421 435 595 645 63 983 896 143 936 
410 51 306 744 73 
450 191 109 137 150 1000 419 
784 698 670 728 704 
911 476 106 61 
664 414 843 209 190 19 451 695 69 330 161 487 96 245 229 746 271 929 127 940 306 618 657 722 
768 44 233 46 676 984 775 
347 198 921 939 977 
744 73 784 
551 575 206 894 
115 261 732 283 954 
522 8 365 240 50 207 599 638 274 405 914 
664 271 673 
365 84 240 310 628 397 520 638 274 23 
855 233 775 353 
119 344 645 
33 538 849 103 938 
210 6 460 406 390 598 72 220 646 289 308 554 173 614 860 66 914 504 962 562 815 881 
483 528 984 658 
233 527 44 777 40 
591 583 19 
742 629 646 
877 481 766 360 745 376 998 831 302 655 915 
692 566 917 463 19 
863 609 633 894 899 
166 265 784 698 677 845 670 728 934 704 4 41 493 973 
863 57 609 633 894 250 960 
80 362 171 233 984 775 
863 609 410 
33 291 525 556 819 647 253 825 737 834 849 103 938 262 607 
949 106 96 
410 51 349 431 744 73 
608 503 271 
577 848 461 932 314 763 485 810 
784 670 630 
410 51 306 431 349 185 744 73 406 
742 629 336 
347 198 921 939 783 
290 405 349 
50 814 725 930 
75 963 257 690 
615 302 742 
56 518 910 9 575 616 821 720 
690 272 728 
913 611 649 697 411 179 2 725 
454 526 6 472 390 460 72 598 173 102 614 66 504 962 12 63 
115 732 954 989 14 461 
538 938 446 
294 639 409 
347 198 939 848 
119 423 82 281 968 
690 383 272 932 
482 766 270 
918 615 376 805 663 751 693 935 302 526 13 
266 407 979 933 
22 601 246 811 
45 55 40 188 282 569 126 723 
795 20 312 692 532 572 618 37 867 917 233 18 
831 766 302 614 
577 848 314 16 
565 40 188 630 723 
784 728 407 
413 469 583 591 785 928 
795 692 566 184 412 
210 173 614 66 962 
664 271 266 
112 260 518 551 9 616 821 217 
173 614 292 
848 23 314 461 408 299 326 988 141 437 194 348 932 249 59 238 131 172 416 279 475 90 81 36 542 644 269 603 606 763 94 733 485 772 953 782 716 815 995 568 906 121 994 127 290 24 277 936 
27 691 952 638 
166 784 698 670 728 934 704 4 127 
756 106 305 
664 271 983 
22 667 904 
413 469 77 571 154 822 810 426 386 591 700 785 858 529 302 640 
183 608 752 827 503 951 12 182 
664 271 731 
863 633 337 
690 383 272 916 
843 209 19 414 190 664 271 929 
414 664 271 22 
197 439 779 927 177 
413 583 469 77 571 154 822 810 426 386 223 296 334 600 653 700 785 841 858 874 221 529 853 227 485 692 
674 811 243 
343 211 6 
158 732 954 690 
159 290 405 993 973 509 421 24 243 374 435 645 63 983 896 52 831 
664 414 843 209 190 271 929 120 
488 343 433 760 403 816 852 708 211 843 865 
6 210 406 526 554 173 614 66 504 962 222 636 
8 520 630 
591 413 629 
53 564 892 246 792 
690 383 670 
577 848 485 782 66 
690 235 383 425 
784 698 670 87 
577 848 461 299 141 763 94 485 953 782 242 638 
742 830 538 
48 183 541 584 878 752 827 872 503 251 796 12 441 27 
863 262 57 533 535 307 301 537 633 789 781 839 894 890 899 969 250 997 413 277 
681 650 756 
553 87 438 467 649 697 735 411 179 2 668 275 159 
226 362 228 44 676 
742 393 123 391 714 629 823 196 
173 210 526 6 554 460 220 390 576 322 598 289 807 454 11 406 573 472 856 66 914 770 91 962 976 128 567 689 
918 877 360 831 481 482 26 654 484 937 134 231 205 60 376 998 550 562 284 367 745 751 836 842 879 909 693 935 302 942 631 448 203 504 726 
9 575 551 937 
690 383 272 80 
566 463 373 514 
173 962 704 
957 111 979 
85 146 466 728 
159 290 405 488 
347 921 895 
690 383 272 299 
159 290 877 
843 209 414 664 271 948 
410 51 349 306 744 73 913 
84 365 50 207 522 8 638 814 681 326 856 
742 391 545 643 244 895 417 276 393 356 648 424 32 613 714 847 123 530 823 830 499 986 941 600 274 
188 168 961 139 713 378 55 862 885 282 569 214 40 723 543 599 
615 298 663 745 174 
88 351 991 769 111 
863 609 153 535 57 533 83 586 789 781 894 899 245 224 
776 106 742 
414 271 40 
902 323 598 
418 826 247 800 642 
8 84 104 108 207 288 310 522 50 365 628 187 908 43 258 120 520 5 259 397 240 814 681 741 650 725 342 817 871 395 274 606 578 93 109 
557 22 703 246 861 
349 431 744 583 
363 468 52 304 717 797 850 416 
955 637 826 247 800 234 418 193 345 219 859 
742 32 391 244 629 830 389 
577 848 23 485 702 
159 290 405 993 973 595 509 421 374 243 24 63 896 185 524 
210 526 173 962 530 
42 291 465 538 938 777 
742 391 629 224 
611 553 913 477 697 735 411 2 759 398 935 941 
638 610 281 
159 290 993 973 405 63 896 
159 290 768 
591 700 271 
615 693 86 
266 407 531 
795 463 934 
31 111 514 
159 290 405 527 
399 297 404 263 277 440 747 818 882 181 275 936 916 978 403 891 
888 432 130 730 958 
197 165 361 927 909 
76 736 854 900 902 323 
998 918 877 562 831 376 360 745 766 869 909 693 935 302 631 432 665 
843 414 209 190 19 451 695 69 330 161 487 96 229 245 588 95 182 739 626 470 175 241 490 589 337 303 922 581 388 422 107 521 574 835 585 514 746 596 271 929 127 928 940 706 965 227 289 740 778 973 
690 383 235 493 870 491 673 125 901 272 663 843 
690 272 286 
582 315 246 726 53 792 881 709 32 
2 611 411 949 
27 64 713 
784 698 166 534 845 677 265 480 579 3 678 117 392 512 684 336 486 285 543 369 605 912 728 926 934 704 4 163 307 602 883 
888 21 452 730 958 746 
984 775 166 
690 235 870 493 665 208 383 167 170 140 491 195 41 974 110 401 125 446 754 65 813 846 880 901 272 521 396 160 
236 178 92 592 79 794 811 505 471 487 956 
40 723 301 
612 515 897 984 775 
784 698 166 534 845 670 728 934 704 4 450 964 
784 698 670 728 704 4 
119 344 721 466 
188 723 427 
638 8 628 814 207 610 365 5 84 240 741 725 817 395 274 229 929 
76 163 323 139 
690 383 272 780 
784 698 670 728 704 
88 738 31 111 799 
197 165 335 361 927 695 
961 723 1000 
215 736 145 192 323 
449 756 614 
383 208 252 170 140 41 943 110 167 974 491 493 235 552 560 587 602 604 401 624 870 195 665 666 673 125 683 446 754 65 813 846 880 617 901 272 142 549 594 439 
27 458 64 578 873 952 
795 184 312 377 566 532 572 743 37 867 917 975 591 759 
766 615 360 562 376 654 663 367 879 836 918 831 877 484 298 745 302 295 846 
744 73 358 
843 209 451 69 487 19 330 161 96 414 190 664 514 746 271 929 127 940 494 686 169 
385 459 868 875 802 
611 649 553 87 735 411 179 2 
784 166 534 265 579 480 3 512 392 117 486 336 30 98 369 293 977 494 960 605 101 678 684 710 677 845 670 912 728 926 934 704 945 4 323 53 493 760 
903 25 707 814 
591 413 583 810 469 653 785 205 
80 46 233 381 984 
164 196 644 
639 892 852 
728 784 698 670 934 166 534 845 677 265 579 480 912 678 3 684 512 392 117 4 619 347 471 173 
53 294 315 22 726 246 292 861 709 216 297 56 
271 664 414 302 
159 290 699 
597 852 81 
667 705 22 212 924 726 53 246 216 355 449 
698 784 728 189 
888 767 845 
119 17 281 344 218 721 948 
188 630 723 669 
742 613 629 213 
433 403 211 305 
577 848 978 
52 641 22 
381 362 44 935 
173 962 66 959 
410 744 551 
119 679 359 712 82 788 145 
410 431 306 744 73 514 
188 40 630 961 862 378 675 464 680 45 569 7 887 734 565 713 282 55 884 169 885 808 687 286 126 139 342 845 943 
197 165 361 206 
548 638 681 395 274 553 
705 53 22 246 750 667 709 615 
745 766 909 302 210 
784 698 670 166 534 845 677 265 579 480 912 678 3 684 512 392 117 486 336 710 977 494 960 98 101 793 570 30 358 293 926 934 704 945 981 982 4 552 621 350 755 818 
46 489 162 
888 767 432 671 660 162 21 765 958 327 
963 266 75 341 257 444 585 
115 594 915 555 519 352 38 261 283 954 989 296 775 
577 848 23 763 751 
45 40 286 723 929 
611 649 697 411 2 782 
76 145 215 662 688 900 902 323 504 
538 103 938 406 
88 685 111 103 
414 843 209 664 271 929 387 
219 400 129 664 
681 104 8 638 274 225 
32 123 244 648 151 530 607 832 329 356 268 391 393 276 417 424 613 545 643 714 895 629 823 830 499 986 941 91 634 550 848 
795 692 122 917 975 179 
410 51 306 431 349 185 987 224 136 18 748 544 428 270 47 540 627 317 722 510 332 180 640 380 58 809 720 694 517 429 200 761 803 919 73 468 753 863 
284 615 205 663 727 831 766 531 909 693 302 631 85 74 
664 414 843 209 190 19 514 451 695 69 271 929 127 191 671 
277 659 71 936 978 851 
410 51 306 431 349 185 987 744 73 882 
165 927 869 
22 53 726 892 216 220 
562 298 376 877 918 615 836 909 302 138 733 
183 608 584 764 827 872 503 12 166 
440 818 744 
690 383 673 125 493 167 272 15 
85 146 728 
449 506 93 580 174 689 828 507 949 106 930 610 872 
196 232 164 280 
993 973 159 290 405 63 375 49 
2 649 692 
597 852 698 
744 306 805 
145 323 950 
577 848 23 314 326 461 408 932 606 269 299 542 437 194 94 733 485 953 782 815 995 309 501 771 
183 752 827 503 990 12 
888 432 730 272 
918 482 805 831 481 26 877 376 367 745 663 484 567 360 727 496 298 561 531 869 909 693 935 302 58 939 
888 432 711 130 21 452 730 958 
362 44 233 515 984 652 
632 111 791 
173 66 210 614 390 6 406 962 
159 290 763 
577 953 506 
476 479 240 
938 100 844 
984 362 672 233 381 46 202 489 226 515 44 676 523 483 855 536 732 
634 828 106 505 
362 528 647 
159 290 405 993 63 973 664 
165 197 590 927 132 89 823 
248 28 372 16 683 
863 609 633 789 894 438 
577 763 23 326 94 461 485 848 314 172 606 131 269 988 299 603 995 906 246 291 735 
119 281 344 218 546 
166 534 265 480 579 3 117 392 512 336 486 101 605 960 494 977 570 285 543 358 698 678 684 710 677 793 845 670 912 728 934 704 945 981 982 4 517 144 62 414 
591 469 583 296 77 413 700 571 426 334 858 227 29 414 
297 277 920 818 181 
949 106 479 503 
119 344 281 82 721 851 445 
863 609 633 153 781 894 899 250 324 843 
338 903 455 
277 978 769 
892 22 246 601 667 53 861 924 
784 728 52 
674 178 79 143 811 505 
20 692 377 566 572 743 656 37 812 917 463 975 246 371 
608 872 198 
641 52 412 
266 963 436 
347 198 939 685 
637 193 955 642 321 
339 338 256 300 
875 696 177 838 305 451 
744 410 51 306 431 349 185 73 499 
88 111 318 
562 877 766 302 761 
25 338 339 837 903 
189 406 460 210 173 614 66 962 185 
378 723 323 
410 744 368 
413 583 591 700 542 
674 794 204 592 236 505 564 
795 463 962 
690 673 451 
310 207 933 638 8 548 84 628 681 190 699 
577 763 526 
403 433 343 597 295 211 271 
638 259 8 365 681 395 920 
443 440 297 71 753 659 340 786 445 277 275 936 916 978 79 728 862 
253 291 538 834 938 7 
196 164 395 
206 910 357 575 9 551 260 209 
413 469 583 591 190 
742 629 613 391 32 123 779 
27 458 906 
538 938 141 
247 234 637 955 642 
183 608 752 764 584 48 872 503 990 12 219 972 
756 776 476 106 999 479 
88 111 11 
742 629 391 356 424 268 607 643 941 37 483 
877 360 615 567 663 745 766 531 869 879 909 693 302 361 595 
32 742 23 
440 978 849 
538 33 291 370 819 253 849 938 877 
664 414 843 209 190 19 271 929 30 
481 615 751 298 909 693 302 113 
338 25 339 237 971 256 113 457 806 857 903 444 961 
385 305 35 382 802 
863 609 153 44 
159 290 405 993 63 973 
591 413 159 
367 376 284 615 302 
209 451 69 487 229 245 95 695 19 470 330 588 626 182 161 96 414 190 739 664 835 514 746 596 271 929 127 928 940 965 183 597 46 789 665 
44 381 774 
784 698 166 534 677 670 728 934 704 4 723 711 
690 383 673 125 235 870 493 170 272 367 693 
123 391 629 
23 238 348 988 81 36 194 249 932 131 141 90 475 279 314 299 59 326 408 416 437 461 577 542 644 269 603 606 763 94 733 485 953 782 716 995 568 906 32 480 558 742 885 
834 525 538 33 103 938 833 
468 641 52 90 
119 788 747 
760 597 403 343 708 703 
591 469 989 
662 323 379 
233 80 381 44 46 984 523 775 155 
173 210 614 962 628 
338 113 339 837 237 25 903 111 
591 413 785 386 583 77 111 
100 277 319 642 
173 6 526 210 66 962 
705 246 639 792 22 
378 40 286 188 214 961 630 723 818 
83 301 153 213 262 57 307 533 535 537 586 609 633 789 781 839 894 890 899 969 972 250 997 744 306 
52 468 492 
508 106 999 597 
248 28 325 
566 184 692 209 
385 696 484 
663 831 766 302 749 
690 383 235 493 208 252 140 665 673 125 846 880 901 272 479 234 
638 365 395 344 
183 608 827 48 752 242 10 878 67 373 503 951 796 990 12 73 756 
27 458 64 691 952 
591 413 344 
696 70 177 966 802 
28 248 274 
134 298 831 376 998 360 481 482 484 615 805 663 367 751 766 531 909 693 302 625 190 834 
183 608 872 503 12 
831 615 693 905 
690 870 673 125 235 272 80 
246 667 53 216 526 
659 978 748 
507 999 670 
188 723 357 
630 723 848 
130 888 12 
188 40 55 378 961 723 
280 21 130 452 432 62 711 660 671 199 767 765 730 958 886 103 51 
978 275 297 440 916 100 
863 609 410 
85 320 659 
118 22 601 703 246 750 792 
347 939 166 
863 609 633 213 533 535 153 781 57 789 899 972 250 485 518 
742 629 623 
159 290 405 993 63 973 595 509 645 421 374 243 24 983 435 651 151 131 468 
233 44 676 381 228 362 984 464 
291 938 377 
863 153 533 633 789 609 894 
76 736 163 394 215 662 902 323 349 
690 383 673 125 235 870 493 665 272 215 
76 736 636 900 192 145 662 323 329 430 946 
338 25 339 837 857 237 971 256 113 457 806 15 497 790 324 346 992 699 112 452 88 
468 304 582 
173 460 962 879 
577 408 848 23 953 782 824 
22 246 984 
8 638 274 398 
970 376 482 205 766 663 831 877 745 615 751 284 836 998 484 727 367 302 661 365 6 
371 9 551 254 821 272 
449 513 106 137 
784 698 670 728 704 4 
553 649 627 
173 66 210 614 526 962 976 520 
158 384 732 531 
277 818 144 659 443 936 181 978 889 587 159 
743 20 532 795 692 122 312 566 
376 615 562 663 751 766 693 302 198 
744 185 51 306 431 410 73 
440 786 817 
347 198 546 516 623 939 415 60 
414 664 474 
183 12 186 
792 709 317 
35 305 54 306 
728 670 698 443 
197 165 361 779 686 590 661 749 132 89 423 251 
271 664 414 843 209 571 
271 664 414 843 209 190 19 451 514 695 69 330 161 746 487 96 229 245 588 835 596 95 182 739 127 940 965 170 734 681 121 955 
756 106 548 
351 111 173 
848 577 542 763 560 
814 274 26 563 
728 784 698 670 166 534 845 677 265 579 480 704 4 656 354 119 
766 311 481 615 998 663 562 496 302 649 718 
297 440 659 277 818 502 275 747 916 577 509 
615 302 616 
538 103 291 33 834 849 253 647 819 370 525 737 898 556 465 825 42 774 187 411 
347 198 921 546 516 893 799 558 278 766 487 
271 664 414 843 209 929 190 19 514 451 695 69 127 330 161 88 5 
742 629 123 32 391 830 649 
615 302 974 
690 272 723 
288 8 365 207 84 
728 784 698 331 
119 948 902 
963 341 257 294 
119 344 946 712 626 
539 449 507 93 787 756 106 999 479 668 
458 124 762 
872 183 584 316 
27 458 64 691 873 114 436 578 39 217 381 982 
577 848 269 763 314 326 485 194 299 23 772 988 606 437 59 995 906 235 
732 115 158 261 555 283 384 519 594 352 38 989 14 470 486 
234 826 247 345 800 193 418 642 929 
407 257 266 341 444 674 
88 351 620 495 111 411 
888 767 671 62 730 660 59 
468 148 719 
784 698 728 535 
188 687 862 40 887 45 464 630 723 837 
173 66 210 614 526 6 460 554 406 390 598 72 504 220 289 807 770 914 472 11 860 308 454 573 646 102 856 442 430 619 905 91 78 976 719 456 276 17 812 99 125 
266 549 75 341 798 731 947 
51 73 677 
271 664 414 843 209 929 190 19 993 
264 875 272 
219 129 413 
271 414 559 
863 609 440 
311 909 302 147 
338 25 339 237 837 903 
863 894 827 
993 509 24 243 758 159 290 651 374 405 421 435 595 645 63 840 778 983 896 534 664 175 
690 673 272 942 
463 184 412 743 692 122 795 149 267 410 211 
173 962 66 914 614 
784 698 728 516 
277 747 340 297 659 833 916 502 275 440 138 791 818 882 889 716 
563 266 620 
248 28 231 
728 784 335 
728 784 952 
159 290 405 993 63 973 595 509 421 896 581 72 
80 536 44 676 701 228 527 768 515 381 226 202 489 855 672 46 49 362 897 233 775 73 279 907 
119 359 168 
742 629 226 
410 51 306 431 349 185 224 136 18 748 744 73 314 
23 848 314 408 461 577 485 953 782 414 
732 555 261 954 853 
872 827 503 764 183 12 
88 632 111 390 
903 338 458 
509 24 243 758 147 973 420 159 290 651 313 333 374 405 421 435 595 645 63 840 778 983 896 98 965 64 
577 314 197 
577 848 23 763 408 953 782 
119 344 260 
863 609 361 
298 877 615 284 663 531 909 935 302 183 
106 883 949 865 828 507 449 508 453 
511 109 191 450 498 150 427 419 687 
