0.48120314
00:01:23.53
2461
2336
2050
3242
1787
1877
4605
1041
2336
1255
1244
889
2855
889
3283
4557
1680
4212
4997
3838
3894
4951
2027
2621
3838
2868
3126
2360
4116
2360
2370
254
1494
254
173
726
3154
2639
1303
2855
4439
221
1479
3216
2336
4010
4561
3011
1680
2855
4116
683
3389
2360
2621
4967
2868
732
1747
1252
1494
3389
4557
741
4854
2050
3669
4509
683
1479
3838
683
1847
3894
2461
2705
4980
1787
4402
1244
3838
4997
2336
726
4951
4339
1576
2621
3987
1244
2461
3381
3838
3971
3242
4116
4557
2151
4697
4923
889
2027
2868
741
2866
1255
2360
3154
3971
1437
3971
1128
4980
4339
3461
889
1838
2360
2866
4116
4470
900
2461
1847
667
3283
4509
2336
2461
1255
147
4951
900
726
3522
2071
3283
3206
3461
1877
4339
900
3838
2855
318
2639
4951
2336
3226
4212
3389
3522
2866
726
1958
2336
3971
147
556
2370
2027
726
4605
1687
173
842
1958
3011
4854
889
4010
4561
4212
2336
1041
2050
1041
889
4212
4557
2855
683
4339
4402
2050
3154
1787
1680
842
4697
2621
4439
839
4402
1002
3206
3669
2360
2868
1002
1787
1244
3389
2461
4980
683
1847
1747
2855
1303
1958
4561
4116
2461
4980
4339
3632
2071
3283
3522
1303
3987
3987
3154
889
1460
1255
4697
2866
1255
4439
2639
3987
2705
4923
1687
2461
3389
726
3987
1479
1494
4509
4509
4697
1252
1128
2461
4116
741
2866
4605
30
1128
1747
147
3216
221
4605
2866
4010
4561
1687
4561
1494
4605
173
1244
4402
2868
1877
254
2151
4439
147
4854
1128
3389
113
1437
1747
4561
2855
3364
4697
4967
3206
4034
4034
4509
3154
2151
254
4561
2027
2360
1958
147
4561
970
3283
4923
556
4470
741
1041
4034
2868
113
3216
4997
3364
4923
2639
3669
2866
2461
1687
1479
4402
1002
1494
30
3987
1252
113
3987
3226
2461
4402
3154
4034
1041
173
4923
3894
1958
910
1847
3669
2370
741
113
2396
4967
2396
3669
1747
3216
4509
2396
4470
173
3522
3226
147
3389
889
667
889
2370
4997
1787
4557
3283
3894
4034
3154
4212
1494
1460
1252
4980
4980
3987
3154
2370
4697
30
4854
1252
4116
4439
3206
3894
3669
3669
3389
4116
4116
147
4951
900
1494
4561
3971
2336
2855
4605
318
3522
683
4605
1255
2071
4605
1680
4402
3389
1255
4561
1494
3894
900
4951
4212
3522
2705
3894
1041
3461
221
4402
1255
4439
147
4605
147
2866
726
1128
4967
4116
1747
2336
1479
4509
842
1787
4951
147
4212
3283
3206
741
1747
4116
3283
4980
1847
4697
2071
3669
3226
2461
2621
4980
4923
4951
842
726
3126
683
4439
1255
726
1460
3242
3154
173
1303
2360
4439
2639
3216
3669
4010
889
1787
1787
1255
1838
4951
3364
683
1494
726
3461
627
3154
1244
173
318
4557
3364
2336
4561
254
3216
2151
3632
683
3987
4116
4557
1479
726
3632
4997
732
3522
30
683
3216
1255
30
1494
4561
556
4561
4605
910
3894
726
1437
1128
1958
1252
3364
4160
2027
4470
4951
732
3632
3838
1680
2027
1687
221
1494
2336
3389
732
1576
2639
2151
726
4697
4010
3126
4997
4967
741
2151
900
1787
1494
4470
1002
3364
4697
3461
3364
1494
2621
2151
3522
4470
2855
889
2370
726
1303
889
839
4923
4697
4470
3669
1244
3206
4116
4923
683
3389
1687
30
2855
1680
147
3364
4923
2360
4951
2370
2360
732
910
1958
3154
910
726
147
1041
4997
254
1747
4116
3242
4339
4034
3632
3632
3283
4697
3389
627
1680
683
1687
1303
2360
1787
318
4034
4034
4034
147
1598
3669
4402
2461
3632
1576
254
2396
221
732
2027
732
4997
4951
4160
3669
1041
4010
4967
2360
2868
1437
3154
4980
3894
1255
3971
113
732
4010
2621
4470
2396
3838
726
318
970
3632
254
1460
970
4116
1747
254
2868
3216
30
1747
4605
2621
4561
2639
1255
4509
2866
3894
741
900
4212
4116
3206
4923
4561
3364
1687
2621
1128
1680
3283
2071
970
30
4980
2336
4160
3283
4951
1252
4997
1041
4557
4509
3226
2461
1244
2050
4439
1460
741
732
3838
3461
741
2336
3461
741
2902
726
3669
1255
2360
3838
1680
3011
1576
3226
113
1838
1494
1838
741
4605
3669
1747
1576
842
4402
147
3838
910
1787
2868
3389
1967
3987
889
3206
4010
741
900
1747
1479
2027
2855
1494
3364
3669
4951
2868
2705
726
2621
3206
2855
4116
1244
726
3632
683
3226
1460
2902
4951
1002
113
970
4509
113
1838
3522
2360
3632
4980
4509
2705
4561
221
2866
4967
2866
1252
4923
2868
732
910
683
726
173
1877
741
3522
1747
1680
1252
3987
3522
3216
4010
3632
1041
2360
842
842
3389
4605
3389
2902
1967
1576
4402
2027
3226
4980
2705
3226
2050
2360
4923
3364
2705
1002
2071
1847
4980
4697
4509
173
4951
2336
1838
4212
1576
1687
1460
3011
683
741
1787
3389
970
2050
4439
726
2360
221
173
30
4509
726
1598
900
2461
3283
4561
3522
1041
2866
726
1041
3216
3364
2151
4010
741
2071
3669
173
4116
2360
2855
1252
3364
2336
900
726
3971
4034
741
4402
4854
556
30
667
1460
2868
3053
3669
4967
1687
683
3011
4951
4557
4997
2151
4010
3216
4605
147
1838
1252
4557
3669
3206
113
1002
2027
1460
4697
1460
2360
3154
2370
4854
1303
1303
4605
3632
4605
842
1494
4010
2396
2360
3011
3522
1128
1838
3669
3206
667
2866
4160
900
3206
556
4212
4339
113
3226
3389
3669
113
741
1002
3461
2639
1958
4923
3522
4923
3283
667
2027
173
2639
4923
1002
3126
4557
2621
1460
4967
1747
2370
2866
1787
3632
741
173
2027
2461
2461
2370
3011
3669
1494
2071
4034
4116
1255
2151
3461
4439
4951
4854
3987
4010
4557
3389
1747
4605
3461
1244
1252
726
1244
741
3283
1460
2902
1460
741
3894
2866
221
667
2902
2050
4997
2461
1479
1255
627
3522
1244
2461
4967
2866
3206
741
3381
2855
3226
910
4010
667
556
4116
732
113
3461
3632
2461
4561
2027
3632
147
1680
556
2071
1128
173
1460
732
900
2027
4605
4967
4470
3669
1958
4923
4034
842
726
2868
2151
173
1303
741
3206
683
3632
3632
2868
3364
2360
2336
4980
1576
1255
2050
3126
842
4561
1303
1576
4160
4997
683
1303
1303
4923
726
4997
726
3283
4951
4967
4605
3216
221
318
2866
683
741
4923
839
1787
732
4509
2855
2370
4402
1787
4951
842
4980
3669
1479
1437
732
3226
1041
1252
1747
1838
1437
4402
4923
3216
2360
4116
1787
4854
2868
1687
3389
4557
2639
4339
3522
3632
683
2360
4116
4034
4402
4439
1255
2705
3522
1494
910
4967
2151
1687
4034
4997
741
3894
3632
2461
4854
3364
3242
2396
147
3461
842
1479
4923
2866
627
4923
1494
4010
842
2360
3011
2151
3226
3053
1252
4951
4339
3522
667
2370
4980
4997
3389
4923
1680
4509
741
2050
4967
1252
4561
2705
4439
3522
2336
1255
1128
30
4923
900
1244
1494
4509
2336
4439
2461
2360
4951
2151
4697
3226
842
4034
1041
1255
1252
2336
4605
4439
3242
3364
2461
900
1747
3669
2360
4980
3226
1847
2071
1494
3987
1747
4509
2027
2360
3669
741
3381
2461
741
2621
1598
4561
2151
1838
4605
4557
4160
3894
4557
2905
970
3669
3154
4951
3216
839
2336
1847
3364
113
900
1244
1576
4980
1002
4339
1787
3216
889
3632
2461
4605
1460
4339
2360
889
4697
3669
2855
1687
1877
4509
4439
3242
2866
2071
4605
3461
741
4997
4116
2461
3522
4116
4160
900
4967
1494
3283
1252
3226
4439
4951
3381
2866
970
2868
3242
1747
2902
1877
1877
889
3669
627
3011
4439
1847
3669
3389
4923
889
4160
3389
842
683
741
254
4339
900
4339
1877
2360
1494
4339
556
1838
2866
1252
1687
2868
147
1787
318
4439
2151
4339
4980
3283
4951
732
4116
1838
147
2461
900
1494
147
1255
2866
2360
2902
3389
4402
1967
4557
4980
173
726
3461
1002
4557
1576
889
3126
1494
732
3283
741
3971
4160
2905
732
4697
4605
1747
4697
2336
3226
1958
3838
1747
3632
4923
3381
1958
4509
2905
4997
1460
1494
3838
1838
2050
4923
839
1747
4980
1787
2396
1255
1255
4034
4561
3011
4034
2866
1479
4980
4923
4160
3461
147
3154
3206
3154
4470
4439
4402
2336
726
2902
4402
4116
2866
3838
900
2336
2866
1252
1847
2621
1041
4697
1255
1747
1244
627
741
2151
4697
3389
2027
2705
1747
2461
4212
683
3461
1787
4509
221
4439
3381
3283
1002
2336
2855
1747
3206
1747
3364
4605
2461
221
4951
2360
1494
3461
4997
4557
2855
318
726
3838
1680
2866
842
2360
1687
3364
1747
4980
3226
732
1787
1576
147
3987
4402
1479
1680
2360
4212
3283
2336
2905
4980
147
4339
4951
147
4509
1303
1494
4509
4997
2151
4010
4923
4470
1877
3987
113
254
1787
889
3669
30
732
1244
2855
4997
2866
2639
3669
1244
4951
4951
970
3669
2360
1687
4034
1787
2396
4923
3053
1244
4339
1847
113
2461
4160
4010
254
1747
1838
3226
4605
2461
2050
3461
4951
2360
4509
2360
726
1877
3522
113
1747
4557
3522
3389
1128
1128
1437
3154
1460
2050
1576
1494
4160
726
3632
2370
113
683
4561
2027
4951
3226
1460
900
3206
839
3669
1747
1041
3461
3632
2621
1747
4509
147
1787
3669
2621
1847
1958
3381
147
3364
4470
3216
2868
2855
3669
2866
726
970
889
2370
1680
4339
173
3226
1494
3053
3381
2639
2151
2868
741
4951
2902
4967
3522
2461
1494
1252
1303
3126
839
4557
3461
1877
1460
4470
3838
4997
2370
3632
4010
2360
910
4339
4605
2621
254
3971
3283
1244
1255
1252
3283
30
1576
4697
4923
2360
173
2050
1787
173
1847
3389
4980
910
2336
4951
4010
2071
2027
4967
1255
1847
2866
1244
113
3669
4951
3242
2027
2071
627
3381
3987
2071
173
627
4605
3971
3216
4339
173
1255
1576
4116
627
2461
4509
3987
3632
3216
4923
3522
2461
2639
2336
4997
2905
2336
4951
3381
1255
3632
2396
1494
741
1437
2902
889
1460
4010
900
3216
3522
741
4116
3389
3389
1598
147
2461
3154
4160
30
4034
4951
1877
3987
4212
2902
221
3126
1002
147
2151
683
3389
147
4997
3226
4116
3522
4557
1255
970
970
2902
4557
1787
667
113
741
1252
4697
1494
1494
970
970
4967
3632
2027
1787
4160
842
4509
147
2868
3894
1494
2071
173
3126
4605
1252
900
4470
3632
3206
173
1598
4439
3226
4034
4561
1787
4923
3838
3206
1255
2902
113
1687
3669
1576
1847
2360
741
2071
3838
1847
2621
221
4557
889
1967
1847
4854
1838
1252
4605
3389
726
2902
2071
1255
2461
683
4997
4509
3053
1598
4605
667
1680
1967
2855
4402
1787
1747
889
2360
1680
3216
2866
1128
3461
2360
3522
4160
741
1002
1680
4509
839
1244
4605
113
1255
4923
4605
3987
4923
4951
4951
3364
726
683
1787
726
3389
4923
667
3838
2071
113
1877
2360
1479
4697
1967
889
3632
842
1494
1244
2360
3389
2071
3154
221
4439
627
2868
3522
113
2360
4967
4951
1494
2868
3987
3242
1838
2866
1576
30
556
4923
2705
2461
4561
970
2151
3987
2461
1041
147
889
147
2071
4605
3389
4557
1460
3011
683
4010
4010
3154
1244
1494
4561
4697
4923
1787
147
1598
4951
3053
30
2360
3389
900
4470
4980
4561
732
1494
4470
3669
113
4160
3242
1244
113
1967
1244
1598
4470
3381
741
667
1787
254
147
318
3461
30
4980
4980
3364
1494
4557
1244
3461
1787
970
4997
1687
4605
1128
4116
726
1494
2370
4439
147
3389
3461
4997
2868
1787
2050
4402
2866
4439
3242
627
1877
3283
4212
30
3669
4339
3216
2905
4116
4116
3364
2360
3226
3971
1967
1002
4997
4923
254
1747
900
732
1479
147
4010
1747
741
2071
910
1967
4605
2866
4509
2370
3216
4923
4212
627
4997
1303
2461
1958
3216
2336
3283
1838
4402
4402
667
4509
4980
2902
2461
2461
173
147
3389
4605
2370
30
2370
3838
3838
4339
1255
4561
3126
4854
4923
889
4116
900
1680
2461
4967
113
4439
3522
2461
1838
1576
2151
1847
1437
1598
4697
1002
4116
254
1847
1680
741
318
4557
1244
4605
1958
732
30
2621
4010
4951
4160
4509
741
4160
4967
4402
2855
1680
4951
3242
741
4561
1747
1598
2866
3838
1680
4439
3838
1747
2050
4561
1244
726
1479
2336
1967
4160
2905
2336
173
221
4967
726
3987
900
3364
4402
3894
4439
4605
2360
1576
1787
1747
4509
732
4557
2360
683
3987
2866
4034
627
1128
113
741
3838
2151
2866
4439
1687
842
3126
2336
1687
3226
4509
2336
318
113
2396
4854
254
4923
900
683
683
2866
221
3971
3126
667
900
1479
1494
3987
3461
1494
970
1460
1244
4402
3389
3838
741
1958
2639
1847
732
2905
3838
1255
3283
173
113
889
741
3632
2461
970
2370
1437
2050
4997
3461
1680
3389
3216
741
741
1479
3838
1787
1747
2396
3632
4034
2866
683
3206
30
667
2336
900
2868
1041
318
3632
2050
1128
1244
3838
2336
4980
3242
4967
2461
4439
4470
2396
2360
3894
3669
4605
889
4561
2151
3389
3461
1437
3053
1787
1244
2360
2336
1747
1437
2336
683
889
4212
1041
1460
4439
3838
900
4605
4160
2855
1747
2866
318
147
3381
842
173
1437
2705
3971
2868
4605
318
2336
910
4561
4561
4116
741
2639
1460
4160
2360
4951
1479
2461
1877
2336
3669
2360
2370
741
30
2905
2461
30
4509
4034
2370
3053
1838
4339
3669
30
4854
1958
3522
4997
2855
3053
683
113
1252
2360
683
2071
2336
4439
1747
2461
4439
2905
3971
30
1747
1244
3522
3389
3669
4605
4557
1244
4470
3364
2855
3053
1460
842
4997
741
2461
2071
889
4951
2868
2027
147
3364
1747
4854
4212
667
2866
2705
2027
3461
2868
2360
2868
173
1002
4951
2336
741
4697
4402
3894
3669
842
318
3126
900
3987
4402
3283
627
1494
4212
2151
3053
173
1303
1847
4402
2639
2071
4854
889
1494
839
2370
667
318
4997
4951
2370
1255
1747
4980
3226
4470
1747
1128
1787
2336
3364
2336
4509
2027
4951
4923
667
4116
3522
900
1244
2370
4561
842
4439
4339
2050
741
2461
3242
4034
3971
900
2905
2639
1437
3632
4951
4697
254
3283
3632
1787
683
1437
4923
318
1958
2461
2050
2027
1244
4561
2360
1598
4160
2905
2639
3632
3632
4980
2336
3242
1479
1494
3126
1787
4561
30
741
1303
4160
1877
2336
667
1687
4212
2868
2027
1128
4116
1787
173
726
4561
173
4697
4923
1255
1687
4402
3987
4034
1877
1494
4116
1967
2336
1687
1680
1128
3632
2027
4439
4470
4980
4980
4561
1838
1877
4439
2905
3206
4605
1747
3522
3669
3971
4980
3154
1958
1479
683
741
732
4980
4980
4923
4854
2868
3987
2151
1598
4470
3894
254
1255
4212
4212
1494
4997
3971
2902
1252
4923
1576
4561
1787
741
2151
667
900
1460
2050
900
4509
1787
2336
3389
970
4116
3669
254
1460
1041
2639
221
3838
2336
318
2461
3242
4980
1244
839
842
2027
3987
3838
3632
3669
2855
1747
4509
3242
3971
2360
2705
732
4212
2336
3987
1680
683
4010
1494
2902
113
2905
113
3242
2639
2705
4854
900
3381
2336
3987
2461
2360
556
2360
4509
2705
839
4509
683
2866
732
1847
3971
1460
2461
147
4967
1958
3522
3522
4339
4160
2027
3206
889
900
2370
667
4402
3522
1479
4967
3216
1598
4951
1576
732
147
4470
667
2336
1255
3126
3669
1847
4557
4997
4509
2360
1128
4557
1303
4951
1598
2621
2855
3216
3971
3283
741
2370
2151
3389
4923
4561
1967
3364
113
3283
4951
2705
2151
4402
842
4697
4951
2621
1687
2855
2855
1747
2151
2621
113
147
4697
4561
3206
4561
842
147
1303
3987
2902
1576
3389
2866
1479
1877
1255
889
4509
1787
3206
4509
4854
4997
4010
2461
4923
4557
3971
4557
1967
732
3364
2360
3669
4980
3226
4923
2866
4160
1787
842
3669
3389
1255
1576
1877
4470
2639
2855
726
1747
3522
4212
1847
4980
4561
3364
173
2027
4439
1576
4034
1747
4854
3971
30
173
4439
683
2705
4854
1680
2336
30
2461
1252
1787
4557
3206
2360
2868
4160
2360
1460
4402
4116
910
2902
4997
2866
667
173
2639
3389
4116
3669
1479
683
3364
900
3389
3216
1847
2905
1244
113
2360
4034
900
1255
4439
4402
3011
4439
4980
3838
3461
1252
4439
970
683
889
4557
2461
2866
1680
4951
173
2336
2027
1747
4951
3894
4212
3632
3632
1598
2855
4997
147
1128
4470
3226
556
839
4034
4951
3461
3126
1252
2336
4980
910
4557
2902
4402
3461
1252
3461
4967
3126
3669
683
2868
3461
3971
4605
3381
4116
3987
4967
3226
113
4951
1958
4402
3461
1747
221
1128
3522
4439
4557
2621
1787
2866
4470
1958
910
4951
3154
3216
4034
726
1252
2902
2396
1598
4034
2027
2902
726
4967
2370
741
3389
3242
2868
4557
318
2151
667
4470
4439
3206
1494
4605
4470
3126
2027
1576
3971
3838
627
4697
2050
726
4605
2461
2902
3226
1255
4116
4605
3226
3381
683
221
2855
2705
4402
4439
4561
1460
839
4980
1479
900
2360
1494
2151
4561
2071
1958
1787
556
173
254
318
2370
147
4339
1437
1838
1847
30
900
1252
2151
1847
3669
741
1255
4470
4034
3381
2370
2905
4923
4034
147
2866
4402
1303
4439
842
2071
4997
1255
839
3632
839
1460
3522
1847
4557
4951
842
1437
3206
1576
2868
30
900
4951
1687
3987
4951
2050
3283
221
1877
1244
1847
3389
1847
2370
900
2621
1838
3987
667
2866
4923
2360
4034
741
1787
2050
3206
910
173
2071
3522
3226
2027
3522
2855
30
2071
726
900
2855
4010
4010
4923
2396
4034
1967
3053
3971
1687
2461
1576
3838
1787
2902
4980
4967
2905
30
147
3838
1255
741
3283
173
3126
3126
1255
3632
3242
556
3971
2151
3381
4951
4980
2868
1747
4010
1787
3632
4160
3283
113
3226
4160
2071
173
2370
4034
4854
1747
1494
1877
221
3216
254
3053
3242
4854
3669
2360
4854
1244
732
4402
1479
4034
4923
3632
2151
4160
3283
3381
889
2866
1244
4997
900
2866
1747
1576
2461
900
147
3011
2905
1252
4923
1252
900
627
3154
1255
1437
4212
1494
3987
1576
3632
1244
254
2370
3522
2461
173
726
4854
4980
726
741
2855
3522
147
173
1687
4967
1002
4509
2902
3053
4561
4010
2868
1494
3971
1787
2027
113
4980
2705
3987
1747
2396
1041
4470
3283
3838
318
3389
1576
147
732
4439
3381
667
4923
2336
147
1747
3364
2336
4967
4116
4697
3053
254
1494
3216
741
3126
1437
4605
1687
2360
3632
3669
1838
1494
4034
3838
2027
3389
683
1255
1255
4509
3669
3154
1128
732
726
1847
4034
1460
4402
3632
3389
2855
1576
4160
1838
318
3216
3632
2396
2027
1598
318
3971
1576
2705
1787
147
4010
1747
1680
1244
1255
4439
173
741
4854
1494
1958
3838
1680
1787
726
1244
4967
741
842
3283
1747
2336
556
1687
2461
2370
741
1838
1598
3461
2905
254
2866
683
4605
1847
1252
1437
2050
4339
1680
113
2360
2360
2705
2370
2868
113
4557
4997
113
4923
741
1252
3838
3126
3838
1460
3283
3364
1598
3987
4557
741
2902
4470
2461
1847
1252
3242
4951
627
3242
1002
3987
3283
3389
1494
4439
4951
3632
2902
2855
3389
842
1787
2336
4034
4951
3522
1576
3461
3522
2461
741
1128
3632
1958
2151
1847
1747
842
2027
1787
4509
1494
4923
2396
4605
1041
173
2905
2360
839
1494
4980
1958
2905
4509
3987
173
4116
221
3987
3053
3461
147
741
2027
3364
2370
1244
3461
4010
1244
2151
741
3461
4509
4402
2336
1494
4951
147
3971
4402
4951
4923
2027
1255
2360
173
2621
4509
556
1787
3632
970
1576
4980
4034
627
889
2461
683
3669
4557
4923
254
4010
4160
4605
1787
683
1244
3669
221
683
741
3669
3011
173
3838
4561
4509
147
741
4605
1787
726
1494
4997
839
726
1747
970
1747
4439
726
4967
627
2902
1437
726
839
4160
2336
1255
4923
842
3389
3242
2027
732
2370
2868
3011
889
4509
1255
3206
1041
3987
1041
147
1747
3838
254
4116
4605
1041
3364
4402
683
741
1244
2370
2336
113
2902
1002
2902
3894
842
3894
2151
4967
3987
2621
3126
1128
4034
726
4010
4923
2461
4923
1244
2050
2866
627
2855
4697
1687
970
147
3461
4470
4557
1244
741
4439
3364
4697
4402
2336
839
4951
2868
113
4034
3894
2050
2639
2336
2621
2071
3522
1303
3632
4116
1252
2705
173
1787
1255
1747
4116
3894
1479
3283
3216
741
2855
113
1244
4997
1255
2336
3632
147
1479
4034
4509
2868
4923
3242
1460
4439
4997
970
842
4923
3389
4439
2151
3216
3364
2866
4923
2336
1252
4951
4951
1747
4470
910
3011
1877
254
1687
147
4509
1687
4557
3381
113
1494
4439
4116
970
2151
900
4557
2905
3011
1838
1576
2336
4997
1252
3283
4854
4854
3894
3216
3216
4605
2461
3206
4160
1576
3632
4967
2336
4967
3522
4557
3226
1244
1244
3283
2336
4557
910
2360
2050
667
1687
113
2396
3669
1967
4470
4923
1598
4967
147
2705
4980
4923
4923
1838
3838
2866
900
2336
970
889
842
683
683
2360
3669
726
2461
4697
1255
2902
1967
1747
1244
2370
2027
842
3632
4980
1747
3389
3971
3632
4034
3971
3389
4509
1041
2639
3632
839
1598
4557
900
2050
4980
1847
3894
1787
842
2866
4509
4116
2461
1598
4509
318
3669
3216
3364
1494
2336
1255
4439
1244
3011
1747
1128
1838
4034
2905
2071
4116
1041
4854
3522
556
2461
2360
3461
1460
1877
627
3389
900
3522
2461
2360
3971
2902
2027
2336
1787
4010
3838
113
1787
4923
3632
3522
3242
254
3894
1244
1244
2866
3838
1460
1680
4997
3894
2868
1460
726
732
4923
1479
3242
4402
4997
970
1680
726
2461
2866
2336
842
1041
3838
1494
2866
4116
2621
4034
4605
667
113
3226
3632
3126
889
4557
667
4339
2370
2050
4697
4980
4212
3971
3126
1303
1244
173
3971
1252
2639
4010
4034
2360
2027
4980
2705
3154
1494
3053
1787
2360
4010
1255
2370
173
1958
173
4951
4402
1598
1847
683
4439
4997
4980
2902
2905
1877
4034
4951
4470
3242
1460
2050
726
726
910
1838
1437
842
3381
4439
4116
900
4923
1494
1437
1479
318
1002
3216
3364
4557
4997
683
3522
2151
741
1494
4980
4997
2868
4697
4470
3154
4697
4402
1687
2360
4116
1838
842
4605
4980
2027
2396
3011
4509
4034
556
3283
4980
4509
2855
3126
4509
3283
2336
3522
113
726
147
30
556
254
970
741
889
221
3389
4116
3522
3126
4561
4557
1255
889
1787
1958
1128
4439
3389
3669
4160
1787
2370
4923
3283
1847
1787
1787
4980
889
318
1598
1255
683
2905
4402
900
4980
221
1494
4980
254
318
4116
3632
4980
4439
173
4980
1747
842
4439
1787
1460
4439
732
4980
3669
3987
1847
1244
4034
4557
3461
900
970
2336
3461
318
842
4402
3632
4980
1687
1967
3011
741
2370
3838
3226
173
3838
3461
741
3381
1255
842
3632
4951
1576
1958
3053
3632
970
1244
3283
1747
1598
683
113
3461
4697
1460
1494
3216
732
741
2461
3894
1747
4470
3011
3364
726
4605
2360
4997
3461
4561
3364
4980
147
2866
3669
4951
4509
1747
3669
2336
2868
1847
3381
4980
4034
1479
1967
2360
4509
2071
1847
1680
726
1747
4561
842
1244
4951
2902
2151
1479
4997
2396
889
318
3632
1967
4034
3364
3364
4951
1838
4697
556
2461
3838
147
4402
3381
4980
4854
1598
3632
2866
726
3522
1787
2868
3894
4212
318
4402
3838
3389
3461
4561
3242
1252
3987
2336
2639
30
4509
4923
900
3364
4967
3283
30
842
3126
4509
3838
667
254
3987
4557
3226
1877
3053
4509
741
4557
4923
1494
889
970
221
4160
2905
173
1460
2461
1958
1747
3389
4951
4402
3632
3216
2050
4339
4557
839
4561
1877
1687
4997
1255
3894
1847
3894
842
1747
3389
3838
910
2151
4605
900
1255
3381
3461
1460
4509
1877
2336
3126
726
3226
4010
1494
1244
221
3522
3011
889
1747
4997
4010
4854
2151
732
2027
2151
1598
4605
3216
1494
1576
1787
3389
1747
2336
4980
1747
4561
900
1598
3894
1494
173
4997
2027
147
4951
1460
1041
1576
3632
1787
2461
1576
3242
4561
4697
1598
2360
4951
726
726
1437
147
4470
1128
3226
1479
3364
4439
3632
4697
2905
2902
726
1747
4116
173
3364
1460
667
1244
3669
3971
741
147
3838
1680
726
1967
4980
2905
3461
3154
4967
30
1303
4557
2705
2621
4402
726
2621
2151
1244
4116
1680
3126
4557
1244
3971
2866
2461
147
889
741
3894
900
4561
1479
4967
30
3838
4997
667
147
3461
683
889
1255
3226
318
4967
2621
1244
4116
1002
3242
2071
3632
3987
4402
842
3669
3632
1244
683
4605
4116
4557
3364
1460
4980
3987
4605
1303
1877
4557
4967
900
732
2868
2336
1787
1494
1244
1747
3461
1479
732
4697
889
839
2705
3987
2868
1002
2336
4116
4605
1747
3987
2360
3838
254
726
910
4509
1687
3053
30
889
900
3669
2461
4997
4160
147
4967
3522
4509
4923
3632
3987
4509
741
4509
1680
3669
3669
4339
2151
3389
4034
1787
254
556
1303
1255
1598
2336
4557
4980
3389
4697
4339
3522
4116
1244
3632
2866
4854
3987
4951
900
1747
1847
2071
2866
1255
1128
1747
889
2071
732
4967
1967
2336
3669
889
667
1460
4854
4697
2868
1787
2461
3838
4010
1877
1847
2151
1787
4997
2050
2151
1598
4557
3838
1494
3242
4923
4212
4557
1687
2868
4923
4923
1847
1747
30
1460
1244
1460
2866
4439
3154
2705
2151
4923
1680
4980
4402
3216
3461
3669
4854
4980
173
30
900
2866
1460
3987
1747
3381
4509
889
254
4557
2336
732
1244
3522
683
147
2396
4561
1479
113
3206
1494
2151
4509
4010
4997
113
4034
4509
2360
1252
1244
2461
1460
3389
1958
1680
900
3522
3206
113
1877
2360
1958
3632
113
4997
3987
2370
1747
3894
4980
2336
2151
3216
1787
4605
1747
1479
113
4967
4439
910
1460
900
667
4923
1787
173
221
741
173
2396
2868
4997
2639
2151
2902
667
2360
2639
113
3632
173
2050
3389
3283
2027
3894
4439
2071
3283
147
2461
1847
1747
1687
4967
2360
2461
4116
3216
4951
1747
4980
2902
3632
3011
4339
2396
2639
2461
3838
1494
4116
2868
3011
3389
113
1747
2151
1494
2461
889
4439
4605
3522
1244
1494
1787
3632
2902
741
4605
1598
2905
1576
2866
2621
173
4923
667
900
2071
4116
2461
1787
4116
2336
4697
1787
3154
3971
3364
3154
4439
4034
4010
3461
1041
4034
1598
3522
3364
2071
3364
3669
1255
1437
3461
4212
4439
667
4951
4605
4967
1460
4160
4980
3283
1787
4561
726
3632
556
889
1494
1494
1787
3987
1494
2639
889
1494
4923
683
3154
1847
3461
1877
4402
556
4034
4010
4116
4854
667
1244
3632
4402
1680
3364
3364
900
3669
2868
741
4605
147
4967
4557
2855
1787
3669
726
3226
2360
741
4402
2461
627
900
1255
556
221
3632
3632
842
1747
4034
3632
4923
1687
683
1598
4116
4470
3669
4557
4561
4980
726
3971
3126
4439
3364
889
4561
4605
3669
4561
1847
4980
3242
741
113
2621
1747
3154
3364
3461
726
4439
173
4697
889
3011
2071
1787
1255
4697
4967
1787
2868
254
3669
900
4951
4116
889
2866
4010
4923
1967
30
3987
4116
1747
2360
4034
726
2071
2621
3632
4010
2621
839
4923
1838
2902
1252
2461
4509
2866
1255
900
2705
4557
3126
627
3522
2902
4470
1576
1958
2905
3838
1787
3242
3894
3522
1576
1838
2461
900
4509
1967
4034
3206
2027
741
1680
1838
4980
556
1128
889
732
1460
2336
2868
1252
4160
2905
4923
4923
221
4605
3216
4509
4967
3389
1041
3154
3669
3987
900
2027
4034
4997
3381
1479
889
4923
2336
1598
3206
2336
3632
4980
1687
4557
4923
3838
1747
741
4509
2855
30
3226
1687
889
3461
732
3632
4470
2461
4854
4697
318
4997
30
2621
2336
4339
2868
4561
1576
4116
900
900
3669
4557
2866
1128
3206
2151
3987
1680
4509
4439
3053
3216
1002
1747
318
254
4951
173
1128
3894
726
1244
2151
3126
1598
2336
3522
4997
1437
889
3632
1255
4605
1747
4439
4010
3669
910
1128
1255
1041
4923
741
3389
3206
3364
2461
1787
1787
3522
2461
3216
173
4605
741
4212
3987
4561
2050
4967
4951
4557
2905
2336
2461
2621
113
2621
4034
4470
221
1747
3226
3206
910
2902
741
3987
2902
3632
1576
3632
1252
4439
2027
4160
741
2905
254
4561
2336
1877
3461
4509
3632
3632
3987
1687
1002
4116
1479
3632
3053
3389