0.48119143
00:01:24.68
2031
4824
963
4744
1214
3267
1612
319
4824
919
239
241
958
241
3541
2794
4697
3502
2796
1861
3047
2002
287
1632
1861
4529
4791
980
4398
980
486
4031
3687
4031
169
152
2807
3321
1043
958
2890
4816
251
841
4824
2465
1913
544
4697
958
4398
4386
3176
980
1632
3259
4529
3191
1692
1339
3687
3176
2794
79
4932
963
2428
2663
4386
251
1861
4386
1344
3047
2031
3088
2965
1214
2959
239
1861
2796
4824
152
2002
2927
1518
1632
1211
239
2031
4536
1861
2070
4744
4398
2794
1939
2412
4676
241
287
4529
79
735
919
980
2807
2070
2508
2070
1449
2965
2927
2656
241
1653
980
735
4398
3268
802
2031
1344
1017
3541
2663
4824
2031
919
2598
2002
802
152
2415
3805
3541
4268
2656
3267
2927
802
1861
958
1884
3321
2002
4824
3339
3502
3176
2415
735
152
965
4824
2070
2598
344
486
287
152
1612
1682
169
4393
965
544
4932
241
2465
1913
3502
4824
319
963
319
241
3502
2794
958
4386
2927
2959
963
2807
1214
4697
4393
2412
1632
2890
979
2959
668
4268
2428
980
4529
668
1214
239
3176
2031
2965
4386
1344
1692
958
1043
965
1913
4398
2031
2965
2927
4010
3805
3541
2415
1043
1211
1211
2807
241
3971
919
2412
735
919
2890
3321
1211
3088
4676
1682
2031
3176
152
1211
251
3687
2663
2663
2412
1339
1449
2031
4398
79
735
1612
640
1449
1692
2598
841
4816
1612
735
2465
1913
1682
1913
3687
1612
169
239
2959
4529
3267
4031
1939
2890
2598
4932
1449
3176
4724
2508
1692
1913
958
3415
2412
3259
4268
4381
4381
2663
2807
1939
4031
1913
287
980
965
2598
1913
3850
3541
4676
344
3268
79
319
4381
4529
4724
841
2796
3415
4676
3321
2428
735
2031
1682
251
2959
668
3687
640
1211
1339
4724
1211
3339
2031
2959
2807
4381
319
169
4676
3047
965
1273
1344
2428
486
79
4724
3932
3259
3932
2428
1692
841
2663
3932
3268
169
2415
3339
2598
3176
241
1017
241
486
2796
1214
2794
3541
3047
4381
2807
3502
3687
3971
1339
2965
2965
1211
2807
486
2412
640
4932
1339
4398
2890
4268
3047
2428
2428
3176
4398
4398
2598
2002
802
3687
1913
2070
4824
958
1612
1884
2415
4386
1612
919
3805
1612
4697
2959
3176
919
1913
3687
3047
802
2002
3502
2415
3088
3047
319
2656
4816
2959
919
2890
2598
1612
2598
735
152
1449
3259
4398
1692
4824
251
2663
4023
1214
2002
2598
3502
3541
4268
79
1692
4398
3541
2965
1344
2412
3805
2428
3339
2031
1632
2965
4676
2002
4023
152
4791
4386
2890
919
152
3971
4744
2807
169
1043
980
2890
3321
841
2428
2465
241
1214
1214
919
1653
2002
3415
4386
3687
152
2656
2243
2807
239
169
1884
2794
3415
4824
1913
4031
841
1939
4010
4386
1211
4398
2794
251
152
4010
2796
3191
2415
640
4386
841
919
640
3687
1913
344
1913
1612
1273
3047
152
2508
1449
965
1339
3415
2566
287
3268
2002
3191
4010
1861
4697
287
1682
4816
3687
4824
3176
3191
1518
3321
1939
152
2412
2465
4791
2796
3259
79
1939
802
1214
3687
3268
668
3415
2412
2656
3415
3687
1632
1939
2415
3268
958
241
486
152
1043
241
979
4676
2412
3268
2428
239
4268
4398
4676
4386
3176
1682
640
958
4697
2598
3415
4676
980
2002
486
980
3191
1273
965
2807
1273
152
2598
319
2796
4031
1692
4398
4744
2927
4381
4010
4010
3541
2412
3176
2243
4697
4386
1682
1043
980
1214
1884
4381
4381
4381
2598
3838
2428
2959
2031
4010
1518
4031
3932
4816
3191
287
3191
2796
2002
2566
2428
319
2465
3259
980
4529
2508
2807
2965
3047
919
2070
4724
3191
2465
1632
3268
3932
1861
152
1884
3850
4010
4031
3971
3850
4398
1692
4031
4529
841
640
1692
1612
1632
1913
3321
919
2663
735
3047
79
802
3502
4398
4268
4676
1913
3415
1682
1632
1449
4697
3541
3805
3850
640
2965
4824
2566
3541
2002
1339
2796
319
2794
2663
3339
2031
239
963
2890
3971
79
3191
1861
2656
79
4824
2656
79
2934
152
2428
919
980
1861
4697
544
1518
3339
4724
1653
3687
1653
79
1612
2428
1692
1518
4393
2959
2598
1861
1273
1214
4529
3176
3100
1211
241
4268
2465
79
802
1692
251
287
958
3687
3415
2428
2002
4529
3088
152
1632
4268
958
4398
239
152
4010
4386
3339
3971
2934
2002
668
4724
3850
2663
4724
1653
2415
980
4010
2965
2663
3088
1913
4816
735
3259
735
1339
4676
4529
3191
1273
4386
152
169
3267
79
2415
1692
4697
1339
1211
2415
841
2465
4010
319
980
4023
4393
3176
1612
3176
2934
3100
1518
2959
287
3339
2965
3088
3339
963
980
4676
3415
3088
668
3805
1344
2965
2412
2663
169
2002
4824
1653
3502
1518
1682
3971
544
4386
79
1214
3176
3850
963
2890
152
980
4816
169
640
2663
152
3838
802
2031
3541
1913
2415
319
735
152
319
841
3415
1939
2465
79
3805
2428
169
4398
980
958
1339
3415
4824
802
152
2070
4381
79
2959
4932
344
640
1017
3971
4529
3645
2428
3259
1682
4386
544
2002
2794
2796
1939
2465
841
1612
2598
1653
1339
2794
2428
4268
4724
668
287
3971
2412
3971
980
2807
486
4932
1043
1043
1612
4010
1612
4023
3687
2465
3932
980
544
2415
1449
1653
2428
4268
1017
735
2566
802
4268
344
3502
2927
4724
3339
3176
2428
4724
79
668
2656
3321
965
4676
2415
4676
3541
1017
287
169
3321
4676
668
4791
2794
1632
3971
3259
1692
486
735
1214
4010
79
169
287
2031
2031
486
544
2428
3687
3805
4381
4398
919
1939
2656
2890
2002
4932
1211
2465
2794
3176
1692
1612
2656
239
1339
152
239
79
3541
3971
2934
3971
79
3047
735
4816
1017
2934
963
2796
2031
251
919
2243
2415
239
2031
3259
735
4268
79
4536
958
3339
1273
2465
1017
344
4398
3191
4724
2656
4010
2031
1913
287
4010
2598
4697
344
3805
1449
169
3971
3191
802
287
1612
3259
3268
2428
965
4676
4381
4023
152
4529
1939
169
1043
79
4268
4386
4010
4010
4529
3415
980
4824
2965
1518
919
963
4791
4393
1913
1043
1518
2566
2796
4386
1043
1043
4676
152
2796
152
3541
2002
3259
1612
841
4816
1884
735
4386
79
4676
979
1214
3191
2663
958
486
2959
1214
2002
4393
2965
2428
251
2508
3191
3339
319
1339
1692
1653
2508
2959
4676
841
980
4398
1214
4932
4529
1682
3176
2794
3321
2927
2415
4010
4386
980
4398
4381
2959
2890
919
3088
2415
3687
1273
3259
1939
1682
4381
2796
79
3047
4010
2031
4932
3415
4744
3932
2598
2656
4023
251
4676
735
2243
4676
3687
2465
4023
980
544
1939
3339
3645
1339
2002
2927
2415
1017
486
2965
2796
3176
4676
4697
2663
79
963
3259
1339
1913
3088
2890
2415
4824
919
1449
640
4676
802
239
3687
2663
4824
2890
2031
980
2002
1939
2412
3339
4023
4381
319
919
1339
4824
1612
2890
4744
3415
2031
802
1692
2428
980
2965
3339
1344
3805
3687
1211
1692
2663
287
980
2428
79
4536
2031
79
1632
3838
1913
1939
1653
1612
2794
2566
3047
2794
2523
3850
2428
2807
2002
841
979
4824
1344
3415
4724
802
239
1518
2965
668
2927
1214
841
241
4010
2031
1612
3971
2927
980
241
2412
2428
958
1682
3267
2663
2890
4744
735
3805
1612
2656
79
2796
4398
2031
2415
4398
2566
802
3259
3687
3541
1339
3339
2890
2002
4536
735
3850
4529
4744
1692
2934
3267
3267
241
2428
2243
544
2890
1344
2428
3176
4676
241
2566
3176
4023
4386
79
4031
2927
802
2927
3267
980
3687
2927
344
1653
735
1339
1682
4529
2598
1214
1884
2890
1939
2927
2965
3541
2002
3191
4398
1653
2598
2031
802
3687
2598
919
735
980
2934
3176
2959
3100
2794
2965
169
152
2656
668
2794
1518
241
4791
3687
3191
3541
79
2070
2566
2523
3191
2412
1612
1692
2412
4824
3339
965
1861
1692
4010
4676
4536
965
2663
2523
2796
3971
3687
1861
1653
963
4676
979
1692
2965
1214
3932
919
919
4381
1913
544
4381
735
251
2965
4676
2566
2656
2598
2807
4268
2807
3268
2890
2959
4824
152
2934
2959
4398
735
1861
802
4824
735
1339
1344
1632
319
2412
919
1692
239
2243
79
1939
2412
3176
287
3088
1692
2031
3502
4386
2656
1214
2663
4816
2890
4536
3541
668
4824
958
1692
4268
1692
3415
1612
2031
4816
2002
980
3687
2656
2796
2794
958
1884
152
1861
4697
735
4393
980
1682
3415
1692
2965
3339
3191
1214
1518
2598
1211
2959
251
4697
980
3502
3541
4824
2523
2965
2598
2927
2002
2598
2663
1043
3687
2663
2796
1939
2465
4676
3268
3267
1211
4724
4031
1214
241
2428
640
3191
239
958
2796
735
3321
2428
239
2002
2002
3850
2428
980
1682
4381
1214
3932
4676
3645
239
2927
1344
4724
2031
2566
2465
4031
1692
1653
3339
1612
2031
963
2656
2002
980
2663
980
152
3267
2415
4724
1692
2794
2415
3176
1449
1449
2508
2807
3971
963
1518
3687
2566
152
4010
486
4724
4386
1913
287
2002
3339
3971
802
4268
979
2428
1692
319
2656
4010
1632
1692
2663
2598
1214
2428
1632
1344
965
4536
2598
3415
3268
841
4529
958
2428
735
152
3850
241
486
4697
2927
169
3339
3687
3645
4536
3321
1939
4529
79
2002
2934
3259
2415
2031
3687
1339
1043
4791
979
2794
2656
3267
3971
3268
1861
2796
486
4010
2465
980
1273
2927
1612
1632
4031
2070
3541
239
919
1339
3541
640
1518
2412
4676
980
169
963
1214
169
1344
3176
2965
1273
4824
2002
2465
3805
287
3259
919
1344
735
239
4724
2428
2002
4744
287
3805
2243
4536
1211
3805
169
2243
1612
2070
841
2927
169
919
1518
4398
2243
2031
2663
1211
4010
841
4676
2415
2031
3321
4824
2796
2523
4824
2002
4536
919
4010
3932
3687
79
2508
2934
241
3971
2465
802
841
2415
79
4398
3176
3176
3838
2598
2031
2807
2566
640
4381
2002
3267
1211
3502
2934
4816
4791
668
2598
1939
4386
3176
2598
2796
3339
4398
2415
2794
919
3850
3850
2934
2794
1214
1017
4724
79
1339
2412
3687
3687
3850
3850
3259
4010
287
1214
2566
4393
2663
2598
4529
3047
3687
3805
169
4791
1612
1339
802
3268
4010
4268
169
3838
2890
3339
4381
1913
1214
4676
1861
4268
919
2934
4724
1682
2428
1518
1344
980
79
3805
1861
1344
1632
4816
2794
241
3100
1344
4932
1653
1339
1612
3176
152
2934
3805
919
2031
4386
2796
2663
3645
3838
1612
1017
4697
3100
958
2959
1214
1692
241
980
4697
841
735
1449
2656
980
2415
2566
79
668
4697
2663
979
239
1612
4724
919
4676
1612
1211
4676
2002
2002
3415
152
4386
1214
152
3176
4676
1017
1861
3805
4724
3267
980
251
2412
3100
241
4010
4023
3687
239
980
3176
3805
2807
4816
2890
2243
4529
2415
4724
980
3259
2002
3687
4529
1211
4744
1653
735
1518
640
344
4676
3088
2031
1913
3850
1939
1211
2031
319
2598
241
2598
3805
1612
3176
2794
3971
544
4386
2465
2465
2807
239
3687
1913
2412
4676
1214
2598
3838
2002
3645
640
980
3176
802
3268
2965
1913
3191
3687
3268
2428
4724
2566
4744
239
4724
3100
239
3838
3268
4536
79
1017
1214
4031
2598
1884
2656
640
2965
2965
3415
3687
2794
239
2656
1214
3850
2796
1682
1612
1449
4398
152
3687
486
2890
2598
3176
2656
2796
4529
1214
963
2959
735
2890
4744
2243
3267
3541
3502
640
2428
2927
841
2523
4398
4398
3415
980
3339
2070
3100
668
2796
4676
4031
1692
802
3191
251
2598
2465
1692
79
3805
1273
3100
1612
735
2663
486
841
4676
3502
2243
2796
1043
2031
965
841
4824
3541
1653
2959
2959
1017
2663
2965
2934
2031
2031
169
2598
3176
1612
486
640
486
1861
1861
2927
919
1913
4791
4932
4676
241
4398
802
4697
2031
3259
4724
2890
2415
2031
1653
1518
1939
1344
2508
3838
2412
668
4398
4031
1344
4697
79
1884
2794
239
1612
965
3191
640
1632
2465
2002
2566
2663
79
2566
3259
2959
958
4697
2002
4744
79
1913
1692
3838
735
1861
4697
2890
1861
1692
963
1913
239
152
251
4824
3100
2566
2523
4824
169
4816
3259
152
1211
802
3415
2959
3047
2890
1612
980
1518
1214
1692
2663
3191
2794
980
4386
1211
735
4381
2243
1449
4724
79
1861
1939
735
2890
1682
4023
4791
4824
1682
3339
2663
4824
1884
4724
3932
4932
4031
4676
802
4386
4386
735
4816
2070
4791
1017
802
251
3687
1211
2656
3687
3850
3971
239
2959
3176
1861
79
965
3321
1344
3191
2523
1861
919
3541
169
4724
241
79
4010
2031
3850
486
2508
963
2796
2656
4697
3176
841
79
79
251
1861
1214
1692
3932
4010
4381
735
4386
4268
640
1017
4824
802
4529
319
1884
4010
963
1449
239
1861
4824
2965
4744
3259
2031
2890
3268
3932
980
3047
2428
1612
241
1913
1939
3176
2656
2508
3645
1214
239
980
4824
1692
2508
4824
4386
241
3502
319
3971
2890
1861
802
1612
2566
958
1692
735
1884
2598
4536
4393
169
2508
3088
2070
4529
1612
1884
4824
1273
1913
1913
4398
79
3321
3971
2566
980
2002
251
2031
3267
4824
2428
980
486
79
640
2523
2031
640
2663
4381
486
3645
1653
2927
2428
640
4932
965
2415
2796
958
3645
4386
4724
1339
980
4386
3805
4824
2890
1692
2031
2890
2523
2070
640
1692
239
2415
3176
2428
1612
2794
239
3268
3415
958
3645
3971
4023
2796
79
2031
3805
241
2002
4529
287
2598
3415
1692
4932
3502
1017
735
3088
287
2656
4529
980
4529
169
668
2002
4824
79
2412
2959
3047
2428
4023
1884
4791
802
1211
2959
3541
2243
3687
3502
1939
3645
169
1043
1344
2959
3321
3805
4932
241
3687
979
486
1017
1884
2796
2002
486
919
1692
2965
3339
3268
1692
1449
1214
4824
3415
4824
2663
287
2002
4676
1017
4398
2415
802
239
486
1913
4023
2890
2927
963
79
2031
4744
4381
2070
802
2523
3321
2508
4010
2002
2412
4031
3541
4010
1214
4386
2508
4676
1884
965
2031
963
287
239
1913
980
3838
2566
2523
3321
4010
4010
2965
4824
4744
251
3687
4791
1214
1913
640
79
1043
2566
3267
4824
1017
1682
3502
4529
287
1449
4398
1214
169
152
1913
169
2412
4676
919
1682
2959
1211
4381
3267
3687
4398
3100
4824
1682
4697
1449
4010
287
2890
3268
2965
2965
1913
1653
3267
2890
2523
4268
1612
1692
2415
2428
2070
2965
2807
965
251
4386
79
3191
2965
2965
4676
4932
4529
1211
1939
3838
3268
3047
4031
919
3502
3502
3687
2796
2070
2934
1339
4676
1518
1913
1214
79
1939
1017
802
3971
963
802
2663
1214
4824
3176
3850
4398
2428
4031
3971
319
3321
4816
1861
4824
1884
2031
4744
2965
239
979
4023
287
1211
1861
4010
2428
958
1692
2663
4744
2070
980
3088
3191
3502
4824
1211
4697
4386
2465
3687
2934
4724
2523
4724
4744
3321
3088
4932
802
4536
4824
1211
2031
980
344
980
2663
3088
979
2663
4386
735
3191
1344
2070
3971
2031
2598
3259
965
2415
2415
2927
2566
287
4268
241
802
486
1017
2959
2415
251
3259
841
3838
2002
1518
3191
2598
3268
1017
4824
919
4791
2428
1344
2794
2796
2663
980
1449
2794
1043
2002
3838
1632
958
841
2070
3541
79
486
1939
3176
4676
1913
3100
3415
4724
3541
2002
3088
1939
2959
4023
2412
2002
1632
1682
958
958
1692
1939
1632
4724
2598
2412
1913
4268
1913
4393
2598
1043
1211
2934
1518
3176
735
251
3267
919
241
2663
1214
4268
2663
4932
2796
2465
2031
4676
2794
2070
2794
3100
3191
3415
980
2428
2965
3339
4676
735
2566
1214
4393
2428
3176
919
1518
3267
3268
3321
958
152
1692
2415
3502
1344
2965
1913
3415
169
287
2890
1518
4381
1692
4932
2070
640
169
2890
4386
3088
4932
4697
4824
640
2031
1339
1214
2794
4268
980
4529
2566
980
3971
2959
4398
1273
2934
2796
735
1017
169
3321
3176
4398
2428
251
4386
3415
802
3176
841
1344
2523
239
4724
980
4381
802
919
2890
2959
544
2890
2965
1861
2656
1339
2890
3850
4386
241
2794
2031
735
4697
2002
169
4824
287
1692
2002
3047
3502
4010
4010
3838
958
2796
2598
1449
3268
3339
344
979
4381
2002
2656
4791
1339
4824
2965
1273
2794
2934
2959
2656
1339
2656
3259
4791
2428
4386
4529
2656
2070
1612
4536
4398
1211
3259
3339
4724
2002
965
2959
2656
1692
4816
1449
2415
2890
2794
1632
1214
735
3268
965
1273
2002
2807
841
4381
152
1339
2934
3932
3838
4381
287
2934
152
3259
486
79
3176
4744
4529
2794
1884
1939
1017
3268
2890
4268
3687
1612
3268
4791
287
1518
2070
1861
2243
2412
963
152
1612
2031
2934
3339
919
4398
1612
3339
4536
4386
4816
958
3088
2959
2890
1913
3971
979
2965
251
802
980
3687
1939
1913
3805
965
1214
344
169
4031
1884
486
2598
2927
2508
1653
1344
640
802
1339
1939
1344
2428
79
919
3268
4381
4536
486
2523
4676
4381
2598
735
2959
1043
2890
4023
3805
2796
919
979
4010
979
3971
2415
1344
2794
2002
4393
2508
4268
1518
4529
640
802
2002
1682
1211
2002
963
3541
4816
3267
239
1344
3176
1344
486
802
1632
1653
1211
1017
735
4676
980
4381
79
1214
963
4268
1273
169
3805
2415
3339
287
2415
958
640
3805
152
802
958
2465
2465
4676
3932
4381
3100
3645
2070
1682
2031
1518
1861
1214
2934
2965
3259
2523
640
2598
1861
919
79
3541
169
4791
4791
919
4010
4744
344
2070
1939
4536
2002
2965
4529
1692
2465
1214
4010
2566
3541
4724
3339
2566
3805
169
486
4381
4932
1692
3687
3267
4816
841
4031
3645
4744
4932
2428
980
4932
239
3191
2959
251
4381
4676
4010
1939
2566
3541
4536
241
735
239
2796
802
735
1692
1518
2031
802
2598
544
2523
1339
4676
1339
802
2243
2807
919
2508
3502
3687
1211
1518
4010
239
4031
486
2415
2031
169
152
4932
2965
152
79
958
2415
2598
169
1682
3259
668
2663
2934
3645
1913
2465
4529
3687
2070
1214
287
4724
2965
3088
1211
1692
3932
319
3268
3541
1861
1884
3176
1518
2598
3191
2890
4536
1017
4676
4824
2598
1692
3415
4824
3259
4398
2412
3645
4031
3687
841
79
4791
2508
1612
1682
980
4010
2428
1653
3687
4381
1861
287
3176
4386
919
919
2663
2428
2807
1449
3191
152
1344
4381
3971
2959
4010
3176
958
1518
2566
1653
1884
841
4010
3932
287
3838
1884
2070
1518
3088
1214
2598
2465
1692
4697
239
919
2890
169
79
4932
3687
965
1861
4697
1214
152
239
3259
79
4393
3541
1692
4824
344
1682
2031
486
79
1653
3838
2656
2523
4031
735
4386
1612
1344
1339
2508
963
2927
4697
4724
980
980
3088
486
4529
4724
2794
2796
4724
4676
79
1339
1861
4791
1861
3971
3541
3415
3838
1211
2794
79
2934
3268
2031
1344
1339
4744
2002
2243
4744
668
1211
3541
3176
3687
2890
2002
4010
2934
958
3176
4393
1214
4824
4381
2002
2415
1518
2656
2415
2031
79
1449
4010
965
1939
1344
1692
4393
287
1214
2663
3687
4676
3932
1612
319
169
2523
980
979
3687
2965
965
2523
2663
1211
169
4398
4816
1211
3645
2656
2598
79
287
3415
486
239
2656
2465
239
1939
79
2656
2663
2959
4824
3687
2002
2598
2070
2959
2002
4676
287
919
980
169
1632
2663
344
1214
4010
3850
1518
2965
4381
2243
241
2031
4386
2428
2794
4676
4031
2465
2566
1612
1214
4386
239
2428
4816
4386
79
2428
544
169
1861
1913
2663
2598
79
1612
1214
152
3687
2796
979
152
1692
3850
1692
2890
152
3259
2243
2934
2508
152
979
2566
4824
919
4676
4393
3176
4744
287
3191
486
4529
544
241
2663
919
4268
319
1211
319
2598
1692
1861
4031
4398
1612
319
3415
2959
4386
79
239
486
4824
4724
2934
668
2934
3047
4393
3047
1939
3259
1211
1632
4791
1449
4381
152
2465
4676
2031
4676
239
963
735
2243
958
2412
1682
3850
2598
2656
3268
2794
239
79
2890
3415
2412
2959
4824
979
2002
4529
4724
4381
3047
963
3321
4824
1632
3805
2415
1043
4010
4398
1339
3088
169
1214
919
1692
4398
3047
251
3541
841
79
958
4724
239
2796
919
4824
4010
2598
251
4381
2663
4529
4676
4744
3971
2890
2796
3850
4023
4676
3176
2890
1939
841
3415
735
4676
4824
1339
2002
2002
1692
3268
1273
544
3267
4031
1682
2598
2663
1682
2794
4536
4724
3687
2890
4398
3850
1939
802
2794
2523
544
1653
1518
4824
2796
1339
3541
4932
4932
3047
841
841
1612
2031
4268
2566
1518
4010
3259
4824
3259
2415
2794
3339
239
239
3541
4824
2794
1273
980
963
1017
1682
4724
3932
2428
3100
3268
4676
3838
3259
2598
3088
2965
4676
4676
1653
1861
735
802
4824
3850
241
4393
4386
4386
980
2428
152
2031
2412
919
2934
3100
1692
239
486
287
4023
4010
2965
1692
3176
2070
4010
4381
2070
3176
2663
319
3321
4010
979
3838
2794
802
963
2965
1344
3047
1214
4393
735
2663
4398
2031
3838
2663
1884
2428
841
3415
3687
4824
919
2890
239
544
1692
1449
1653
4381
2523
3805
4398
319
4932
2415
344
2031
980
2656
3971
3267
2243
3176
802
2415
2031
980
2070
2934
287
4824
1214
2465
1861
4724
1214
4676
4010
2415
4744
4031
3047
239
239
735
1861
3971
4697
2796
3047
4529
3971
152
3191
4676
251
4744
2959
2796
3850
4697
152
2031
735
4824
4393
319
1861
3687
735
4398
1632
4381
1612
1017
4724
3339
4010
4791
241
2794
1017
2927
486
963
2412
2965
3502
2070
4791
1043
239
169
2070
1339
3321
2465
4381
980
287
2965
3088
2807
3687
3645
1214
980
2465
919
486
169
965
169
2002
2959
3838
1344
4386
2890
2796
2965
2934
2523
3267
4381
2002
3268
4744
3971
963
152
152
1273
1653
2508
4023
4536
2890
4398
802
4676
3687
2508
251
1884
668
841
3415
2794
2796
4386
2415
1939
79
3687
2965
2796
4529
2412
3268
2807
2412
2959
1682
980
4398
1653
4393
1612
2965
287
3932
544
2663
4381
344
3541
2965
2663
958
4791
2663
3541
4824
2415
4724
152
2598
640
344
4031
3850
79
241
4816
3176
4398
2415
4791
1913
2794
919
241
1214
965
1449
2890
3176
2428
2566
1214
486
4676
3541
1344
1214
1214
2965
241
1884
3838
919
4386
2523
2959
802
2965
4816
3687
2965
4031
1884
4398
4010
2965
2890
169
2965
1692
4023
2890
1214
3971
2890
3191
2965
2428
1211
1344
239
4381
2794
2656
802
3850
4824
2656
1884
4023
2959
4010
2965
1682
3100
544
79
486
1861
3339
169
1861
2656
79
4536
919
4393
4010
2002
1518
965
3645
4010
3850
239
3541
1692
3838
4386
4724
2656
2412
3971
3687
841
3191
79
2031
3047
1692
3268
544
3415
152
1612
980
2796
2656
1913
3415
2965
2598
735
2428
2002
2663
1692
2428
4824
4529
1344
4536
2965
4381
251
3100
980
2663
3805
1344
4697
152
1692
1913
4023
239
2002
2934
1939
251
2796
3932
241
1884
4010
3100
4381
3415
3415
2002
1653
2412
344
2031
1861
2598
2959
4536
2965
4932
3838
4010
735
152
2415
1214
4529
3047
3502
1884
2959
1861
3176
2656
1913
4744
1339
1211
4824
3321
640
2663
4676
802
3415
3259
3541
640
4393
4791
2663
1861
1017
4031
1211
2794
3339
3267
3645
2663
79
2794
4676
3687
241
3850
4816
2566
2523
169
3971
2031
965
1692
3176
2002
2959
4010
841
963
2927
2794
979
1913
3267
1682
2796
919
3047
1344
3047
4393
1692
3176
1861
1273
1939
1612
802
919
4536
2656
3971
2663
3267
4824
4791
152
3339
2465
3687
239
4816
2415
544
241
1692
2796
2465
4932
1939
3191
287
1939
3838
1612
841
3687
1518
1214
3176
1692
4824
2965
1692
1913
802
3838
3047
3687
169
2796
287
2598
2002
3971
319
1518
4010
1214
2031
1518
4744
1913
2412
3838
980
2002
152
152
2508
2598
3268
1449
3339
251
3415
2890
4010
2412
2523
2934
152
1692
4398
169
3415
3971
1017
239
2428
2070
79
2598
1861
4697
152
3100
2965
2523
2656
2807
3259
640
1043
2794
3088
1632
2959
152
1632
1939
239
4398
4697
4791
2794
239
2070
735
2031
2598
241
79
3047
802
1913
251
3259
640
1861
2796
1017
2598
2656
4386
241
919
3339
1884
3259
1632
239
4398
668
4744
3805
4010
1211
2959
4023
2428
4010
239
4386
1612
4398
2794
3415
3971
2965
1211
1612
1043
3267
2794
3259
802
3191
4529
4824
1214
3687
239
1692
2656
251
3191
2412
241
979
3088
1211
4529
668
4824
4398
1612
1692
1211
980
1861
4031
152
1273
2663
1682
3645
640
241
802
2428
2031
2796
2566
2598
3259
2415
2663
4676
4010
1211
2663
79
2663
4697
2428
2428
2927
1939
3176
4381
1214
4031
344
1043
919
3838
4824
2794
2965
3176
2412
2927
2415
4398
239
4010
735
4932
1211
2002
802
1692
1344
3805
735
919
1449
1692
241
3805
3191
3259
3100
4824
2428
241
1017
3971
4932
2412
4529
1214
2031
1861
2465
3267
1344
1939
1214
2796
963
1939
3838
2794
1861
3687
4744
4676
3502
2794
1682
4529
4676
4676
1344
1692
640
3971
239
3971
735
2890
2807
3088
1939
4676
4697
2965
2959
841
2656
2428
4932
2965
169
640
802
735
3971
1211
1692
4536
2663
241
4031
2794
4824
3191
239
2415
4386
2598
3932
1913
251
4724
4268
3687
1939
2663
2465
2796
4724
4381
2663
980
1339
239
2031
3971
3176
965
4697
802
2415
4268
4724
3267
980
965
4010
4724
2796
1211
486
1692
3047
2965
4824
1939
841
1214
1612
1692
251
4724
3259
2890
1273
3971
802
1017
4676
1214
169
4816
79
169
3932
4529
2796
3321
1939
2934
1017
980
3321
4724
4010
169
963
3176
3541
287
3047
2890
3805
3541
2598
2031
1344
1692
1682
3259
980
2031
4398
841
2002
1692
2965
2934
4010
544
2927
3932
3321
2031
1861
3687
4398
4529
544
3176
4724
1692
1939
3687
2031
241
2890
1612
2415
239
3687
1214
4010
2934
79
1612
3838
2523
1518
735
1632
169
4676
1017
802
3805
4398
2031
1214
4398
4824
2412
1214
2807
2070
3415
2807
2890
4381
2465
2656
319
4381
3838
2415
3415
3805
3415
2428
919
2508
2656
3502
2890
1017
2002
1612
3259
3971
2566
2965
3541
1214
1913
152
4010
344
241
3687
3687
1214
1211
3687
3321
241
3687
4676
4386
2807
1344
2656
3267
2959
344
4381
2465
4398
4932
1017
239
4010
2959
4697
3415
3415
802
2428
4529
79
1612
2598
3259
2794
958
1214
2428
152
3339
980
79
2959
2031
2243
802
919
344
4816
4010
4010
4023
1692
4381
4010
4676
1682
4386
3838
4398
3268
2428
2794
1913
2965
152
2070
4791
2890
3415
241
1913
1612
2428
1913
1344
2965
4744
79
4724
1632
1692
2807
3415
2656
152
2890
169
2412
241
544
3805
1214
919
2412
3259
1214
4529
4031
2428
802
2002
4398
241
735
2465
4676
3100
640
1211
4398
1692
980
4381
152
3805
1632
4010
2465
1632
979
4676
1653
2934
1339
2031
2663
735
919
802
3088
2794
4791
2243
2415
2934
3268
1518
965
2523
1861
1214
4744
3047
2415
1518
1653
2031
802
2663
3100
4381
4268
287
79
4697
1653
2965
344
1449
241
3191
3971
4824
4529
1339
2566
2523
4676
4676
4816
1612
841
2663
3259
3176
319
2807
2428
1211
802
287
4381
2796
4536
251
241
4676
4824
3838
4268
4824
4010
2965
1682
2794
4676
1861
1692
79
2663
958
640
3339
1682
241
2656
3191
4010
3268
2031
4932
2412
1884
2796
640
1632
4824
2927
4529
1913
1518
4398
802
802
2428
2794
735
1449
4268
1939
1211
4697
2663
2890
3645
841
668
1692
1884
4031
2002
169
1449
3047
152
239
1939
4791
3838
4824
2415
2796
2508
241
4010
919
1612
1692
2890
2465
2428
1273
1449
919
319
4676
79
3176
4268
3415
2031
1214
1214
2415
2031
841
169
1612
79
3502
1211
1913
963
3259
2002
2794
2523
4824
2031
1632
4724
1632
4381
3268
4816
1692
3339
4268
1273
2934
79
1211
2934
4010
1518
4010
1339
2890
287
2566
79
2523
4031
1913
4824
3267
2656
2663
4010
4010
1211
1682
668
4398
251
4010
3645
3176