0.4811922
00:01:21.55
3414
3822
4286
1410
1939
4190
1427
3364
3822
1670
506
3733
4736
3733
1865
4948
1953
2870
4314
1417
4465
1758
864
1699
1417
2336
2178
3630
4371
3630
2815
3975
2337
3975
3960
4511
18
4116
1765
4736
2971
1439
3033
3124
3822
4827
809
4856
1953
4736
4371
816
3889
3630
1699
2310
2336
1936
167
4870
2337
3889
4948
4619
3126
4286
948
1232
816
3033
1417
816
2112
4465
3414
2956
2887
1939
1245
506
1417
4314
3822
4511
1758
4997
3636
1699
4774
506
3414
1146
1417
3158
1410
4371
4948
4929
4109
1717
3733
864
2336
4619
3568
1670
3630
18
3158
4642
3158
1386
2887
4997
1348
3733
1005
3630
3568
4371
1321
1149
3414
2112
4092
1865
1232
3822
3414
1670
3813
1758
1149
4511
695
2718
1865
3443
1348
4190
4997
1149
1417
4736
2207
4116
1758
3822
883
2870
3889
695
3568
4511
800
3822
3158
3813
3581
2815
864
4511
1427
1020
3960
3550
800
4856
3126
3733
4827
809
2870
3822
3364
4286
3364
3733
2870
4948
4736
816
4997
1245
4286
18
1939
1953
3550
4109
1699
2971
1058
1245
4567
3443
948
3630
2336
4567
1939
506
3889
3414
2887
816
2112
167
4736
1765
800
809
4371
3414
2887
4997
1960
2718
1865
695
1765
4774
4774
18
3733
1198
1670
4109
3568
1670
2971
4116
4774
2956
1717
1020
3414
3889
4511
4774
3033
2337
1232
1232
4109
4870
1386
3414
4371
4619
3568
1427
1122
1386
167
3813
3124
1439
1427
3568
4827
809
1020
809
2337
1427
3960
506
1245
2336
4190
3975
4929
2971
3813
3126
1386
3889
4993
4642
167
809
4736
2559
4109
2310
3443
2585
2585
1232
18
4929
3975
809
864
3630
800
3813
809
889
1865
1717
3581
1321
4619
3364
2585
2336
4993
3124
4314
2559
1717
4116
948
3568
3414
1020
3033
1245
4567
2337
1122
4774
4870
4993
4774
883
3414
1245
18
2585
3364
3960
1717
4465
800
358
2112
948
2815
4619
4993
1420
2310
1420
948
167
3124
1232
1420
1321
3960
695
883
3813
3889
3733
4092
3733
2815
4314
1939
4948
1865
4465
2585
18
2870
2337
1198
4870
2887
2887
4774
18
2815
4109
1122
3126
4870
4371
2971
3443
4465
948
948
3889
4371
4371
3813
1758
1149
2337
809
3158
3822
4736
1427
2207
695
816
1427
1670
2718
1427
1953
1245
3889
1670
809
2337
4465
1149
1758
2870
695
2956
4465
3364
1348
1439
1245
1670
2971
3813
1427
3813
3568
4511
1386
2310
4371
167
3822
3033
1232
1617
1939
1758
3813
2870
1865
3443
4619
167
4371
1865
2887
2112
4109
2718
948
883
3414
1699
2887
1717
1758
1617
4511
2178
816
2971
1670
4511
1198
1410
18
3960
1765
3630
2971
4116
3124
948
4827
3733
1939
1939
1670
1005
1758
2559
816
2337
4511
1348
2565
18
506
3960
2207
4948
2559
3822
809
3975
3124
4929
1960
816
4774
4371
4948
3033
4511
1960
4314
1936
695
1122
816
3124
1670
1122
2337
809
3581
809
1427
358
4465
4511
4642
1386
800
4870
2559
4156
864
1321
1758
1936
1960
1417
1953
864
1020
1439
2337
3822
3889
1936
3636
4116
4929
4511
4109
4827
2178
4314
2310
4619
4929
1149
1939
2337
1321
4567
2559
4109
1348
2559
2337
1699
4929
695
1321
4736
3733
2815
4511
1765
3733
1058
1717
4109
1321
948
506
3443
4371
1717
816
3889
1020
1122
4736
1953
3813
2559
1717
3630
1758
2815
3630
1936
358
800
18
358
4511
3813
3364
4314
3975
167
4371
1410
4997
2585
1960
1960
1865
4109
3889
2565
1953
816
1020
1765
3630
1939
2207
2585
2585
2585
3813
2403
948
1245
3414
1960
3636
3975
1420
1439
1936
864
1936
4314
1758
4156
948
3364
4827
2310
3630
2336
4642
18
2887
4465
1670
3158
4993
1936
4827
1699
1321
1420
1417
4511
2207
889
1960
3975
1198
889
4371
167
3975
2336
3124
1122
167
1427
1699
809
4116
1670
1232
3568
4465
4619
1149
2870
4371
3443
1717
809
2559
1020
1699
1386
1953
1865
2718
889
1122
2887
3822
4156
1865
1758
4870
4314
3364
4948
1232
883
3414
506
4286
2971
1198
4619
1936
1417
1348
4619
3822
1348
4619
1313
4511
948
1670
3630
1417
1953
4856
3636
883
4993
1005
2337
1005
4619
1427
948
167
3636
3550
1245
3813
1417
358
1939
2336
3889
3228
4774
3733
3443
4827
4619
1149
167
3033
864
4736
2337
2559
948
1758
2336
2956
4511
1699
3443
4736
4371
506
4511
1960
816
883
1198
1313
1758
4567
4993
889
1232
4993
1005
695
3630
1960
2887
1232
2956
809
1439
3568
2310
3568
4870
1717
2336
1936
358
816
4511
3960
4190
4619
695
167
1953
4870
4774
695
3124
4827
1960
3364
3630
1617
3550
3889
1427
3889
1313
3228
3636
1245
864
883
2887
2956
883
4286
3630
1717
2559
2956
4567
2718
2112
2887
4109
1232
3960
1758
3822
1005
2870
3636
1020
1198
4856
816
4619
1939
3889
889
4286
2971
4511
3630
1439
3960
1122
1232
4511
2403
1149
3414
1865
809
695
3364
3568
4511
3364
3124
2559
4929
4827
4619
2718
948
3960
4371
3630
4736
4870
2559
3822
1149
4511
3158
2585
4619
1245
3126
3581
1122
4092
1198
2336
1528
948
2310
1020
816
4856
1758
4948
4314
4929
4827
3124
1427
3813
1005
4870
4948
948
3443
4993
4567
864
1198
4109
1198
3630
18
2815
3126
1765
1765
1427
1960
1427
1617
2337
4827
1420
3630
4856
695
1386
1005
948
3443
4092
3568
4156
1149
3443
3581
2870
4997
4993
883
3889
948
4993
4619
4567
1348
4116
800
1717
695
1717
1865
4092
864
3960
4116
1717
4567
2178
4948
1699
1198
2310
167
2815
3568
1939
1960
4619
3960
864
3414
3414
2815
4856
948
2337
2718
2585
4371
1670
4929
1348
2971
1758
3126
4774
4827
4948
3889
167
1427
1348
506
4870
4511
506
4619
1865
1198
1313
1198
4619
4465
3568
1439
4092
1313
4286
4314
3414
3033
1670
2565
695
506
3414
2310
3568
3443
4619
1146
4736
883
358
4827
4092
3581
4371
1936
4993
1348
1960
3414
809
864
1960
3813
1953
3581
2718
1386
3960
1198
1936
1149
864
1427
2310
1321
948
800
1717
2585
1617
4511
2336
4929
3960
1765
4619
3443
816
1960
1960
2336
2559
3630
3822
2887
3636
1670
4286
2178
3550
809
1765
3636
4156
4314
816
1765
1765
1717
4511
4314
4511
1865
1758
2310
1427
3124
1439
2207
3568
816
4619
1717
1058
1939
1936
1232
4736
2815
1245
1939
1758
3550
2887
948
3033
4642
1936
883
3364
4870
167
1005
4642
1245
1717
3124
3630
4371
1939
3126
2336
1020
3889
4948
4116
4997
695
1960
816
3630
4371
2585
1245
2971
1670
2956
695
2337
358
2310
4929
1020
2585
4314
4619
4465
1960
3414
3126
2559
1410
1420
3813
1348
1617
3033
1717
3568
2565
1717
2337
4827
1617
3630
4856
4929
883
1528
4870
1758
4997
695
4092
2815
2887
4314
3889
1717
1953
1232
4619
4286
2310
4870
809
2956
2971
695
3822
1670
1386
1122
1717
1149
506
2337
1232
3822
2971
3414
3630
1758
4929
4109
883
1617
2585
3364
1670
4870
3822
1427
2971
1410
2559
3414
1149
167
948
3630
2887
883
2112
2718
2337
4774
167
1232
864
3630
948
4619
1146
3414
4619
1699
2403
809
4929
1005
1427
4948
4156
4465
4948
4693
889
948
18
1758
3124
1058
3822
2112
2559
4993
1149
506
3636
2887
4567
4997
1939
3124
3733
1960
3414
1427
1198
4997
3630
3733
4109
948
4736
1020
4190
1232
2971
1410
3568
2718
1427
1348
4619
4314
4371
3414
695
4371
4156
1149
2310
2337
1865
4870
883
2971
1758
1146
3568
889
2336
1410
167
1313
4190
4190
3733
948
2565
4856
2971
2112
948
3889
1717
3733
4156
3889
1617
816
4619
3975
4997
1149
4997
4190
3630
2337
4997
3581
1005
3568
4870
1020
2336
3813
1939
2207
2971
4929
4997
2887
1865
1758
1936
4371
1005
3813
3414
1149
2337
3813
1670
3568
3630
1313
3889
1245
3228
4948
2887
3960
4511
1348
4567
4948
3636
3733
2178
2337
1936
1865
4619
3158
4156
4693
1936
4109
1427
167
4109
3822
883
800
1417
167
1960
1717
1146
800
1232
4693
4314
1198
2337
1417
1005
4286
1717
1058
167
2887
1939
1420
1670
1670
2585
809
4856
2585
3568
3033
2887
1717
4156
1348
3813
18
3443
18
1321
2971
1245
3822
4511
1313
1245
4371
3568
1417
1149
3822
3568
4870
2112
1699
3364
4109
1670
167
506
2565
4619
4929
4109
3889
864
2956
167
3414
2870
816
1348
1939
1232
1439
2971
1146
1865
4567
3822
4736
167
3443
167
2559
1427
3414
1439
1758
3630
2337
1348
4314
4948
4736
2207
4511
1417
1953
3568
3550
3630
1020
2559
167
2887
883
1936
1939
3636
3813
4774
1245
3033
1953
3630
2870
1865
3822
4693
2887
3813
4997
1758
3813
1232
1765
2337
1232
4314
4929
4827
1717
1321
4190
4774
4993
3975
1939
3733
948
1122
1936
506
4736
4314
3568
4116
948
506
1758
1758
889
948
3630
1020
2585
1939
1420
1717
1528
506
4997
2112
4993
3414
4156
4827
3975
167
1005
883
1427
3414
4286
1348
1758
3630
1232
3630
4511
4190
695
4993
167
4948
695
3889
1386
1386
4642
18
1198
4286
3636
2337
4156
4511
1960
2815
4993
816
809
864
1758
883
1198
1149
3443
1058
948
167
3364
1348
1960
1699
167
1232
3813
1939
948
1699
2112
800
1146
3813
2559
1321
3124
2336
4736
948
3568
4511
889
3733
2815
1953
4997
3960
883
2337
1528
1146
4116
4929
2336
4619
1758
1313
2310
695
3414
2337
4870
1765
2178
1058
4948
1348
4190
1198
1321
1417
4314
2815
1960
4827
3630
358
4997
1427
1699
3975
3158
1865
506
1670
4870
1865
1122
3636
4109
1717
3630
3960
4286
1939
3960
2112
3889
2887
358
3822
1758
4827
2718
864
2310
1670
2112
3568
506
4993
948
1758
1410
864
2718
2565
1146
4774
2718
3960
2565
1427
3158
3124
4997
3960
1670
3636
4371
2565
3414
1232
4774
1960
3124
1717
695
3414
4116
3822
4314
4693
3822
1758
1146
1670
1960
1420
2337
4619
4642
1313
3733
1198
4827
1149
3124
695
4619
4371
3889
3889
2403
3813
3414
18
4156
1122
2585
1758
4190
4774
2870
1313
1439
2178
4567
3813
4929
816
3889
3813
4314
883
4371
695
4948
1670
889
889
1313
4948
1939
4092
4993
4619
4870
4109
2337
2337
889
889
2310
1960
864
1939
4156
3550
1232
3813
2336
4465
2337
2718
3960
2178
1427
4870
1149
1321
1960
3443
3960
2403
2971
883
2585
809
1939
1717
1417
3443
1670
1313
4993
1020
948
3636
2112
3630
4619
2718
1417
2112
1699
1439
4948
3733
3228
2112
3126
1005
4870
1427
3889
4511
1313
2718
1670
3414
816
4314
1232
1528
2403
1427
4092
1953
3228
4736
1245
1939
167
3733
3630
1953
3124
3568
1386
1348
3630
695
4156
4619
4567
1953
1232
1058
506
1427
4993
1670
1717
1427
4774
1717
1758
1758
2559
4511
816
1939
4511
3889
1717
4092
1417
2718
4993
4190
3630
3033
4109
3228
3733
1960
1617
2337
506
3630
3889
2718
18
1439
2971
2565
2336
695
4993
3630
2310
1758
2337
2336
4774
1410
1005
3568
3636
1122
3581
1717
2956
3414
809
889
4929
4774
3414
3364
3813
3733
3813
2718
1427
3889
4948
1198
4856
816
4827
4827
18
506
2337
809
4109
1717
1939
3813
2403
1758
1528
1122
3630
3889
1149
1321
2887
809
1936
2337
1321
948
4993
4156
1410
506
4993
3228
506
2403
1321
1146
4619
4092
1939
3975
3813
2207
1348
1122
2887
2887
2559
2337
4948
506
1348
1939
889
4314
1020
1427
1386
4371
4511
2337
2815
2971
3813
3889
1348
4314
2336
1939
4286
1245
3568
2971
1410
2565
4190
1865
2870
1122
948
4997
3124
4693
4371
4371
2559
3630
883
3158
3228
4567
4314
1717
3975
167
1149
1936
3033
3813
4827
167
4619
2718
358
3228
1427
3568
1232
2815
3124
1717
2870
2565
4314
1765
3414
800
3124
3822
1865
1005
1245
1245
4092
1232
2887
1313
3414
3414
3960
3813
3889
1427
2815
1122
2815
1417
1417
4997
1670
809
2178
3126
1717
3733
4371
1149
1953
3414
2310
4993
2971
695
3414
1005
3636
4929
2112
4642
2403
4109
4567
4371
3975
2112
1953
4619
2207
4948
506
1427
800
1936
1122
1699
4827
1758
4156
1232
4619
4156
2310
1245
4736
1953
1758
1410
4619
809
167
2403
3568
1417
1953
2971
1417
167
4286
809
506
4511
3033
3822
3228
4156
4693
3822
3960
1439
2310
4511
4774
1149
2559
1245
4465
2971
1427
3630
3636
1939
167
1232
1936
4948
3630
816
4774
3568
2585
2565
1386
4993
4619
1417
4929
3568
2971
1020
1617
2178
3822
1020
883
1232
3822
2207
4993
1420
3126
3975
1717
1149
816
816
3568
1439
3158
2178
4092
1149
3033
2337
4774
1348
2337
889
1198
506
1245
3889
1417
4619
800
4116
2112
1936
4693
1417
1670
1865
3960
4993
3733
4619
1960
3414
889
2815
4642
4286
4314
1348
1953
3889
3124
4619
4619
3033
1417
1939
167
1420
1960
2585
3568
816
3443
1122
4092
3822
1149
2336
3364
2207
1960
4286
1386
506
1417
3822
2887
1410
2310
3414
2971
1321
1420
3630
4465
948
1427
3733
809
4929
3889
1348
4642
1528
1939
506
3630
3822
167
4642
3822
816
3733
2870
3364
1198
2971
1417
1149
1427
4156
4736
167
3568
2207
3813
1146
3550
3960
4642
2956
3158
2336
1427
2207
3822
358
809
809
4371
4619
4116
1198
4156
3630
1758
3033
3414
4190
3822
948
3630
2815
4619
1122
4693
3414
1122
1232
2585
2815
1528
1005
4997
948
1122
3126
800
695
4314
4736
1528
816
4993
4870
3630
816
2718
3822
2971
167
3414
2971
4693
3158
1122
167
506
695
3889
948
1427
4948
506
1321
2559
4736
1528
1198
1617
4314
4619
3414
2718
3733
1758
2336
864
3813
2559
167
3126
2870
4092
3568
2956
864
1348
2336
3630
2336
3960
4567
1758
3822
4619
4109
1245
4465
948
1617
2207
2178
1149
4774
1245
1865
2565
2337
2870
4929
1528
3960
1765
2112
1245
4116
2718
3126
3733
2337
1058
2815
4092
2207
4314
1758
2815
1670
167
2887
883
1321
167
1386
1939
3822
2559
3822
1232
864
1758
1717
4092
4371
695
1149
506
2815
809
1617
2971
4997
4286
4619
3414
1410
2585
3158
1149
4693
4116
4642
1960
1758
4109
3975
1865
1960
1939
816
4642
1717
2207
800
3414
4286
864
506
809
3630
2403
4156
4693
4116
1960
1960
2887
3822
1410
3033
2337
2178
1939
809
1122
4619
1765
4156
4190
3822
4092
1020
2870
2336
864
1386
4371
1939
3960
4511
809
3960
4109
1717
1670
1020
1245
4774
2585
4190
2337
4371
3228
3822
1020
1953
1386
1960
864
2971
1321
2887
2887
809
1005
4190
2971
4693
3443
1427
167
695
948
3158
2887
18
800
3033
816
4619
1936
2887
2887
1717
3126
2336
4774
4929
2403
1321
4465
3975
1670
2870
2870
2337
4314
3158
1313
4870
1717
3636
809
1939
4619
4929
4092
1149
1198
4286
1149
1232
1939
3822
3889
889
4371
948
3975
1198
3364
4116
1439
1417
3822
2207
3414
1410
2887
506
1058
1617
864
4774
1417
1960
948
4736
167
1232
1410
3158
3630
2956
1936
2870
3822
4774
1953
816
4827
2337
1313
4993
4693
4993
1410
4116
2956
3126
1149
1146
3822
4774
3414
3630
3581
3630
1232
2956
1058
1232
816
3568
1936
2112
3158
1198
3414
3813
2310
800
695
695
4997
4156
864
3443
3733
1149
2815
4092
1245
695
3033
2310
3124
2403
1758
3636
1936
3813
1321
4092
3822
1670
2178
948
2112
4948
4314
1232
3630
1386
4948
1765
1758
2403
1699
4736
3124
3158
1865
4619
2815
4929
3889
1717
809
3228
2559
4993
1865
1758
2956
4929
1245
1617
4109
1758
1699
1020
4736
4736
167
4929
1699
4993
3813
4109
809
3443
809
3550
3813
1765
4774
1313
3636
3889
3568
3033
4190
1670
3733
1232
1939
3443
1232
3126
4314
4827
3414
1717
4948
3158
4948
3228
1936
2559
3630
948
2887
883
1717
3568
4156
1939
3550
948
3889
1670
3636
4190
1321
4116
4736
4511
167
695
2870
2112
2887
809
2559
3960
864
2971
3636
2585
167
3126
3158
1122
3960
2971
816
2956
3126
1953
3822
1122
3414
4870
1939
4948
3443
3630
2336
4156
3630
1198
1245
4371
358
1313
4314
3568
4092
3960
4116
3889
4371
948
3033
816
2559
1149
3889
3124
2112
4693
506
4993
3630
2585
1149
1670
2971
1245
4856
2971
2887
1417
1348
4870
2971
889
816
3733
4948
3414
3568
1953
1758
3960
3822
864
167
1758
4465
2870
1960
1960
2403
4736
4314
3813
1386
1321
883
3581
1058
2585
1758
1348
2178
4870
3822
2887
358
4948
1313
1245
1348
4870
1348
2310
2178
948
816
2336
1348
3158
1427
1146
4371
4774
2310
883
4993
1758
800
1245
1348
167
1439
1386
695
2971
4948
1699
1939
3568
1321
800
358
1758
18
3124
2585
4511
4870
1313
1420
2403
2585
864
1313
4511
2310
2815
4619
3889
1410
2336
4948
2207
4929
4092
1321
2971
3443
2337
1427
1321
2178
864
3636
3158
1417
2565
4109
4286
4511
1427
3414
1313
883
1670
4371
1427
883
1146
816
1439
4736
2956
1245
2971
809
1198
1058
2887
3033
1149
3630
2337
4929
809
2718
800
1939
3581
3960
3975
2207
2815
3813
4997
4642
1005
2112
1122
1149
4870
4929
2112
948
4619
1670
1321
2585
1146
2815
4693
1717
2585
3813
3568
1245
1765
2971
1617
2718
4314
1670
1058
1960
1058
1198
695
2112
4948
1758
3550
4642
3443
3636
2336
1122
1149
1758
1020
4774
1758
4286
1865
1439
4190
506
2112
3889
2112
2815
1149
1699
1005
4774
4092
3568
1717
3630
2585
4619
1939
4286
3443
358
3960
2718
695
883
864
695
4736
1122
2718
4511
1149
4736
4827
4827
1717
1420
2585
3228
1528
3158
1020
3414
3636
1417
1939
1313
2887
2310
4693
1122
3813
1417
1670
4619
1865
3960
2178
2178
1670
1960
1410
3581
3158
4929
1146
1758
2887
2336
167
4827
1939
1960
4156
1865
4993
883
4156
2718
3960
2815
2585
3126
167
2337
4190
1439
3124
3975
1528
1410
3126
948
3630
3126
506
1936
1245
3033
2585
1717
1960
4929
4156
1865
1146
3733
3568
506
4314
1149
3568
167
3636
3414
1149
3813
4856
4693
4870
1717
4870
1149
2565
18
1670
4642
2870
2337
4774
3636
1960
506
3975
2815
695
3414
3960
4511
3126
2887
4511
4619
4736
695
3813
3960
1020
2310
4567
1232
1313
1528
809
4827
2336
2337
3158
1939
864
4993
2887
2956
4774
167
1420
3364
1321
1865
1417
2207
3889
3636
3813
1936
2971
1146
4092
1717
3822
3813
167
2559
3822
2310
4371
4109
1528
3975
2337
3124
4619
2178
4642
1427
1020
3630
1960
948
1005
2337
2585
1417
864
3889
816
1670
1670
1232
948
18
1386
1936
4511
2112
2585
1198
1245
1960
3889
4736
3636
4156
1005
2207
3124
1960
1420
864
2403
2207
3158
3636
2956
1939
3813
4827
167
1953
506
1670
2971
3960
4619
3126
2337
800
1417
1953
1939
4511
506
2310
4619
3550
1865
167
3822
3581
1020
3414
2815
4619
1005
2403
1348
4693
3975
3568
816
1427
2112
4870
4642
4286
4997
1953
4993
3630
3630
2956
2815
2336
4993
4948
4314
4993
1717
4619
4870
1417
2178
1417
1198
1865
2559
2403
4774
4948
4619
1313
1321
3414
2112
4870
1410
1758
2565
1410
4567
4774
1865
3889
2337
2971
1758
1960
1313
4736
3889
3550
1939
3822
2585
1758
695
3636
1348
695
3414
4619
1386
1960
800
4929
2112
167
3550
864
1939
1232
2337
1717
1420
1427
3364
3960
4693
3630
1058
2337
2887
800
4693
1232
4774
3960
4371
1439
4774
1528
1348
3813
4619
864
2559
2815
506
1348
4827
506
4929
4619
1348
1232
1245
3822
2337
1758
3813
3158
1245
1758
1717
864
1670
3630
3960
1699
1232
3581
1939
1960
889
3636
2887
2585
2565
3733
3414
816
948
4948
1717
3975
4827
4156
1427
1939
816
506
948
1439
816
4619
948
4856
3960
1417
809
1232
3813
4619
1427
1939
4511
2337
4314
1058
4511
167
889
167
2971
4511
2310
2565
1313
4642
4511
1058
4156
3822
1670
1717
3550
3889
1410
864
1936
2815
2336
4856
3733
1232
1670
3443
3364
4774
3364
3813
167
1417
3975
4371
1427
3364
2559
1245
816
4619
506
2815
3822
4993
1313
4567
1313
4465
3550
4465
4929
2310
4774
1699
2178
1386
2585
4511
4827
1717
3414
1717
506
4286
3568
2565
4736
4109
1020
889
3813
1348
1321
4948
506
4619
2971
2559
4109
1245
3822
1058
1758
2336
4993
2585
4465
4286
4116
3822
1699
2718
695
1765
1960
4371
4870
2956
3960
1939
1670
167
4371
4465
3033
1865
3124
4619
4736
4993
506
4314
1670
3822
1960
3813
3033
2585
1232
2336
1717
1410
1198
2971
4314
889
1617
1717
3889
2971
4929
3124
2559
3568
1717
3822
4870
1758
1758
167
1321
358
4856
4190
3975
1020
3813
1232
1020
4948
1146
4993
2337
2971
4371
889
4929
1149
4948
4693
4856
1005
3636
3822
4314
4870
1865
3126
3126
4465
3124
3124
1427
3414
3443
4156
3636
1960
2310
3822
2310
695
4948
883
506
506
1865
3822
4948
358
3630
4286
4092
1020
4993
1420
948
3228
1321
1717
2403
2310
3813
2956
2887
1717
1717
1005
1417
3568
1149
3822
889
3733
3550
816
816
3630
948
4511
3414
4109
1670
1313
3228
167
506
2815
864
1617
1960
2887
167
3889
3158
1960
2585
3158
3889
1232
3364
4116
1960
1058
2403
4948
1149
4286
2887
2112
4465
1939
3550
3568
1232
4371
3414
2403
1232
2207
948
3124
2559
2337
3822
1670
2971
506
4856
167
1386
1005
2585
4693
2718
4371
3364
3126
695
3581
3414
3630
1348
1198
4190
2565
3889
1149
695
3414
3630
3158
1313
864
3822
1939
4827
1417
4993
1939
1717
1960
695
1410
3975
4465
506
506
3568
1417
1198
1953
4314
4465
2336
1198
4511
1936
1717
3033
1410
1245
4314
889
1953
4511
3414
3568
3822
3550
3364
1417
2337
3568
4371
1699
2585
1427
4092
4993
883
1960
2178
3733
4948
4092
4997
2815
4286
4109
2887
2870
3158
2178
1765
506
3960
3158
4870
4116
4827
2585
3630
864
2887
2956
18
2337
1528
1939
3630
4827
1670
2815
3960
800
3960
1758
1245
2403
2112
816
2971
4314
2887
1313
4693
4190
2585
1758
1321
1410
1198
4286
4511
4511
358
1005
4642
1617
1146
2971
4371
1149
1717
2337
4642
3033
2207
4567
3124
2559
4948
4314
816
695
4929
4619
2337
2887
4314
2336
4109
1321
18
4109
1245
1020
3630
4371
1005
3550
1427
2887
864
1420
4856
1232
2585
3581
1865
2887
1232
4736
2178
1232
1865
3822
695
4993
4511
3813
1122
3581
3975
889
4619
3733
1439
3889
4371
695
2178
809
4948
1670
3733
1939
800
1386
2971
3889
948
4156
1939
2815
1717
1865
2112
1939
1939
2887
3733
2207
2403
1670
816
4693
1245
1149
2887
1439
2337
2887
3975
2207
4371
1960
2887
2971
3960
2887
167
1617
2971
1939
1198
2971
1936
2887
948
4774
2112
506
2585
4948
1348
1149
889
3822
1348
2207
1617
1245
1960
2887
1020
3228
4856
4619
2815
1417
883
3960
1417
1348
4619
1146
1670
3550
1960
1758
3636
800
1528
1960
889
506
1865
167
2403
816
4993
1348
4109
1198
2337
3124
1936
4619
3414
4465
167
1321
4856
2559
4511
1427
3630
4314
1348
809
2559
2887
3813
3568
948
1758
1232
167
948
3822
2336
2112
1146
2887
2585
3033
3228
3630
1232
2718
2112
1953
4511
167
809
1617
506
1758
1313
4929
3033
4314
1420
3733
2207
1960
3228
2585
2559
2559
1758
1005
4109
3581
3414
1417
3813
1245
1146
2887
3126
2403
1960
3568
4511
695
1939
2336
4465
2870
2207
1245
1417
3889
1348
809
1410
4870
4774
3822
4116
1122
1232
1717
1149
2559
2310
1865
1122
3550
2178
1232
1417
4092
3975
4774
4948
883
4190
1528
1232
4619
4948
1717
2337
3733
889
1439
4156
4693
3960
1198
3414
800
167
3889
1758
1245
1960
3124
4286
4997
4948
1058
809
4190
1020
4314
1670
4465
2112
4465
3550
167
3889
1417
358
4929
1427
1149
1670
1146
1348
1198
1232
4190
3822
2178
4511
883
4827
2337
506
1439
695
4856
3733
167
4314
4827
3126
4929
1936
864
4929
2403
1427
3124
2337
3636
1939
3889
167
3822
2887
167
809
1149
2403
4465
2337
3960
4314
864
3813
1758
1198
3364
3636
1960
1939
3414
3636
1410
809
4109
2403
3630
1758
4511
4511
4642
3813
1321
1386
883
3033
2559
2971
1960
4109
4693
1313
4511
167
4371
3960
2559
1198
4092
506
948
3158
4619
3813
1417
1953
4511
3228
2887
4693
1348
18
2310
1122
1765
4948
2956
1699
1245
4511
1699
4929
506
4371
1953
2178
4948
506
3158
3568
3414
3813
3733
4619
4465
1149
809
3033
2310
1122
1417
4314
4092
3813
1348
816
3733
1670
883
2207
2310
1699
506
4371
4567
1410
2718
1960
4774
1245
1617
948
1960
506
816
1427
4371
4948
2559
1198
2887
4774
1427
1765
4190
4948
2310
1149
1936
2336
3822
1939
2337
506
167
1348
3033
1936
4109
3733
1058
2956
4774
2336
4567
3822
4371
1427
167
4774
3630
1417
3975
4511
358
1232
1020
1528
1122
3733
1149
948
3414
4314
4156
3813
2310
695
1232
1717
1960
4774
1232
4619
1232
1953
948
948
4997
4929
3889
2585
1939
3975
3581
1765
1670
2403
3822
4948
2887
3889
4109
4997
695
4371
506
1960
3568
3126
4774
1758
1149
167
2112
2718
3568
1670
1386
167
3733
2718
1936
2310
3228
3822
948
3733
4092
1198
3126
4109
2336
1939
3414
1417
4827
4190
2112
4929
1939
4314
4286
4929
2403
4948
1417
2337
1410
1717
2870
4948
1020
2336
1717
1717
2112
167
1122
1198
506
1198
3568
2971
18
2956
4929
1717
1953
2887
1245
3124
1348
948
3126
2887
3960
1122
1149
3568
1198
4774
167
1146
1232
3733
3975
4948
3822
1936
506
695
816
3813
1420
809
3033
4993
3443
2337
4929
1232
4827
4314
4993
2585
1232
3630
4870
506
3414
1198
3889
800
1953
1149
695
3443
4993
4190
3630
800
1960
4993
4314
4774
2815
167
4465
2887
3822
4929
3124
1939
1427
167
3033
4993
2310
2971
358
1198
1149
4092
1717
1939
3960
1439
4619
3960
1420
2336
4314
4116
4929
1313
4092
3630
4116
4993
1960
3960
4286
3889
1865
864
4465
2971
2718
1865
3813
3414
2112
167
1020
2310
3630
3414
4371
3124
1758
167
2887
1313
1960
4856
4997
1420
4116
3414
1417
2337
4371
2336
4856
3889
4993
167
4929
2337
3414
3733
2971
1427
695
506
2337
1939
1960
1313
4619
1427
2403
4693
3636
3568
1699
3960
1717
4092
1149
2718
4371
3414
1939
4371
3822
4109
1939
18
3158
2559
18
2971
2585
4827
1348
3364
2585
2403
695
2559
2718
2559
948
1670
4642
1348
2870
2971
4092
1758
1427
2310
1198
4156
2887
1865
1939
809
4511
1960
3581
3733
2337
2337
1939
4774
2337
4116
3733
2337
1717
816
18
2112
1348
4190
1245
3581
2585
4827
4371
3126
4092
506
1960
1245
1953
2559
2559
1149
948
2336
4619
1427
3813
2310
4948
4736
1939
948
4511
883
3630
4619
1245
3414
2565
1149
1670
3581
1439
1960
1960
1617
167
2585
1960
1717
1020
816
2403
4371
1321
948
4948
809
2887
4511
3158
2178
2971
2559
3733
809
1427
948
809
2112
2887
1410
4619
4993
1699
167
18
2559
1348
4511
2971
3960
4109
3733
4856
2718
1939
1670
4109
2310
1939
2336
3975
948
1149
1758
4371
3733
3568
4827
1717
3228
1122
4774
4371
167
3630
2585
4511
2718
1699
1960
4827
1699
1058
1717
1005
1313
4870
3414
1232
3568
1670
1149
2956
4948
2178
2565
695
1313
1321
3636
800
4693
1417
1939
1410
4465
695
3636
1005
3414
1149
1232
3228
2585
3443
864
4619
1953
1005
2887
3581
1386
3733
1936
1198
3822
2336
4870
4156
4693
1717
1717
1439
1427
3124
1232
2310
3889
3364
18
948
4774
1149
864
2585
4314
1146
3033
3733
1717
3822
2403
3443
3822
1960
2887
1020
4948
1717
1417
167
4619
1232
4736
1122
883
1020
3733
1348
1936
1960
1321
3414
3126
4109
2207
4314
1122
1699
3822
4997
2336
809
3636
4371
1149
1149
948
4948
3568
1386
3443
4929
4774
1953
1232
2971
1528
3124
4567
167
2207
3975
1758
3960
1386
4465
4511
506
4929
2178
2403
3822
695
4314
4642
3733
1960
1670
1427
167
2971
4827
948
358
1386
1670
3364
1717
4619
3889
3443
2559
3414
1939
1939
695
3414
3124
3960
1427
4619
2870
4774
809
4286
2310
1758
4948
4693
3822
3414
1699
4993
1699
2585
1321
1439
167
883
3443
358
1313
4619
4774
1313
1960
3636
1960
4870
2971
864
4156
4619
4693
3975
809
3822
4190
1348
1232
1960
1960
4774
1020
4567
4371
3033
1960
1528
3889