0.67273635
00:00:00.73
7
0
98
51
2
49
66
47
40
71
35
47
52
63
17
11
87
10
59
29
66
65
89
65
11
33
26
69
50
33
97
85
38
26
60
20
14
17
57
78
24
96
62
2
97
71
0
45
37
51
63
82
63
62
47
11
65
18
97
48
40
29
86
49
1
73
24
90
1
51
46
48
80
31
47
62
31
60
50
62
0
17
66
78
27
19
33
66
5
72
80
15
90
27
94
84
86
97
79
24
4
76
1
35
33
78
34
31
3
97
10
24
66
37
30
49
39
94
6
97
90
66
23
81
39
44
70
54
44
15
80
43
89
81
15
72
49
2
17
20
58
74
30
82
53
1
34
83
79
31
97
73
31
50
40
83
75
17
40
50
43
81
12
65
47
67
52
22
82
10
24
71
46
53
65
5
38
17
46
80
62
19
68
95
50
97
35
84
68
38
74
97
94
45
82
23
34
90
52
48
93
21
87
98
3
73
4
79
11
12
70
72
10
5
97
0
81
35
73
80
17
11
47
59
5
24
71
71
78
94
4
19
52
54
16
86
89
50
62
69
88
62
52
24
42
12
39
87
29
40
27
47
89
61
30
86
24
18
28
48
81
51
48
76
8
3
66
16
1
70
47
89
85
71
33
34
24
37
43
52
46
28
82
11
51
60
77
45
10
85
83
42
52
36
34
61
50
62
23
12
12
24
63
86
76
78
11
97
23
42
58
1
56
43
90
84
44
33
47
48
66
38
63
12
47
74
51
3
97
89
24
23
12
0
31
23
58
52
2
66
76
72
53
26
59
65
60
17
50
47
93
45
77
74
15
90
39
17
85
84
86
44
49
36
86
83
83
39
66
59
45
40
71
64
32
34
89
42
89
12
94
76
48
58
61
66
3
80
92
31
62
35
63
25
62
20
54
65
72
65
10
71
47
27
86
3
22
71
97
50
76
94
32
11
15
51
47
61
26
42
75
3
52
45
28
28
43
30
19
9
74
48
15
10
80
76
87
20
97
5
43
43
51
17
78
16
72
59
18
93
55
47
51
60
91
61
95
17
41
32
26
22
89
15
32
24
19
13
73
51
39
6
50
43
51
94
31
89
2
20
83
89
20
97
82
68
63
53
15
91
62
59
16
62
18
96
19
6
8
82
2
6
12
8
80
24
72
13
41
51
89
42
46
45
90
15
86
33
16
39
96
33
63
20
5
94
62
6
12
9
0
10
94
6
68
79
47
74
1
89
37
23
6
13
8
85
34
35
0
67
11
63
85
6
88
62
10
12
65
83
43
94
73
46
73
63
50
62
6
16
48
42
86
87
63
5
0
53
15
86
4
97
10
67
75
82
75
76
28
78
78
9
24
35
21
19
24
95
61
22
57
7
89
23
24
50
89
10
10
49
32
51
53
54
33
32
97
67
42
73
40
32
58
63
46
48
60
54
11
56
8
70
6
4
26
92
94
22
16
72
43
4
68
3
5
22
6
94
96
83
65
22
73
83
45
23
52
22
95
52
81
16
76
70
80
47
8
20
63
33
66
29
0
1
41
84
52
27
89
39
71
85
10
95
12
54
70
11
67
93
92
45
54
53
19
71
88
63
94
11
85
11
7
47
47
47
19
66
68
76
39
10
2
89
66
44
47
95
85
20
86
77
90
81
22
52
95
1
94
62
17
83
24
53
23
97
20
11
60
54
78
76
68
8
86
72
48
51
71
34
76
26
35
4
89
31
82
0
4
79
79
86
20
69
33
59
10
86
79
33
77
73
90
47
32
62
6
17
71
29
97
20
35
34
9
71
78
10
6
34
3
47
85
50
20
54
73
43
63
72
38
65
0
26
61
11
4
56
83
55
52
43
52
46
20
51
27
89
23
22
20
33
71
47
40
77
16
42
91
6
31
78
94
60
86
98
73
72
0
83
97
86
14
86
79
72
80
29
53
43
37
16
64
83
35
98
12
30
60
67
87
52
33
33
52
76
47
64
19
35
71
94
57
31
57
40
88
41
90
19
54
80
47
43
1
8
31
38
39
31
71
3
94
1
38
19
70
67
31
86
77
87
20
57
97
10
59
87
59
70
42
43
66
50
50
1
27
92
80
85
94
60
29
9
47
3
0
83
94
34
76
58
8
75
98
54
58
68
74
43
41
29
52
80
33
68
50
10
31
46
0
60
18
3
88
5
69
66
26
68
67
1
51
48
6
41
53
46
89
40
51
49
23
89
16
63
50
13
80
46
62
52
22
47
53
48
27
88
11
55
79
29
0
27
8
47
67
94
17
85
77
14
27
71
15
64
46
73
58
66
34
15
97
14
50
94
95
69
39
94
33
73
70
92
31
22
55
64
32
75
39
97
81
46
1
80
15
86
65
54
12
53
82
59
95
78
98
86
78
72
49
16
82
65
66
10
75
1
23
49
59
69
46
68
9
31
86
46
0
54
65
21
49
17
17
69
71
56
97
51
85
68
24
39
91
40
45
5
8
54
80
63
75
82
19
19
68
73
74
42
17
35
54
35
8
12
13
86
80
8
27
19
75
93
40
64
53
10
65
94
76
10
14
96
18
60
44
94
49
75
33
17
76
34
8
43
59
12
6
74
61
86
4
73
53
65
82
78
19
98
75
18
70
26
53
76
77
76
47
65
15
12
40
90
89
62
47
3
75
44
4
47
97
45
52
79
97
80
86
3
86
97
47
72
93
35
38
17
50
33
50
73
64
53
67
32
82
22
16
73
46
7
95
59
28
31
80
20
60
48
36
89
20
77
1
72
35
16
67
38
3
85
22
2
35
35
62
89
65
12
79
85
97
54
82
13
63
65
24
93
12
97
86
73
1
16
6
98
94
27
94
72
5
8
74
5
72
42
76
12
66
64
3
94
73
49
24
65
69
19
58
63
10
54
94
51
32
60
65
35
45
31
68
19
68
83
97
74
95
95
50
10
79
97
5
51
33
62
81
48
59
78
27
52
31
87
62
0
80
84
83
98
17
71
52
89
26
50
35
6
16
11
6
87
67
72
20
21
50
65
35
65
67
30
17
17
88
89
85
29
51
10
33
31
40
27
40
5
89
49
65
32
0
51
17
33
33
33
72
65
94
97
39
1
22
29
13
26
22
23
85
88
89
67
46
45
83
41
12
21
25
16
32
78
96
82
10
83
11
5
97
63
84
20
78
54
3
77
20
49
17
12
43
59
48
34
77
73
49
53
34
9
62
91
91
89
88
27
7
67
76
18
7
67
63
32
98
81
58
41
36
48
56
78
73
93
90
10
82
45
73
24
70
17
82
12
12
80
86
4
42
20
10
86
45
60
90
91
3
65
79
10
59
43
62
72
10
57
26
91
40
96
86
38
31
27
94
49
10
53
67
42
42
22
21
82
6
3
82
51
86
61
77
43
22
11
3
7
71
92
16
43
88
15
16
51
19
11
24
62
48
66
86
3
62
6
17
62
40
33
78
76
86
28
70
97
89
28
47
12
88
76
67
94
10
75
49
45
42
49
72
31
12
62
54
72
62
51
89
94
69
97
24
89
80
65
85
24
23
96
66
76
5
29
10
77
39
19
97
19
32
84
9
19
66
36
4
74
16
70
34
19
84
97
89
12
38
37
47
24
50
50
47
1
69
39
66
97
45
2
82
10
47
73
19
72
62
47
52
20
52
64
29
81
58
40
46
9
47
83
94
46
23
19
73
94
35
77
58
85
86
71
4
90
24
0
47
19
65
51
78
82
59
95
62
77
1
53
47
62
29
57
0
66
35
40
49
14
59
72
57
21
6
17
21
68
74
8
31
14
68
4
90
24
88
95
1
80
53
85
53
77
11
40
62
12
76
11
71
18
12
32
19
62
3
62
28
95
32
36
62
75
85
20
19
79
84
46
51
63
29
86
90
62
27
35
86
88
84
97
23
5
10
10
94
53
58
86
28
32
1
46
62
42
52
11
67
55
21
83
80
86
89
37
42
71
40
47
9
26
0
77
47
33
32
85
10
12
9
68
12
12
75
44
90
68
94
47
40
21
90
22
25
97
90
20
50
86
90
77
1
31
16
41
66
71
26
14
0
19
17
65
76
73
1
27
73
20
50
87
4
67
49
98
67
78
78
86
54
62
9
53
11
86
50
28
83
45
37
10
53
65
9
10
39
59
57
53
98
93
31
29
51
28
86
39
82
54
33
0
51
59
47
27
83
12
85
77
10
97
79
22
30
35
89
52
42
71
53
31
47
27
18
94
78
43
51
51
37
70
67
6
73
5
71
65
63
80
73
19
63
54
96
19
6
13
17
73
80
71
61
61
89
60
76
42
3
4
12
86
65
39
1
36
94
95
61
89
62
3
20
54
12
43
33
32
62
84
53
12
50
50
77
71
79
33
40
98
63
79
67
88
23
34
83
60
48
1
85
76
77
15
77
16
90
46
25
45
22
98
8
45
56
7
51
22
76
92
35
37
56
36
56
63
6
89
1
47
34
39
86
94
1
97
23
60
97
81
90
58
65
15
71
45
86
14
89
30
31
23
40
68
82
27
27
89
33
10
94
74
88
29
11
97
9
6
18
14
50
88
30
30
17
86
2
29
59
12
67
58
29
0
8
98
18
94
94
12
77
51
26
59
13
21
89
18
49
96
82
43
13
19
57
10
85
10
85
25
21
85
59
0
19
17
16
79
46
63
43
23
75
32
62
65
27
35
96
94
25
86
50
59
56
73
11
39
1
54
33
2
66
47
42
64
63
7
58
67
37
27
97
58
49
49
93
45
89
5
58
71
53
19
67
94
34
86
2
65
43
59
82
65
53
60
52
96
51
23
13
70
41
71
33
86
76
19
22
73
51
0
94
39
56
39
10
85
74
40
7
58
15
46
90
22
60
35
22
32
46
9
19
31
94
10
53
39
49
53
52
10
31
68
54
50
16
77
96
69
34
80
34
63
65
12
42
74
84
76
16
89
62
39
28
83
20
66
72
45
6
90
73
10
28
90
76
4
60
22
80
34
33
89
56
19
49
90
85
77
51
27
63
60
85
75
76
77
39
83
67
54
86
78
66
88
50
35
34
24
47
97
41
1
88
59
65
54
86
26
78
93
33
94
8
51
72
89
14
15
17
10
15
78
89
90
3
80
71
31
45
3
42
89
95
10
38
72
87
29
75
27
40
43
35
51
90
92
12
3
90
68
78
23
51
71
10
62
19
5
75
68
33
80
33
11
64
65
58
24
42
88
10
98
12
70
63
44
82
94
10
67
75
45
90
78
70
39
90
71
17
94
89
13
58
10
95
89
40
32
42
40
85
55
33
71
94
72
9
20
25
97
67
40
50
15
32
51
11
90
46
29
0
1
63
62
34
47
83
15
48
72
85
89
43
47
26
11
67
1
76
17
47
73
50
0
72
36
71
79
71
65
53
19
0
24
76
50
0
86
22
10
46
90
43
52
89
52
67
53
20
10
27
64
71
55
5
46
21
73
68
90
20
29
43
42
52
89
20
73
78
8
1
50
67
41
79
33
40
89
69
94
32
59
81
47
7
12
27
17
18
47
58
24
66
62
21
73
66
8
83
86
98
59
25
94
1
42
95
9
25
86
17
50
76
11
45
16
46
42
48
86
90
77
19
46
33
57
34
24
35
29
63
22
16
84
85
15
95
36
17
40
31
48
43
47
94
90
43
23
70
72
50
0
34
11
94
98
12
89
7
3
74
39
51
53
97
98
41
76
31
75
52
78
3
98
20
33
82
97
1
26
83
17
70
69
80
80
97
9
11
12
70
87
93
36
73
1
86
49
90
90
85
62
62
35
68
55
52
89
29
27
88
24
75
78
83
24
65
73
84
0
45
0
43
24
5
51
46
6
59
55
17
40
40
76
77
58
73
44
39
28
64
49
32
89
1
2
42
3
85
83
56
86
28
77
53
65
78
12
20
63
39
33
50
72
29
49
66
96
12
29
53
35
22
76
98
53
3
96
89
94
73
19
39
75
27
8
46
46
24
76
27
97
26
20
43
85
51
43
51
26
52
33
61
49
68
85
71
53
6
69
49
48
2
68
65
86
47
28
33
59
48
3
47
9
62
67
33
84
93
47
59
66
16
78
85
49
61
44
17
68
21
4
66
15
19
90
18
5
21
48
48
65
24
16
94
62
36
11
68
49
45
43
20
14
72
65
71
63
21
6
83
90
91
53
58
63
78
50
6
29
54
76
86
24
32
74
89
9
16
75
47
25
17
15
64
6
12
67
69
75
77
19
51
10
61
50
19
22
11
12
77
48
5
74
1
2
34
37
22
65
66
12
6
64
90
62
17
77
53
12
74
33
35
26
68
95
32
46
34
71
86
45
39
89
72
0
1
29
36
21
68
62
21
40
1
79
82
10
90
96
41
47
11
18
19
97
10
68
16
40
49
43
6
12
43
11
59
78
32
31
65
23
67
1
52
75
54
1
33
47
60
31
19
66
66
10
83
92
1
76
18
60
7
11
62
91
60
10
18
86
66
70
55
48
78
17
20
31
20
78
43
90
66
87
12
86
51
97
97
35
37
48
47
4
65
22
14
13
25
27
86
77
86
91
86
30
93
13
97
4
1
8
40
1
40
94
0
95
11
8
62
1
74
13
16
60
62
59
17
83
1
73
10
53
12
71
51
43
51
11
8
15
49
84
19
17
88
0
62
83
40
26
15
98
45
87
55
3
73
47
9
34
97
90
9
63
45
84
1
3
25
3
87
52
34
51
64
62
69
50
91
53
39
59
19
34
26
33
31
19
0
94
86
73
40
33
35
96
12
94
33
86
58
40
72
13
49
51
50
89
57
93
12
74
76
27
41
98
14
53
27
58
29
26
71
89
20
69
10
23
25
29
64
8
47
76
89
44
35
16
46
89
46
40
86
76
28
77
46
68
62
29
82
72
27
25
12
60
90
4
19
51
65
85
83
67
22
43
62
0
10
82
30
11
21
79
72
85
19
86
43
77
71
35
79
47
19
51
71
5
78
51
33
4
48
58
30
29
64
9
3
32
67
58
48
65
15
54
70
42
20
12
26
29
38
19
76
41
74
67
11
77
35
19
11
74
48
77
42
12
83
76
64
12
19
90
4
72
17
35
1
82
83
78
28
6
4
1
71
94
85
59
33
32
39
10
81
73
97
52
4
30
67
66
4
79
39
51
27
28
48
95
16
17
91
79
20
89
89
45
58
29
6
54
58
90
88
1
62
82
62
78
47
29
76
47
24
51
77
67
95
86
24
52
35
26
40
8
40
72
53
32
88
98
35
33
47
49
8
18
55
33
94
53
64
3
74
63
79
65
57
35
62
42
14
53
47
82
90
67
79
45
24
97
40
53
54
45
80
37
78
86
40
1
84
35
14
12
43
49
19
63
13
94
38
52
86
7
10
77
11
97
56
6
19
22
63
53
33
72
32
1
54
76
79
46
96
52
68
85
68
52
12
91
77
57
9
48
33
74
12
62
23
77
74
77
73
47
20
20
16
58
57
54
36
82
50
43
49
55
54
21
79
40
31
49
12
41
46
56
14
84
14
89
10
33
62
78
54
32
51
77
39
10
33
76
89
47
3
11
25
46
78
52
41
11
16
32
57
92
75
65
43
90
12
19
10
20
5
85
94
34
89
55
76
66
49
52
77
31
24
15
0
88
69
71
97
54
59
51
46
94
10
25
31
31
35
75
76
47
47
3
68
56
74
29
41
35
34
48
16
27
6
94
44
10
10
38
85
11
52
66
67
12
30
65
57
78
67
79
75
34
32
58
47
29
10
76
80
31
42
6
62
66
17
34
97
40
51
85
33
82
59
57
73
43
28
50
57
88
4
33
42
9
16
67
6
89
94
86
58
12
22
27
38
97
40
6
95
76
78
10
50
24
23
83
92
97
12
47
86
86
36
97
77
95
60
81
22
64
11
62
28
80
53
2
67
88
10
37
31
12
9
87
3
91
71
45
67
27
30
72
6
17
68
95
73
67
48
75
91
85
29
58
10
31
28
80
29
89
3
5
9
34
51
46
46
96
17
93
51
29
19
9
35
33
35
29
97
65
78
2
65
97
87
72
38
43
63
51
92
84
86
62
47
77
2
87
61
57
22
87
62
80
15
11
61
11
94
68
72
56
28
46
32
57
19
92
27
83
13
12
50
86
10
39
16
54
33
11
91
12
65
34
94
52
78
57
18
62
63
51
68
12
24
31
51
89
62
71
62
94
86
38
90
53
71
47
80
18
85
9
28
51
29
86
90
11
65
74
39
91
94
24
1
87
76
20
51
71
49
0
90
3
46
27
94
12
80
12
20
1
95
52
31
12
10
57
31
0
46
62
86
20
37
64
65
48
59
90
58
90
17
66
62
79
85
67
30
50
33
86
84
49
11
12
77
78
46
20
58
39
17
47
46
71
69
95
49
28
10
94
0
52
34
76
35
56
43
19
24
34
65
45
46
71
62
22
95
57
53
51
66
23
39
8
30
60
63
11
66
66
62
40
80
0
43
67
60
40
77
29
55
90
72
31
97
62
85
67
22
76
97
50
9
85
83
35
24
7
33
78
94
19
38
66
77
46
57
65
20
27
49
40
18
89
16
72
9
53
32
69
58
32
51
97
73
30
12
57
97
23
66
8
17
10
36
39
45
68
4
73
1
33
81
95
45
39
62
76
4
84
50
85
98
16
29
69
6
65
39
31
20
81
29
72
41
76
24
75
23
74
78
44
31
17
52
47
82
11
47
0
94
47
29
91
73
13
71
97
81
90
48
12
52
31
32
69
76
65
27
95
63
36
15
24
50
28
75
82
24
97
24
1
44
71
11
59
68
98
2
20
59
77
45
51
54
34
62
82
80
27
93
69
72
33
12
35
71
50
62
47
49
53
83
65
62
65
52
47
18
60
27
62
85
90
66
81
53
47
79
23
49
76
8
62
79
76
47
90
15
37
36
10
46
24
61
41
17
69
0
20
71
90
17
47
41
96
20
37
2
16
85
43
85
72
50
25
31
34
5
76
36
70
47
77
59
59
93
81
89
61
66
12
57
37
66
77
34
23
5
20
74
46
62
36
57
13
68
7
24
68
69
62
0
97
76
93
19
48
80
48
83
71
90
42
20
94
34
69
1
78
9
8
40
28
71
25
53
1
31
33
39
91
85
37
47
12
6
80
68
62
68
43
15
80
66
52
11
34
96
18
17
71
40
52
31
85
37
78
51
51
57
3
73
43
77
75
22
72
76
62
3
23
68
69
85
58
66
85
25
16
29
65
86
73
53
19
10
88
69
11
35
32
27
4
43
84
59
31
82
51
93
86
85
37
45
57
73
79
53
95
43
77
27
58
35
48
66
51
51
11
40
24
15
50
97
43
15
0
93
65
84
79
53
97
62
43
97
73
21
19
29
33
20
14
91
6
69
73
0
83
65
62
39
94
72
72
71
92
67
56
40
12
51
90
82
10
78
19
58
24
97
49
97
66
38
60
19
26
57
9
15
85
3
71
37
66
67
51
75
84
44
71
72
26
74
71
24
11
16
96
86
20
85
84
86
89
59
78
88
19
12
6
71
82
97
29
53
54
66
13
78
26
65
73
20
50
85
48
59
1
1
65
46
65
19
97
72
53
36
63
43
65
82
95
89
58
94
51
40
50
50
40
97
52
63
53
7
68
84
6
83
97
98
44
18
32
78
52
86
38
86
86
50
95
50
89
12
23
78
82
12
34
75
29
6
52
85
51
19
64
53
59
71
43
76
10
24
11
80
39
23
38
3
78
27
7
76
49
71
61
90
8
56
67
18
33
81
63
86
95
66
20
56
29
77
81
44
65
55
53
12
29
63
69
74
55
74
53
84
7
47
63
57
90
0
34
62
90
49
42
24
19
59
95
54
88
37
50
69
43
65
78
71
3
66
60
97
54
27
66
0
38
78
62
1
14
60
68
85
7
69
6
79
90
4
8
77
90
62
75
50
50
48
55
78
24
6
26
86
44
52
34
57
90
80
31
0
24
54
38
48
22
85
47
31
59
17
51
80
11
13
73
37
65
3
62
62
30
65
83
81
66
94
6
27
86
63
26
51
4
0
90
28
89
0
67
97
13
0
6
88
29
5
67
21
68
67
19
59
49
68
54
97
70
89
22
82
82
43
82
65
97
24
67
68
11
59
39
97
78
22
87
50
68
48
0
94
22
51
25
55
72
41
46
47
0
55
79
43
4
33
66
69
40
35
52
16
94
20
75
19
57
73
60
57
93
71
82
64
35
65
4
97
83
57
59
62
24
34
38
88
36
72
63
92
31
69
51
90
51
82
89
82
22
53
71
27
80
19
67
26
43
10
56
69
76
19
1
81
47
39
6
74
69
58
86
46
63
29
69
74
73
59
40
87
19
30
89
93
43
65
49
74
5
94
35
70
12
27
31
88
66
0
66
39
90
33
12
86
62
62
10
45
17
76
24
52
8
95
40
49
76
32
55
24
43
22
94
47
85
58
42
27
82
16
70
8
84
72
19
4
61
47
50
14
5
24
84
78
12
68
66
97
89
39
26
77
19
1
12
29
0
51
31
40
14
17
97
17
43
51
34
27
98
67
68
36
45
82
24
19
31
48
19
85
83
79
81
26
87
47
43
47
62
24
58
11
17
24
86
39
83
58
66
80
85
10
22
52
59
88
58
20
7
3
89
53
80
69
90
85
65
87
15
56
0
84
13
88
58
65
49
38
76
48
51
32
55
32
29
71
71
58
51
74
65
81
30
94
85
25
24
38
20
49
0
70
63
15
77
80
70
27
63
66
53
76
94
68
76
53
97
66
89
21
75
30
7
17
18
2
8
91
67
40
89
39
86
51
71
92
77
59
89
11
97
62
34
97
98
4
36
56
80
58
1
11
11
2
72
49
17
33
23
85
8
71
32
88
94
97
33
53
77
29
50
49
57
64
67
90
40
62
35
17
24
35
90
12
17
20
43
76
85
95
48
35
24
17
9
73
12
80
59
98
21
10
90
53
40
89
33
65
24
91
67
15
63
92
35
12
78
15
16
50
57
85
93
45
12
45
32
59
51
5
97
97
10
43
48
65
66
47
71
93
33
93
23
31
54
50
94
77
11
60
84
75
94
17
54
53
37
94
28
46
29
9
1
53
62
63
11
51
85
18
5
66
43
41
95
11
1
69
96
34
74
97
21
52
35
31
78
75
22
36
65
27
31
0
35
65
83
74
1
20
80
92
90
89
92
23
47
51
98
97
17
77
17
42
74
51
12
78
44
86
45
49
68
78
77
2
6
90
31
24
78
85
88
19
22
35
1
29
12
43
28
20
92
45
45
10
76
29
19
14
40
98
79