0.6727348
00:00:00.83
22
73
38
30
41
58
24
93
68
83
94
93
61
6
20
88
19
74
43
53
24
90
46
90
88
11
2
79
45
11
26
71
10
2
81
77
14
20
13
34
27
99
54
41
26
83
73
56
39
30
6
92
6
54
93
88
90
3
26
0
68
53
15
58
69
50
27
67
69
30
44
0
75
84
93
54
84
81
45
54
73
20
24
34
82
29
11
24
42
76
75
37
67
82
51
59
15
26
65
27
57
98
69
94
11
34
36
84
25
26
74
27
24
39
32
58
80
51
18
26
67
24
85
89
80
55
5
8
55
37
75
21
46
89
37
76
58
41
20
77
48
28
32
92
16
69
36
91
65
84
26
50
84
45
68
91
17
20
68
45
21
89
66
90
93
64
61
25
92
74
27
83
44
16
90
42
10
20
44
75
54
29
63
78
45
26
94
59
9
10
28
26
51
56
92
85
36
67
61
0
7
100
19
38
25
50
57
65
88
66
5
76
74
42
26
73
89
94
50
75
20
88
93
43
42
27
83
83
34
51
57
29
61
8
12
15
46
45
54
79
97
54
61
27
33
66
80
19
53
68
82
93
46
35
32
15
27
3
52
0
89
30
0
98
4
25
24
12
69
5
93
46
71
83
11
36
27
39
21
61
44
52
92
88
30
81
96
56
74
71
91
33
61
95
36
35
45
54
85
66
66
27
6
15
98
34
88
26
85
33
48
69
70
21
67
59
55
11
93
0
24
10
6
66
93
28
30
1
26
46
27
85
66
73
84
85
48
61
41
24
98
76
16
2
43
90
81
20
45
93
7
47
96
28
37
67
80
20
71
59
15
55
58
95
15
91
91
80
24
43
47
68
83
62
72
36
46
33
46
66
51
98
0
48
35
24
1
75
100
84
54
94
6
31
54
77
8
90
76
90
74
83
93
82
15
1
25
83
26
45
98
51
72
88
37
30
93
35
2
33
17
1
61
47
52
52
21
32
29
60
28
0
37
74
75
98
19
77
26
42
21
21
30
20
34
12
76
43
3
7
49
93
30
81
86
35
78
20
23
72
2
25
46
37
72
27
29
40
50
30
80
18
45
21
30
51
84
46
41
77
91
46
77
26
92
63
6
16
37
86
54
43
12
54
3
99
29
18
4
92
41
18
66
4
75
27
76
40
23
30
46
33
44
47
67
37
15
11
12
80
99
11
6
77
42
51
54
18
66
60
73
74
51
18
63
65
93
28
69
46
39
85
18
40
4
71
36
94
73
64
88
6
71
18
97
54
74
66
90
91
21
51
50
44
50
6
45
54
18
12
0
33
15
19
6
42
73
16
37
15
57
26
74
64
17
92
17
98
52
34
34
60
27
94
100
29
27
78
35
25
13
22
46
85
27
45
46
74
74
58
72
30
16
8
11
72
26
64
33
50
68
72
48
6
44
0
81
8
88
70
4
5
18
57
2
100
51
25
12
76
21
57
63
25
42
25
18
51
99
91
90
25
50
91
56
85
61
25
78
61
89
12
98
5
75
93
4
77
6
11
24
53
73
69
23
59
61
82
46
80
83
71
74
78
66
87
5
88
64
7
100
47
8
16
29
83
97
6
51
88
71
88
22
93
93
93
29
24
9
98
80
74
41
46
24
55
93
78
71
77
15
96
67
89
25
61
78
69
51
54
20
91
27
16
85
26
77
88
81
87
34
98
63
4
15
76
0
30
83
36
98
2
94
57
46
84
92
73
57
65
65
15
77
79
11
43
74
15
65
11
96
50
67
93
72
54
18
20
83
53
26
77
94
36
60
83
34
74
18
36
1
93
71
45
77
87
50
21
6
76
10
90
73
2
35
88
57
70
91
49
61
21
61
44
77
30
82
46
85
25
77
11
83
93
68
96
12
33
86
18
84
34
51
81
15
38
50
76
73
91
26
15
14
15
65
76
75
53
16
21
39
12
62
91
94
38
66
32
81
64
19
61
11
11
61
98
93
62
29
94
83
51
13
84
13
68
97
23
67
29
87
75
93
21
69
4
84
10
80
84
83
1
51
69
10
29
5
64
84
15
96
19
77
13
26
74
43
19
43
5
33
21
24
45
45
69
82
100
75
71
51
81
53
60
93
1
73
91
51
36
98
48
4
17
38
8
48
9
28
21
23
53
61
75
11
9
45
74
84
44
73
81
3
1
97
42
79
24
2
63
64
69
30
0
18
23
16
44
46
68
30
58
85
46
12
6
45
40
75
44
54
61
25
93
16
0
82
97
88
49
65
53
73
82
4
93
64
51
20
71
96
14
82
83
37
62
44
50
48
24
36
37
26
14
45
51
78
79
80
51
11
50
5
100
84
25
49
62
72
17
80
26
89
44
69
75
37
15
90
8
66
16
92
43
78
34
38
15
34
76
58
12
92
90
24
74
17
69
85
58
43
79
44
9
60
84
15
44
73
87
90
100
58
20
20
79
83
70
26
30
71
9
27
80
86
68
47
42
4
87
75
6
17
92
29
29
9
50
28
33
20
94
87
94
4
66
40
15
75
4
82
29
17
7
68
62
16
74
90
51
98
74
14
99
3
81
55
51
58
17
11
20
98
36
4
21
43
66
18
28
35
15
57
50
16
90
92
34
29
38
17
3
5
2
16
98
96
98
93
90
37
66
68
67
46
54
93
1
17
55
57
93
26
56
61
65
26
75
15
25
15
26
93
76
7
94
10
20
45
11
45
50
62
16
64
72
92
25
12
50
44
22
78
43
52
84
75
77
81
0
95
46
77
96
69
76
94
12
64
10
1
71
25
41
94
94
54
46
90
66
65
71
26
87
92
40
6
90
27
7
66
26
15
50
69
12
18
38
51
82
51
76
42
4
28
42
76
33
98
66
24
62
1
51
50
58
27
90
79
29
48
6
74
8
51
30
72
81
90
94
47
84
9
29
9
91
26
28
78
78
45
74
65
26
42
30
11
54
89
0
43
34
82
61
84
19
54
73
75
59
91
38
20
83
61
46
2
45
94
18
12
88
18
19
64
76
77
100
45
90
94
90
64
32
20
20
97
46
71
53
30
74
11
84
68
82
68
42
46
58
90
72
73
30
20
11
11
11
76
90
51
26
80
69
25
53
40
2
25
85
71
97
46
64
44
47
91
23
66
100
31
12
72
34
99
92
74
91
88
42
26
6
59
77
34
8
1
96
77
58
20
66
21
43
0
36
96
50
58
16
36
60
54
86
86
46
97
82
22
64
98
3
22
64
6
72
38
89
48
23
95
0
70
34
50
7
67
74
92
56
50
27
5
20
92
66
66
75
15
57
33
77
74
15
56
81
67
86
1
90
65
74
43
21
54
76
74
13
2
86
68
99
15
10
84
82
51
58
74
16
64
33
33
25
100
92
18
1
92
30
15
35
96
21
25
88
1
22
83
100
12
21
97
37
12
30
29
88
27
54
0
24
15
25
54
18
20
54
68
11
34
98
15
52
5
26
46
52
93
66
97
98
64
51
74
17
58
47
33
58
76
84
66
54
87
76
54
30
46
51
79
26
27
46
75
90
71
27
85
99
24
98
42
53
74
96
80
29
26
29
72
59
60
29
24
95
57
28
12
5
36
29
59
26
46
66
10
39
93
27
45
45
93
69
79
80
24
26
47
41
92
74
93
50
29
76
54
93
61
77
61
62
53
89
48
68
44
60
93
91
51
44
85
29
50
51
94
96
48
71
15
83
57
67
27
73
93
29
90
30
34
92
43
78
54
96
69
16
93
54
53
13
73
24
94
68
58
14
43
76
13
100
18
20
100
63
28
4
84
14
9
57
67
27
97
78
69
75
16
71
16
96
88
68
54
66
98
88
83
3
66
72
29
54
1
54
52
78
72
95
54
17
71
77
29
65
59
44
30
6
53
15
67
54
82
94
15
97
59
26
85
42
74
74
51
16
48
15
52
72
69
44
54
33
61
88
64
49
100
91
75
15
46
39
33
83
68
93
60
2
73
96
93
11
72
71
74
66
60
9
66
66
17
55
67
63
51
93
68
100
67
25
31
26
67
77
45
15
67
96
69
84
12
23
24
83
2
14
73
29
20
90
98
50
69
82
50
77
45
19
57
64
58
38
64
34
34
15
8
54
60
16
88
15
45
52
91
56
39
74
16
90
60
74
80
43
13
16
38
7
84
53
30
52
15
80
92
87
11
73
30
43
93
82
91
66
71
96
74
26
65
25
32
94
46
61
33
83
16
84
93
82
3
51
34
21
30
30
39
5
64
18
50
42
83
90
6
75
50
29
6
87
99
29
18
40
20
50
75
83
35
35
46
81
98
33
1
57
66
15
90
80
69
95
51
78
35
46
54
25
77
87
66
21
11
72
54
59
16
66
45
45
96
83
65
11
68
38
6
65
64
97
85
36
91
81
0
69
71
98
96
37
96
12
67
44
31
56
25
38
4
56
70
22
30
25
98
100
94
39
70
95
70
6
18
46
69
93
36
80
15
51
69
26
85
81
26
89
67
48
90
37
83
47
15
14
46
32
84
85
68
9
92
82
82
46
11
74
51
28
97
53
88
26
60
18
3
14
45
97
32
32
20
15
41
53
43
66
64
48
53
73
4
38
3
51
51
66
96
30
2
43
40
100
46
3
58
99
92
21
40
29
13
74
71
74
71
31
100
71
43
73
29
20
12
65
44
6
21
85
17
72
54
90
82
94
99
51
31
15
45
43
70
50
88
80
69
8
11
41
24
93
33
62
6
22
48
64
39
82
26
48
58
58
7
47
46
42
48
83
16
29
64
51
36
15
41
90
21
43
92
90
16
81
61
99
30
85
40
5
23
83
11
15
98
29
25
50
30
73
51
80
70
80
74
71
28
68
22
48
37
44
67
25
81
94
25
72
44
60
29
84
51
74
16
80
58
16
61
74
84
9
8
45
12
96
99
79
36
75
36
6
90
66
33
28
59
98
12
46
54
80
52
91
77
24
76
47
18
67
50
74
52
67
98
57
81
25
75
36
11
46
70
29
58
67
71
96
30
82
6
81
71
17
98
96
80
91
64
8
15
34
24
97
45
94
36
27
93
26
23
69
97
43
90
87
15
2
34
7
11
51
4
30
76
46
14
37
20
74
37
34
46
67
1
75
83
84
56
25
33
46
78
74
10
76
19
53
17
82
68
21
94
30
67
100
66
1
67
9
34
85
30
83
74
54
29
42
17
9
11
75
11
88
62
90
48
27
33
97
74
38
66
5
6
55
92
51
74
64
17
47
67
34
5
80
67
83
20
51
46
40
48
74
78
46
68
72
33
68
71
49
11
83
51
76
60
77
31
26
64
68
45
37
72
30
88
67
44
53
73
69
6
54
36
93
91
37
0
76
71
46
21
93
2
88
64
69
98
20
93
50
45
73
76
95
83
65
83
90
16
29
73
27
98
45
73
15
25
74
44
67
21
61
46
61
64
16
77
74
82
62
83
49
42
44
100
50
9
67
77
53
21
33
61
46
77
50
34
4
69
45
64
23
65
11
68
46
79
51
72
43
89
93
22
66
82
20
3
93
48
27
24
54
100
50
24
4
91
15
38
43
31
51
69
33
78
60
31
15
20
45
98
88
47
12
44
33
0
15
67
96
29
44
11
13
36
27
94
53
6
25
12
59
71
37
78
95
20
68
84
0
21
93
51
67
21
85
5
76
45
73
36
88
51
38
66
46
22
25
28
80
30
16
26
38
23
98
84
17
61
34
25
38
77
11
92
26
69
2
91
20
5
79
75
75
26
60
88
66
5
19
7
95
50
69
15
58
67
67
71
54
54
94
9
49
61
46
53
82
97
27
17
34
91
27
90
50
59
73
56
73
21
27
42
30
44
18
43
49
20
68
68
98
96
48
50
55
80
52
62
58
72
46
69
41
33
25
71
91
70
15
52
96
16
90
34
66
77
6
80
11
45
76
53
58
24
99
66
53
16
94
25
98
38
16
1
99
46
51
50
29
80
17
82
4
44
44
27
98
82
26
2
77
21
71
30
21
30
2
61
11
35
58
63
71
83
16
18
79
58
0
41
9
90
15
93
52
11
43
0
25
93
60
54
64
11
59
7
93
43
24
12
34
71
58
35
55
20
9
100
57
24
37
29
67
3
42
100
0
0
90
27
12
51
54
95
88
9
58
47
21
77
14
76
90
83
6
100
18
91
67
86
16
48
6
34
45
18
53
87
98
15
27
72
28
46
60
12
17
93
31
20
37
62
18
66
64
79
17
96
29
30
74
35
45
29
25
88
66
96
0
42
28
69
41
36
39
25
90
24
66
18
62
67
54
20
96
16
66
28
11
94
2
9
78
72
44
36
83
15
56
80
46
76
73
69
53
95
100
9
54
100
68
69
65
92
74
67
99
23
93
88
3
29
26
74
63
12
68
58
21
18
66
21
88
43
34
72
84
90
85
64
69
61
17
87
69
11
93
81
84
29
24
24
74
91
100
69
98
3
81
22
88
54
86
81
74
3
15
24
5
49
0
34
20
77
84
77
34
21
67
24
19
66
15
30
26
26
94
39
0
93
57
90
25
14
40
31
82
15
96
15
86
15
32
7
40
26
57
69
4
68
69
68
51
73
78
88
4
54
69
28
40
12
81
54
43
20
91
69
50
74
16
66
83
30
21
30
88
4
37
58
59
29
20
97
73
54
91
68
2
37
38
56
19
49
25
50
93
60
36
26
67
60
6
56
59
69
1
31
1
19
61
36
30
62
54
79
45
86
16
80
43
29
36
2
11
84
29
73
51
15
50
68
11
94
99
66
51
11
15
48
68
76
40
58
30
45
46
13
7
66
28
98
82
23
38
14
16
82
48
53
2
83
46
77
79
74
85
31
53
62
4
93
98
46
55
94
12
44
46
44
68
15
98
52
96
44
63
54
53
92
76
82
31
66
81
67
57
29
30
90
71
91
64
25
21
54
73
74
92
32
88
100
65
76
71
29
15
21
96
83
94
65
93
29
30
83
42
34
30
11
57
0
48
32
53
62
60
1
72
64
48
0
90
37
8
5
33
77
66
2
53
10
29
98
23
28
64
88
96
94
29
88
28
0
96
33
66
91
98
62
66
29
67
57
76
20
94
69
92
91
34
52
18
57
69
83
51
71
43
11
72
80
74
89
50
26
61
57
32
64
24
57
65
80
30
82
52
0
78
12
20
86
65
77
46
46
56
48
53
18
87
48
67
97
69
54
92
54
34
93
53
98
93
27
30
96
64
78
15
27
61
94
2
68
4
68
76
16
72
97
38
94
11
93
58
4
3
49
11
51
16
62
25
28
6
65
90
13
94
54
33
14
16
93
92
67
64
65
47
27
26
68
16
87
47
75
39
34
15
68
69
59
94
14
66
21
58
29
6
40
51
10
61
15
22
74
96
88
26
70
18
29
25
6
16
11
76
72
69
87
98
65
44
99
61
63
71
9
61
66
86
96
13
60
0
11
28
66
54
85
96
28
96
50
93
77
77
12
48
13
87
95
92
45
21
58
49
87
100
65
68
84
58
66
23
44
70
14
59
14
46
74
11
54
34
8
72
30
96
80
74
11
98
46
93
1
88
31
44
34
61
23
88
12
72
13
100
17
90
21
67
66
29
74
77
42
71
51
36
46
49
98
24
58
61
96
84
27
37
73
97
79
83
26
8
43
30
44
51
74
31
84
84
94
17
98
93
93
25
63
70
28
53
23
94
36
0
12
82
18
51
55
74
74
10
71
88
61
24
64
66
32
90
13
34
64
65
17
36
72
48
93
53
74
98
75
84
33
18
54
24
20
36
26
68
30
71
11
92
43
13
50
21
52
45
13
97
57
11
33
60
12
64
18
46
51
15
48
66
25
82
10
26
68
18
78
98
34
74
45
27
85
91
100
26
66
93
15
15
95
26
96
78
81
89
25
62
88
54
52
75
16
41
64
97
74
39
84
66
60
19
25
86
83
47
64
82
32
76
18
20
9
78
50
64
0
17
86
71
53
48
74
84
52
75
53
46
1
42
60
36
30
44
44
99
20
7
30
53
29
60
94
11
94
53
26
90
34
41
90
26
19
76
10
21
6
30
100
59
15
54
93
96
41
19
35
13
25
19
54
75
37
88
35
88
51
9
76
70
52
44
72
13
29
100
82
91
40
66
45
15
74
80
12
87
11
88
86
66
90
36
51
61
34
13
3
54
6
30
9
66
27
84
30
46
54
83
54
51
15
10
67
16
83
93
75
3
71
60
52
30
53
15
67
88
90
28
80
86
51
27
69
19
98
77
30
83
58
73
67
1
44
82
51
66
75
66
77
69
78
61
84
66
74
13
84
73
44
54
15
77
39
62
90
0
43
67
48
67
20
24
54
65
71
64
32
45
11
15
59
58
88
66
96
34
44
77
48
80
20
93
44
83
79
78
58
52
74
51
73
61
36
98
94
70
21
29
27
36
90
47
44
83
54
25
78
13
16
30
24
85
80
4
32
81
6
88
24
24
54
68
75
73
21
64
81
68
96
53
49
67
76
84
26
54
71
64
25
98
26
45
60
71
91
94
27
22
11
34
51
29
10
24
96
44
13
90
77
82
58
68
3
46
12
76
60
16
72
79
48
72
30
26
50
32
66
13
26
85
24
4
20
74
95
80
56
63
57
50
69
11
89
78
47
80
54
98
57
59
45
71
38
12
53
79
18
90
80
84
77
89
53
76
23
98
27
17
85
28
34
55
84
20
61
93
92
88
93
73
51
93
53
86
50
40
83
26
89
67
0
66
61
84
72
79
98
90
82
78
6
95
37
27
45
52
17
92
27
26
27
69
55
83
88
43
63
38
41
77
43
96
47
30
87
36
54
92
75
82
7
79
76
11
66
94
83
45
54
93
58
16
91
90
54
90
61
93
3
81
82
54
71
67
24
89
16
93
65
85
58
98
4
54
65
98
93
67
37
39
95
74
44
27
35
23
20
79
73
77
83
67
20
93
23
99
77
39
41
12
71
21
71
76
45
31
84
36
42
98
95
5
93
96
43
43
7
89
46
35
24
66
13
39
24
96
36
85
42
77
28
44
54
95
13
40
9
22
27
63
79
54
73
26
98
7
29
0
75
0
91
83
67
33
77
51
36
79
69
34
60
4
68
52
83
31
16
69
84
11
80
86
71
39
93
66
18
75
63
54
9
21
37
75
24
61
88
36
99
3
20
83
68
61
84
71
39
34
30
30
13
1
50
21
96
17
25
76
98
54
25
85
9
79
71
48
24
71
31
12
53
90
15
50
16
29
74
97
79
88
94
72
82
57
21
59
43
84
92
30
7
15
71
39
47
13
50
65
16
78
21
96
82
48
94
0
24
30
30
88
68
27
37
45
26
21
37
73
7
90
59
65
16
26
54
21
26
50
100
29
53
11
77
14
86
18
79
50
73
91
90
54
80
51
76
76
83
100
64
70
68
66
30
67
92
74
34
29
48
27
26
58
26
24
10
81
29
2
13
60
37
71
1
83
39
24
64
30
17
59
55
83
76
2
28
83
27
88
12
99
15
77
71
59
15
46
43
34
97
29
66
18
83
92
26
53
16
87
24
40
34
2
90
50
77
45
71
0
43
69
69
90
44
90
29
26
76
16
95
6
21
90
92
78
46
48
51
30
68
45
45
68
26
61
6
16
22
63
59
18
91
26
38
55
3
72
34
61
15
10
15
15
45
78
45
46
66
85
34
92
66
36
17
53
18
61
71
30
29
62
16
43
83
21
98
74
27
88
75
80
85
10
25
34
82
22
98
58
83
35
67
4
70
64
3
11
89
6
15
78
24
77
70
53
96
89
55
90
49
16
66
53
6
79
28
49
28
16
59
22
93
6
13
67
73
36
54
67
58
33
27
29
43
78
8
97
39
45
79
21
90
34
83
25
24
81
26
8
82
24
73
10
34
54
69
14
81
9
71
22
79
18
65
67
57
4
96
67
54
17
45
45
0
49
34
27
18
2
15
55
61
36
13
67
75
84
73
27
8
10
0
25
71
93
84
43
20
30
75
88
40
50
39
90
1
54
54
32
90
91
89
24
51
18
82
15
6
2
30
57
73
67
52
46
73
64
26
40
73
18
97
53
42
64
100
9
64
29
43
58
9
87
26
5
46
25
92
92
21
92
90
26
27
64
9
88
43
80
26
34
25
19
45
63
0
73
51
25
30
31
49
76
23
44
93
73
49
65
21
57
11
24
79
68
94
61
12
51
77
17
29
13
50
81
13
7
83
92
62
94
90
57
26
91
13
43
54
27
36
10
97
95
76
6
100
84
79
30
67
30
92
46
92
25
16
83
82
75
29
64
2
21
74
70
79
98
29
69
89
93
80
18
28
79
48
15
44
6
53
79
28
50
43
68
19
29
32
46
7
21
90
58
28
42
51
94
5
66
82
84
97
24
73
24
80
67
11
66
15
54
54
74
47
20
98
27
61
4
78
68
58
98
72
49
27
21
25
51
93
71
48
33
82
92
12
5
4
59
76
29
57
35
93
45
14
42
27
59
34
66
63
24
26
46
80
2
96
29
69
66
53
73
30
84
68
14
20
26
20
21
30
36
82
38
64
9
95
47
92
27
29
84
0
29
71
91
65
89
2
19
93
21
93
54
27
48
88
20
27
15
80
91
48
24
75
71
74
25
61
43
97
48
77
22
25
46
16
75
79
67
71
90
19
37
70
73
59
40
97
48
90
58
10
98
0
30
72
49
72
53
83
83
48
30
28
90
89
32
51
71
31
27
10
77
58
73
5
6
37
96
75
5
82
6
24
16
98
51
9
98
16
26
24
46
100
17
32
22
20
3
41
4
86
64
68
46
80
15
30
83
100
96
43
46
88
26
54
36
26
38
57
95
70
75
48
69
88
88
41
76
58
20
11
85
71
4
83
72
97
51
26
11
16
96
53
45
58
13
62
64
67
68
54
94
20
27
94
67
66
20
77
21
98
71
78
0
94
27
20
60
50
66
75
43
38
100
74
67
16
68
46
11
90
27
86
64
37
6
100
94
66
34
37
12
45
13
71
7
47
66
56
72
43
30
42
26
26
74
21
0
90
24
93
83
7
11
7
85
84
87
45
51
96
88
81
59
17
51
20
87
16
39
51
52
44
53
60
69
16
54
6
88
30
71
3
42
24
21
23
78
88
69
79
99
36
28
26
100
61
94
84
34
17
25
95
90
82
84
73
94
90
91
28
69
77
75
100
67
46
100
85
93
30
38
26
20
96
20
33
28
30
66
34
55
15
56
58
9
34
96
41
18
67
84
27
34
71
97
29
25
94
69
53
66
21
52
77
100
56
56
74
98
53
29
14
68
38
65