0.67273676
00:00:00.78
78
72
29
55
92
97
9
61
36
65
86
61
54
93
45
48
3
22
89
28
9
14
63
14
48
43
0
84
17
43
95
91
85
0
51
42
15
45
64
98
13
7
21
92
95
65
72
46
62
55
93
1
93
21
61
48
14
23
95
56
36
28
4
97
40
74
13
79
40
55
31
56
90
35
61
21
35
51
17
21
72
45
9
98
2
30
43
9
94
38
90
25
79
2
66
87
4
95
58
13
53
39
40
86
43
98
5
35
60
95
22
13
9
62
20
97
73
66
26
95
79
9
59
76
73
68
8
6
68
25
90
49
63
76
25
38
97
92
45
42
44
77
20
1
96
40
5
41
58
35
95
74
35
17
36
41
67
45
36
17
49
76
52
14
61
82
54
83
1
22
13
65
31
96
14
94
85
45
31
90
21
30
34
10
17
95
86
87
70
85
77
95
66
46
1
59
5
79
54
56
32
19
3
29
60
74
53
58
48
52
8
38
22
94
95
72
76
86
74
90
45
48
61
89
94
13
65
65
98
66
53
30
54
6
11
4
63
17
21
84
12
21
54
13
33
52
73
3
28
36
2
61
63
69
20
4
13
23
34
56
76
55
56
39
75
60
9
11
40
8
61
63
91
65
43
5
13
62
49
54
31
34
1
48
55
51
16
46
22
91
41
33
54
81
5
69
17
21
59
52
52
13
93
4
39
98
48
95
59
33
44
40
87
49
79
87
68
43
61
56
9
85
93
52
61
77
55
71
95
63
13
59
52
72
35
59
44
54
92
9
39
38
96
0
89
14
51
45
17
61
32
88
16
77
25
79
73
45
91
87
4
68
97
81
4
41
41
73
9
89
88
36
65
50
57
5
63
33
63
52
66
39
56
44
69
9
71
90
37
35
21
86
93
24
21
42
6
14
38
14
22
65
61
2
4
71
83
65
95
17
39
66
57
48
25
55
61
69
0
33
67
71
54
88
34
34
49
20
30
27
77
56
25
22
90
39
3
42
95
94
49
49
55
45
98
11
38
89
23
32
80
61
55
51
92
69
10
45
47
57
0
83
63
25
57
13
30
70
74
55
73
26
17
49
55
66
35
63
92
42
41
63
42
95
1
34
93
96
25
92
21
89
11
21
23
7
30
26
75
1
92
26
52
75
90
13
38
70
47
55
63
33
31
88
79
25
4
43
11
73
7
43
93
42
94
66
21
26
52
27
72
22
66
26
34
58
61
77
40
63
62
59
26
70
75
91
5
86
72
82
48
93
91
26
12
21
22
52
14
41
49
66
74
31
74
93
17
21
26
11
56
33
4
3
93
94
72
96
25
4
53
95
22
82
67
1
67
39
34
98
98
27
13
86
19
30
13
10
69
83
64
78
63
59
13
17
63
22
22
97
57
55
96
6
43
57
95
82
33
74
36
57
44
93
31
56
51
6
48
87
75
8
26
53
0
37
66
83
11
38
49
53
34
60
94
83
26
66
7
41
14
83
74
41
46
59
54
83
10
54
76
11
39
8
90
61
75
42
93
43
9
28
72
40
47
87
54
2
63
73
65
91
22
10
52
18
8
48
82
32
37
88
6
96
30
65
12
93
66
48
91
48
78
61
61
61
30
9
70
39
73
22
92
63
9
68
61
10
91
42
4
16
79
76
83
54
10
40
66
21
45
41
13
96
59
95
42
48
51
18
98
39
34
75
4
38
56
55
65
5
39
0
86
53
63
35
1
72
53
58
58
4
42
84
43
89
22
4
58
43
16
74
79
61
57
21
26
45
65
28
95
42
86
5
27
65
98
22
26
5
71
61
91
17
42
18
74
49
93
38
85
14
72
0
69
48
53
87
41
80
54
49
54
31
42
55
2
63
59
83
42
43
65
61
36
16
11
33
92
26
35
98
66
51
4
29
74
38
72
41
95
4
15
4
58
38
90
28
96
49
62
11
50
41
86
29
52
20
51
82
3
54
43
43
54
39
61
50
30
86
65
66
64
35
64
36
12
47
79
30
18
90
61
49
40
75
35
85
73
35
65
71
66
40
85
30
8
82
35
4
16
3
42
64
95
22
89
3
89
8
33
49
9
17
17
40
2
37
90
91
66
51
28
27
61
71
72
41
66
5
39
44
75
67
29
6
44
70
77
49
47
28
54
90
43
70
17
22
35
31
72
51
23
71
12
94
84
9
0
34
82
40
55
56
26
47
96
31
63
36
55
97
59
63
11
93
17
70
90
31
21
54
83
61
96
56
2
12
48
80
58
28
72
2
75
61
82
66
45
91
16
15
2
65
25
50
31
74
44
9
5
25
95
15
17
66
10
84
73
66
43
74
8
37
35
83
80
50
57
67
73
95
76
31
40
90
25
4
14
6
52
96
1
89
10
98
29
4
98
38
97
11
1
14
9
22
67
40
59
97
89
84
31
70
27
35
4
31
72
18
14
19
97
45
45
84
65
87
95
55
91
70
13
73
92
36
88
94
75
18
90
93
67
1
30
30
70
74
77
33
45
86
18
86
75
52
70
4
90
75
2
30
67
32
36
50
96
22
14
66
39
22
15
7
23
51
68
66
97
67
43
45
39
5
75
49
89
52
26
77
69
4
53
74
96
14
1
98
30
29
67
23
8
0
96
39
16
39
61
14
25
52
36
79
63
21
61
71
67
68
53
61
95
46
54
58
95
90
4
60
4
95
61
38
32
86
85
45
17
43
17
74
50
96
82
57
1
83
11
74
31
78
10
89
34
35
90
42
51
56
81
63
42
16
40
38
86
11
82
85
71
91
83
92
86
86
21
63
14
52
58
91
95
18
1
70
93
14
13
32
52
95
4
74
40
11
26
29
66
2
66
38
94
75
77
94
38
33
39
52
9
50
71
66
74
97
13
14
84
30
44
93
22
6
66
55
57
51
14
86
88
35
70
30
70
41
95
77
10
10
17
22
58
95
94
55
43
21
76
56
89
98
2
54
35
3
21
72
90
87
41
29
45
65
54
63
0
17
86
26
11
48
26
3
82
38
42
19
17
14
86
14
82
20
45
45
12
63
91
28
55
22
43
35
36
2
36
94
63
97
14
57
72
55
45
43
43
43
38
14
66
95
73
40
83
28
70
0
83
59
91
12
63
82
31
88
41
47
52
19
24
11
57
98
7
1
22
41
48
94
95
93
87
42
98
6
71
16
42
97
45
52
49
89
56
5
16
74
97
96
5
27
21
92
92
63
12
2
78
82
39
23
78
82
93
57
29
76
44
47
81
56
87
98
74
32
79
22
1
46
74
13
8
45
1
52
52
90
4
53
33
42
22
4
46
51
79
92
71
14
58
22
89
49
21
38
22
64
0
92
36
7
4
85
35
2
66
97
22
96
82
33
33
83
19
1
26
71
1
55
4
69
16
49
83
48
71
78
65
37
11
49
12
25
11
55
30
48
13
21
56
9
4
60
21
26
45
21
36
43
98
39
4
34
8
95
63
34
61
52
12
39
82
66
22
67
97
88
33
97
38
35
52
21
18
38
21
55
63
66
84
95
13
63
90
14
91
13
59
7
9
39
94
28
22
16
73
30
95
30
57
87
27
30
9
81
53
77
11
8
5
30
87
95
63
52
85
62
61
13
17
17
61
40
84
73
9
95
88
92
1
22
61
74
30
38
21
61
54
42
54
50
28
76
44
36
31
27
61
41
66
31
59
30
74
66
86
16
44
91
4
65
53
79
13
72
61
30
14
55
98
1
89
10
21
16
40
96
61
21
28
64
72
9
86
36
97
15
89
38
64
19
26
45
19
34
77
75
35
15
70
53
79
13
12
10
40
90
96
91
96
16
48
36
21
52
39
48
65
23
52
57
30
21
71
21
34
10
57
81
21
67
91
42
30
58
87
31
55
93
28
4
79
21
2
86
4
12
87
95
59
94
22
22
66
96
44
4
34
57
40
31
21
33
54
48
82
80
19
41
90
4
63
62
33
65
36
61
27
0
72
16
61
43
57
91
22
52
27
70
52
52
67
68
79
34
66
61
36
19
79
83
24
95
79
42
17
4
79
16
40
35
11
47
9
65
0
15
72
30
45
14
39
74
40
2
74
42
17
3
53
82
97
29
82
98
98
4
6
21
27
96
48
4
17
34
41
46
62
22
96
14
27
22
73
89
64
96
29
32
35
28
55
34
4
73
1
18
43
72
55
89
61
2
41
52
91
16
22
95
58
83
20
86
63
54
33
65
96
35
61
2
23
66
98
49
55
55
62
8
82
26
74
94
65
14
93
90
74
30
93
18
7
30
26
70
45
74
90
65
69
69
63
51
39
33
71
53
52
4
14
73
40
81
66
10
69
63
21
60
42
18
52
49
43
57
21
87
96
52
17
17
16
65
58
43
36
29
93
58
82
12
59
5
41
51
56
40
91
39
16
25
16
11
79
31
24
46
83
29
75
46
87
78
55
83
39
37
86
62
87
81
87
93
26
63
40
61
5
73
4
66
40
95
59
51
95
76
79
44
14
25
65
88
4
15
63
20
35
59
36
70
1
2
2
63
43
22
66
77
12
28
48
95
27
26
23
15
17
12
20
20
45
4
92
28
89
52
82
44
28
72
75
29
23
66
66
52
16
55
0
89
70
19
63
23
97
7
1
49
70
30
64
22
91
22
91
24
19
91
89
72
30
45
11
58
31
93
49
59
67
57
21
14
2
86
7
66
24
4
17
89
87
74
48
73
40
6
43
92
9
61
33
50
93
78
44
82
62
2
95
44
97
97
32
88
63
94
44
65
96
30
82
66
5
4
92
14
49
89
1
14
96
51
54
7
55
59
70
8
47
65
43
4
39
30
83
74
55
72
66
73
87
73
22
91
77
36
78
44
25
31
79
83
51
86
83
57
31
27
30
35
66
22
96
73
97
96
54
22
35
70
6
17
11
16
7
84
5
90
5
93
14
52
33
77
87
39
11
63
21
73
34
41
42
9
38
88
26
79
74
22
34
79
39
53
51
83
90
5
43
63
87
30
97
79
91
16
55
2
93
51
91
67
39
16
73
41
82
6
4
98
9
12
17
86
5
13
61
95
47
40
12
89
14
18
4
0
98
32
43
66
75
55
38
63
15
25
45
22
25
98
63
79
71
90
65
35
46
60
33
63
10
22
85
38
3
28
67
2
36
49
86
55
79
37
52
71
79
70
98
59
55
65
22
21
30
94
67
70
43
90
43
48
50
14
44
13
33
12
22
29
52
8
93
68
1
66
22
82
67
88
79
98
8
73
79
65
45
66
63
70
44
22
10
63
36
57
33
36
91
80
43
65
66
38
27
42
24
95
82
36
17
25
57
55
48
79
31
28
72
40
93
21
5
61
41
25
56
38
91
63
49
61
0
48
82
40
39
45
61
74
17
72
38
81
65
58
65
14
96
30
72
13
39
17
72
4
83
22
31
79
49
54
63
54
82
96
42
22
2
50
65
80
94
31
19
74
70
79
42
28
49
33
54
63
42
74
98
75
40
17
82
47
58
43
36
63
84
66
57
89
76
61
78
52
2
45
23
61
44
13
9
21
19
74
9
75
41
4
29
89
24
66
40
33
10
27
24
4
45
17
39
48
88
11
31
33
56
4
79
16
30
31
43
64
5
13
86
28
93
83
11
87
91
25
10
81
45
36
35
56
49
61
66
79
49
59
8
38
17
72
5
48
66
29
52
63
78
60
77
73
55
96
95
29
47
39
35
67
54
98
60
29
42
43
1
95
40
0
41
45
8
84
90
90
95
27
48
52
8
3
32
81
74
40
4
97
79
79
91
21
21
86
70
80
54
63
28
2
12
13
67
98
41
13
14
74
87
72
46
72
49
13
94
55
31
26
89
80
45
36
36
39
16
44
74
68
73
34
50
97
57
63
40
92
33
60
91
41
87
4
34
16
96
14
98
52
42
93
73
43
17
38
28
97
9
7
52
28
96
86
83
39
29
96
71
7
63
66
74
30
73
67
2
75
31
31
13
39
2
95
0
42
49
91
55
49
55
0
54
43
69
97
34
91
65
96
26
84
97
56
92
70
14
4
61
34
43
89
56
60
61
27
21
82
43
87
32
61
89
9
11
98
91
97
69
68
45
70
19
53
9
25
30
79
23
94
19
56
56
14
13
11
66
21
81
48
70
97
88
49
42
15
38
14
65
93
19
26
41
79
92
96
44
93
98
17
26
28
18
39
4
13
57
77
63
27
11
67
61
24
45
25
50
26
52
82
84
67
16
30
55
22
69
17
30
83
48
52
16
56
94
77
40
92
5
62
83
14
9
52
26
50
79
21
45
16
96
52
77
43
86
0
70
10
57
31
5
65
4
46
73
63
38
72
40
28
81
19
70
21
19
36
40
58
1
22
79
7
47
61
48
23
30
95
22
34
11
36
97
49
26
52
49
48
89
98
57
35
14
59
82
40
54
67
18
40
43
61
51
35
30
9
9
22
41
37
40
39
23
51
78
48
21
92
51
22
23
4
9
8
80
56
98
45
42
35
42
98
49
79
9
3
52
4
55
95
95
86
62
56
61
53
14
83
15
70
24
2
4
16
4
92
4
20
32
70
95
53
40
75
36
40
36
66
72
10
48
75
21
40
77
70
11
51
21
89
45
41
40
74
22
96
52
65
55
49
55
48
75
25
97
87
30
45
12
72
21
41
36
0
25
29
46
3
80
60
74
61
27
5
95
79
27
93
46
87
40
71
24
71
3
54
5
55
50
21
84
17
92
96
73
89
30
5
0
43
35
30
72
66
4
74
36
43
86
7
52
66
43
4
44
36
38
70
97
55
17
63
64
32
52
77
39
2
47
29
15
96
2
44
28
0
65
63
42
84
22
59
24
28
50
75
61
39
63
68
86
11
31
63
31
36
4
39
34
16
31
34
21
28
1
38
2
24
52
51
79
53
30
55
14
91
41
82
83
49
21
72
22
1
20
48
19
58
38
91
30
4
49
16
65
86
58
61
30
55
65
94
98
55
43
53
56
44
20
28
50
27
71
57
82
44
56
14
25
6
8
33
42
52
0
28
85
30
39
47
77
82
48
16
86
30
48
77
56
16
33
52
41
39
50
52
30
79
53
38
45
86
40
1
41
98
34
26
53
40
65
66
91
89
43
57
73
22
76
74
95
54
53
20
82
9
53
58
73
55
2
34
56
10
11
45
92
58
42
63
63
46
44
28
26
18
44
79
12
40
21
1
21
98
61
28
39
61
13
55
16
82
10
4
13
54
86
0
36
75
36
38
96
57
12
29
86
43
61
97
75
23
80
43
66
96
50
60
77
93
58
14
64
86
21
33
15
96
61
1
79
82
58
88
13
95
36
96
18
88
90
62
98
4
36
40
87
86
15
52
49
97
30
93
70
66
85
54
4
78
22
16
48
95
87
26
30
83
93
96
43
38
57
40
18
39
58
31
7
54
34
91
70
54
52
92
16
64
27
56
43
77
52
21
59
16
77
16
74
61
42
42
11
44
64
18
81
1
17
49
97
80
18
19
58
36
35
97
52
47
31
87
15
87
15
63
22
43
21
98
6
57
55
16
73
22
43
39
63
61
71
48
24
31
98
54
47
48
11
57
64
37
67
14
49
79
52
30
22
42
94
91
66
5
63
80
39
9
97
54
16
35
13
25
72
12
84
65
95
6
89
55
31
66
22
24
35
35
86
67
39
61
61
60
34
87
77
28
47
86
5
56
11
2
26
66
68
22
22
85
91
48
54
9
82
52
20
14
64
98
82
58
67
5
57
44
61
28
22
39
90
35
33
26
21
9
45
5
95
36
55
91
43
1
89
64
74
49
34
17
64
12
53
43
33
27
11
82
26
63
66
4
44
52
83
2
85
95
36
26
10
39
98
22
17
13
59
41
37
95
52
61
4
4
81
95
16
10
51
76
83
50
48
21
34
90
96
92
82
12
22
62
35
52
27
3
60
92
65
88
82
2
20
38
26
45
70
10
74
82
56
67
92
91
28
44
22
35
34
90
28
63
71
94
27
5
55
31
31
7
45
32
55
28
30
27
86
43
86
28
95
14
98
92
14
95
3
38
85
49
93
55
37
87
4
21
61
16
92
3
69
64
83
3
21
90
25
48
69
48
66
70
38
87
34
31
57
64
30
37
2
41
70
52
17
4
22
73
11
18
43
48
92
52
14
5
66
54
98
64
23
21
93
55
70
52
13
35
55
63
21
65
21
66
4
85
79
96
65
61
90
23
91
27
34
55
28
4
79
48
14
77
73
92
66
13
40
3
39
42
55
65
97
72
79
71
31
2
66
52
90
52
42
40
10
54
35
52
22
64
35
72
31
21
4
42
62
50
14
56
89
79
44
79
45
9
21
58
91
82
20
17
43
4
87
97
48
52
16
98
31
42
44
73
45
61
31
65
84
10
97
34
22
66
72
54
5
39
86
87
49
30
13
5
14
88
31
65
21
83
10
64
96
55
9
59
73
75
20
51
93
48
9
9
21
36
90
72
49
82
51
36
16
28
80
79
38
35
95
21
91
82
83
39
95
17
27
91
41
86
13
78
43
98
66
30
85
9
16
31
64
14
42
2
97
36
23
63
11
38
27
96
57
84
44
57
55
95
74
20
52
64
95
59
9
75
45
22
81
73
46
34
53
74
40
43
76
10
88
73
21
39
53
87
17
91
29
11
28
84
26
14
73
35
42
76
28
38
47
39
13
67
59
77
98
68
35
45
54
61
1
48
61
72
66
61
28
92
74
70
65
95
76
79
56
52
54
35
57
84
39
14
2
10
93
81
25
13
17
34
67
1
13
95
13
40
68
65
48
89
34
29
92
42
89
16
88
55
18
5
21
1
90
2
32
84
38
43
52
86
65
17
21
61
97
96
41
14
21
14
54
61
23
51
2
21
91
79
9
76
96
61
58
59
97
39
75
21
58
39
61
79
25
62
81
22
31
13
69
47
45
84
72
42
65
79
45
61
47
7
42
62
92
11
91
49
91
38
17
24
35
5
94
39
81
8
61
16
89
89
32
76
63
69
9
52
64
62
9
16
5
59
94
42
77
31
21
81
64
70
70
78
13
34
84
21
72
95
39
32
30
56
90
56
41
65
79
33
42
66
5
84
40
98
27
75
36
34
65
24
96
40
35
43
73
92
91
62
61
52
26
90
34
21
70
49
25
90
9
54
48
5
7
23
45
65
36
54
35
91
62
98
55
55
64
71
74
49
16
67
83
38
39
21
60
59
70
84
91
44
9
91
24
11
28
14
4
74
96
30
22
12
84
48
86
57
2
53
49
87
89
35
1
55
32
4
91
62
88
64
74
58
96
10
49
16
2
44
86
56
9
55
55
48
36
13
25
17
95
49
25
72
32
14
87
58
96
95
21
49
95
74
19
30
28
43
42
15
92
26
84
74
72
41
14
21
73
66
38
38
65
37
82
87
36
52
55
79
1
22
98
30
44
13
95
97
95
9
85
51
30
0
64
27
25
91
71
65
62
9
82
55
67
87
68
65
38
0
77
65
13
48
11
7
4
42
91
87
4
63
89
98
12
30
52
26
65
1
95
28
96
18
9
70
98
0
14
74
42
17
91
56
89
40
40
14
31
14
30
95
38
96
81
93
49
14
1
10
63
44
66
55
36
17
17
36
95
54
93
96
78
34
87
26
41
95
29
68
23
57
98
54
4
85
4
4
17
10
17
63
52
59
98
1
52
5
67
28
26
54
91
55
30
50
96
89
65
49
39
22
13
48
90
73
59
85
60
98
2
78
39
97
65
69
79
75
87
82
23
43
76
93
4
10
9
42
87
28
16
76
68
14
80
96
52
28
93
84
77
80
77
96
87
78
61
93
64
79
72
5
21
79
97
33
13
30
89
10
6
12
62
17
84
49
14
98
65
60
9
51
95
6
2
9
72
85
98
21
40
15
51
70
91
78
84
26
58
79
53
75
16
79
21
67
17
17
56
80
98
13
26
0
4
68
54
5
64
79
90
35
72
13
6
85
56
83
91
61
35
89
45
55
90
48
70
74
62
14
71
21
21
20
14
41
76
9
66
26
2
4
93
0
55
53
72
79
34
63
72
82
95
70
72
26
12
28
94
82
19
70
82
30
89
97
70
18
95
8
63
83
1
1
49
1
14
95
13
82
70
48
89
73
95
98
83
3
17
34
56
72
66
83
55
24
80
38
47
31
61
72
80
58
49
53
43
9
84
36
86
54
11
66
42
67
30
64
74
51
64
32
65
1
50
86
14
53
95
41
64
89
21
13
5
85
12
81
38
93
37
35
84
55
79
55
1
63
1
83
96
65
2
90
30
82
0
49
22
87
84
39
30
40
76
61
73
26
77
84
44
4
31
93
28
84
77
74
89
36
3
30
20
63
32
49
14
97
77
94
66
86
8
52
2
35
12
9
72
9
73
79
43
52
4
21
21
22
88
45
39
13
54
75
10
36
97
39
57
80
13
49
83
66
61
91
44
33
2
1
11
8
75
87
38
30
53
69
61
17
15
94
13
87
98
52
34
9
95
63
73
0
16
30
40
52
28
72
55
35
36
15
45
95
45
49
55
5
2
29
82
70
81
88
1
13
30
35
56
30
91
41
58
76
0
3
61
49
61
21
13
44
48
45
13
4
73
41
44
9
90
91
22
83
54
89
12
44
42
78
60
63
96
90
84
79
91
14
3
25
87
72
87
70
12
44
14
97
85
39
56
55
57
80
57
28
65
65
44
55
77
14
76
20
66
91
24
13
85
42
97
72
8
93
25
16
90
8
2
93
9
96
39
66
70
39
96
95
9
63
19
67
20
78
45
23
92
75
92
82
36
63
73
4
55
65
37
16
89
63
48
95
21
5
95
29
53
81
87
90
44
40
48
48
92
38
97
45
43
59
91
75
65
57
12
66
95
43
96
16
28
17
97
64
50
82
79
36
21
86
45
13
86
79
52
45
42
49
39
91
10
56
86
13
45
27
74
52
90
89
29
19
22
79
96
36
63
43
14
13
92
82
25
93
37
86
52
98
25
11
17
64
91
32
88
52
46
57
89
55
94
95
95
22
49
56
14
9
61
65
32
43
32
59
35
18
17
66
16
48
51
87
67
66
45
18
96
62
66
34
31
28
27
40
96
21
93
48
55
91
23
94
9
49
47
10
48
40
84
7
5
77
95
19
54
86
35
98
67
83
81
14
2
35
72
86
14
41
77
40
42
90
37
79
63
37
59
61
55
29
95
45
16
45
33
77
55
52
98
68
4
46
97
70
98
16
92
26
79
35
13
98
91
12
30
83
86
40
28
52
49
34
42
37
46
46
22
39
28
30
15
36
29
58