0.67273533
00:00:53.43
2445
1894
2808
3835
3294
3611
4587
919
3289
4310
630
919
4628
2602
891
1231
4306
3350
4403
1906
4587
781
53
781
1231
1957
2095
383
4859
1957
4013
568
1322
2095
1487
3685
1572
891
2125
1250
2012
723
4648
3294
4013
4310
1894
3253
51
3835
2602
2558
2602
4648
919
1231
781
693
4013
2620
3289
1906
3734
3611
3825
875
2012
2279
3825
3835
47
2620
2395
2151
919
4648
2151
1487
4859
4648
1894
891
4587
1250
4001
2144
1957
4587
676
3585
2395
3484
2279
4001
159
459
3734
4013
4192
2012
4439
2388
3825
630
1957
1250
4981
2151
1376
4013
3350
2012
4587
51
4817
3611
3782
159
1643
4013
2279
4587
2170
1148
3782
2705
2028
1208
2705
3484
2395
4820
53
1148
3484
3585
3611
3294
891
3685
3708
3557
4817
2558
2611
3825
4981
4719
4192
2151
4013
875
2151
4859
3289
4719
803
891
3289
4859
4820
1148
3912
781
919
196
4628
2675
2558
3350
2012
4310
47
2611
781
676
1322
891
47
2395
4648
2144
3806
1966
4859
4013
630
459
3886
1322
3557
4013
159
3253
2558
2170
4981
2279
4628
2620
4893
852
4306
2808
1376
875
4439
4192
1231
3912
2028
3585
3350
676
4013
1894
1148
630
875
2395
891
1231
919
4403
676
2012
4310
4310
1250
159
4439
2144
4628
1208
3348
3734
53
4859
4648
383
1085
4648
4628
2012
1273
3912
3782
4306
1906
3289
4001
919
53
2714
4817
3734
2012
693
461
2620
1148
3835
2620
2388
2146
1376
4587
3348
3825
2028
919
53
568
4310
1957
4981
2012
51
4820
4628
47
461
2558
1231
3835
1487
2461
3253
3350
568
4719
1273
4628
3239
4981
2714
4859
4648
2170
3912
3912
2012
2602
3734
2388
1250
1231
4013
2170
1273
3708
3825
2723
4820
2279
459
2705
1957
919
2620
4587
1322
2602
3912
919
3557
3835
3336
4013
53
2012
2170
3912
1894
2151
2170
3708
4628
3294
4587
2388
3585
2611
2095
4403
781
1487
891
4859
919
4893
4
2461
3557
3484
2279
3782
891
568
459
3734
2705
3611
3239
3734
4719
4719
3782
4587
4403
4
3289
4310
3196
112
4981
53
1273
53
3912
159
2388
2620
3708
2714
4587
3336
2395
1368
2151
4648
630
2602
4903
4648
3685
1208
781
3585
781
3350
4310
919
4001
3734
3336
2675
4310
4013
4859
2388
159
112
1231
3484
3835
919
2714
2095
1273
803
3336
4628
4
461
461
4820
4817
2144
1848
3557
2620
3484
3350
2395
2388
4306
3685
4013
676
4820
4820
3835
891
1250
3348
3585
4403
693
4893
4945
919
3835
1487
3082
2714
1966
891
786
112
2095
2675
53
3484
112
2012
2144
3660
875
3835
3782
1643
4859
4820
3835
159
2151
53
3294
3685
4719
53
3685
4013
2558
3806
2602
2611
3484
3082
4648
4403
3348
4648
693
723
2144
1643
2146
2558
3294
1643
3912
2146
2395
2012
3585
3660
786
3835
53
1273
47
4
2279
3484
3734
1957
3348
3782
723
1957
2602
3685
676
159
4648
1643
3912
1848
1894
3350
159
1643
3806
4192
919
3557
3825
53
51
2170
1643
3660
2146
568
4981
630
1894
196
1231
2602
568
1643
1085
4648
3350
3912
781
4719
4820
159
875
47
875
2602
4859
4648
1643
3348
2620
1273
3734
4306
2602
676
1894
2611
3484
3734
4439
4013
3350
196
803
2558
803
2388
461
1250
1250
1848
2012
630
852
2144
2012
1966
2714
2675
2125
2445
53
2170
2012
4859
53
3350
3350
3611
112
3835
2611
1208
1957
112
4013
196
1273
875
3289
112
3708
2602
47
2620
1487
1208
1231
2723
2146
2028
1643
4439
2095
1368
159
2675
3348
3585
4820
4439
3806
1376
676
2675
1643
159
723
4719
781
2675
875
4719
3253
2170
4628
2675
1966
4628
1148
3348
2388
2028
2395
919
2146
3685
2602
1957
4587
1906
1894
3825
786
459
4628
4001
53
3782
4310
568
3350
1966
3912
2908
2028
1231
196
4893
1368
4
1208
2611
2144
4310
1085
2602
159
1231
568
1231
2445
919
919
919
2144
4587
3886
2388
3782
3350
3294
53
4587
2705
919
1966
568
3685
3734
2461
2279
1148
2675
4628
1966
3825
159
4648
891
4719
2012
2611
2170
4013
3685
1231
1487
2908
1250
2388
3806
2146
3734
3585
2620
3835
4310
4981
2388
2095
630
4439
53
2151
2558
1894
4439
4192
4192
3734
3685
383
1957
4403
3350
3734
4192
1957
2461
875
2279
919
112
4648
1643
891
4310
1906
4013
3685
630
4981
1848
4310
1250
3350
1643
4981
3336
919
568
4859
3685
2908
875
4820
2602
3585
1322
781
1894
2095
2714
1231
4439
2723
4719
4945
4628
4820
4628
47
3685
3835
4001
53
2170
2675
3685
1957
4310
919
3289
2461
3348
1273
3082
1643
2151
1250
159
1487
3734
2808
875
3585
1894
4719
4013
3734
1572
3734
4192
3585
2395
1906
2611
4820
51
3348
3196
4719
630
2808
3912
4817
1487
196
4306
4628
1957
1957
4628
2388
919
3196
2144
630
4310
159
2125
2151
2125
3289
1085
786
2279
2144
2908
2395
919
4820
3825
2146
2151
1322
3782
2151
4310
3336
159
3825
1322
2144
2028
196
2151
3734
2461
4306
3685
2125
4013
3350
4403
4306
4403
2028
1273
4820
4587
4859
4859
3825
4001
1368
2395
568
159
1487
1906
1848
919
3336
1894
4719
159
4981
2388
3708
2146
803
2808
1208
3708
3886
3557
4820
786
1906
4628
2395
1957
3886
4859
3350
2151
47
1894
1487
693
3336
1085
676
383
4587
2095
3806
196
3825
3835
2620
1643
786
2611
47
53
3289
3835
3611
2170
53
3348
2602
4859
3660
2395
47
4648
4628
2675
919
2611
2620
4001
1085
1231
4945
4192
1906
1894
4001
2146
919
196
159
891
568
2461
1572
4001
4310
3484
3196
47
875
3708
4587
4981
3484
4013
1572
4859
159
1966
383
3782
159
1957
875
2028
1368
2151
2675
4945
3196
112
803
3782
4013
1148
47
3825
2395
3484
3734
781
1208
3912
2611
2558
4403
1966
1250
2808
3734
1250
3585
3611
3348
2558
781
4587
3350
803
3825
2170
3611
4403
383
47
3886
1848
2151
3734
47
1894
2908
781
852
3611
891
891
383
4310
2723
4013
3835
568
3886
2012
3782
3082
3289
4
676
2146
2908
2395
2602
803
2558
2144
2144
3886
875
3557
1273
891
630
2908
630
2146
3912
3660
3734
2395
2146
4001
2144
803
4893
3289
3196
2611
3350
781
159
2388
3350
1572
723
693
1487
2705
159
3611
803
1957
891
2388
4981
2146
4820
4403
3912
1643
3557
2714
3734
4439
875
2611
781
2558
1250
2144
2808
803
693
2028
2095
2611
2388
2461
2388
919
781
3484
3912
3289
2279
53
4648
919
3336
803
2705
4439
919
4013
3253
4628
4192
4013
2395
3734
1376
3734
4013
919
3585
4893
630
1322
891
4859
1957
4859
875
3196
2611
196
112
2558
2675
3348
875
47
2445
1966
4403
461
2151
2395
3685
1487
2620
3239
53
3685
2461
3825
3585
630
3348
196
1322
3336
568
2675
3294
630
630
4648
53
781
3912
4192
568
4013
2908
2558
3660
2602
781
2012
4893
3912
4013
3734
875
3825
3348
1643
2808
159
4001
159
3585
676
2146
3557
676
3585
1273
2388
3912
4587
3196
3336
159
875
3611
2012
781
383
2144
3708
2602
3350
1208
159
3835
112
1487
781
630
4
2151
3886
2144
3886
4719
4013
3557
1966
1966
4859
3350
4192
4013
676
3835
1957
4648
1148
2620
4403
1250
4001
4628
2151
4306
4648
1894
2395
459
4719
2808
891
4310
4628
53
2095
4859
630
1643
3348
1231
1643
4306
196
3585
3685
852
4859
781
630
781
196
4817
891
891
1085
53
568
1906
3835
3350
1957
2151
3289
4001
3289
676
53
3611
781
112
1894
3835
891
1957
1957
1957
3585
781
159
4013
3782
3825
2675
1906
3660
2095
2675
2170
568
1085
53
196
47
4
4719
786
3912
852
4903
3348
112
1250
723
2558
3350
4719
1231
676
4013
2602
459
3685
1250
1208
3336
2461
3685
3611
891
3912
4820
4403
2620
4981
2461
875
3611
2611
4981
1848
4648
3082
3082
53
1085
4001
2445
196
2388
693
2445
196
2602
112
2808
1148
3708
786
3239
2620
2723
1250
875
4893
2279
3350
2558
3253
875
2012
2028
891
2558
3912
3912
2395
3734
4439
1273
3685
3350
3734
3253
1487
2279
3082
3336
781
4192
3350
4403
4820
4648
3585
3350
2125
2095
3082
3289
723
3734
1322
2151
4001
159
3611
3350
2611
196
1273
1273
2675
852
2558
1643
3336
2558
3835
3734
2714
2461
4820
2675
1231
3336
2445
4310
1368
3348
4820
1085
3484
3348
3835
2144
1231
2012
4648
2620
4587
3734
1376
4648
1643
891
4648
3289
1957
1250
2388
3734
461
2028
4013
53
461
919
3912
1085
2388
196
159
3350
803
3611
4
1273
3611
3585
2151
3912
4648
2908
3585
4648
3835
53
159
383
4013
2012
53
2395
781
568
2012
2170
723
4587
2388
676
1906
3350
2461
3782
2144
4013
2144
112
459
1848
2144
4587
3239
4439
3557
3348
2028
4981
2144
459
4013
53
3912
1322
51
919
2012
4859
4859
919
3825
383
3782
4587
4013
4
3294
2558
3350
919
875
2144
3585
4648
919
4628
3685
4628
3196
1906
1148
3708
3289
47
1848
919
4719
159
47
2170
2144
875
159
630
2461
3708
568
3734
4310
4439
2279
2012
1894
919
2144
781
3835
1250
2558
4403
1966
4648
2461
3825
2611
919
4648
1906
2125
1894
4587
630
3289
3611
1572
4403
3585
2125
852
1643
891
852
3806
3557
2146
2151
1572
3886
4439
2279
2012
1085
1966
3825
2395
2611
568
2611
2461
1231
3289
4648
3912
2388
1231
4310
693
3912
112
2144
4648
3336
4648
461
1966
112
3239
4648
803
568
3685
2144
4192
459
47
3835
2602
1906
3734
2279
4648
4001
630
3734
1085
459
4013
2170
676
3350
3350
159
2611
3708
3734
461
112
3825
47
4648
1273
4628
1231
196
4945
852
4719
2395
3734
53
51
1273
4310
3289
919
1848
2095
1894
2461
919
1957
112
568
3350
3912
1848
3886
3912
3912
803
2705
2279
3806
159
919
3289
852
2279
2675
4903
4013
2279
3685
4859
3734
2279
2461
3825
2151
3348
786
4587
4310
2095
1572
1894
2144
891
781
2388
875
3825
4001
875
3685
4859
4306
4439
196
3611
2808
196
1250
1250
3734
1208
4648
1848
2611
1231
3734
4859
461
4719
3253
51
3350
2611
781
1848
3350
3782
4403
2125
2611
2808
4893
2151
1906
3835
461
3734
3782
2558
2908
1957
1894
3835
4403
919
4001
4719
3912
568
2461
3350
4013
4192
2675
4817
630
53
4628
1273
4310
2611
2151
919
4001
693
159
1250
4820
3835
3835
51
2028
196
1643
875
676
4310
781
2602
2395
875
2144
2602
2908
723
2144
1643
3660
891
875
2395
4310
2714
2714
53
1487
2388
1273
3336
4439
3912
3734
781
3782
3825
3239
159
1966
2714
53
4648
1376
3685
2908
3912
4820
1957
112
4648
459
2611
3912
4859
4859
2461
4310
4192
1957
3289
2808
2602
4192
196
1085
2170
4981
4719
1487
2620
3825
568
2388
2461
3484
2461
3348
2279
47
4903
3253
2675
2808
2146
3253
2723
2445
3835
2675
2388
1368
630
51
2723
3239
2723
2602
1643
53
3825
919
4981
3782
3734
159
3825
4013
2170
1487
4013
1148
2279
3708
781
3484
4310
4
3734
1572
53
4817
2151
2170
3289
3886
2558
4001
4001
53
1957
3350
159
3557
1085
1906
1231
4013
1848
1643
693
1572
4859
1085
4817
4817
891
3734
3294
1906
4403
3912
196
3708
1906
1894
2146
2808
693
159
159
3912
2461
3835
2095
4403
3660
852
53
693
3611
723
2558
4820
3660
2144
2125
3350
568
3350
568
4903
852
568
4403
1894
2144
891
3348
4192
47
2602
4820
2170
803
112
4648
781
4001
630
723
159
4903
3734
4859
4403
2723
875
1231
3782
3825
1208
1957
3294
4587
919
1273
3196
2602
2445
3708
196
51
4001
4013
3708
3611
3611
4893
4
53
676
3708
4310
2611
2144
196
159
4981
3734
3294
781
4820
4403
2558
781
2611
1487
4628
723
3835
2170
3660
2028
786
4310
1957
3734
2388
2144
2675
875
3835
1894
159
3782
2723
3782
3350
568
3557
3289
2445
3708
3484
47
2279
2675
1487
630
2675
112
47
1848
2144
2151
159
3350
2611
3782
3611
2611
4628
3350
2151
3886
1208
4859
3348
2461
723
383
4981
2395
4981
2602
781
3912
1273
3557
459
2388
3348
53
4648
3782
461
4719
3685
4587
3585
4
1643
2279
875
3350
461
2279
2388
4439
1487
2675
2395
4981
1957
53
2723
2144
3611
2279
568
2461
3835
4001
2602
1487
568
803
2388
2461
3782
4719
196
1208
3734
1250
4587
1085
4859
630
4981
2012
919
4013
786
3825
1085
4403
781
2908
3734
2095
1250
4893
1957
159
2146
3835
3585
53
1572
3484
891
3350
3484
1250
53
2279
3336
2395
4310
2151
3253
1376
1273
53
1966
3350
1322
3585
4306
1906
803
4001
3289
4820
630
3835
2279
1368
3912
3336
2279
3886
1250
2170
3835
4310
3350
4648
2144
676
803
3886
1957
2395
1957
1231
3196
781
3708
2012
1273
1085
3350
2808
3912
2028
2602
2705
2558
159
3350
196
803
4
2279
1250
2028
3782
2279
4310
891
159
53
3660
3708
3350
1966
53
3289
112
1273
3289
568
4945
1957
4310
159
3585
1848
3685
4903
4013
196
3289
4859
3484
112
3835
1231
2279
47
1906
1894
3825
2602
4648
4981
919
4719
3484
2620
3585
568
53
4820
919
2095
1231
196
3825
2388
891
919
875
4859
1894
3585
3239
4310
4192
4310
781
2611
2144
1894
2012
2388
4859
1894
3734
2675
3350
47
2279
4820
4628
53
4628
196
2611
3685
3350
4001
3196
4310
4945
676
47
852
875
3886
2279
3685
1906
4820
1273
4628
53
3685
875
1250
2146
3825
4859
196
786
4192
1957
3289
53
383
159
112
4403
1148
919
2445
3912
4001
891
693
919
3708
2012
4587
4648
852
875
4587
2146
4719
3734
2808
4403
4903
159
3825
1273
1966
1848
4903
3734
891
4859
2388
1231
4
3348
47
1273
2620
3734
2279
2461
2144
47
1957
2125
4981
2012
630
1906
2602
2675
3348
459
568
3484
1966
3239
891
3289
2151
2620
4820
919
159
2279
4820
2170
2028
3585
4859
1894
4981
1231
159
2808
3912
53
2445
1376
3557
3782
3835
2611
4013
2808
786
2388
2151
803
4628
1250
1376
2808
3685
1957
2558
4013
3825
2095
4719
891
2028
383
2395
2395
4013
1848
1231
3912
2028
4306
4893
3239
875
3825
3734
3611
2279
2279
568
4648
4648
630
3886
4945
4628
53
1906
4001
1085
2012
803
1250
4719
2012
781
875
459
1894
3253
1894
4820
2012
676
3835
47
1643
4403
4945
891
3289
3289
2388
2461
3708
875
2705
3782
461
3196
3611
112
53
3825
3294
1273
1376
568
4719
2723
3734
461
2461
2611
781
1250
3912
3685
2602
3782
1957
4859
3585
1906
3611
4587
723
3912
1906
2611
630
2675
2388
2808
2611
3336
723
53
159
875
2144
3782
803
4001
2146
47
47
2012
2388
4001
4013
2095
3685
4820
568
3835
4820
3835
2095
4628
1957
2714
3611
3806
568
4310
2611
1643
383
3611
2620
3294
3886
781
3734
919
461
1957
4403
2620
1376
919
1848
4648
196
1957
459
4893
919
4403
4587
3348
1250
568
3611
2714
2705
891
3886
852
4439
4587
3484
2144
2279
693
676
852
2620
2620
781
2012
3348
159
4648
3239
1231
3886
3611
4
4820
3685
1572
3585
781
4310
2602
852
1643
4719
2279
3082
2611
3708
2602
1250
4859
1643
1906
2908
2388
3734
2012
112
3557
53
1848
3348
803
919
4903
891
3484
3196
1643
3912
196
383
803
2461
2144
3835
3350
2714
4859
2144
2675
1231
3912
2461
2620
676
3557
3825
3294
4981
51
2675
781
4587
3912
1643
3196
2279
4648
891
2461
2611
3912
3557
1957
630
2095
3886
1966
112
47
4981
4310
3734
3253
3782
53
3585
1894
3825
1906
3239
852
3886
4648
852
3289
3825
4192
2558
3350
2279
723
786
919
1231
693
2144
4013
3350
3806
3348
3289
3611
4820
1643
3912
4820
1231
4403
1250
112
2151
781
2170
196
3825
4628
803
2908
3825
1957
919
1487
2151
2144
4587
4587
3350
4719
1368
3825
2388
693
1487
2445
1231
4648
3082
1487
3350
693
3734
4587
2028
4945
2620
1250
891
3685
2151
3685
1250
4820
2279
4587
4306
3912
3734
3835
4013
4013
630
51
2620
919
4439
781
2675
1572
3660
4903
4001
3734
2461
3734
3082
3734
4817
4893
3660
4013
4439
3825
2146
3289
3825
3289
159
1894
1966
1231
2146
4648
3825
3557
3660
3348
1487
4648
4403
891
4719
3825
875
3350
2611
3912
4310
3835
4820
3835
1231
2146
3484
3611
459
2144
891
1085
1894
4648
4719
3289
2095
3484
2808
3253
4306
4945
1376
875
919
1848
4981
4013
2279
1848
2602
3253
459
3825
3336
4903
3336
4306
4628
4981
3835
3196
4648
383
4859
3082
2611
3782
4403
2144
4981
2095
1957
2151
2144
1894
159
3734
875
3289
1957
630
723
3912
159
1957
3734
3708
3289
3585
3660
3611
3835
4859
53
2125
4893
3912
3557
2388
4001
786
2808
1572
2611
4001
3708
1906
2095
4310
53
3685
383
3350
2170
4903
1906
3196
2146
919
2388
53
2705
630
3348
47
53
47
3289
3734
2388
461
2461
47
3806
4648
1906
2558
3585
4001
4903
3912
1487
2279
4439
2144
3835
781
568
4719
196
2675
4820
4648
1894
3350
2558
4817
1231
852
4192
3585
568
2144
3734
4820
2461
4310
630
4192
919
2144
3835
4310
676
1250
3835
1957
4439
2620
3708
4817
1906
3196
1848
3336
112
196
3708
2620
781
3484
1208
2028
1273
3685
3912
2095
1906
1322
2144
2388
786
3557
196
1231
2461
630
2144
1231
3557
2620
2461
1273
3912
4719
2388
3196
3912
2144
2279
4439
3585
891
630
3825
2558
4719
1250
461
1643
4439
3825
4310
159
568
4403
1957
112
3782
3350
1148
875
4013
4628
4439
4817
196
4587
4439
4192
3782
3835
4001
461
2620
1966
3348
891
3082
4192
3685
53
53
3253
3708
1906
1643
2908
3708
2279
1085
3825
4648
2558
4648
1250
919
1906
2388
919
2012
3835
2461
196
1966
3734
2012
4628
630
2095
3289
2146
3289
3585
2611
112
1085
2808
630
1957
919
3611
2146
693
4945
1957
159
2611
3196
1376
3557
2602
4192
781
2125
630
4648
1273
1572
2611
919
2558
2279
196
4192
4
2012
4013
3289
2611
2908
4
2395
51
1250
3734
3289
3825
459
630
1572
3912
4820
3611
2144
2602
3660
159
1322
4628
3734
2445
3350
2461
1231
4013
2723
1643
2144
2675
2602
2611
1957
3585
112
3825
2908
2388
4192
47
723
4628
3806
568
3886
4628
3912
3082
2461
2125
1848
2620
1957
3557
3912
4648
2170
2461
3557
2461
875
919
3685
3685
3348
3708
2125
2908
3239
2558
4859
4820
3611
4945
2908
852
4192
3289
2151
3611
3912
786
47
2723
1572
459
1572
53
3350
1957
4648
1250
1208
112
3835
2461
3782
3350
1957
2388
53
919
3336
1231
4903
47
1250
4628
786
1231
3348
112
2125
1368
803
781
4820
2279
3912
2144
3350
3685
676
568
159
4981
53
4945
2388
4587
3611
4628
2461
2151
2012
3484
1894
1085
383
4310
4013
1208
4403
3835
47
159
3350
4903
2151
2151
630
803
2388
919
919
1376
3806
2723
3557
1906
786
630
4981
2620
3348
4001
1643
159
2705
3350
3350
1322
568
1231
4628
4587
196
3912
4817
781
2125
1250
196
4192
803
4981
112
3708
919
1906
3350
2388
2395
2151
1273
1643
4648
4587
891
4981
4013
3289
3835
568
1957
2558
4403
2125
875
4820
461
4859
2125
1085
4439
1957
1273
1848
3348
196
1643
53
159
3734
3708
3912
2675
4001
1322
4013
3289
1643
1966
2388
1250
3350
4859
2012
2170
4719
1368
4013
3912
919
3734
3734
3239
4013
2461
1966
1487
1148
2675
3196
1231
4648
461
2395
2611
3294
196
1085
3350
51
2151
3912
1848
4306
1376
3082
4310
4
196
4001
4817
3585
1643
891
3886
1966
875
196
2620
803
3082
568
1906
3708
3350
2151
461
2395
1906
53
3336
676
1848
4981
3835
47
47
723
891
4893
3835
1906
2144
1848
630
1957
630
1906
4013
781
1250
3294
781
4013
4306
3585
1322
4820
2602
3835
1368
459
3734
4648
919
2461
3294
4306
2714
2125
2675
4306
4648
2395
3484
1231
2714
1231
159
3886
3585
2723
461
47
112
2125
2144
1368
4001
4719
3660
3912
4859
3734
3350
3782
3348
2908
1957
1231
3082
3912
781
4981
159
4628
1250
2125
693
4648
2602
3835
3886
3912
2012
2151
3835
53
4648
4310
4648
159
3734
1322
2279
2611
4310
919
2395
693
568
1848
461
3835
1906
3734
2279
1231
781
3557
3782
3082
159
2012
3825
4306
2388
3685
3835
4310
3611
1894
2279
3336
47
4001
159
3912
2395
3912
3685
3825
1966
4628
2151
3912
3350
2125
2151
1894
47
4648
3734
3685
51
3196
781
2620
4403
2279
3708
2279
891
4587
4648
4192
568
196
4817
4859
1957
3734
459
3611
1231
3912
2461
1250
47
3685
3708
3782
891
919
47
4310
383
1966
3611
461
3350
159
1894
4628
4981
2388
630
2723
4820
2144
2012
4981
781
4
47
4310
4648
2675
1966
2125
2611
3835
4587
2170
3782
2146
4817
1487
2602
1231
4587
4587
4648
3289
2395
1894
4820
196
1487
3289
2461
1906
4945
2279
3585
2151
4013
4648
568
196
2675
2388
4013
4859
1848
568
4719
630
2012
2445
1957
1250
159
2144
1322
4587
2461
47
2125
781
3685
4001
3611
3289
693
53
3348
3585
1848
2611
112
383
3708
112
3835
4013
875
4817
3912
2125
4013
2170
4587
2146
891
3350
3239
3782
3253
3806
4439
875
3825
1957
1148
1966
4
3782
4648
2388
4439
459
4859
568
2808
3348
1906
383
1643
781
3782
2151
3685
1148
1906
3585
786
2388
2012
803
2170
3557
1250
2705
2151
891
4628
919
2558
1231
919
1894
159
919
1906
3082
875
3660
4310
4013
1148
2279
2620
3912
4628
2151
112
383
2388
781
4001
1966
2602
3239
3484
2012
4859
461
803
2558
2012
4013
2012
3825
2705
4310
1231
4403
3806
2808
3294
3685
4403
2461
4
3835
2908
4981
4648
2558
2395
4001
4893
383
3585
1957
3912
630
4310
4859
4648
919
3611
2611
4719
781
4648
781
4628
919
693
1487
4001
4648
568
2279
4587
1148
2611
919
4192
2170
3611
2388
2146
4648
4192
2388
919
2279
3484
51
3239
3350
47
2012
2714
786
891
383
1894
3685
4310
2279
891
919
786
723
3685
51
3294
3348
568
4820
568
3585
4859
4903
2151
4981
676
2388
3239
2028
919
2461
4403
4403
4893
1148
53
2714
4587
3912
2125
51
4587
2461
4981
2170
676
3685
3557
47
4648
3239
2125
3660
3886
2445
2012
3806
383
4648
1894
4013
2388
4893
2144
2620
2395
2620
4719
4310
2279
1273
3685
159
4981
383
3825
1250
1848
2146
3289
461
4310
4903
2611
3825
2151
1957
3782
3082
568
51
919
3912
1643
2395
3806
4648
3886
4820
3484
2395
4587
4628
1231
4981
723
693
891
4310
3289
4628
2151
568
51
1250
3835
3835
2125
3336
875
4820
2461
803
2675
3585
2388
4648
1376
2170
3886
383
568
3708
4587
568
4903
3348
1906
781
3734
875
2611
2144
3350
1085
383
1231
630
112
4001
4439
4820
459
4403
2151
2558
3835
4893
3734
568
51
4
2125
875
4192
2611
1966
4820
2461
4001
3708
630
2620
4587
3835
3835
1231
3289
2012
3484
4859
4013
4820
3484
1894
4893
781
459
4192
2611
4013
4648
4820
4013
875
852
2144
1906
1957
3685
1572
3082
1643
383
875
1894
4719
781
4648
3782
159
3585
3585
4310
1368
196
2723
3289
3912
3835
2279
2558
3350
1250
2144
3708
2012
4013
3611
4013
4587
1322
1487
2144
2095
2125
1848
3484
568
3336
4310
51
4587
196
3835
803
459
2705
4310
3585
2095
3557
4310
2012
1231
3348
723
3734
3685
568
459
3734
53
4403
1250
1085
2144
3912
1643
4310
2558
4013
1906
2611
2908
4587
3660
1250
2095
781
875
3685
4859
568
2620
4403
3825
3825
781
47
781
2144
4013
3585
2611
3239
2602
4820
781
2558
1966
53
3708
159
3835
3289
4859
4859
3289
4013
4628
2602
2611
2445
3806
459
1643
4719
4013
2808
2705
693
112
1250
4628
3734
1322
3734
3734
4859
1966
4859
53
3912
2170
1250
2558
3912
4981
803
1906
1643
4628
568
3835
2144
3196
2611
4403
4310
4820
2388
3350
2012
1231
2395
3782
2170
1322
1376
1250
4001
2445
2388
3611
4310
2714
2279
2146
2723
196
693
1957
1148
2602
3734
1966
4587
3685
2723
1906
2461
1148
2705
781
4945
2611
3912
1906
2602
383
3557
4945
3557
2611
459
2445
919
2602
2125
2279
1894
4981
4648
2279
3611
1273
2012
2144
4403
1966
1208
1085
51
4859
383
4820
781
1250
4310
1376
4587
1487
4013
1208
4001
4587
1894
1322
1250
4648
3825
1572
1487
3886
568
2445
383
1643
4192
2279
4439
2146
2461
2279
4648
803
4859
4859
2620
4945
1250
2012
1643
2095
3734
2705
4628
4981
2125
2279
2395
2151
1894
2012
1208
1322
2620
2675
568
919
2151
4403
891
3835
2395
1231
3660
875
51
781
3336
4648
4648
4817
781
4719
1148
4587
159
1643
4001
3734
2602
2095
3835
4439
1894
2279
461
53
1894
196
4013
3660
1894
1643
1085
1906
676
196
852
3886
196
2144
4403
3611
3886
2908
4013
2028
53
2675
2558
2558
4820
2558
781
4013
2012
196
3886
1231
4403
3782
4013
1250
2675
4306
4859
3806
2620
1894
159
2675
3835
4903
4945
3585
786
47
919
1894
4945
4192
4820
4439
1957
4587
383
3289
630
4628
3348
159
3685
803
2144
2125
875
1487
2125
4893
4310
2558
3196
630
781
4439
4013
4719
2125
4403
4648
2012
4981
1322
1085
3239
3585
2602
1368
2151
383
3835
2279
3835
2558
53
2558
2675
2611
4310
4001
2395
2144
196
2095
4820
3350
2723
383
2388
2144
3825
1148
919
3782
1643
3557
383
3708
3734
47
2602
1906
383
3557
875
4403
3289
4306
2144
4817
53
4893
4820
781
3611
3557
676
159
630
2028
3912
4001
2151
1085
4587
1894
4587
3782
2279
1957
3912
3734
4648
4648
3350
4
891
2388
2012
4628
2146
1966
3289
3611
2388
112
4945
2012
4820
2675
159
919
568
3708
1273
4001
2558
3348
2028
2146
459
3585
2144
4439
2714
919
4859
1572
676
2012
459
1250
3912
3806
4587
4013
53
3782
2095
2461
2144
3825
3912
1906
1894
3835
2151
3289
1572
891
4013
891
4820
3835
4981
4001
2808
196
3886
3239
4
2558
2012
2144
2151
2620
2144
568
4719
4192
1148
2095
4306
919
4820
919
4648
2012
3708
1231
891
2012
3734
3782
4719
3708
4587
2395
568
3350
2675
4628
4403
1085
3708
3685
2445
1376
53
2611
2395
383
2279
568
781
4306
3484
2723
1894
459
3660
1085
3708
781
3611
1322
2388
2620
3835
112
4945
112
1906
4310
4310
3708
3835
3557
781
1148
4817
159
568
4903
2012
1322
3685
3611
1894
2028
2602
3484
2461
2395
2028
4001
2602
4587
2611
2388
159
3886
2388
2611
4013
4587
53
852
803
4817
2445
891
693
3294
2146
3082
196
3289
53
3782
3734
3835
4310
1368
2461
4403
53
1231
4013
4648
4981
4013
2808
4439
3239
2723
2395
3708
3825
1231
1231
3294
3585
3611
891
1957
2170
568
2146
4310
112
1085
159
4013
1957
2611
2461
1906
4859
3611
2125
3196
196
2279
3289
4648
630
891
2012
630
2279
3912
891
3685
4820
2388
568
1966
2620
630
2012
891
1848
875
3912
2395
4403
2808
852
3350
2279
2611
3289
53
1957
781
2012
3082
196
3484
2602
1368
630
3912
1250
3484
3348
4859
2125
568
4893
4
3912
3253
112
4403
3835
676
4013
4013
3350
4820
2620
781
4587
919
4310
4893
1957
4893
2170
2151
2908
4859
159
2461
1231
1487
459
803
159
891
2908
2611
51
159
461
47
1906
1848
3825
2611
4648
2602
1231
3835
568
693
676
4587
4820
786
1966
1231
3825
383
723
4981
3557
4013
852
4628
630
2151
1250
803
2675
3239
781
4001
2151
1894
630
781
4719
3557
3825
3685
2395
1368
2279
53
1368
2170
919
3835
2808
4013
891
2461
891
1273
3557
3835
3912
1250
2705
3734
3253
3611
3886
1250
2461
3294
1643
2279
2151
2012
1250
568
1085
2144
2675
630
3825
1906
3912
4820
461
3685
1368
3253
3253
3350
2388
1906
2144
1572
3289
2808
4192