1000 9651 0
10 69 140 225 363 373 401 417 430 432 443 500 524 543 551 777 802 804 830 839 218 290 339 770 846 
59 106 208 212 316 318 347 426 510 762 
20 63 127 314 550 815 844 853 891 900 909 922 94 223 269 
10 46 88 96 134 140 179 215 294 336 344 358 373 392 435 442 538 584 612 716 749 753 830 888 933 961 984 114 206 364 644 662 844 941 
192 251 276 278 467 492 589 694 720 911 133 372 956 
73 155 210 226 267 273 276 335 402 467 472 485 607 646 720 813 189 507 535 912 939 
34 56 74 124 238 300 360 936 75 666 
102 168 174 249 284 311 328 337 371 406 434 548 594 626 641 673 745 766 852 945 176 279 363 572 646 777 
70 173 306 462 497 513 561 574 668 729 832 935 86 376 467 601 
4 1 41 167 401 597 614 802 805 888 915 191 824 
89 147 172 347 564 651 803 837 27 229 590 
90 97 135 201 313 412 619 824 856 899 177 311 500 
75 103 339 501 592 625 719 980 229 892 906 
96 100 179 390 432 500 685 777 917 351 440 674 
245 265 288 510 671 763 776 826 847 868 56 114 494 
20 63 127 550 645 891 900 922 286 786 
20 63 127 227 425 476 489 550 844 891 922 956 975 200 356 419 623 
41 46 69 96 100 118 134 140 167 215 301 336 353 358 363 373 390 430 432 443 500 584 612 614 680 685 716 741 749 753 791 805 818 913 946 984 34 196 242 332 488 900 966 970 986 997 
36 269 302 325 433 562 712 892 939 221 362 619 
17 3 16 63 77 85 127 207 227 232 310 314 329 334 351 382 383 385 425 476 488 489 504 550 645 657 736 770 815 827 844 853 891 900 909 922 956 976 26 140 255 272 280 335 338 724 754 982 
68 99 258 290 309 502 652 679 717 880 920 426 656 803 
99 290 405 552 633 679 717 799 880 134 145 884 
155 200 267 361 554 646 720 957 358 372 379 
25 59 106 151 208 212 219 231 305 318 577 617 681 767 775 779 803 181 361 456 671 890 
24 81 106 172 208 212 231 316 318 347 352 355 389 420 431 461 466 508 517 560 609 617 676 683 754 767 775 797 803 837 885 87 124 304 397 670 749 963 
216 345 362 444 540 590 718 833 910 938 977 998 20 132 767 983 
43 48 71 91 119 170 263 289 457 515 537 575 611 670 821 877 927 951 968 990 11 155 494 878 930 
206 260 269 433 608 661 712 722 788 939 964 966 317 419 519 
34 65 238 293 346 471 547 662 686 844 
57 236 346 393 404 428 471 549 623 653 662 734 838 904 929 936 224 309 545 551 
203 321 345 362 454 540 795 866 998 331 709 729 
86 109 142 182 223 255 453 483 995 193 231 297 623 
224 290 309 405 499 552 633 652 679 880 887 216 576 712 
29 7 56 60 126 150 159 189 205 211 220 221 236 239 240 293 303 322 346 360 377 428 447 471 514 623 647 699 743 812 854 858 870 876 904 929 18 410 589 672 722 723 740 820 864 
288 415 469 510 539 763 774 776 44 548 
19 40 117 129 163 206 260 269 302 325 407 429 437 546 553 562 569 598 661 666 710 712 722 740 746 788 860 892 907 908 939 942 966 58 105 197 448 690 806 832 885 943 
61 164 246 312 327 423 458 460 581 596 748 801 897 119 430 463 550 
43 143 376 408 752 825 944 968 874 904 
283 320 470 638 643 786 855 898 947 954 997 404 712 
36 87 206 269 325 507 546 569 712 857 860 156 779 
10 18 88 96 118 140 167 215 229 301 336 358 392 401 430 432 442 443 463 475 524 551 584 612 614 678 685 741 753 804 805 888 915 917 933 961 51 190 352 434 484 627 648 790 837 840 
99 290 552 652 679 717 880 887 904 966 
38 27 197 261 376 408 944 968 319 663 712 
52 217 247 283 320 366 638 643 692 702 786 855 898 35 211 218 454 
285 423 458 582 669 684 843 879 897 549 623 753 
18 4 229 301 336 500 551 830 933 152 598 711 
82 83 161 357 486 519 556 616 626 660 711 778 948 967 293 402 408 822 
27 71 170 261 340 408 419 493 580 610 727 771 821 962 968 990 384 555 666 838 974 
239 346 386 699 714 743 781 876 904 916 134 692 855 
129 302 350 598 722 792 892 907 88 180 
59 305 347 389 517 609 622 664 721 775 779 41 161 570 
44 217 366 456 470 480 643 692 786 952 997 58 360 895 
111 274 299 380 535 636 713 808 846 866 938 284 475 676 
123 168 234 369 371 397 486 519 605 634 648 658 673 766 816 584 783 908 
75 95 156 338 484 529 625 635 665 705 708 719 819 820 834 941 970 980 981 160 216 850 995 
34 7 65 124 126 150 189 236 238 295 322 377 428 471 514 623 653 662 696 699 743 812 876 936 15 94 335 368 718 880 920 
30 74 205 293 295 300 346 377 404 471 514 876 904 290 461 667 912 
67 130 216 230 362 533 590 846 890 52 36 588 
51 2 24 106 147 172 199 208 318 347 355 389 399 426 431 517 526 564 609 622 676 698 775 797 837 882 982 132 283 586 637 675 872 922 
34 189 292 293 377 471 478 585 623 699 743 812 822 904 376 508 635 943 
37 213 246 374 423 458 522 536 582 703 748 879 902 949 319 513 856 968 
197 263 398 439 727 821 990 994 350 417 
20 16 3 17 77 84 85 127 207 227 232 310 329 334 351 382 425 476 488 489 504 550 657 770 800 815 827 844 853 891 900 909 922 956 975 976 182 200 223 241 280 405 449 522 568 
71 105 119 143 154 197 340 408 409 493 512 575 675 677 700 771 821 944 962 990 149 417 652 657 
56 29 377 386 428 623 653 699 743 876 82 763 948 
187 394 403 410 455 545 565 628 640 667 687 730 755 780 850 872 934 308 358 643 649 835 
58 111 130 203 204 216 274 299 307 345 356 362 511 535 823 866 938 977 987 998 93 109 144 471 641 659 
21 99 258 290 405 502 516 552 563 591 633 652 679 717 751 756 799 880 887 117 203 554 707 765 
1 18 281 336 381 500 584 614 649 791 802 830 366 437 490 773 
9 149 173 257 306 448 513 561 572 663 668 729 787 794 832 935 167 200 246 439 
64 48 27 261 342 388 408 419 493 610 727 821 825 968 990 994 135 226 742 857 
191 259 347 420 461 542 564 617 789 803 882 885 141 273 393 
6 200 226 267 297 335 361 367 467 485 554 589 593 639 694 720 813 867 924 957 993 999 127 244 317 374 856 888 
57 7 124 211 239 293 295 300 303 346 360 377 447 514 531 585 647 699 732 743 747 773 812 838 851 876 904 936 985 109 121 214 306 359 423 789 846 
55 13 103 156 180 209 228 256 268 338 339 370 445 494 501 625 635 665 705 719 731 809 817 819 820 941 970 980 981 7 131 168 191 348 411 511 787 
151 191 231 318 461 466 523 542 767 885 204 501 637 
63 20 127 476 504 550 844 922 625 901 
120 192 200 226 253 267 335 402 492 554 720 869 999 130 262 290 357 
95 180 338 625 635 655 665 719 980 403 548 795 
187 394 414 438 490 495 565 632 706 707 831 934 88 647 784 
25 172 208 231 318 721 775 803 103 763 904 
47 115 168 337 411 434 446 548 644 672 673 816 852 945 65 167 341 782 
47 102 202 282 311 337 357 406 441 446 601 737 750 778 979 467 505 747 834 
63 85 127 550 657 770 815 844 853 900 922 490 837 
20 63 84 127 425 476 488 550 800 853 891 900 909 271 402 906 997 
32 132 142 144 165 177 182 183 214 255 271 279 343 440 482 520 527 599 604 630 686 762 772 790 906 914 926 931 943 950 995 996 9 222 288 289 392 805 902 907 
40 104 117 129 269 598 666 907 25 851 
41 4 96 140 301 353 463 521 597 614 915 971 80 50 820 
11 208 212 318 352 355 698 796 797 837 982 107 297 665 
12 135 241 286 412 619 659 824 127 269 
27 197 408 419 515 682 771 877 990 390 737 891 
290 317 405 552 652 679 728 880 259 808 
174 234 284 413 519 548 616 641 642 672 673 674 733 737 873 979 67 314 455 755 926 
116 131 357 371 411 519 616 634 641 660 673 697 737 766 852 979 56 3 390 835 924 
55 79 339 529 625 665 731 738 970 340 552 959 
14 4 41 18 88 118 301 336 344 358 401 432 442 443 500 524 584 612 614 685 830 961 183 550 559 578 609 920 
12 135 201 235 241 242 286 313 412 566 578 619 654 659 739 824 856 899 901 937 151 556 736 772 910 
200 276 335 589 593 889 993 999 293 522 
68 42 22 21 196 224 258 290 405 552 633 652 679 717 728 756 799 880 887 920 1000 121 140 298 527 658 840 
18 14 140 179 301 353 381 390 442 443 463 500 521 551 612 614 649 741 802 933 192 265 688 728 746 
216 356 362 380 454 481 511 590 695 846 910 977 748 853 860 968 
83 8 131 168 202 249 369 371 406 519 594 616 624 674 697 737 745 750 852 967 360 389 563 808 867 990 
13 75 156 198 209 228 268 339 365 445 484 557 592 625 665 719 809 820 941 970 81 446 499 676 757 774 
87 117 269 302 407 437 722 792 445 543 
64 398 515 771 825 951 968 994 36 269 
59 24 25 2 172 208 318 518 577 622 683 837 263 265 344 860 
132 144 184 255 277 279 287 483 520 530 613 723 848 861 884 906 914 943 995 89 126 260 548 739 
146 200 226 278 554 694 720 889 594 679 
32 112 121 132 133 223 264 277 343 440 491 599 604 621 943 950 960 995 67 74 459 898 934 
265 510 671 774 783 785 806 847 113 608 
67 53 160 204 216 345 362 384 444 481 590 688 846 890 919 987 229 669 909 
109 132 144 255 525 914 926 995 406 490 519 
121 157 184 287 483 520 604 871 926 943 996 110 674 901 
244 296 423 460 581 582 620 748 757 810 988 4 15 521 
82 161 169 243 337 371 406 446 548 615 626 697 711 873 402 440 643 922 
94 161 169 243 330 337 406 506 519 605 626 644 816 852 874 940 187 208 358 614 670 
36 104 87 163 260 269 302 437 546 553 562 569 666 689 712 746 860 862 908 928 939 942 966 68 238 346 357 496 709 
18 41 96 140 294 442 475 614 685 709 913 239 653 879 
64 27 197 289 342 376 398 408 419 457 498 580 682 727 798 821 877 886 944 968 972 990 994 37 399 563 843 934 
78 210 267 273 276 291 402 485 631 639 813 869 435 651 880 
109 113 132 157 165 177 255 324 453 527 532 583 599 686 772 848 884 906 926 943 996 99 74 208 469 805 938 
187 394 410 438 545 628 632 930 974 153 806 839 
54 168 519 559 602 726 745 750 852 940 945 316 843 
56 74 7 126 150 205 211 221 238 292 303 360 377 386 404 428 447 451 471 547 549 603 623 647 699 734 743 773 812 822 851 870 985 25 272 282 376 548 563 742 869 896 
128 187 280 298 438 490 509 544 923 291 472 524 
56 124 34 377 478 714 854 876 904 107 420 651 
20 63 85 3 84 17 16 77 207 227 310 314 329 334 351 382 476 488 489 504 550 645 657 736 770 815 827 844 853 891 900 909 922 956 976 73 90 293 371 532 612 638 684 775 
125 178 187 222 272 280 298 354 394 403 421 438 509 544 545 570 632 637 667 687 691 730 811 831 836 841 850 872 930 934 969 973 974 224 347 371 398 441 580 594 702 708 
87 50 36 163 206 260 269 302 349 429 433 562 661 689 712 939 253 439 622 
67 58 193 216 345 362 384 540 688 713 859 977 78 342 575 748 
94 102 161 337 446 626 634 852 75 552 716 
86 107 112 109 121 142 144 177 183 255 271 277 324 343 440 453 482 483 583 613 723 762 848 861 871 884 926 943 950 995 59 26 316 400 538 628 671 825 
109 277 287 379 567 583 848 950 5 731 
4 18 215 229 281 294 301 363 538 614 678 791 839 888 913 946 22 49 340 827 
97 90 12 235 286 412 566 619 659 824 899 71 544 
209 268 557 625 719 820 941 980 502 935 
200 273 278 291 335 467 468 492 554 589 720 449 583 758 
201 235 313 412 578 619 824 856 901 937 363 435 438 
173 185 257 326 513 668 690 729 389 813 855 
1 118 100 88 18 4 41 167 225 229 301 336 344 373 381 390 392 430 435 443 465 500 521 543 584 597 612 680 716 741 791 805 830 915 933 946 961 971 984 99 20 481 488 573 607 616 677 729 887 
265 359 555 579 763 774 776 784 806 847 863 925 72 194 974 
86 132 32 255 482 613 884 950 747 941 
38 64 342 408 419 493 894 962 972 164 609 765 827 
112 107 132 86 177 182 183 255 271 277 279 287 324 375 379 483 520 525 599 621 686 790 848 906 914 960 992 996 67 237 239 454 488 876 907 990 
155 200 210 297 335 361 472 554 769 22 362 667 
108 278 554 593 694 720 911 924 957 815 879 946 
11 59 231 305 389 466 564 676 683 775 803 179 624 826 
332 423 505 522 536 669 703 760 801 810 843 978 166 305 651 
70 173 185 257 306 473 513 561 573 574 663 668 729 794 832 835 881 64 741 820 823 879 
124 56 34 152 295 346 603 623 647 699 732 469 492 616 
76 24 237 318 347 518 564 676 789 97 818 831 
150 221 293 346 393 603 623 699 46 903 
169 234 249 369 413 615 634 737 122 394 
64 340 376 388 409 419 457 515 537 611 821 825 944 951 990 994 161 182 210 469 
23 145 6 226 251 278 335 361 367 607 720 27 261 
55 75 103 198 209 228 370 445 484 529 625 635 665 705 719 820 834 970 981 40 202 302 453 837 
113 121 379 483 491 604 613 686 426 737 
405 552 633 679 717 728 799 880 189 878 
34 211 393 428 451 549 696 781 858 876 904 273 284 738 
111 175 345 362 380 454 481 540 627 846 938 977 55 168 550 950 
131 116 115 47 168 181 282 311 315 319 330 337 357 519 594 672 766 816 852 873 874 945 979 51 154 334 360 404 894 
277 483 491 525 532 848 906 926 877 907 
117 36 129 206 269 429 553 569 792 892 907 964 844 876 953 
37 581 582 596 748 879 949 963 143 518 862 
121 86 177 182 183 214 255 271 277 287 324 343 440 483 520 532 686 848 884 906 950 983 992 995 328 356 625 675 724 764 984 
224 552 633 652 679 717 728 756 880 148 231 628 
18 10 41 140 229 301 331 336 344 353 358 373 417 430 443 463 500 521 524 597 614 709 716 753 791 805 917 984 82 70 467 550 618 684 859 981 
8 161 82 54 102 123 174 249 284 328 330 357 406 413 441 446 506 548 559 600 616 624 626 634 641 648 672 711 852 873 945 948 75 160 291 297 353 381 693 835 
153 116 115 174 234 249 266 319 330 441 506 519 576 616 624 634 644 648 745 750 816 852 979 293 314 336 355 651 
48 27 194 308 342 398 409 419 821 968 990 230 276 520 
206 260 269 302 407 429 569 907 966 729 758 842 
106 25 11 59 81 208 259 305 318 347 431 461 542 651 775 789 184 278 644 815 
70 139 149 9 185 250 257 306 326 395 452 497 503 513 572 574 663 668 690 725 729 768 794 832 835 881 394 474 612 710 862 877 916 
169 168 93 8 234 266 369 674 737 745 816 347 843 903 
160 230 274 307 333 384 977 998 301 915 
246 296 449 458 505 522 528 596 684 757 801 897 949 959 978 989 8 366 566 626 
165 132 121 86 144 183 214 255 279 287 324 343 418 440 453 483 520 527 532 567 621 630 723 744 762 884 906 914 926 943 950 995 12 306 369 395 402 414 579 584 887 
128 187 188 298 394 438 455 495 588 628 667 691 707 765 811 831 930 934 973 974 534 566 652 688 745 
100 4 14 336 358 390 538 597 614 791 933 946 147 739 748 
79 75 209 484 529 635 719 738 820 941 970 50 756 797 
161 202 319 330 348 371 519 601 624 626 634 644 672 673 674 745 816 852 940 979 24 233 592 606 939 956 
165 144 86 32 214 255 287 343 483 491 530 621 723 906 926 931 63 154 220 776 913 
177 165 86 132 144 184 223 255 287 379 453 482 491 613 772 861 914 926 995 996 96 512 695 739 974 
107 183 113 255 277 287 379 482 483 525 630 772 848 871 914 926 950 991 995 996 172 408 496 625 824 
139 149 173 306 326 571 574 663 668 729 794 842 881 195 337 634 996 
364 423 458 581 582 684 879 949 330 612 
66 125 178 128 80 122 190 222 272 280 298 394 410 414 438 455 459 490 509 544 570 618 628 632 656 687 691 706 755 765 831 836 841 850 872 912 930 969 973 974 116 489 505 604 652 710 816 887 929 
178 280 438 495 588 667 687 691 765 923 965 973 974 478 539 614 660 
56 34 60 211 239 293 323 377 404 428 471 514 623 647 653 743 781 838 858 876 904 905 936 985 6 158 284 440 571 654 894 
187 272 298 403 545 570 628 637 667 836 932 934 973 974 41 203 335 791 
76 72 208 259 318 347 368 389 517 518 564 676 796 837 10 75 591 897 
5 78 226 335 467 720 769 999 100 809 
130 345 454 540 695 846 859 977 32 912 927 
170 197 398 408 419 512 677 990 141 617 
244 703 757 760 801 807 879 902 185 455 
99 233 290 405 516 552 679 717 799 865 880 18 321 
194 64 43 91 119 62 342 376 398 408 409 419 493 512 580 677 798 821 886 972 990 36 478 609 663 776 979 
103 156 365 529 592 625 665 693 719 809 819 941 980 243 462 570 911 
59 305 347 352 389 399 426 518 651 767 837 882 885 209 477 535 623 
78 108 23 137 98 145 73 226 267 273 291 335 402 467 496 589 631 639 646 704 720 769 813 867 869 889 903 70 17 63 434 568 611 950 
97 12 138 241 286 654 824 856 899 937 540 729 844 
102 181 83 486 556 559 600 602 616 626 634 641 660 733 948 979 156 225 425 552 
31 67 204 307 333 345 362 454 535 627 636 688 846 866 910 977 68 190 312 704 979 
111 203 67 216 230 274 299 356 362 454 481 511 533 540 627 688 695 713 718 808 823 846 849 859 866 919 977 987 76 403 435 485 753 982 
57 34 124 221 238 386 393 471 603 714 734 812 851 876 904 415 635 641 816 
28 171 129 36 40 163 302 349 350 429 433 598 689 740 860 907 939 4 305 347 551 584 
20 127 63 382 488 550 815 844 891 922 956 975 452 786 873 
81 89 25 191 24 106 59 2 172 212 219 318 347 352 389 400 426 431 518 526 541 564 577 609 617 651 664 681 683 767 775 779 797 803 837 878 121 116 292 340 405 488 524 644 649 906 
156 75 180 136 103 228 365 529 625 635 693 705 708 817 980 199 299 500 651 
145 6 120 226 335 361 467 607 639 646 720 769 813 867 903 957 154 327 385 815 
189 34 124 159 74 221 239 240 293 451 471 478 547 623 699 44 719 767 
89 25 208 24 2 347 389 431 617 664 754 775 797 803 882 885 982 269 346 358 486 849 
61 246 312 423 449 582 757 845 586 852 
182 177 86 165 255 440 525 906 926 950 995 996 74 298 475 506 
134 4 18 41 500 614 685 805 304 314 799 
26 101 204 67 58 111 130 274 307 321 333 345 362 387 481 533 535 540 590 795 833 859 866 919 938 977 987 55 33 594 597 765 775 806 
52 44 638 643 702 829 855 947 290 331 935 
248 265 359 469 510 539 763 783 785 806 863 868 1 44 775 
24 208 352 400 479 508 541 564 626 647 
34 221 240 293 377 404 451 549 773 904 182 619 722 
211 124 34 205 220 152 292 293 303 322 323 346 360 377 386 393 404 471 647 699 743 854 858 904 19 482 668 685 717 737 970 
187 128 272 298 394 414 438 455 490 509 545 570 628 629 637 656 667 687 706 811 831 841 850 912 934 973 86 376 451 716 837 887 950 
183 32 109 264 396 483 520 604 621 630 884 926 950 3 63 311 465 
99 166 33 290 405 552 633 652 679 717 751 880 887 920 1000 128 30 661 
1 140 301 331 363 597 612 804 202 799 
192 73 210 108 200 78 6 155 253 278 297 335 361 467 485 496 554 593 607 631 639 720 813 867 869 889 71 342 586 702 821 952 968 
20 63 127 17 476 488 504 550 770 815 827 844 853 922 347 455 613 933 
75 103 156 209 256 338 339 365 529 557 625 635 693 708 719 738 809 820 834 970 981 405 471 597 643 671 966 
140 41 46 134 167 331 358 373 401 417 435 443 465 500 538 551 597 612 614 649 678 791 802 804 805 818 946 971 11 13 111 293 495 643 924 
204 58 175 362 380 533 590 846 910 919 977 170 479 500 
81 25 147 24 76 254 305 316 347 368 389 399 400 461 466 479 517 518 541 564 577 609 698 721 754 775 837 982 166 32 428 571 650 948 
20 63 488 504 550 815 844 891 616 805 957 
196 290 405 552 586 652 679 717 751 756 799 880 887 920 181 673 783 815 
93 174 169 153 54 284 602 616 674 737 761 336 564 947 
97 138 135 242 286 619 739 824 264 806 
34 30 56 238 471 603 743 858 419 830 
151 254 305 316 389 508 541 542 676 754 775 797 837 144 574 687 998 
7 205 236 124 56 29 322 377 514 603 905 117 574 831 
74 49 211 189 34 386 428 471 478 514 647 662 699 714 743 812 838 876 904 905 144 118 297 319 362 956 
211 34 220 360 386 743 904 929 557 745 
97 201 90 242 286 313 578 619 654 824 901 63 625 794 
241 235 97 412 619 659 739 824 18 962 
116 115 357 413 446 548 674 733 737 198 398 581 
195 114 246 460 528 581 596 701 760 801 840 879 73 404 408 450 
15 262 424 510 539 595 793 806 269 642 
37 213 244 61 176 285 296 364 374 423 458 460 505 522 581 582 596 669 684 701 748 757 760 801 845 879 978 989 70 361 478 602 719 987 
44 283 474 558 643 702 786 947 345 569 
218 510 539 724 735 763 774 863 398 752 
153 168 102 8 169 337 348 446 616 624 648 673 745 766 277 308 377 718 
173 306 497 513 574 668 729 835 935 255 545 762 
155 5 253 267 273 291 335 472 485 368 516 939 
283 341 558 638 643 786 829 864 898 401 516 933 
251 78 226 267 278 335 467 485 554 720 813 903 129 345 
231 237 389 400 461 508 526 882 473 529 
214 142 32 86 112 132 165 121 177 107 184 183 144 182 271 375 379 418 453 483 520 525 527 583 599 621 686 762 884 914 926 931 943 950 991 995 20 250 346 369 490 539 645 927 944 980 
75 228 268 338 370 484 529 625 809 980 283 344 512 
70 139 149 173 326 395 448 497 513 561 668 794 832 835 881 935 383 416 819 945 
99 21 68 290 309 405 552 591 679 717 751 799 880 887 920 450 460 789 793 
172 72 191 318 347 420 461 518 681 796 797 982 92 462 718 847 
28 36 117 171 129 349 350 437 507 569 712 860 928 939 966 107 745 940 965 
43 48 71 289 340 376 409 439 515 752 821 155 375 950 
245 510 539 595 606 763 893 925 78 470 
27 62 376 398 512 675 825 877 106 533 714 
223 109 271 440 483 604 613 630 884 906 950 995 235 436 786 
15 110 218 141 288 469 477 510 539 579 587 595 671 759 763 774 776 783 784 793 806 826 847 863 868 893 896 925 106 100 289 295 427 446 751 934 
174 169 330 605 660 711 778 852 948 508 830 832 
78 251 73 120 200 23 6 253 278 297 335 402 472 593 646 704 720 924 957 324 486 489 558 920 
75 256 103 136 501 625 693 970 712 717 850 
19 36 129 28 171 163 104 87 117 40 302 325 349 350 429 437 507 546 553 562 569 598 608 661 666 710 712 722 792 860 862 892 907 928 939 942 966 245 3 105 212 90 301 318 377 628 958 
327 460 522 701 801 845 879 959 530 761 
86 165 255 264 132 144 279 287 583 604 621 686 723 943 950 983 85 690 717 952 
190 222 187 128 403 410 459 490 544 628 667 780 912 934 973 974 20 124 498 895 
200 251 137 120 6 297 335 361 402 467 496 589 704 720 889 957 159 72 347 880 
204 53 175 216 67 299 307 333 345 454 481 540 636 808 866 631 720 991 
510 539 579 595 763 774 896 925 446 842 
6 120 5 98 297 402 694 999 170 478 
162 133 109 184 144 165 107 132 287 324 375 379 418 440 483 491 530 532 583 621 884 926 943 950 991 995 249 300 401 550 846 889 922 
108 226 253 5 137 146 155 267 335 361 367 402 467 639 694 720 867 903 172 293 463 830 912 
86 107 144 271 177 379 418 483 567 583 686 8 846 
125 187 188 128 298 490 545 706 811 836 850 912 934 955 974 63 20 884 
134 69 294 301 358 401 435 612 818 752 981 996 
83 161 315 519 568 605 615 726 737 124 617 751 
247 39 44 252 320 366 450 470 480 638 643 786 855 864 947 952 997 256 59 668 852 977 
93 234 168 8 330 348 506 519 548 626 634 641 660 672 711 726 766 778 816 873 940 948 979 159 53 189 667 696 932 
45 246 505 581 757 801 879 989 685 831 837 
97 201 241 135 235 90 313 578 619 654 659 739 824 16 523 533 759 
144 107 182 133 277 271 165 113 177 183 184 613 621 630 723 744 790 914 926 950 960 992 995 394 536 580 847 990 
35 15 265 469 510 539 555 606 774 776 783 785 814 86 313 513 580 
261 119 27 342 376 398 408 409 419 498 512 537 580 611 670 677 798 825 875 886 894 927 951 958 968 972 990 994 86 265 442 695 703 794 
42 99 68 224 258 233 22 92 21 33 196 309 317 405 464 499 502 516 552 563 586 591 633 652 679 717 728 751 756 799 865 880 883 887 920 1000 78 217 57 1 303 333 428 431 723 907 
200 137 251 120 335 361 720 867 125 168 
60 221 124 293 323 377 471 623 732 854 208 348 628 
74 211 221 29 60 57 34 220 189 152 292 303 377 404 428 447 451 471 549 623 662 773 781 876 895 904 905 916 169 47 278 229 127 98 730 760 
118 134 281 4 392 597 612 614 757 880 
57 74 150 56 300 323 377 386 428 447 451 478 549 585 699 822 265 307 402 762 990 
176 246 114 374 505 522 581 757 801 879 897 989 318 388 494 774 
73 276 145 267 273 226 467 496 589 694 720 769 813 869 889 911 957 89 32 239 168 973 
128 190 222 280 187 125 178 394 410 421 427 436 438 459 490 509 544 570 618 628 629 640 667 691 706 730 765 811 831 836 841 850 912 923 934 965 969 973 974 214 99 541 564 641 673 799 827 863 
53 67 204 274 345 444 540 846 209 504 637 
295 57 7 74 303 404 531 858 904 277 458 891 
96 167 225 281 100 140 18 46 134 88 41 336 344 353 363 373 390 417 443 463 475 500 538 543 584 685 716 741 805 818 830 888 915 917 946 175 269 519 552 566 613 634 967 1000 
206 36 117 104 171 50 129 269 19 325 350 407 437 507 546 553 562 598 608 666 689 710 712 722 740 792 860 862 907 908 928 939 156 406 659 777 808 855 911 934 988 
124 293 300 74 34 221 386 428 471 699 781 822 838 904 290 339 366 618 
364 423 460 596 701 748 757 879 897 25 215 398 
231 199 51 172 147 24 237 318 368 420 526 577 617 721 775 779 797 885 982 148 206 405 477 829 
70 185 173 250 149 9 326 448 462 473 497 503 513 561 571 572 573 574 663 668 729 768 787 794 835 842 935 74 177 307 320 377 843 864 
175 67 274 216 203 345 362 454 540 688 715 718 846 866 910 977 306 295 325 602 
170 398 409 419 610 700 894 944 968 249 66 837 
258 290 21 33 405 464 487 502 552 652 679 717 728 799 880 887 30 318 408 581 638 
20 63 127 314 476 550 891 922 433 660 719 
8 161 83 434 658 660 733 737 745 778 816 979 12 223 549 908 
213 37 374 534 582 669 684 760 801 879 978 988 203 454 483 993 
12 138 286 97 241 412 578 619 739 824 901 937 288 551 867 
20 127 310 3 329 383 476 488 489 504 550 815 900 909 956 169 93 215 715 
161 282 330 519 548 616 642 852 744 919 
231 2 237 25 318 355 399 526 622 132 123 891 
290 92 405 487 499 552 563 586 652 679 717 799 865 887 918 920 28 73 771 901 
191 151 305 89 24 25 208 259 316 59 81 76 2 106 172 347 355 368 389 420 431 518 542 617 698 767 775 797 803 837 878 882 982 269 296 309 381 596 722 798 934 950 
169 181 161 337 369 411 486 506 519 548 626 673 711 737 816 852 873 43 61 239 488 828 
39 44 283 341 450 456 470 638 643 786 855 864 947 954 997 306 419 922 
31 216 362 384 387 511 535 540 627 713 758 938 196 880 914 975 
238 221 56 34 377 404 428 471 478 585 623 734 743 876 904 339 706 813 
221 295 292 189 346 478 734 876 904 483 804 877 
177 277 121 132 144 165 527 532 583 613 744 906 991 267 405 438 667 
269 36 302 19 40 350 429 437 507 546 569 598 689 712 792 860 862 892 907 908 939 964 966 307 432 480 686 818 910 
257 173 139 306 185 452 462 473 513 561 571 668 729 768 794 835 554 614 763 778 841 
37 270 422 423 528 581 582 703 845 978 210 481 817 
8 168 506 519 559 568 624 634 674 766 979 165 628 
20 127 314 63 382 425 476 488 489 550 815 844 891 457 574 
181 116 315 284 266 168 161 169 348 434 506 519 556 559 576 616 624 634 641 697 745 761 766 778 873 874 979 186 336 686 734 776 842 
225 167 229 417 500 614 753 888 913 915 961 31 217 506 
148 449 522 536 581 760 807 843 879 959 18 409 711 
203 274 216 175 362 387 540 808 846 938 977 290 812 
20 127 63 550 815 844 900 922 161 441 
145 200 137 6 78 291 267 98 251 73 273 155 192 226 210 278 253 361 367 402 467 472 492 496 589 631 646 704 720 813 867 869 889 999 190 20 56 377 461 477 523 598 834 
18 4 41 167 140 69 96 179 301 46 344 390 401 463 465 685 749 753 791 804 805 818 830 839 913 915 933 984 234 330 169 540 661 873 900 960 
116 115 131 161 319 249 83 82 8 369 397 406 411 446 519 548 644 658 672 745 750 816 852 185 480 574 895 969 
256 79 75 228 55 592 625 635 705 719 941 970 20 376 489 990 
95 13 103 75 228 484 494 592 719 809 820 1 303 322 
64 154 261 48 419 439 512 821 875 951 968 134 208 95 
320 252 366 480 638 643 898 947 82 444 
119 289 71 170 197 143 376 388 398 419 512 515 575 580 610 677 825 886 962 968 972 990 994 130 226 722 732 852 921 
182 109 132 177 165 86 453 926 387 949 
96 336 140 4 301 167 358 390 500 614 680 709 741 749 753 915 961 256 106 904 940 999 
193 203 299 130 26 160 274 307 31 111 67 216 362 384 454 540 688 718 758 795 846 859 890 910 919 977 987 247 253 720 753 813 896 954 
74 30 34 49 57 323 150 221 152 29 360 377 386 404 471 478 547 549 623 647 662 696 743 747 812 822 851 929 936 255 212 117 469 694 713 819 998 
318 231 2 51 151 172 259 191 59 25 212 72 199 11 208 389 399 431 508 526 542 564 577 651 664 683 721 767 775 779 797 885 227 206 273 174 128 816 844 848 977 
181 284 330 249 519 616 658 940 292 75 
260 269 206 129 608 712 722 942 489 973 
269 260 206 302 325 50 553 569 598 792 860 939 62 618 871 
20 127 63 476 550 844 853 891 14 416 667 
199 25 89 219 208 526 754 797 41 505 
18 301 167 88 100 373 401 432 500 614 649 680 753 830 913 984 168 564 631 799 821 
128 394 427 490 495 544 618 706 831 850 934 503 634 906 
59 316 318 89 25 797 837 878 169 362 774 
204 101 67 362 444 454 511 540 846 866 890 910 938 977 17 165 409 619 
168 161 94 47 83 243 397 406 673 674 726 733 766 778 979 78 117 799 950 
344 18 41 96 179 167 4 281 229 417 430 500 551 612 614 685 805 888 913 915 984 212 116 66 23 532 772 
141 218 469 539 579 595 776 785 74 812 957 
221 74 346 34 124 240 7 377 393 603 743 870 916 52 102 161 722 
291 73 155 145 273 23 335 210 226 278 467 485 639 720 813 903 999 246 24 415 751 800 
203 204 356 111 26 101 160 216 230 67 321 333 307 345 31 130 58 384 387 444 511 540 590 695 713 718 758 833 846 849 890 910 919 977 987 998 19 355 239 145 404 418 623 637 754 982 
18 225 301 1 134 432 443 463 500 538 584 709 716 791 830 961 138 8 886 
246 186 304 458 505 581 748 801 845 989 4 450 822 
103 228 198 209 484 529 592 635 655 705 719 809 820 941 981 416 446 636 763 
52 44 283 341 450 643 742 855 898 947 954 997 176 303 69 
155 335 73 278 402 492 593 631 646 694 867 889 443 504 669 686 
191 305 231 318 399 431 466 479 517 564 651 683 775 803 837 882 251 56 582 
153 174 102 54 337 319 371 486 605 615 616 634 674 873 255 177 480 698 
156 256 75 484 494 625 635 655 719 809 970 981 630 664 911 
54 115 181 8 102 94 369 506 519 615 616 673 674 726 737 761 766 778 816 128 127 635 684 951 
469 539 579 595 776 783 785 925 5 23 922 
1 18 229 301 167 140 4 353 443 465 614 805 961 379 527 856 931 
246 296 312 61 582 748 757 760 801 879 73 700 822 
144 255 277 440 520 686 950 995 261 597 954 
342 38 263 289 119 43 154 197 261 398 408 409 419 493 512 580 610 611 670 675 677 821 825 877 894 944 951 990 124 9 60 338 222 663 774 
65 221 293 360 295 56 346 60 189 34 74 220 322 238 57 124 292 126 386 404 428 447 478 514 547 603 647 662 696 699 734 743 773 812 838 858 269 306 249 335 406 470 567 729 741 990 
497 513 574 668 729 794 832 835 936 981 
279 183 144 184 133 157 255 277 396 440 532 630 686 772 931 943 996 23 373 437 579 909 
230 53 160 101 384 387 758 808 846 866 938 555 723 926 
100 69 140 435 465 524 584 612 614 741 791 802 913 915 971 984 168 318 533 809 
20 207 127 63 329 488 550 815 891 909 922 956 505 509 929 
314 20 476 815 844 891 900 909 956 257 797 855 
345 111 130 380 175 362 321 454 636 48 738 883 
20 476 488 504 550 657 844 891 900 909 976 210 660 692 
49 240 377 65 346 221 239 205 303 124 295 428 547 549 603 647 743 876 904 454 671 779 872 1000 
362 380 333 321 216 481 636 987 998 343 783 815 
71 342 154 419 752 771 821 877 944 968 990 296 520 
212 199 208 237 254 347 231 318 191 25 59 51 147 420 426 466 542 560 577 651 664 681 683 698 721 754 796 982 139 102 471 549 695 861 897 
14 179 301 140 336 100 344 18 432 442 465 614 741 749 805 888 94 91 402 501 860 
460 505 534 596 757 801 843 897 434 687 
140 294 41 4 500 716 753 804 818 839 961 86 725 940 
360 205 159 152 30 221 471 623 904 985 72 674 689 
187 66 122 298 178 354 128 80 222 410 414 427 436 438 455 459 490 495 509 544 545 565 588 628 629 667 687 707 765 831 841 912 923 932 934 955 965 969 974 173 287 153 615 626 634 761 806 821 994 
173 257 462 561 572 668 729 835 842 177 546 675 
379 223 440 483 520 599 630 772 848 884 906 931 451 805 900 939 
357 54 337 406 486 519 711 737 778 852 25 598 876 
289 105 308 119 194 376 62 342 263 170 197 408 409 419 439 493 512 515 611 682 727 798 875 944 951 968 972 994 248 128 243 304 607 717 833 859 
347 199 368 59 231 316 560 617 651 676 683 796 878 119 488 565 712 
219 231 208 254 420 526 622 837 132 757 956 
353 336 96 10 41 1 281 229 435 463 500 597 709 791 888 915 933 277 252 853 941 964 
335 278 78 267 200 276 6 120 367 273 467 468 472 589 639 646 694 720 813 889 924 957 993 295 115 85 47 390 177 
66 128 272 190 490 570 667 912 79 204 705 
322 346 220 221 293 377 57 189 30 124 300 428 447 451 471 478 603 623 696 714 743 812 838 854 870 876 895 904 905 362 39 161 244 569 821 891 944 
290 99 68 92 309 22 258 224 233 196 158 33 317 464 487 499 502 516 552 563 586 591 633 652 679 751 756 782 799 865 880 883 887 918 920 1000 305 208 63 228 324 426 497 540 868 
357 8 102 337 397 83 168 116 115 446 519 568 576 594 673 674 726 745 778 979 302 377 112 457 550 947 
104 302 36 171 598 661 788 907 939 665 748 893 
289 197 376 119 43 143 64 91 194 71 48 398 38 409 439 457 493 498 512 537 575 610 670 675 677 682 700 771 798 821 877 927 944 951 958 962 968 972 990 244 184 309 47 500 604 616 672 899 
308 376 170 261 398 197 154 408 64 289 419 498 537 610 611 821 886 951 968 990 356 332 481 665 963 
394 66 187 298 122 272 438 637 667 836 934 34 564 
94 82 319 337 434 601 737 852 75 791 
97 242 313 138 12 90 135 566 578 619 654 659 739 824 899 937 620 682 849 995 
93 168 243 153 434 519 616 624 658 940 417 481 991 
222 80 394 187 490 628 656 667 765 831 841 973 177 587 803 
35 469 539 579 671 763 785 847 896 205 361 512 
469 510 539 555 579 595 671 735 763 776 784 785 814 847 863 868 351 365 257 465 884 
1 331 229 167 358 301 435 543 612 614 716 933 64 413 62 467 
279 277 177 255 453 532 583 621 686 871 884 950 362 704 717 
398 154 388 119 409 342 91 308 197 48 143 71 170 289 376 340 194 439 457 537 575 611 670 675 677 700 752 771 798 821 825 875 877 886 894 944 951 962 968 972 236 17 28 320 555 603 734 824 836 865 
305 400 389 259 72 25 318 426 526 560 754 775 779 797 837 982 126 520 639 706 816 
298 128 490 628 667 850 923 934 591 681 
327 534 703 748 757 801 810 879 487 573 
148 327 61 186 37 246 45 114 304 213 449 460 505 522 528 534 581 582 669 757 801 810 840 843 879 949 953 963 74 469 524 563 770 813 909 
245 469 510 539 555 587 595 671 724 774 784 785 806 863 868 719 766 845 972 
20 63 329 85 17 550 891 909 922 202 515 719 
208 420 389 199 59 2 523 526 617 837 405 157 21 
298 394 354 490 544 667 872 969 973 265 
30 293 404 65 189 124 34 303 377 322 386 295 239 159 56 447 471 549 603 623 647 662 699 734 743 822 895 905 290 231 434 476 809 821 
163 269 206 171 129 36 325 553 569 862 907 966 785 977 
167 358 1 18 140 41 463 475 538 614 678 888 37 545 673 
172 347 212 318 368 59 208 25 479 517 518 560 622 676 681 683 775 290 538 655 960 996 
353 14 18 41 390 363 1 96 584 597 709 741 933 325 510 596 857 
129 206 28 19 712 907 939 966 310 550 
8 311 330 411 413 82 519 556 601 602 616 634 642 673 711 745 778 852 940 967 41 428 200 391 453 
381 229 4 401 281 417 140 465 551 597 612 614 649 753 791 805 818 913 917 961 138 204 120 926 974 
394 298 490 755 765 831 841 973 264 774 
269 104 36 117 325 260 302 546 712 862 892 908 379 69 735 
394 178 80 122 188 298 125 128 222 187 410 490 544 618 640 667 706 765 780 836 841 912 934 955 965 974 138 324 520 781 796 945 971 
408 62 419 398 340 261 498 700 821 951 70 129 668 
277 379 396 165 264 86 177 375 109 132 214 453 525 530 567 583 621 686 744 884 914 926 995 996 14 115 189 665 736 846 
169 168 83 446 624 711 816 979 128 334 492 
100 4 118 390 41 96 612 649 777 818 839 984 289 512 769 993 
301 18 167 41 363 100 373 1 96 229 140 612 614 753 791 818 888 946 971 367 484 519 630 886 
299 356 26 362 111 715 758 833 846 910 919 938 998 341 544 577 653 
103 75 156 484 665 719 809 834 104 607 
249 337 83 115 243 168 131 441 406 82 506 556 605 616 641 658 660 673 674 778 940 365 265 275 103 468 795 
124 377 34 293 74 404 428 295 451 699 876 904 837 898 920 971 
70 306 257 513 663 668 729 794 842 881 935 36 548 
176 332 213 423 505 703 879 897 63 137 
366 283 320 474 638 643 702 742 786 855 947 997 244 364 258 688 
404 295 293 220 159 447 124 211 471 478 623 699 876 222 396 687 880 
326 173 473 571 668 729 794 935 207 793 
177 255 132 418 440 183 343 32 121 613 630 686 772 790 884 906 926 991 995 156 434 534 919 999 
160 203 101 193 345 274 307 31 204 384 356 481 533 535 688 713 758 808 823 849 890 910 977 987 144 386 44 312 612 769 
187 394 178 222 66 490 509 544 545 628 667 730 831 932 934 965 969 973 974 93 195 227 529 
320 52 470 643 692 702 786 947 24 995 
154 119 27 408 419 537 611 821 329 406 
364 246 37 186 61 45 176 460 534 596 669 684 748 757 840 897 949 959 963 989 300 490 568 933 
272 298 394 187 637 691 765 850 932 934 973 974 109 505 797 
114 391 37 270 458 304 244 423 246 534 596 669 684 757 801 845 949 953 963 258 479 621 785 
72 76 254 25 231 172 259 518 523 526 622 698 754 796 837 982 335 57 719 828 
395 9 306 326 561 668 729 835 198 259 
430 41 336 88 100 363 401 167 301 649 749 753 791 888 913 946 37 278 744 976 
309 290 405 591 652 679 865 887 483 612 
140 390 229 381 373 435 336 475 543 614 709 716 753 818 971 223 416 902 
76 368 389 147 231 25 517 541 683 721 767 775 878 583 602 847 892 
137 6 278 335 73 192 361 210 253 226 273 200 297 402 5 472 485 589 593 607 646 704 720 813 889 911 957 999 417 167 83 9 605 696 866 879 
402 137 589 646 694 720 867 993 446 801 
218 35 416 424 265 359 415 372 288 510 539 555 595 606 763 774 783 793 806 847 863 893 896 921 925 423 150 121 154 346 718 807 
52 320 456 39 283 480 638 643 692 855 947 377 262 621 
303 189 239 428 322 124 56 292 451 34 346 205 211 60 57 30 293 221 29 236 393 404 531 585 603 623 699 732 743 747 781 812 904 929 936 985 228 389 67 526 581 590 728 930 988 
335 145 402 267 6 467 251 607 631 720 813 867 889 903 999 125 666 713 918 
306 326 452 149 513 574 663 668 729 835 935 254 518 849 
450 247 480 638 643 702 786 898 173 610 699 
118 430 41 301 465 543 612 917 53 214 997 
20 127 77 383 329 63 85 385 227 310 351 17 314 488 489 550 815 827 844 853 891 900 909 922 975 428 480 603 604 652 743 776 
265 510 595 671 763 776 783 847 863 868 335 199 305 
451 346 323 211 377 126 295 60 239 322 404 547 623 647 699 714 838 188 246 276 197 967 
368 231 219 431 651 754 775 837 230 460 
283 470 341 52 474 638 643 742 786 855 898 947 952 954 337 325 476 369 
454 160 216 274 387 204 111 101 511 533 535 590 636 688 695 715 823 846 849 866 910 919 938 987 327 140 409 413 552 807 853 
183 132 86 184 142 483 914 943 221 640 830 
157 277 144 165 223 396 107 132 482 32 182 255 264 177 184 279 113 162 527 583 599 613 621 630 686 790 871 926 950 991 995 312 464 323 545 812 829 835 876 
365 55 180 370 103 156 339 445 256 494 529 592 625 635 655 665 705 719 738 809 820 941 970 41 443 603 733 944 
120 251 253 73 226 6 361 467 554 694 720 867 889 903 999 204 763 858 977 
319 54 369 47 202 397 519 674 761 979 267 212 716 
309 405 317 502 516 552 652 717 751 756 880 887 422 630 931 936 
20 63 127 314 476 227 382 232 207 85 385 329 504 550 736 770 800 815 827 844 853 900 922 976 319 144 208 140 399 18 799 
476 20 63 17 127 314 329 550 815 844 922 976 267 338 187 349 
394 421 125 272 354 80 298 222 414 455 436 403 187 438 427 280 509 544 545 570 618 628 632 637 640 667 687 707 730 836 841 872 912 934 955 965 969 974 112 84 69 458 255 491 511 526 708 871 
182 162 277 157 109 183 772 906 490 649 
78 335 137 5 367 593 646 769 150 441 
64 408 398 48 197 143 376 71 580 611 677 968 972 990 517 634 644 692 
339 484 75 370 501 529 625 655 705 719 731 817 27 296 15 
188 354 178 80 394 640 831 974 229 633 977 
335 200 226 273 297 639 646 694 184 117 
250 173 378 306 257 9 663 668 690 725 729 842 405 700 917 934 
408 119 409 439 289 821 944 990 272 662 
290 405 317 33 552 652 728 756 799 880 887 920 103 765 810 863 
358 363 1 215 353 69 301 331 229 401 100 392 167 96 18 344 14 46 140 538 543 551 597 612 614 678 680 741 749 753 802 804 805 915 946 984 408 230 209 12 540 564 737 848 
75 494 13 268 625 665 738 981 390 76 
405 21 68 309 290 487 552 652 679 717 880 887 136 870 881 983 
306 173 561 574 668 729 794 832 354 789 
20 63 314 488 77 232 127 227 385 550 657 770 815 844 853 891 900 909 922 956 367 299 548 870 917 
391 423 449 176 285 148 296 246 364 536 701 703 748 801 807 840 843 879 902 949 989 382 459 187 352 83 679 
328 319 371 330 168 169 116 446 284 519 594 616 745 852 874 214 331 846 
325 302 269 260 40 598 689 712 740 746 860 907 908 6 658 797 947 
347 254 25 237 219 523 526 775 779 789 797 882 982 266 60 638 865 
128 490 222 394 125 298 187 455 544 565 628 640 667 836 973 382 575 624 662 
265 469 110 262 477 424 288 35 218 248 416 15 275 245 539 555 579 595 606 671 735 759 763 764 774 776 783 784 785 806 814 826 847 863 893 921 925 2 432 613 778 811 816 900 910 972 989 
67 101 481 204 362 356 321 533 695 713 910 938 490 75 575 
340 408 376 289 64 398 194 263 342 197 580 700 771 798 821 877 886 944 962 972 256 183 415 442 732 
173 448 149 306 139 326 473 378 9 70 250 257 571 573 574 663 668 725 729 768 787 794 832 835 935 288 61 694 735 862 943 972 
377 74 239 238 56 57 34 189 773 812 876 711 995 
261 27 91 105 154 342 398 798 968 425 817 961 
290 405 487 196 68 552 563 586 652 679 717 751 799 880 251 252 719 749 
466 191 431 51 368 25 59 231 542 775 493 680 905 
208 231 431 191 151 318 259 106 461 199 526 617 754 767 837 878 982 473 164 583 612 887 
486 406 371 94 181 102 161 123 116 47 93 319 315 348 434 413 169 337 54 328 330 397 284 506 282 559 600 616 624 634 641 648 658 660 674 737 766 816 940 967 112 28 443 301 617 668 735 812 964 991 
396 107 165 86 144 375 113 223 255 177 567 583 613 744 772 906 914 926 992 995 170 388 420 438 803 
167 140 100 88 614 649 685 749 805 114 767 973 
270 61 423 148 246 176 296 332 757 801 845 897 98 63 751 
461 426 508 76 526 564 617 651 676 754 796 837 335 286 743 798 
381 167 41 1 96 680 777 791 423 125 208 
112 162 184 440 214 144 255 583 604 541 667 879 
347 59 305 208 508 518 352 400 426 523 461 316 254 420 564 651 767 797 878 471 490 731 745 954 
324 121 483 86 255 177 567 686 772 848 373 99 973 
176 244 423 327 581 582 879 953 988 569 806 984 
180 484 198 494 156 256 209 95 55 228 365 592 625 635 705 719 731 809 817 970 254 455 543 627 647 
107 277 182 440 604 621 686 943 995 270 601 710 
74 471 300 547 623 732 812 936 728 802 995 
324 121 165 277 379 162 177 418 621 686 723 762 995 358 127 614 768 
454 204 58 216 481 511 230 540 627 636 688 846 849 910 977 998 263 286 381 647 
391 458 312 422 423 460 582 669 684 757 879 949 178 453 664 
481 53 454 67 216 321 203 718 808 846 890 919 977 998 199 6 728 841 
332 505 61 148 596 701 748 879 897 287 553 717 
408 27 419 154 457 409 289 611 677 771 821 877 968 990 994 583 854 966 973 
500 301 363 134 430 229 4 179 612 777 805 818 431 132 836 928 
510 262 359 265 248 245 288 424 218 35 415 416 469 372 275 555 579 587 606 671 724 735 763 764 774 776 783 785 793 806 826 828 863 868 893 896 921 925 255 188 560 600 685 903 904 909 914 933 
31 193 345 299 533 216 274 204 160 26 130 307 321 333 362 356 627 695 713 808 846 849 859 910 977 336 500 405 201 712 760 838 
466 237 231 208 219 797 882 982 298 525 
318 237 72 347 517 76 172 389 564 651 698 797 633 715 820 
465 500 140 475 301 417 1 612 753 104 529 733 
187 427 394 509 128 455 125 272 490 354 298 438 570 640 765 831 912 986 444 135 801 817 919 
190 455 394 122 66 128 222 490 280 588 618 632 637 687 912 923 973 30 483 250 430 680 
437 302 40 269 36 117 325 553 598 860 862 966 395 682 965 
478 531 377 29 386 124 211 346 662 699 732 743 550 805 913 926 
243 93 319 8 168 284 315 337 115 82 559 602 641 660 672 674 697 737 745 979 79 35 124 107 504 448 
386 428 295 220 159 30 124 346 293 696 747 851 936 389 45 311 874 
20 63 127 476 488 504 314 489 329 85 17 16 382 207 3 385 84 77 425 227 351 334 310 232 645 657 736 770 800 815 844 853 891 900 909 922 956 975 976 167 96 277 160 547 37 433 406 906 928 
100 358 435 229 46 41 500 1 612 753 913 30 313 206 
405 290 516 99 68 33 309 317 258 224 499 233 502 92 22 196 42 487 158 166 563 586 591 633 652 679 717 728 751 782 865 880 887 918 920 1000 481 95 202 301 131 557 732 844 868 
350 163 117 546 269 429 302 36 598 722 746 857 860 907 939 966 536 559 668 690 
78 73 145 253 137 146 23 485 226 108 593 607 720 813 867 957 326 68 633 897 
424 510 539 141 288 469 416 595 763 776 783 847 868 48 380 419 986 
330 202 47 434 446 641 644 761 778 97 794 801 
228 103 136 625 665 719 820 970 552 240 962 
252 247 638 643 702 786 947 952 267 910 
168 328 202 330 519 548 123 601 616 673 733 761 96 553 635 893 
399 420 389 25 431 721 767 775 797 539 750 1000 
306 503 70 462 326 9 149 257 395 574 663 668 729 842 935 746 801 904 934 
269 36 19 129 302 117 608 892 907 939 966 570 778 858 
552 290 405 68 516 317 652 679 728 799 880 887 423 102 119 124 
208 59 11 151 231 542 147 347 523 191 219 368 526 72 609 617 664 676 767 775 797 803 837 982 234 353 410 298 500 742 
394 509 80 66 667 831 923 934 399 914 
97 412 135 578 619 654 739 824 176 178 301 
440 527 520 279 177 133 762 861 906 914 926 995 377 689 944 
406 328 282 615 644 761 778 816 874 63 200 458 
269 350 40 260 325 429 163 36 171 117 598 712 746 788 857 907 528 247 404 943 995 
190 490 298 128 222 544 187 403 618 628 667 687 707 765 831 850 934 973 986 51 198 562 993 
185 326 306 513 452 572 574 668 729 835 842 231 189 
306 173 395 70 571 668 729 842 8 888 
513 306 149 663 668 690 725 832 422 140 812 
306 185 173 250 571 503 473 149 513 561 378 9 663 668 690 729 787 794 832 835 935 337 329 238 237 667 780 
64 408 419 27 342 670 677 727 752 821 927 944 962 972 990 130 509 511 906 
169 330 406 634 644 672 674 778 940 33 720 862 
106 24 347 231 305 389 208 698 444 834 
97 241 412 138 566 286 313 619 659 739 824 899 901 937 96 778 845 951 
141 510 415 372 359 416 265 275 539 587 671 764 774 776 783 793 806 826 896 177 379 660 965 
119 197 342 512 48 376 289 493 927 951 958 990 128 287 288 815 
114 186 164 296 528 37 423 364 285 327 332 244 246 669 703 748 757 801 843 879 897 902 988 989 471 243 309 611 743 811 884 
312 114 534 423 528 327 45 374 213 186 246 61 164 701 748 757 801 978 368 868 881 934 940 
483 255 324 277 520 271 279 121 132 440 133 418 525 621 772 848 861 950 995 996 537 137 466 518 
41 69 363 96 381 4 301 432 140 18 678 741 777 791 805 984 54 206 177 632 
74 471 60 295 322 653 699 838 939 976 
552 290 405 233 317 516 652 679 717 799 880 918 59 226 213 
424 265 579 539 776 783 806 863 925 414 593 803 
394 188 178 545 637 640 836 912 58 604 
297 200 335 467 73 137 273 98 402 5 468 639 720 911 957 34 633 900 953 
58 362 26 230 216 101 481 111 715 718 823 846 919 938 977 471 11 778 
290 405 68 464 258 552 633 652 679 717 799 880 421 191 797 
339 198 484 13 365 529 103 338 635 719 731 817 181 699 929 
467 226 267 73 98 492 554 146 367 694 867 911 587 599 621 
102 406 161 8 506 624 673 726 750 873 967 216 108 128 
359 265 555 275 424 372 416 469 477 510 245 262 671 735 763 776 783 828 847 614 673 741 743 
164 244 304 176 458 391 246 37 536 460 843 318 432 
10 179 500 88 225 432 401 140 167 229 435 294 685 216 375 228 665 
269 36 206 302 325 87 50 507 553 350 569 546 407 712 722 857 860 862 907 939 966 46 335 397 683 946 968 
483 121 86 396 144 255 109 613 621 926 943 996 593 783 
202 519 168 641 711 766 778 816 539 832 879 
559 434 181 83 411 634 644 673 711 745 816 9 530 640 
123 548 202 434 234 626 642 644 674 726 750 778 852 307 466 246 986 
377 124 386 152 236 471 150 360 428 205 238 404 732 743 747 781 812 904 916 929 936 484 476 419 809 953 975 
157 264 113 223 525 109 86 530 271 613 848 871 926 588 476 408 187 
266 282 116 446 54 369 626 673 674 737 778 467 629 679 
262 469 510 539 288 764 774 806 863 868 896 921 181 779 876 877 
155 472 226 210 554 6 467 720 813 999 398 445 140 
349 28 562 269 302 710 860 907 966 110 686 801 
51 208 25 231 59 564 651 796 96 143 197 
376 71 409 308 48 408 342 951 474 768 
419 398 409 537 27 154 289 493 457 376 677 821 944 951 968 972 200 581 657 891 
551 475 281 225 417 140 100 442 435 96 41 18 4 543 500 443 381 294 229 538 358 685 716 741 753 791 804 818 915 917 933 961 454 186 173 464 518 127 616 935 
599 142 107 453 264 157 287 604 324 132 483 183 520 621 630 723 762 790 884 983 996 301 510 227 702 867 882 
521 134 96 100 18 41 344 331 381 465 435 294 390 69 353 179 167 10 443 373 215 417 88 358 430 229 500 118 678 741 753 791 804 805 818 913 917 933 971 984 595 532 116 326 188 733 743 744 884 910 
568 371 153 369 282 115 616 626 634 737 745 816 394 719 832 
434 94 369 413 102 559 249 348 93 234 519 446 330 615 315 169 371 202 506 47 168 624 626 634 642 648 672 674 745 778 852 945 232 408 140 150 612 679 814 975 983 
523 305 72 208 25 212 564 518 426 399 318 24 698 779 797 519 282 194 745 
298 570 438 187 545 354 490 632 667 706 923 930 350 167 303 757 
97 242 286 578 313 412 235 135 241 138 12 566 90 654 739 824 899 19 220 356 857 970 
114 684 703 748 757 879 953 963 412 916 
177 440 223 182 109 287 613 271 483 599 144 583 418 532 255 530 277 848 884 914 926 943 950 960 983 995 996 460 470 593 852 897 957 
59 461 316 51 106 400 431 797 129 880 
189 292 65 293 56 393 30 428 346 34 404 478 150 471 211 124 531 152 322 451 60 647 653 696 699 732 773 781 812 858 870 895 17 362 45 199 32 713 791 
519 249 413 594 616 169 328 102 168 330 441 181 660 672 674 737 509 147 731 779 
95 484 136 529 268 494 557 75 209 156 55 501 228 256 79 370 338 103 198 13 635 655 665 719 738 809 817 820 941 970 981 241 165 184 77 686 797 823 990 
116 605 319 131 181 47 115 616 284 602 202 615 8 168 634 672 766 778 852 874 176 219 394 720 788 860 
203 533 321 540 204 160 890 977 41 529 
222 414 394 187 509 178 455 570 190 272 66 298 490 122 421 632 667 691 765 912 932 934 973 974 269 166 328 292 132 683 
298 222 394 640 912 934 973 986 605 804 
177 379 223 287 453 86 264 184 396 613 483 790 943 983 991 996 487 443 370 887 
120 226 367 472 200 335 646 813 867 869 993 353 274 662 
128 80 490 122 187 618 628 545 841 934 965 974 584 694 842 
552 290 591 68 99 33 166 405 158 22 224 652 717 756 799 880 918 589 542 495 554 814 
131 616 330 328 284 576 369 181 153 626 94 54 169 615 601 519 434 202 168 658 660 673 711 737 778 852 967 979 354 301 394 493 185 725 876 
625 75 365 156 529 592 209 180 79 338 370 228 484 55 650 693 705 719 731 738 809 819 820 941 970 559 371 60 205 727 898 
533 203 481 53 387 384 274 795 846 919 998 365 935 972 
459 128 490 410 222 190 545 588 667 765 780 841 912 969 974 986 76 362 59 299 941 
283 320 480 558 341 450 39 217 252 470 474 44 643 692 702 742 786 829 855 898 947 952 954 997 127 508 309 841 869 899 
589 200 402 496 226 361 73 278 210 120 694 867 420 824 990 
544 629 588 438 66 509 490 495 298 691 969 601 482 804 
519 330 202 446 168 93 548 556 284 8 94 600 674 697 737 948 967 205 298 67 729 985 
93 616 602 315 434 674 733 816 245 959 
638 341 252 320 480 217 44 450 366 470 39 283 52 558 474 456 247 692 702 786 829 855 864 898 947 952 954 997 228 66 115 229 694 968 977 
337 576 169 116 181 82 556 568 602 601 737 816 4 493 172 208 
550 16 20 127 844 853 891 922 255 721 
496 23 402 468 6 631 335 367 200 267 210 492 467 694 704 889 8 664 771 776 851 
124 623 189 346 34 221 377 150 386 74 428 239 478 734 747 812 876 895 904 905 533 219 80 529 
519 249 54 168 169 616 674 737 41 980 
463 521 435 229 353 100 442 69 208 66 491 
635 708 719 731 809 941 970 980 231 697 
609 479 347 542 172 526 208 523 368 199 11 399 389 754 797 837 982 209 148 120 126 169 
233 33 405 487 99 68 633 42 92 317 224 516 552 290 499 502 563 591 21 586 464 166 309 679 717 728 751 756 799 865 880 883 887 920 187 64 178 476 730 852 951 968 976 
56 30 623 189 585 65 734 812 870 444 118 809 
566 97 412 201 619 241 286 856 189 691 
494 370 79 625 484 365 719 809 970 431 748 818 
187 414 222 755 765 872 912 930 965 969 973 974 21 814 860 863 
550 20 63 127 504 84 385 844 900 64 611 701 
348 311 54 446 519 634 413 337 711 99 507 994 
412 97 90 242 286 578 135 739 824 856 899 302 67 912 
94 548 202 266 47 634 519 284 311 446 624 673 674 766 852 940 188 579 385 310 772 
28 36 129 407 269 666 689 712 722 792 860 336 224 
29 377 56 30 547 428 346 239 293 699 822 876 904 509 4 631 498 
306 173 513 448 497 473 574 149 561 185 573 70 668 729 768 787 794 832 935 197 43 376 959 
51 212 347 564 208 389 775 789 370 646 534 
625 156 445 484 557 95 103 79 75 198 55 501 705 708 719 731 738 809 820 834 941 970 981 89 440 597 409 407 
117 661 87 36 269 302 788 792 862 907 966 472 48 7 
403 222 394 455 438 66 509 410 427 637 272 178 298 414 570 565 421 628 490 618 190 128 188 707 755 765 831 841 872 930 932 934 955 969 974 145 324 525 351 284 57 574 798 860 
306 173 513 574 663 149 326 257 70 561 185 497 9 571 473 448 395 250 573 572 503 462 452 378 139 690 725 729 768 787 794 832 835 842 881 935 283 519 439 553 221 764 784 853 870 909 
534 458 312 246 581 460 148 45 423 748 757 840 843 879 953 367 111 711 753 
289 408 575 376 27 419 877 968 25 116 979 
424 510 110 539 15 579 477 265 416 595 415 763 774 783 784 793 806 863 896 925 228 24 386 132 699 799 
181 161 616 548 626 168 82 93 624 337 576 284 761 873 945 34 408 693 
94 406 54 605 446 594 319 249 357 559 93 434 634 601 82 371 660 181 8 674 711 766 852 945 430 298 595 233 768 869 
328 548 357 174 641 234 406 605 446 648 93 371 624 519 369 181 486 576 660 602 642 673 102 243 616 873 940 113 393 14 790 833 892 
408 64 263 376 419 677 700 821 825 951 990 395 165 59 
191 399 523 564 431 151 147 237 59 25 775 103 53 
194 64 197 537 575 408 675 289 493 419 342 611 376 877 894 962 968 990 994 140 693 794 871 
614 229 134 500 430 41 584 741 974 994 
290 405 552 652 99 68 317 224 258 233 516 21 92 502 563 586 591 309 22 196 464 166 158 33 42 717 728 751 756 782 799 865 880 883 887 918 920 1000 108 505 605 616 705 712 750 844 867 978 
344 353 18 524 500 140 716 805 545 517 912 
431 208 24 389 259 683 779 837 421 838 
398 408 119 91 886 944 968 990 546 412 
208 681 389 368 466 147 25 106 431 347 399 775 779 598 628 745 826 
620 45 534 186 312 176 246 458 460 701 748 757 801 127 167 371 759 
96 521 41 336 301 14 597 215 118 358 612 18 716 741 839 221 285 539 925 
440 144 527 121 271 418 375 165 255 279 86 483 157 379 530 532 453 744 762 861 884 926 931 960 992 608 625 330 29 325 367 801 
222 128 545 490 66 188 570 394 187 811 841 850 912 973 451 237 391 800 
130 533 111 307 454 204 345 203 481 718 758 846 919 977 998 100 450 178 949 
325 302 206 117 129 661 507 722 862 567 393 726 
668 574 173 497 573 139 729 794 842 553 271 36 
459 628 178 298 188 640 187 128 706 841 965 654 873 931 
643 44 456 52 470 638 829 947 997 385 49 493 
635 228 268 198 209 705 809 819 970 981 677 672 168 
646 367 485 146 593 276 402 639 468 73 278 496 297 5 108 720 867 957 993 999 632 346 513 643 707 925 
540 193 511 362 204 101 481 715 833 890 977 987 289 389 183 
159 404 346 549 56 623 377 743 467 284 
330 94 641 548 115 102 737 979 650 760 
461 89 231 59 389 577 318 617 542 767 779 369 978 
428 211 74 34 295 152 221 239 478 124 623 447 377 303 65 585 56 49 60 471 150 547 451 662 732 743 854 876 671 474 592 704 706 720 889 969 
64 419 408 512 439 675 308 825 497 374 
505 246 244 536 270 582 684 304 703 748 757 810 879 902 949 657 720 973 
638 558 643 217 474 44 450 247 456 786 855 898 997 128 613 226 729 962 
422 701 449 61 148 620 327 581 505 195 748 807 810 840 879 289 763 865 
273 646 267 467 200 335 720 867 889 903 924 203 418 699 
209 75 635 484 55 156 365 529 494 338 693 665 719 817 941 970 679 403 995 
691 222 298 187 80 618 438 280 354 841 912 974 322 699 420 
394 570 178 667 80 490 755 765 694 68 
55 228 650 209 665 819 820 980 128 490 
363 167 465 432 118 344 401 804 805 946 117 31 851 
36 269 302 608 712 740 746 860 530 173 187 
601 47 284 397 434 658 600 115 319 441 673 634 168 266 945 332 46 669 514 
569 661 36 433 598 117 269 19 129 260 437 302 349 40 507 28 325 710 722 740 746 788 792 860 862 892 907 908 928 939 942 964 966 679 540 268 399 39 33 43 782 852 
454 204 362 130 511 53 540 321 846 910 977 472 623 346 
49 478 239 404 126 205 838 916 263 853 
481 444 695 307 590 795 846 919 314 542 886 
612 167 363 140 417 685 680 392 18 301 465 4 753 804 830 961 222 486 131 757 
591 679 552 290 42 652 99 68 309 633 21 317 22 258 487 233 224 158 196 502 166 516 586 728 751 756 799 880 887 920 1000 221 418 268 536 398 271 882 
362 204 590 535 307 688 345 26 919 977 987 998 469 249 259 56 
75 635 665 484 103 529 156 655 705 365 198 338 592 494 370 136 625 339 180 228 55 13 650 79 445 557 731 738 809 817 819 820 834 941 970 980 425 246 516 310 211 461 424 615 
210 468 226 402 297 554 278 472 6 485 361 267 146 607 23 192 137 335 694 291 200 253 467 5 108 73 155 78 273 704 589 769 869 889 903 911 924 957 999 701 699 274 576 345 626 775 825 853 928 
347 305 560 81 389 231 51 466 754 797 837 645 761 
598 36 661 349 104 269 553 689 712 302 50 28 788 792 857 860 862 928 939 964 966 360 342 34 220 318 987 
287 107 271 177 182 613 532 132 884 950 995 380 34 290 
424 539 248 759 763 784 828 847 20 165 
668 513 173 497 573 729 842 881 634 392 
284 406 282 594 371 123 357 602 948 689 796 900 
575 398 62 71 48 119 875 944 972 990 635 841 964 
679 552 290 563 652 499 92 166 158 309 717 99 756 880 918 1000 535 531 471 100 879 
668 306 173 513 574 663 149 378 70 326 250 561 185 9 572 448 473 497 571 690 139 452 462 503 725 395 768 787 794 832 835 842 881 702 377 201 31 140 641 171 932 947 
490 66 128 455 298 932 934 965 652 293 970 
719 75 529 650 494 592 665 95 635 809 941 970 133 624 526 766 
623 603 531 150 699 471 292 547 74 743 773 812 876 552 512 342 942 
202 642 93 243 559 357 311 745 816 873 543 484 614 
653 124 377 647 322 323 428 205 30 838 876 330 419 
595 416 539 510 248 759 764 776 793 806 828 847 925 513 519 437 988 
550 127 20 488 844 891 900 922 440 97 
697 624 153 319 644 548 282 83 243 234 641 648 605 634 174 397 311 94 519 93 371 102 615 411 874 945 500 157 91 221 938 942 974 
719 501 665 180 95 484 625 635 228 819 970 159 384 
286 97 242 566 619 313 235 659 578 412 899 937 183 107 179 831 
507 206 36 712 710 302 907 939 34 752 
432 381 140 614 390 18 301 100 344 584 500 41 678 612 685 804 818 971 595 377 149 944 987 
366 480 450 638 829 855 898 997 124 564 71 
240 732 346 360 34 699 236 377 124 386 60 56 547 471 239 428 404 603 221 74 65 189 49 696 322 773 781 812 838 870 895 904 985 595 523 614 476 581 753 794 825 872 
686 440 177 520 324 287 950 996 315 463 614 
330 615 174 616 601 102 337 169 8 506 249 123 181 311 434 548 406 733 761 766 778 852 874 940 178 683 260 240 617 526 818 
712 507 117 710 36 553 569 860 862 907 928 966 561 100 801 
346 647 74 471 603 549 838 854 895 916 142 83 810 
701 684 37 703 669 374 458 164 364 582 246 505 581 620 536 304 61 422 114 757 801 807 843 879 897 963 988 989 655 101 130 179 407 821 917 
18 344 4 521 500 390 336 463 25 516 813 
602 83 594 337 102 169 123 761 560 679 937 
679 290 405 224 717 516 68 652 552 487 258 233 756 799 865 880 1000 361 522 282 265 999 
419 388 261 575 38 821 825 972 990 281 740 248 
4 612 41 500 331 614 543 167 463 465 716 344 435 392 18 551 336 443 353 805 818 830 839 917 933 946 669 345 204 45 743 757 766 
420 231 389 479 25 461 721 523 352 518 212 651 237 775 779 20 362 915 990 
66 707 436 656 187 667 841 912 93 907 
499 679 99 166 717 233 68 290 487 633 751 405 728 652 799 887 180 852 862 864 
669 522 391 176 213 582 534 458 422 620 581 246 423 374 114 701 684 304 195 285 748 296 460 760 801 810 840 879 897 949 953 963 753 716 294 618 103 400 861 926 
380 454 321 345 688 444 362 846 171 137 
724 735 265 510 763 784 814 863 684 286 
332 148 757 244 374 246 312 195 801 879 949 953 540 293 697 920 
672 234 568 486 371 556 750 559 330 745 816 940 721 394 270 
132 177 686 255 567 532 86 613 295 250 2 
539 510 265 416 724 469 555 671 759 262 275 35 477 415 595 15 248 141 218 774 776 783 784 785 806 814 847 863 868 893 896 925 65 326 485 703 81 365 797 850 
539 579 606 735 510 783 847 863 668 165 926 
459 394 298 544 414 436 637 707 628 667 188 438 178 656 570 187 836 841 912 932 934 973 974 216 499 143 68 815 963 
8 371 330 94 357 249 660 600 328 673 284 626 745 519 161 54 731 424 753 
318 698 560 208 564 25 466 526 24 518 199 76 347 797 803 982 211 26 521 780 
668 173 729 306 513 326 663 935 532 610 673 
720 145 297 210 200 192 492 957 454 442 
550 20 63 84 227 127 504 488 815 844 900 1 423 840 
512 388 91 419 105 408 48 537 64 944 951 990 317 646 863 866 
121 396 520 491 86 527 379 583 183 184 453 871 926 995 358 97 660 898 
293 124 743 732 623 514 377 74 220 876 904 69 937 989 
539 248 275 265 763 469 424 671 141 579 288 510 110 35 606 776 783 785 793 806 814 847 868 893 896 921 925 296 355 103 436 376 912 
305 479 147 676 347 560 368 466 664 59 51 81 208 25 318 237 172 420 212 683 508 431 564 24 754 517 231 789 796 837 885 218 720 216 127 904 938 955 
539 510 763 265 579 416 372 595 141 288 477 35 359 587 555 15 774 735 793 806 814 826 847 646 182 476 330 197 957 
584 524 442 538 1 14 791 830 302 8 
576 634 626 602 616 397 371 330 605 600 357 556 47 406 568 434 745 266 311 83 446 284 816 873 510 562 590 326 578 788 
754 508 51 347 24 681 617 683 698 420 305 208 837 40 624 606 386 
272 66 637 438 836 912 923 973 574 767 
471 303 603 189 623 159 743 49 293 812 858 438 900 926 
405 552 679 799 865 880 887 920 82 712 
469 764 763 595 555 372 110 671 579 477 587 510 218 288 265 539 774 785 806 828 847 863 921 925 387 233 599 54 801 875 908 
724 510 265 671 763 759 416 141 424 806 921 80 668 979 
539 510 288 774 359 415 763 372 424 783 218 110 416 806 847 896 460 429 813 
643 638 480 450 702 474 558 456 320 39 52 252 44 247 283 855 864 898 952 997 207 16 264 866 
668 729 663 70 513 574 306 794 832 835 842 75 923 
28 722 569 407 712 36 666 860 907 942 626 778 863 
664 775 172 151 72 508 797 882 982 74 258 503 
630 483 144 613 86 287 453 906 931 950 991 996 674 41 
336 614 381 401 612 179 463 69 584 140 167 435 134 18 524 229 777 443 363 818 623 190 411 970 998 
350 104 712 302 666 325 163 269 50 722 661 860 862 892 907 964 914 922 923 
735 776 539 265 774 469 671 579 245 828 847 258 452 
668 729 452 149 306 257 448 378 503 173 70 574 185 513 690 326 663 787 842 935 556 677 241 743 289 977 
216 31 715 636 345 833 849 910 79 446 
191 259 775 523 399 609 389 461 89 726 438 880 
259 25 208 352 420 617 508 237 541 89 767 560 347 542 789 526 318 651 721 564 622 355 305 212 59 837 878 982 591 180 383 763 625 459 507 907 
515 512 419 289 398 119 197 408 821 877 951 990 523 318 667 
679 290 405 652 717 68 499 99 591 309 317 196 586 22 258 782 516 756 633 233 751 158 563 880 883 887 920 1000 488 215 298 357 671 353 225 818 
550 85 488 63 891 900 922 975 687 361 
246 460 37 760 374 148 423 391 757 422 176 244 270 195 684 505 312 581 364 748 296 582 285 522 807 843 845 902 959 978 783 468 561 686 556 608 544 746 
69 381 1 100 10 229 500 839 531 938 
208 11 24 212 767 147 72 368 318 25 564 81 414 520 21 587 
225 229 709 41 500 392 614 612 1 716 336 741 830 839 915 323 640 629 
215 229 167 500 336 435 753 521 41 680 301 140 10 614 538 358 18 709 584 390 373 888 933 396 86 232 547 121 891 
510 763 265 735 587 783 606 785 774 671 776 469 110 141 218 579 245 539 784 424 814 826 828 868 925 235 122 36 216 394 528 831 
748 332 801 703 505 195 840 902 469 481 
53 333 540 380 535 454 204 274 846 849 302 102 92 
719 625 731 365 665 445 228 650 529 75 635 370 198 484 339 655 693 103 256 941 970 981 603 192 653 428 381 962 
703 701 757 423 114 148 422 879 988 499 747 948 
128 178 280 298 687 222 831 955 969 973 510 581 825 
346 514 404 124 239 647 743 603 377 34 781 60 471 653 623 732 205 56 74 531 822 876 904 483 573 333 359 519 984 
6 73 226 472 554 361 200 402 210 253 607 120 631 335 467 297 867 911 924 999 322 139 785 749 423 345 
763 774 510 416 759 288 776 806 656 633 616 
550 20 314 232 84 504 476 488 334 127 227 382 63 207 770 3 489 383 329 844 853 891 900 909 922 956 975 976 765 146 233 387 172 580 210 832 
174 371 601 181 161 337 615 441 733 519 82 284 568 319 642 169 761 311 600 644 116 778 54 873 347 510 187 205 420 924 970 
705 592 529 209 75 625 494 719 327 515 544 
229 465 336 614 281 443 301 612 442 753 392 18 791 741 435 538 839 745 655 799 325 151 
693 708 635 738 198 75 55 719 941 970 346 257 957 
136 228 635 339 484 557 708 103 365 719 665 625 180 75 156 55 542 88 34 149 
71 409 376 340 611 439 752 419 119 62 154 27 64 575 261 498 457 197 537 798 48 170 408 675 388 512 894 944 958 962 968 990 428 226 353 394 404 748 844 914 
662 60 812 124 346 428 303 295 985 47 374 364 
590 454 481 67 204 846 866 938 149 625 
97 619 659 286 566 313 241 412 90 201 12 578 138 135 242 235 856 899 901 937 639 419 184 10 836 
71 105 263 289 154 700 38 752 376 419 675 342 968 743 132 720 811 
579 510 539 265 806 776 15 847 896 147 683 968 
20 63 488 227 476 127 853 891 922 298 134 143 
724 735 793 539 806 595 783 847 863 461 319 842 
643 217 742 692 252 638 864 952 305 483 
804 716 301 353 363 777 753 1 140 46 96 336 69 4 266 278 482 236 
414 667 354 394 222 570 187 80 455 811 495 298 128 178 565 436 544 932 934 969 739 238 151 806 285 
668 729 503 173 513 573 378 9 663 574 70 257 787 149 842 935 36 600 266 815 615 
695 444 26 362 216 795 846 859 674 398 
665 445 228 719 55 156 941 970 577 335 83 
668 729 306 513 574 250 462 787 173 257 473 395 571 326 149 378 842 168 94 483 66 936 
128 588 187 298 438 280 410 780 509 190 490 765 850 934 969 974 538 824 419 890 925 
461 420 355 11 208 191 797 318 479 651 779 59 368 89 400 523 426 237 25 106 199 518 775 681 564 721 231 882 982 285 222 447 41 84 156 308 858 
377 747 734 74 189 303 714 478 743 30 585 404 239 876 904 540 681 48 
1 753 336 802 685 818 134 804 392 442 888 915 946 122 850 868 879 
505 807 703 757 244 423 458 669 879 897 959 978 99 770 41 
436 298 222 637 706 755 691 414 128 394 765 490 687 187 667 632 438 850 934 965 326 638 535 727 852 
668 729 306 497 395 572 561 185 690 832 835 794 571 725 448 787 935 330 171 275 828 632 
505 332 391 669 45 148 801 748 596 423 581 879 978 119 306 174 123 
550 20 63 127 227 815 476 488 504 329 383 17 657 351 3 207 645 334 736 385 84 232 770 489 77 853 891 900 909 922 956 976 163 679 821 29 4 552 347 201 882 
213 460 270 327 246 364 522 801 424 578 
362 58 204 688 444 590 203 833 808 540 533 535 380 111 299 160 715 53 333 307 345 230 101 636 356 758 481 713 823 193 849 859 866 910 919 998 279 1 440 74 506 277 918 979 
776 469 724 555 265 826 763 510 141 793 595 785 764 15 477 828 416 735 415 110 783 774 925 259 466 287 876 939 
144 621 121 604 396 162 527 132 184 165 133 107 583 884 943 950 995 500 347 875 876 961 
846 533 362 808 795 540 454 481 204 910 919 977 412 212 473 891 
280 421 354 66 459 222 836 841 298 187 570 128 687 872 973 974 763 839 268 55 
549 124 346 205 74 858 876 929 709 646 87 
411 102 161 94 673 8 123 319 634 616 337 434 168 745 266 82 315 626 131 660 181 397 116 602 169 506 873 967 652 756 712 621 841 342 283 213 
550 20 63 351 844 645 3 476 488 84 504 227 827 815 85 127 891 922 956 976 401 101 668 714 481 720 
126 747 292 699 34 221 404 876 537 968 
643 638 742 217 283 480 450 366 44 320 786 39 702 470 864 898 947 952 954 997 139 383 302 49 938 
654 138 97 12 201 659 824 901 61 73 373 
553 722 40 569 598 862 907 939 432 71 619 
221 34 781 189 623 236 300 159 851 377 904 562 485 837 
540 204 216 833 846 193 130 345 866 938 977 167 398 
269 546 36 40 302 598 746 710 325 722 792 661 260 350 712 553 206 788 507 117 608 862 907 908 928 939 942 966 106 101 656 626 390 667 
132 183 567 583 686 107 950 995 757 389 
269 437 792 546 429 860 302 746 666 117 857 598 325 722 712 689 907 939 942 966 576 173 513 756 164 878 
248 510 759 469 218 763 587 424 539 477 416 828 764 141 265 671 606 783 893 499 771 656 298 788 
643 252 283 320 786 829 855 947 306 756 34 
317 552 782 405 652 679 196 464 751 290 880 887 508 703 419 
67 481 203 216 859 274 31 846 356 823 204 307 53 380 977 998 786 771 467 
554 694 367 226 813 485 73 639 593 291 468 472 200 210 278 704 631 335 957 679 613 313 102 949 
218 424 265 806 416 555 606 477 539 15 763 774 921 582 405 839 552 
631 226 335 78 720 120 297 200 957 124 638 673 
124 404 34 623 360 653 743 905 502 668 504 
418 772 113 483 184 132 604 950 983 490 350 677 
850 128 656 427 187 667 66 490 743 59 386 
778 852 161 733 674 115 168 284 816 672 330 369 594 93 319 691 336 207 972 
330 116 626 745 737 161 568 506 549 38 907 
398 289 419 727 340 968 990 994 848 783 891 
699 447 323 734 34 159 189 851 205 732 239 451 812 854 662 65 293 56 322 74 404 386 57 647 773 49 838 126 514 904 916 936 847 848 163 606 483 144 634 397 943 
677 263 27 91 798 512 408 376 388 119 419 537 670 927 962 972 173 323 606 162 880 
208 355 797 526 466 399 518 318 862 27 158 
304 270 423 840 581 186 703 285 332 701 810 757 505 536 374 45 195 760 422 61 449 312 244 528 246 534 748 620 296 164 843 669 897 959 963 978 600 525 839 146 728 149 118 467 887 958 
679 552 405 290 652 799 717 99 68 751 633 258 728 224 309 166 92 516 233 865 591 586 563 502 499 487 196 33 21 42 22 782 158 883 887 918 920 1000 273 56 451 120 321 622 877 294 796 913 
668 173 185 149 729 448 725 257 502 582 
318 368 59 508 72 789 212 199 837 541 254 844 717 613 
880 290 405 679 652 799 887 920 384 888 
613 277 255 848 132 723 121 165 686 396 440 107 177 264 223 453 621 418 142 950 983 995 996 416 614 22 581 280 982 
212 305 199 775 25 76 347 72 36 944 
409 512 342 197 289 119 419 682 972 363 443 715 
799 679 552 652 405 309 717 33 99 233 502 563 883 464 487 317 290 756 224 880 782 865 42 499 258 68 879 518 222 177 140 187 630 
463 805 4 401 358 390 10 134 430 839 331 41 301 443 883 73 572 922 
402 108 472 467 646 720 367 485 200 98 226 273 297 704 335 993 699 277 996 
58 356 454 627 535 362 111 695 345 998 24 836 947 
550 20 63 127 645 383 16 827 844 853 476 232 504 17 329 425 351 385 382 207 3 736 310 815 800 85 900 909 922 956 404 300 316 611 875 91 849 805 
269 163 19 36 50 792 712 325 562 437 939 966 674 13 466 
469 510 262 774 539 763 265 863 559 407 
677 821 289 308 376 419 143 944 161 189 
428 623 293 743 404 747 647 936 337 272 52 
826 265 469 774 785 415 606 539 579 671 275 763 124 345 951 
391 296 879 304 45 522 581 458 757 176 840 37 748 449 536 978 191 621 389 554 921 
643 366 252 786 638 855 39 480 702 44 474 742 341 947 997 109 635 772 447 
412 97 739 578 824 619 659 201 135 12 638 408 915 
550 20 63 127 844 891 334 476 657 504 314 16 736 85 815 383 3 84 385 488 770 800 909 922 956 975 976 336 510 396 726 781 18 589 
138 241 856 313 97 824 578 317 113 77 
807 195 581 61 701 505 801 949 86 465 
253 200 361 704 278 485 210 720 472 539 152 174 
221 404 303 322 205 220 858 74 293 189 323 447 386 60 876 812 393 773 239 49 603 57 647 240 743 471 34 126 300 159 662 30 838 916 936 985 539 38 344 561 42 775 81 923 995 
404 238 870 428 647 293 239 189 517 913 
144 567 264 520 790 324 214 162 107 86 121 396 453 177 491 182 165 914 926 931 943 950 960 995 575 550 85 354 13 208 951 
163 507 87 857 712 740 792 666 429 608 302 553 860 171 862 788 433 569 50 562 598 269 206 36 325 746 407 939 964 797 144 874 162 755 86 290 950 
437 117 36 302 325 860 507 712 939 966 311 54 783 
550 20 63 382 844 891 815 900 385 425 85 383 314 476 3 504 127 922 956 668 379 539 423 111 
230 101 307 454 846 533 362 345 540 444 203 26 849 713 356 511 795 481 919 938 614 558 97 325 510 965 
146 813 297 467 5 720 589 593 370 198 302 
656 588 403 687 438 706 637 394 629 490 187 298 628 755 544 280 272 545 222 765 780 955 965 969 973 974 986 278 680 659 193 774 6 57 
353 118 18 551 358 435 614 381 336 331 463 134 933 905 182 547 880 
520 177 287 112 567 906 482 183 255 86 184 107 144 621 440 950 321 565 792 821 539 
500 88 10 804 41 344 401 336 140 331 301 381 358 839 612 754 899 175 956 
293 49 904 747 876 360 603 714 173 620 943 
435 14 301 41 167 753 612 475 614 504 497 748 
880 633 586 405 679 317 552 728 846 472 
345 362 718 111 481 230 910 216 444 846 590 715 688 636 535 204 849 453 315 544 935 936 
880 679 552 290 233 652 405 799 21 258 224 717 782 499 317 99 883 447 760 56 267 96 
469 774 539 868 510 784 783 606 342 897 
550 20 63 127 844 207 425 900 476 488 853 504 909 645 334 227 891 827 17 77 815 489 84 310 3 382 800 736 16 956 975 976 888 792 115 277 59 320 372 997 
394 125 545 188 421 298 780 565 618 934 986 904 792 787 
402 73 146 267 704 720 813 999 816 94 229 
275 539 671 265 783 262 469 763 141 806 774 510 587 847 372 735 836 694 685 977 
121 132 162 567 184 223 520 182 113 343 277 255 483 183 772 906 453 604 86 177 599 621 287 214 686 440 112 931 950 983 992 547 757 764 93 435 781 380 937 
575 408 877 580 27 289 958 968 255 193 
302 712 117 260 722 269 860 746 720 550 538 
471 240 346 851 603 30 34 936 382 592 187 
178 187 656 618 128 667 122 934 471 27 996 
86 686 255 396 379 182 790 926 906 992 487 373 691 
628 459 765 394 190 730 831 667 455 934 974 729 284 
100 140 432 179 612 46 614 913 805 753 417 41 336 4 401 252 227 458 539 
298 765 410 632 490 836 730 565 80 841 66 455 394 438 272 930 932 421 128 570 923 190 667 280 459 222 831 629 354 178 628 965 973 974 986 119 497 318 561 302 582 265 109 
668 663 561 70 9 473 768 250 448 832 257 794 513 452 574 306 842 217 612 136 919 636 
346 929 603 876 189 30 531 74 56 471 895 549 7 904 835 378 919 487 
313 824 97 201 578 412 739 138 773 750 926 
444 823 859 53 910 511 321 160 380 216 481 26 333 67 356 590 977 855 802 775 121 737 
553 36 302 907 260 19 908 740 712 117 892 206 350 28 857 433 722 407 269 862 325 562 129 860 598 964 966 396 847 6 585 181 251 
674 181 348 576 284 123 434 519 116 761 660 446 745 413 948 979 582 344 260 392 
819 75 625 136 198 484 809 635 180 55 338 719 731 705 834 665 365 650 103 4 637 401 142 
712 788 862 349 117 36 860 269 737 732 
121 109 621 379 530 113 482 271 107 132 848 630 277 599 86 177 906 255 960 983 996 569 916 36 876 513 60 
821 771 894 154 682 408 498 43 64 575 398 512 388 376 308 611 38 119 727 419 958 972 990 484 567 885 404 255 741 
8 673 168 82 672 737 711 161 123 616 257 438 992 
500 753 301 229 140 839 18 179 709 463 443 134 146 598 
643 638 855 558 366 320 341 450 480 39 898 692 217 864 247 456 470 283 952 954 997 890 729 234 507 406 990 
266 641 47 940 168 726 284 202 231 65 810 
458 460 61 701 760 534 757 176 423 505 902 186 164 959 343 867 688 960 
287 926 483 214 621 264 723 255 375 132 133 790 418 165 871 277 86 861 109 583 884 184 848 744 906 177 223 142 271 914 995 160 357 907 222 261 318 200 955 
340 289 27 105 376 610 439 154 675 398 798 771 580 409 611 419 408 962 968 972 990 994 578 896 371 652 906 970 
643 480 947 558 855 829 786 283 638 52 997 271 226 966 
669 423 620 460 528 760 757 988 603 163 589 
480 638 643 320 947 366 855 39 526 375 345 
667 490 280 912 438 394 811 973 950 775 
550 20 63 207 853 844 815 891 900 127 922 17 382 909 383 504 314 239 915 5 400 181 
297 23 869 267 694 554 73 720 589 467 867 146 769 210 273 402 993 621 232 359 819 776 
944 821 927 580 408 289 968 990 269 879 
176 458 840 949 332 801 270 879 989 663 95 642 
906 943 109 686 621 287 144 995 949 336 431 
344 4 612 716 96 373 435 41 140 331 363 392 515 848 
951 143 419 48 821 677 877 64 575 512 408 342 990 702 809 557 242 
164 620 423 748 458 879 460 757 25 765 409 
722 907 163 712 28 939 325 792 966 401 727 519 
841 934 656 188 298 912 455 632 691 438 394 730 490 579 546 910 260 
666 260 546 892 908 712 433 862 117 598 562 171 964 860 746 939 325 608 722 36 28 553 269 429 537 42 228 952 18 969 985 
519 102 434 47 634 852 641 594 478 301 
419 105 38 398 537 670 958 71 388 308 48 289 43 27 493 875 821 515 119 927 342 951 408 825 170 611 682 340 409 677 990 854 826 598 652 643 101 61 226 
427 912 394 490 836 187 831 811 455 640 637 656 128 667 298 973 337 966 699 
719 95 834 635 705 665 55 338 228 731 75 625 529 738 268 557 809 693 370 655 650 180 484 819 103 156 980 951 619 791 816 730 221 18 
229 465 381 614 443 88 741 140 438 447 
951 289 493 408 752 119 512 419 197 342 944 727 575 611 877 398 143 886 990 873 424 636 513 510 
188 850 570 187 912 509 545 459 222 811 629 934 427 298 656 272 178 436 455 190 969 414 780 128 628 687 955 765 521 297 537 701 527 349 992 
490 298 394 438 459 455 128 272 122 912 187 934 280 667 178 765 188 706 656 632 637 850 628 495 932 836 190 986 678 435 48 141 183 737 994 
550 800 63 17 815 922 476 900 207 616 321 603 
550 20 63 127 385 853 489 900 815 922 488 844 585 463 652 
718 356 193 345 866 688 175 160 67 713 695 230 938 590 535 307 204 203 627 130 533 454 216 101 26 333 540 859 362 849 987 998 347 643 794 495 283 925 429 485 
246 879 843 312 582 176 148 897 801 327 840 698 679 
161 406 93 169 328 181 548 284 697 83 940 330 311 202 486 634 94 441 357 203 197 846 784 670 
79 75 198 209 719 708 13 970 136 55 256 650 255 648 
625 55 501 365 228 75 665 809 156 370 693 167 378 281 
89 797 389 837 651 259 231 461 318 789 508 564 212 518 541 767 420 59 305 20 204 884 362 985 
271 630 613 165 926 943 884 871 621 616 502 26 
353 167 358 4 336 140 442 500 584 614 18 381 528 165 812 
743 189 822 471 393 904 124 74 982 641 966 
974 544 934 629 923 570 637 912 18 602 555 
204 481 387 67 977 345 695 718 362 216 454 111 741 722 246 
114 748 312 581 810 528 953 989 302 735 471 
988 505 285 458 246 296 364 176 959 748 581 773 510 
170 677 119 968 342 64 821 376 675 951 289 408 875 958 771 944 493 71 575 62 752 962 727 580 972 682 409 537 91 498 48 194 197 27 388 798 154 639 754 377 102 287 338 947 625 144 295 
630 184 453 255 483 324 790 277 413 274 519 
926 287 520 165 686 931 144 995 973 945 
402 889 73 957 631 98 468 694 570 442 312 
62 398 289 677 342 71 537 119 105 154 875 951 678 974 394 658 
165 264 861 772 177 112 992 848 183 107 884 960 86 530 520 723 532 214 132 453 184 621 109 255 32 950 567 277 440 483 583 906 375 287 996 569 514 55 412 456 904 705 531 
943 744 121 621 630 613 583 144 214 440 86 183 184 995 113 599 884 790 379 431 281 185 889 930 
283 692 742 702 52 786 366 855 947 643 450 952 39 320 638 898 922 475 85 18 
175 31 688 890 846 362 718 535 67 977 866 387 533 26 636 444 237 346 791 
694 276 78 73 813 335 467 720 192 98 485 472 361 924 607 344 751 453 
224 405 552 290 679 99 728 880 799 717 751 301 560 386 
