6
6
10
9
8
8
16
7
5
18
16
19
11
19
5
0
19
6
17
8
3
19
17
6
7
10
1
7
8
14
12
2
19
10
6
11
13
9
0
12
0
11
12
6
9
7
3
11
5
9
4
19
20
14
13
13
4
13
20
0
1
17
1
0
19
0
1
19
15
10
7
17
0
20
6
5
2
13
14
4
9
0
16
17
0
6
0
20
9
10
8
1
5
14
14
20
15
8
19
7
7
20
20
20
6
6
17
4
2
0
20
7
10
0
4
13
20
8
8
19
12
19
20
1
5
1
5
19
1
0
16
10
19
7
1
20
18
7
19
1
7
17
8
3
6
0
1
7
9
12
10
9
7
0
7
14
15
3
11
0
3
20
20
6
6
11
15
4
3
13
20
11
18
19
4
0
2
11
7
20
3
18
1
1
11
17
19
15
12
6
6
4
6
1
17
19
10
0
8
20
15
1
0
12
0
7
0
3
0
8
8
17
9
0
19
7
0
19
19
6
18
6
7
3
1
18
18
19
19
14
17
20
0
12
12
13
19
20
16
1
20
0
20
17
8
15
14
10
3
1
7
19
12
9
19
3
2
1
11
8
13
9
12
8
10
8
20
20
1
13
13
17
20
17
9
12
8
19
9
8
17
7
12
7
16
10
12
18
8
19
16
3
11
19
20
18
20
20
13
7
12
1
6
3
7
7
12
9
20
15
0
20
8
14
0
20
7
17
1
0
8
1
5
19
8
10
11
14
13
4
11
17
19
0
0
16
10
0
19
10
14
14
17
8
20
8
8
1
19
7
12
20
2
20
0
12
0
1
10
4
7
15
8
12
19
20
8
15
15
16
0
11
8
1
16
7
19
16
16
1
8
1
13
0
20
1
1
8
7
6
13
19
7
9
5
12
7
20
19
20
7
7
13
10
15
9
5
19
16
1
12
1
4
15
13
15
14
20
20
4
10
12
19
8
12
10
20
13
19
13
14
19
3
7
5
3
9
11
20
18
6
7
2
3
11
19
16
0
10
20
7
8
17
8
20
0
1
0
0
20
13
13
20
15
10
10
11
16
1
19
17
5
19
14
7
17
19
18
6
12
7
10
17
1
20
0
10
4
12
12
17
8
12
19
1
12
19
17
3
19
17
14
0
13
0
13
18
20
11
2
7
19
11
13
3
19
5
20
0
3
3
8
1
5
1
13
0
17
14
7
19
19
18
10
8
4
15
9
19
0
10
0
3
7
20
3
15
14
2
9
5
0
17
5
10
0
0
20
19
0
6
19
15
11
20
16
6
12
20
12
3
11
8
1
10
13
1
1
17
17
8
0
7
0
17
19
15
0
20
5
20
20
4
0
0
3
6
0
11
14
7
1
9
20
0
13
8
8
1
19
0
1
8
9
19
1
12
12
19
8
7
7
8
8
4
20
20
8
13
3
3
18
19
3
10
0
11
15
16
7
2
5
3
3
7
6
15
12
17
0
19
19
0
19
1
4
20
19
7
17
8
13
0
7
20
0
1
13
14
5
12
13
15
20
16
1
6
1
2
20
0
1
19
6
16
7
13
12
3
18
17
17
20
11
1
8
13
8
12
15
7
18
20
16
0
0
14
20
0
2
9
2
19
0
13
9
11
18
20
1
19
1
8
19
1
9
17
9
1
7
7
14
7
19
11
20
4
1
7
7
19
19
15
11
8
5
8
20
18
8
0
17
8
8
19
16
19
10
17
16
0
9
0
6
7
20
7
20
17
13
1
14
11
7
20
19
13
0
19
20
0
4
6
5
1
8
1
2
9
10
0
19
13
19
10
0
7
5
19
12
0
13
1
16
18
3
15
5
17
13
14
0
16
12
11
0
12
5
2
5
12
9
16
19
19
7
11
7
7
14
12
10
20
15
15
7
11
3
8
14
0
9
20
7
17
15
7
6
6
8
20
4
18
12
0
7
19
1
3
8
15
17
12
2
2
20
0
8
20
2
16
20
9
6
0
17
13
5
7
7
2
20
19
13
16
6
15
19
10
10
13
0
19
6
7
5
7
20
0
6
15
13
12
12
1
16
18
20
20
19
7
17
15
18
9
17
1
0
3
19
19
0
7
6
7
20
9
2
15
17
20
13
1
8
7
17
12
11
20
7
1
12
1
20
18
18
12
7
0
7
0
0
16
10
19
15
20
2
1
12
0
0
20
20
6
0
18
1
0
20
18
19
20
10
12
15
19
20
0
9
4
0
20
8
19
10
6
4
6
12
10
17
8
1
19
20
15
8
19
10
