1000 9651 0
4 18 69 88 140 229 281 381 430 435 443 500 551 612 614 709 716 791 818 971 74 145 177 260 467 
208 237 347 368 617 767 775 982 686 688 
17 20 63 127 329 385 488 550 815 844 900 922 440 500 624 
1 18 69 96 134 140 167 301 336 353 373 390 443 500 538 584 597 612 614 741 791 818 839 888 913 933 946 30 408 579 635 773 880 994 
23 145 200 226 267 291 361 554 720 993 222 308 339 
145 192 200 210 226 267 278 335 361 402 472 593 646 694 867 957 442 478 683 748 826 
30 293 377 386 471 699 732 812 352 944 
82 93 102 115 123 161 311 319 330 337 371 601 605 626 660 673 737 745 766 873 331 531 709 783 804 912 
173 257 306 497 513 561 571 574 668 725 729 832 252 279 328 474 
14 41 140 167 215 229 336 353 363 390 475 73 919 
72 172 208 305 347 355 389 542 178 799 979 
90 97 135 138 241 242 313 578 619 937 399 581 839 
103 209 625 635 705 738 941 970 72 350 640 
10 392 432 500 612 614 749 791 804 454 576 887 
262 275 510 539 579 595 764 783 785 863 668 677 722 
20 63 127 550 815 844 853 891 831 884 
3 20 63 127 476 488 504 550 844 853 900 922 976 199 236 838 935 
4 1 41 46 69 88 96 100 134 140 294 301 344 353 363 390 443 521 524 551 584 597 612 614 685 709 741 753 804 805 830 913 917 933 946 971 51 219 428 497 561 654 757 833 920 987 
28 171 269 302 350 666 860 907 939 97 763 967 
17 3 16 63 77 84 85 127 207 227 232 310 329 334 351 382 385 425 476 488 489 504 550 645 657 736 770 800 815 844 853 891 900 909 922 956 975 976 106 109 387 455 471 643 666 724 884 963 
290 309 405 552 563 652 679 717 728 880 920 177 469 754 
99 196 290 317 405 552 679 717 782 96 414 493 
5 192 200 273 367 402 720 813 139 286 506 
25 59 191 305 389 420 426 431 461 526 564 676 698 767 775 837 882 111 211 292 500 879 
24 51 59 72 76 147 151 172 199 208 212 231 237 259 318 347 352 368 389 399 420 517 518 526 542 560 617 622 775 797 837 100 111 331 447 502 804 971 
67 216 299 345 362 380 533 688 713 846 919 998 143 465 780 974 
43 48 64 105 143 170 197 289 342 398 408 409 493 580 611 798 944 951 968 990 469 614 836 929 953 
19 36 129 260 269 350 553 569 712 860 907 939 160 161 881 
30 74 221 239 323 393 623 732 73 970 
7 29 49 74 124 189 221 300 377 386 428 603 647 662 743 851 4 257 371 392 
160 307 345 380 481 846 859 910 977 326 799 948 
177 379 520 525 604 686 790 943 995 106 373 816 919 
309 405 464 499 552 717 751 756 799 880 883 74 93 800 
56 65 124 159 189 205 211 239 293 295 303 377 404 428 451 471 478 531 549 603 623 647 653 699 714 732 743 812 822 854 858 870 876 895 904 929 200 223 297 600 666 766 879 908 940 
265 416 469 510 539 595 606 847 49 216 
28 40 117 129 163 171 260 269 302 325 407 429 433 507 562 569 598 608 661 689 712 722 740 746 788 860 862 892 907 939 942 964 966 123 168 223 353 379 760 828 865 991 
244 312 327 364 460 505 522 582 684 748 757 801 879 59 847 984 1000 
48 289 308 342 408 419 821 951 226 876 
52 252 283 341 450 480 638 643 742 947 997 479 880 
36 117 129 206 269 302 325 712 722 862 939 837 847 
10 18 69 88 96 100 134 140 167 225 281 301 336 358 390 392 417 463 465 475 543 614 649 680 709 777 791 802 805 818 839 888 913 917 946 984 124 206 234 292 470 490 689 745 767 801 
233 405 552 679 728 799 880 920 495 988 
27 419 611 821 951 968 972 990 434 458 720 
247 283 320 456 638 643 742 786 855 898 947 952 997 237 290 510 872 
176 195 270 296 391 449 760 801 879 461 667 797 
18 100 167 281 381 465 551 749 933 684 846 853 
83 94 131 153 168 181 243 337 519 624 674 766 852 873 75 125 218 375 
38 27 64 91 154 263 308 376 408 409 419 611 677 968 972 990 183 410 707 780 870 
30 124 292 377 478 696 699 732 812 904 35 290 621 
269 302 325 437 722 860 862 908 303 628 
25 72 191 237 318 461 564 698 797 885 982 18 419 699 
39 283 320 366 470 474 638 643 702 786 947 63 344 594 
101 204 216 230 274 454 540 636 846 866 977 61 446 811 
93 153 181 282 357 413 446 519 548 559 602 644 672 745 979 223 419 819 
75 180 228 338 339 484 494 501 625 635 665 719 731 809 817 941 970 980 981 252 598 830 961 
34 65 74 124 126 189 211 220 221 238 239 293 303 322 346 360 377 393 428 447 514 603 904 936 119 230 258 553 708 808 922 
124 236 300 322 346 377 428 471 623 647 743 876 916 270 283 417 938 
111 333 356 540 590 688 715 846 977 93 222 639 
24 25 76 191 208 212 231 254 318 347 368 389 399 431 479 508 542 560 564 609 622 651 664 754 797 803 885 37 371 378 598 696 774 966 
124 211 239 292 293 386 471 547 743 812 858 876 904 985 80 642 673 914 
246 270 312 391 422 423 458 505 748 760 840 845 897 989 53 494 690 844 
197 408 493 512 798 944 968 990 330 737 
20 17 3 16 77 84 85 127 207 227 232 314 334 351 382 383 385 425 476 488 489 504 550 657 770 800 815 827 844 853 891 900 922 956 975 976 52 71 120 209 406 547 580 624 816 
48 27 119 143 197 261 340 342 398 408 419 512 752 821 877 944 951 958 968 990 302 616 901 950 
34 56 150 377 404 428 547 653 662 743 330 735 943 
128 178 187 222 298 394 421 438 490 495 545 765 811 841 912 973 974 124 191 197 336 900 
26 101 111 203 204 216 274 345 356 454 535 590 627 795 846 859 866 919 938 977 83 168 312 539 635 958 
233 290 309 317 405 502 552 563 591 633 652 679 717 728 751 799 880 887 1000 291 342 361 581 791 
41 1 4 18 118 229 353 432 475 543 680 741 290 504 530 844 
173 185 306 395 448 513 561 571 572 663 668 690 729 787 794 935 86 302 643 760 
119 154 261 289 376 398 409 439 493 580 727 752 944 951 968 990 63 443 561 618 
11 25 51 172 305 318 347 352 389 508 837 982 13 386 720 
137 145 226 253 278 335 367 467 468 472 485 554 589 631 646 694 720 813 867 889 911 957 10 29 255 384 447 623 
56 29 30 124 189 220 221 236 239 293 295 300 303 322 346 360 377 428 447 451 471 531 547 603 662 747 822 854 858 33 1 255 406 564 566 820 933 
55 79 95 136 156 198 228 256 365 370 484 501 529 557 592 625 635 650 655 705 708 719 731 809 819 834 941 970 981 47 182 238 411 497 637 712 831 
59 25 151 212 231 237 347 622 803 837 510 768 778 
20 63 127 383 488 504 550 844 703 933 
155 210 273 335 367 467 472 485 607 720 867 869 957 187 288 636 973 
75 339 484 635 693 817 820 980 981 457 541 908 
187 222 272 414 490 509 667 831 841 850 969 973 60 116 542 
208 368 389 420 564 681 754 837 247 500 510 
8 94 115 174 284 319 330 406 556 626 673 778 874 948 536 885 925 984 
47 94 115 161 169 330 337 371 434 519 559 602 615 745 852 67 493 914 965 
20 63 127 207 227 385 476 550 770 815 922 593 793 
20 63 127 207 476 488 504 550 736 844 891 900 922 216 597 849 882 
107 109 132 144 157 183 214 223 255 264 277 396 483 520 525 527 530 583 599 621 630 686 723 744 906 914 926 931 943 983 995 996 70 273 345 430 513 533 593 721 
117 269 325 546 862 907 942 966 718 863 
18 1 41 134 167 392 442 551 612 716 753 804 459 522 616 
172 231 316 368 389 426 508 775 796 797 837 194 286 910 
12 97 241 242 412 578 824 937 539 603 
48 408 409 457 493 962 968 990 994 293 360 691 
290 552 652 679 717 799 880 887 829 925 
54 8 161 168 169 284 406 519 548 594 616 660 737 745 945 967 58 33 392 914 939 
82 47 83 102 153 234 328 406 519 594 615 634 660 673 745 948 187 224 435 445 712 
75 501 529 625 650 665 719 809 941 476 806 946 
4 41 18 167 229 336 435 463 465 500 538 551 612 614 678 709 791 804 805 915 946 961 22 197 233 396 775 912 
12 90 135 138 201 235 241 242 286 313 412 566 578 619 654 659 739 824 856 899 19 182 281 355 830 
120 267 278 297 335 468 694 957 173 885 
22 158 224 290 317 405 487 516 552 563 586 652 679 717 751 756 799 880 883 887 918 200 217 289 320 886 995 
41 46 18 167 215 281 301 331 363 373 430 500 614 678 685 716 753 791 830 915 25 105 357 498 699 
53 67 203 274 345 540 688 715 833 846 910 977 209 711 765 802 
94 8 115 161 168 181 234 319 330 337 369 371 519 616 648 660 672 674 778 874 173 561 574 589 797 956 
13 198 228 256 365 370 529 625 635 655 665 693 705 708 719 731 809 820 941 970 226 490 564 638 736 774 
269 302 429 507 569 598 608 860 634 957 
27 197 408 512 575 677 752 990 100 814 
172 208 254 347 389 426 461 517 518 609 797 882 20 32 786 957 
86 113 121 132 133 214 271 324 343 379 630 884 926 931 950 983 992 995 996 261 377 488 617 961 
120 226 253 639 646 720 813 889 346 389 
86 121 142 144 277 279 324 379 482 483 520 527 621 848 950 960 992 995 20 272 284 722 993 
218 265 415 510 539 763 776 814 389 564 
58 67 130 193 216 307 345 356 362 454 713 718 833 890 910 977 24 25 394 
132 144 177 418 482 926 992 995 317 699 867 
107 121 184 255 287 396 453 613 621 991 995 198 556 816 
423 458 460 684 701 703 748 757 801 840 988 545 615 846 
8 102 82 83 168 234 315 330 434 519 556 576 745 816 269 318 495 949 
168 169 181 243 315 337 348 446 519 600 601 616 634 674 733 852 80 136 522 569 765 
36 40 87 269 302 325 407 433 437 507 562 598 661 710 712 722 746 860 892 907 908 928 939 612 621 904 905 987 995 
69 134 167 301 358 417 435 500 612 818 933 144 472 845 
71 64 143 194 263 289 342 376 398 408 439 537 580 675 682 700 821 894 944 951 958 972 994 56 530 552 791 912 
98 108 226 253 273 278 467 554 589 646 694 720 63 290 540 
107 113 109 132 144 177 182 184 271 277 287 396 453 532 583 686 790 884 943 950 995 128 146 212 336 705 763 
125 187 272 298 455 459 640 850 934 145 626 826 
8 168 330 446 568 605 616 674 940 948 979 36 744 
34 57 60 56 74 49 30 159 189 205 211 292 303 346 360 404 451 471 549 603 623 647 653 662 699 734 743 747 812 876 904 916 985 66 41 271 413 480 596 643 728 926 
122 178 187 222 394 414 495 667 923 47 815 844 
56 221 295 404 428 549 623 699 904 332 559 880 
20 63 17 77 84 16 85 3 207 227 232 310 314 329 334 351 385 425 476 488 489 550 645 736 770 815 827 844 853 891 900 909 922 956 976 141 277 437 441 471 664 912 959 972 
66 178 187 190 222 298 394 403 414 421 438 455 490 544 545 570 628 629 637 667 691 706 755 765 836 841 850 912 934 955 965 969 973 121 189 267 461 532 702 712 735 752 
36 40 28 269 302 325 661 666 710 712 746 860 907 928 939 966 447 776 937 
111 362 387 454 481 540 695 718 846 919 977 998 280 304 348 349 
47 168 446 548 576 660 697 873 343 619 995 
112 86 107 121 144 162 165 183 255 271 277 279 287 324 440 453 483 520 630 686 723 848 861 884 914 926 950 983 991 995 149 152 377 710 750 798 933 935 
107 223 255 287 604 931 943 950 213 633 
4 118 41 18 88 381 435 500 685 716 741 749 753 805 839 984 366 481 669 681 
97 12 235 286 313 578 619 739 824 856 937 341 857 
75 156 228 365 494 625 665 705 116 239 
73 200 291 297 335 467 593 720 869 889 999 182 229 302 
97 12 201 313 412 619 659 824 899 901 340 718 809 
173 185 395 513 668 729 794 832 23 467 613 
4 18 1 41 10 167 179 229 281 301 336 344 353 358 363 373 390 392 417 430 442 443 465 500 524 543 551 597 612 614 678 716 753 777 791 888 913 915 961 173 182 282 364 539 621 675 850 938 981 
265 288 416 469 510 539 671 735 759 763 774 806 127 674 719 
109 165 183 255 277 483 772 950 435 824 
64 27 119 376 512 575 821 877 972 26 246 796 892 
86 112 121 132 109 162 177 182 183 184 223 255 264 271 277 418 453 483 520 530 567 604 613 772 848 926 950 992 118 257 305 438 625 781 808 911 
73 5 6 146 210 297 335 402 589 122 1 460 
145 467 468 485 589 646 720 924 993 121 383 974 
25 199 208 231 420 466 508 542 577 775 837 338 569 592 
186 423 458 460 534 581 582 701 801 879 949 989 405 745 973 
173 306 448 497 503 513 561 571 572 573 663 668 729 768 794 842 935 132 260 381 528 922 
65 295 303 322 447 471 623 747 812 904 936 492 512 700 
76 25 208 212 347 399 466 523 775 297 563 840 
293 300 471 623 773 838 851 985 132 801 
94 54 47 168 348 605 616 737 686 843 
48 71 194 197 289 342 408 409 419 498 515 537 677 962 968 990 215 358 473 510 
78 200 291 335 485 593 607 646 813 911 957 246 456 
75 136 228 338 365 484 494 529 557 592 625 635 719 809 817 820 941 970 981 246 293 374 761 812 
86 165 177 264 520 583 884 926 546 676 
99 290 405 552 652 679 880 887 475 925 
34 124 211 238 239 295 346 514 603 699 743 562 722 990 
31 204 333 345 362 454 715 823 846 849 919 987 28 779 843 857 
93 102 8 83 169 202 315 330 411 434 446 486 519 548 568 594 600 616 634 673 726 745 979 28 362 388 404 743 784 
144 132 177 527 686 950 983 996 463 685 
36 206 546 553 608 746 788 792 857 860 892 939 179 404 524 
246 423 505 684 703 757 801 897 691 740 743 
132 157 142 183 184 214 271 324 343 440 483 532 583 613 621 630 762 848 906 926 931 950 995 996 336 358 361 364 697 733 783 
196 233 290 552 652 679 717 799 880 356 372 771 
88 100 41 140 46 118 96 4 10 229 301 331 336 344 358 381 401 417 430 465 475 500 612 614 685 753 805 830 191 277 290 404 684 694 731 866 
115 131 123 116 93 102 153 47 169 181 311 330 337 357 397 406 434 441 624 626 641 673 674 697 711 737 745 761 778 852 873 979 36 67 199 215 250 309 720 775 
83 168 161 93 116 202 284 369 411 434 616 624 634 658 660 673 674 737 745 761 778 816 967 318 729 812 841 938 
27 194 408 409 419 493 537 677 771 962 994 293 426 638 
36 19 325 349 598 860 862 907 942 385 572 582 
25 89 11 106 72 208 318 347 352 518 523 526 564 754 837 982 455 483 545 605 
149 139 9 70 185 250 257 306 326 378 462 473 513 561 571 572 574 663 668 729 787 794 832 842 881 935 102 98 140 236 489 615 775 
82 249 319 328 506 548 624 626 634 745 948 205 211 302 
274 454 481 636 846 890 977 998 518 747 
45 186 246 270 285 364 460 505 522 534 581 582 801 843 879 897 269 614 753 957 
162 112 157 144 121 32 214 255 264 271 277 279 324 396 453 482 520 532 567 583 621 630 762 848 871 884 914 926 931 943 995 996 21 1 257 397 550 566 688 844 945 
128 125 66 187 298 427 455 490 565 570 588 632 667 691 765 831 912 934 973 974 11 180 653 812 937 
140 301 336 401 443 463 538 678 791 804 818 913 163 440 660 
55 228 268 338 365 370 484 529 625 738 970 178 380 634 
47 168 116 54 102 284 371 519 556 576 600 615 616 634 672 673 737 816 940 979 469 492 513 562 771 926 
121 144 183 214 255 279 343 483 583 599 604 630 772 790 983 995 97 140 75 137 721 
144 86 142 132 182 165 184 287 440 453 483 532 567 583 621 630 686 884 926 996 48 478 667 843 844 
144 121 165 183 113 255 287 440 453 483 613 621 686 723 762 848 906 931 943 950 293 442 505 568 939 
173 139 70 250 306 473 497 513 668 729 794 835 935 356 641 756 933 
148 176 296 458 757 801 879 949 398 586 
66 178 125 122 80 128 188 190 222 272 280 298 354 394 403 438 455 459 490 544 545 565 570 618 656 667 687 691 707 730 765 811 831 841 912 923 930 934 973 974 94 78 371 482 652 726 729 824 970 
187 222 298 354 394 490 544 618 628 637 691 850 974 251 520 578 906 
34 56 124 74 30 205 211 239 303 323 346 377 386 471 603 647 699 714 734 743 812 838 929 985 128 193 560 609 651 671 949 
187 128 438 455 490 628 632 667 687 765 831 934 965 973 346 402 598 781 
59 51 24 208 318 389 466 479 526 721 767 797 803 837 66 167 653 766 
6 23 251 253 361 492 593 631 289 939 
111 362 384 481 511 718 977 998 189 280 446 
119 154 170 512 515 944 951 990 89 799 
45 296 327 423 757 801 897 949 621 790 
22 166 405 552 652 679 751 799 865 880 1000 678 951 
64 154 62 27 105 289 342 376 398 439 457 515 537 670 675 727 821 894 968 990 994 66 96 319 367 377 581 
103 75 256 365 484 494 625 665 693 719 809 970 980 113 547 899 900 
25 147 212 316 400 431 518 609 651 767 775 797 837 17 168 646 662 
137 5 6 155 23 253 267 276 278 297 367 467 468 472 492 589 593 639 646 694 720 867 889 903 924 957 993 99 34 428 559 641 834 904 
97 138 241 286 412 566 619 739 824 899 265 729 735 
161 169 243 315 348 371 519 548 556 673 674 711 733 737 852 979 233 336 513 603 
67 101 204 274 307 333 444 535 540 758 823 846 866 910 919 977 208 347 580 772 923 
160 53 203 67 216 230 307 321 345 356 362 481 533 535 540 590 695 715 808 823 846 849 859 866 890 910 938 977 419 665 680 728 760 852 
124 34 189 303 404 428 451 471 653 699 743 838 876 895 904 174 517 706 848 
40 163 260 269 302 325 350 546 598 712 722 740 860 862 892 939 942 41 381 575 634 668 
20 63 127 85 84 382 504 550 770 815 922 956 245 753 968 
81 25 2 147 11 191 172 151 106 59 219 237 254 318 347 352 368 389 431 466 508 517 518 523 526 541 577 651 664 683 754 775 797 803 837 982 203 379 394 468 471 604 739 839 913 920 
13 228 529 557 592 625 665 708 719 738 809 819 941 970 980 101 63 407 722 
6 78 145 226 273 276 278 335 467 485 496 589 720 889 924 999 301 625 656 673 
124 56 60 34 159 189 239 293 295 322 471 585 743 747 904 174 24 454 
59 76 199 25 151 305 318 461 479 517 518 617 676 775 779 797 885 121 483 537 616 795 
244 246 364 505 669 748 757 840 133 623 
86 165 107 177 182 264 520 567 613 744 790 995 389 651 894 913 
10 100 229 301 353 500 524 830 168 154 775 
53 111 67 26 204 230 274 307 345 356 362 444 454 481 511 540 590 636 695 713 808 846 849 866 938 977 998 85 35 483 510 614 680 947 
283 450 638 643 702 855 898 997 99 267 950 
110 262 288 477 539 763 774 776 806 863 868 896 47 414 943 
208 389 420 526 564 789 797 878 18 337 
56 74 239 240 404 478 623 647 851 904 249 310 674 
29 126 74 30 56 293 295 303 323 346 377 386 404 428 471 623 647 662 696 699 747 838 876 905 255 281 490 494 642 765 946 
80 128 187 125 66 188 280 298 394 427 436 438 490 495 565 570 618 628 629 632 667 811 831 912 969 974 58 5 229 594 715 820 892 
86 144 133 277 418 440 453 613 630 926 931 950 996 34 54 36 757 
99 290 317 405 516 552 633 652 679 717 751 799 865 880 887 94 554 689 
41 229 432 475 551 614 791 888 504 574 
5 210 108 73 6 120 251 267 273 278 297 335 361 367 402 467 554 631 639 646 769 813 869 889 903 911 103 38 365 685 743 763 846 
20 63 84 127 314 334 476 488 489 550 815 891 909 922 316 596 637 820 
103 180 136 75 156 209 55 268 365 445 484 529 592 625 635 650 719 817 820 941 981 290 479 488 597 716 840 
96 167 225 10 140 1 215 69 294 336 353 358 401 430 432 435 442 463 500 612 614 685 741 791 818 913 915 961 222 137 286 347 440 450 852 
204 53 216 274 454 511 535 636 846 910 919 56 301 611 
59 147 89 76 25 305 316 318 347 368 389 399 431 461 479 518 523 526 617 651 664 676 767 775 797 803 837 982 260 371 443 536 616 670 
63 20 127 800 815 853 909 956 552 665 794 
42 166 68 290 317 405 464 502 552 633 679 799 880 887 96 202 506 921 
94 115 102 397 411 434 605 626 634 674 816 41 320 843 
97 135 412 619 659 739 824 899 376 727 
74 57 238 404 699 743 822 876 17 173 
25 2 208 51 76 318 347 389 420 526 577 775 837 44 330 623 811 
159 236 56 293 404 471 478 773 781 876 904 75 440 884 
220 211 29 189 34 74 159 60 56 346 386 404 478 603 623 743 773 876 905 936 136 273 443 552 765 923 
220 293 346 547 822 838 876 904 439 923 
97 90 201 12 412 566 619 739 824 899 937 297 395 892 
12 90 97 412 659 739 824 899 625 701 
47 202 116 411 548 616 641 750 816 285 727 916 
213 37 246 449 534 596 748 879 897 978 988 989 249 543 790 990 
265 510 539 555 579 763 783 863 207 805 
164 213 176 244 61 270 296 327 364 422 423 505 522 536 582 596 620 669 684 701 748 757 760 801 840 879 959 963 156 143 155 455 913 944 
44 638 643 742 786 829 855 947 81 667 
265 275 416 424 510 763 806 828 293 880 
174 282 315 337 357 413 446 506 519 576 634 737 766 852 220 244 275 813 
185 173 257 513 668 729 787 842 881 168 609 909 
226 192 253 267 297 335 492 867 889 188 391 406 
39 283 480 638 643 786 947 954 997 9 55 604 
73 251 192 108 200 120 276 492 720 769 889 957 309 763 
59 208 106 508 526 617 775 797 500 794 
177 184 132 182 142 144 86 113 133 264 271 277 287 379 396 418 491 520 525 527 530 567 583 604 621 686 723 871 884 914 926 943 950 992 995 996 221 73 74 461 515 672 687 705 740 947 
103 75 198 529 625 635 665 719 809 819 604 686 868 
173 250 9 306 326 497 513 571 663 668 725 729 768 835 842 881 177 30 144 662 
290 317 405 499 552 633 652 679 717 728 756 799 865 880 887 56 518 539 840 
25 318 347 461 518 523 609 617 651 664 803 982 373 737 813 822 
28 206 36 269 302 429 437 553 666 792 857 860 892 907 966 1 149 231 305 
64 71 419 439 575 677 821 875 886 951 990 107 335 904 
218 15 265 469 539 606 774 783 267 570 
119 48 398 409 512 771 875 951 453 897 899 
177 157 214 144 86 255 375 567 630 686 848 950 420 537 880 
262 110 248 245 141 35 275 288 416 424 510 539 555 579 587 595 606 671 763 774 776 783 785 806 826 847 863 868 201 362 408 560 630 743 788 899 
330 615 616 626 634 644 673 852 979 325 471 990 
5 226 98 200 6 251 273 361 402 467 492 554 607 646 813 889 924 957 999 217 262 128 681 768 
228 180 625 635 665 693 719 820 401 420 956 
36 206 87 129 40 19 104 117 260 50 28 302 349 350 433 437 507 553 562 569 598 608 666 710 712 722 740 746 792 860 862 907 908 939 942 964 966 115 176 376 402 535 694 718 864 989 1000 
246 176 61 45 364 423 757 879 57 855 
121 177 107 255 165 132 144 279 453 491 530 884 906 926 960 996 124 406 515 853 
187 80 122 394 414 438 490 509 570 632 640 656 706 755 765 969 109 278 360 407 
267 120 210 226 78 23 297 335 496 554 631 646 694 720 813 867 239 86 326 427 
230 203 53 175 67 216 101 356 362 454 713 846 849 859 938 359 898 912 
265 248 15 510 774 785 806 847 249 540 
253 200 210 291 402 589 720 957 377 931 
86 132 109 142 223 177 121 144 255 287 343 418 453 530 599 686 744 790 871 884 906 914 926 943 995 996 167 127 366 548 663 801 916 
210 98 120 73 226 200 6 297 335 402 467 472 485 694 720 769 903 999 272 432 480 786 851 
177 109 132 271 182 375 396 440 583 686 995 9 376 
222 187 298 354 490 509 637 640 691 707 780 850 872 912 934 193 130 623 
1 46 41 140 100 392 463 685 839 221 97 567 
249 54 406 634 745 766 778 852 967 140 806 922 
39 217 252 44 52 320 456 558 638 643 702 786 829 855 947 954 997 57 439 471 836 970 
181 93 169 82 311 319 348 357 371 397 406 411 446 506 519 615 616 624 626 634 737 745 979 109 368 488 720 725 828 
176 374 581 669 684 701 879 897 243 409 503 
135 201 97 313 412 619 654 659 739 824 856 899 937 229 23 89 441 
184 277 113 255 133 132 183 121 324 453 483 599 621 762 861 871 884 906 943 950 991 995 996 295 392 732 776 818 
141 265 218 469 539 579 595 671 724 763 774 783 863 78 467 519 626 
27 154 38 197 119 71 342 388 408 409 419 457 493 512 515 537 580 611 821 825 886 894 944 958 968 972 990 994 192 99 450 483 629 940 
233 22 92 68 166 258 158 99 21 224 309 317 405 487 499 502 516 552 563 586 591 633 652 679 717 728 751 756 782 799 880 883 887 918 920 1000 69 120 44 228 167 49 351 398 702 866 
276 137 5 155 335 361 485 694 68 464 
49 60 124 386 603 623 662 876 904 936 24 41 469 
7 211 34 240 152 56 221 74 60 238 322 346 377 386 393 404 428 447 471 478 514 549 585 603 743 822 904 936 170 248 91 184 156 302 405 842 
229 18 358 363 463 551 584 839 528 679 
150 221 159 126 211 74 34 404 451 471 514 623 743 858 870 936 287 551 695 907 919 
186 45 195 246 423 528 748 757 760 807 879 978 356 481 876 880 
278 98 145 137 273 226 200 251 335 467 593 646 694 867 911 957 999 151 241 34 323 389 
128 188 222 122 66 178 280 187 354 394 421 438 455 459 490 495 509 544 545 570 632 640 656 667 691 706 707 730 780 811 836 841 850 923 930 932 934 965 974 399 402 446 453 489 595 671 699 879 
26 345 387 444 688 910 977 987 458 630 813 
57 74 30 152 346 393 623 905 936 595 625 896 
41 179 140 18 215 4 118 100 167 336 344 363 390 392 401 435 465 584 597 612 614 678 680 685 716 753 804 805 818 888 915 933 946 961 984 230 210 310 342 472 712 757 822 834 
104 269 117 206 260 36 40 50 19 129 325 349 350 433 546 553 562 569 598 661 710 722 746 792 857 860 862 907 928 939 964 966 137 293 70 64 174 312 466 478 773 
124 74 34 205 150 221 56 189 404 471 623 647 699 858 50 405 512 618 
327 364 423 528 581 801 902 953 959 130 353 625 
231 11 24 212 72 318 368 389 400 526 542 651 676 698 754 796 797 803 885 144 260 372 659 918 
70 9 185 173 149 257 326 395 448 462 497 503 513 561 571 573 574 668 729 768 787 794 832 835 842 881 935 368 490 495 520 570 625 667 
31 204 216 111 203 321 333 362 454 481 540 715 795 808 846 890 453 605 836 878 
48 38 419 439 575 771 821 968 990 5 924 931 
21 33 68 290 405 464 516 552 586 652 679 717 756 880 887 1000 168 253 402 485 655 
20 127 476 488 550 844 891 956 220 301 742 
8 168 284 371 486 519 548 626 634 750 766 945 448 668 728 952 
37 61 374 423 505 581 582 701 810 840 879 949 302 67 465 732 
12 286 138 135 97 412 578 619 654 824 856 899 470 865 970 
227 63 127 329 382 385 476 504 550 645 815 844 891 900 922 435 877 951 996 
161 115 249 116 202 506 745 852 404 803 
89 231 199 318 347 420 508 518 775 227 669 805 
290 258 68 233 99 22 224 405 552 633 652 679 717 756 799 880 112 749 818 902 
305 259 316 59 172 231 51 237 212 208 25 72 191 347 389 420 461 518 523 526 541 564 651 681 683 767 775 796 797 837 878 882 982 115 169 713 717 723 739 742 783 849 
102 82 284 174 8 328 357 397 406 519 556 594 624 641 711 737 874 197 354 824 845 955 
283 52 44 366 450 456 474 480 643 692 702 786 864 898 947 234 99 431 
307 204 333 481 511 533 535 540 590 713 910 977 335 563 570 815 
150 211 56 74 57 293 428 451 478 549 603 623 743 781 838 505 529 850 
29 189 221 547 647 699 734 904 929 297 521 581 
109 177 132 287 165 107 375 379 483 583 621 686 950 575 692 808 821 
36 206 87 40 302 129 50 171 117 507 569 689 712 722 788 857 862 892 907 928 939 964 966 266 378 536 791 853 970 
306 257 173 395 462 473 497 503 574 663 668 690 729 794 832 835 273 31 538 616 634 
195 304 37 246 460 703 757 801 879 989 346 648 934 
174 94 319 330 337 369 371 486 559 745 873 9 525 
314 3 20 127 476 550 645 815 844 891 909 922 976 400 490 
8 168 266 83 123 102 161 82 328 115 406 434 441 519 568 615 616 626 634 644 726 737 750 778 940 945 948 62 237 65 520 635 848 
100 167 336 344 435 465 612 614 716 741 753 25 8 731 
364 460 522 536 669 748 843 879 897 902 126 657 847 
321 160 203 58 307 362 688 833 846 866 938 346 844 
20 127 63 227 550 844 900 922 552 588 
297 73 145 291 251 226 6 273 78 98 278 155 210 137 361 402 467 468 472 485 496 589 593 607 631 646 694 704 720 813 867 869 889 999 261 321 418 437 516 750 805 860 966 
41 229 96 301 179 167 140 331 4 10 401 430 435 442 443 465 538 543 584 612 614 649 716 749 805 933 946 971 165 66 202 121 517 565 668 841 
8 168 116 102 249 83 47 328 413 434 519 601 605 634 644 658 674 737 750 761 766 816 873 219 379 713 868 939 
55 180 156 529 625 665 705 719 731 809 820 970 147 755 768 977 
79 55 370 625 655 708 719 809 817 820 970 5 748 992 
64 408 419 610 611 821 951 968 972 990 994 138 366 476 
39 450 638 643 692 742 786 898 135 684 
197 27 119 154 38 64 289 376 388 398 409 512 610 611 675 677 727 752 771 821 944 990 994 68 301 362 483 552 756 
107 165 182 277 621 790 884 995 131 574 
331 18 167 301 140 353 358 373 442 463 465 500 614 741 802 805 984 52 409 457 720 846 
26 31 216 67 299 101 160 204 111 362 384 444 454 481 533 540 590 688 718 795 808 849 866 910 919 938 977 86 477 483 567 579 776 943 
300 189 293 159 74 239 57 56 240 221 124 360 386 404 451 471 547 623 653 662 699 732 734 743 773 781 822 876 916 327 333 190 108 367 440 481 820 
259 237 76 316 72 151 59 231 25 2 318 172 208 11 106 389 399 426 431 517 542 617 651 664 676 683 721 754 789 797 803 982 229 203 443 641 699 776 825 871 976 
284 153 116 202 446 624 641 711 130 870 
302 171 269 507 553 712 722 862 130 748 
302 28 19 269 206 710 712 722 792 862 939 966 13 615 869 
20 63 127 550 844 891 909 922 290 438 581 
25 72 208 172 560 617 754 789 7 875 
215 18 229 344 140 4 69 10 390 463 500 521 614 791 818 961 304 36 772 815 998 
280 298 187 188 438 509 667 687 831 841 912 319 406 997 
11 368 461 542 617 681 775 882 97 362 505 
204 216 58 67 274 111 362 627 688 715 866 910 938 977 185 296 166 901 
54 249 319 168 284 434 506 568 615 624 626 672 673 778 945 100 620 884 907 
294 140 41 344 229 118 167 430 465 538 551 597 612 614 685 741 753 888 913 915 917 165 154 362 799 825 882 
469 477 510 539 587 763 806 847 274 499 832 
56 124 346 74 377 404 471 478 623 699 812 838 870 272 91 566 999 
267 6 335 5 291 192 226 367 402 496 554 639 704 720 769 813 903 165 68 619 774 783 
274 216 307 345 204 130 193 356 111 160 333 26 384 444 481 511 533 540 590 636 695 713 715 718 795 808 823 833 846 849 859 866 919 938 977 987 161 358 355 342 265 363 467 509 662 667 
100 18 301 294 10 140 381 500 543 612 614 805 888 917 946 984 362 416 583 
37 213 332 304 176 270 246 505 801 810 165 140 574 
180 136 198 228 103 156 75 529 625 705 719 738 941 970 981 226 677 716 793 
52 320 450 456 470 480 643 786 855 898 947 954 134 340 277 
78 23 73 226 200 361 467 472 485 607 704 720 346 197 403 650 
231 89 2 25 59 81 305 208 355 426 431 461 466 508 683 837 284 306 729 
328 102 169 397 406 486 601 626 634 644 672 674 745 816 424 465 746 995 
180 339 75 103 484 529 592 625 635 705 719 941 372 569 838 
181 328 83 102 8 202 284 311 446 600 605 615 616 673 697 733 737 766 778 59 187 231 30 944 
416 510 671 759 783 793 826 925 370 305 166 
140 100 344 4 401 475 614 649 680 741 749 839 984 259 32 754 880 
312 285 449 458 536 581 701 843 902 978 156 816 867 
264 279 324 621 772 884 926 950 47 382 821 
342 197 71 143 119 48 398 419 439 498 512 515 580 610 611 675 677 682 752 771 798 821 825 877 886 944 968 990 269 279 235 415 420 647 824 
34 30 293 57 56 221 65 74 189 7 49 360 393 404 428 447 451 471 478 514 549 603 647 699 743 747 773 812 854 858 876 904 905 929 936 985 132 197 107 276 453 519 731 948 950 952 
173 395 513 574 663 668 729 787 325 59 
107 324 255 109 32 418 440 483 527 599 686 772 884 914 926 943 995 36 208 337 614 997 
31 26 481 540 627 688 849 859 866 910 919 180 462 539 
1 167 46 134 363 401 432 443 500 538 584 612 685 791 830 915 206 149 661 797 
20 63 314 207 488 550 815 844 891 900 975 976 375 403 630 
77 63 476 550 815 853 891 900 956 146 553 794 
362 193 345 540 695 846 977 987 998 73 572 852 
20 63 127 84 3 314 476 504 550 891 900 171 446 919 
293 30 189 346 7 221 239 60 292 393 404 428 547 623 647 662 895 916 936 72 518 612 736 903 
130 299 444 454 535 688 823 846 998 20 514 993 
289 342 398 408 409 419 457 512 575 580 677 161 574 
81 106 191 25 24 59 11 219 89 347 318 208 72 231 305 237 399 420 508 609 683 775 796 797 803 837 882 982 214 297 110 108 476 626 728 
4 18 353 301 10 41 140 392 521 612 614 741 777 805 915 933 405 673 686 687 960 
45 61 423 458 620 748 879 989 251 830 
88 301 140 390 14 281 41 463 500 680 804 287 93 30 
293 56 377 29 386 300 623 714 743 904 806 866 887 
187 188 66 128 298 125 222 272 403 410 414 436 438 455 490 509 544 570 618 628 629 632 667 687 707 730 765 831 836 841 850 912 932 934 955 969 973 974 986 111 208 398 531 679 688 748 837 876 944 
139 70 306 326 378 574 663 668 729 241 586 862 
86 113 255 279 121 177 520 525 613 686 884 950 96 579 970 999 
234 284 369 319 168 634 641 672 816 852 177 527 927 
71 263 376 27 388 342 64 197 119 409 419 439 457 493 498 515 575 610 798 821 825 877 944 951 962 968 972 990 186 290 394 452 454 466 469 673 
231 59 25 347 151 389 517 518 526 541 542 683 779 298 12 643 867 
305 199 431 541 721 779 797 982 329 602 976 
381 373 229 336 179 301 167 442 443 500 551 584 612 614 804 915 984 268 502 526 552 934 
23 361 276 226 278 6 335 145 267 467 589 593 631 639 704 720 813 867 869 889 903 924 993 309 298 269 190 771 922 
187 394 128 490 570 628 765 934 367 382 922 
386 238 377 293 346 124 239 221 295 236 360 34 65 220 205 303 126 428 447 514 547 549 623 743 812 858 876 904 929 167 315 163 161 535 687 757 775 
290 158 196 99 68 309 258 224 233 42 317 33 21 22 464 499 502 516 552 563 591 633 652 679 717 728 751 756 782 799 880 883 887 918 920 1000 390 293 148 303 580 823 831 894 977 
82 168 369 319 94 282 284 330 93 519 556 559 568 626 673 674 761 766 816 852 251 74 63 354 271 747 
36 117 546 553 569 689 712 907 939 209 272 762 
27 289 48 38 170 64 91 340 62 388 154 119 105 409 419 493 512 537 580 610 611 670 675 677 682 700 752 798 821 825 875 886 927 944 951 958 962 968 990 4 265 423 434 505 557 601 712 746 
289 388 71 48 342 27 263 398 91 154 408 170 419 512 575 675 727 821 877 951 344 285 412 720 974 
394 438 490 509 570 637 656 667 872 934 973 48 428 
234 284 243 161 169 602 626 778 75 782 
97 286 313 241 138 90 242 201 235 566 619 654 659 739 824 901 409 472 832 931 
249 337 54 674 733 737 761 766 816 873 124 591 623 
80 125 394 128 272 490 637 667 841 912 923 973 22 218 652 
110 424 510 539 579 759 806 847 925 376 643 663 
248 265 141 372 35 469 510 539 595 671 763 776 783 784 847 868 363 431 729 952 990 
167 41 118 140 435 465 597 649 753 839 933 946 57 448 633 827 
112 144 379 223 255 277 491 527 848 884 906 926 335 550 611 
289 64 409 398 340 388 43 154 408 38 48 376 261 308 170 498 512 537 575 670 675 677 682 700 727 752 771 798 821 825 877 894 927 944 951 962 968 972 990 994 54 51 204 474 507 751 809 860 893 897 
81 237 24 316 147 25 219 389 318 431 564 721 775 779 797 837 376 264 268 751 810 
128 298 66 427 570 667 841 934 446 486 
246 61 684 757 760 807 988 989 451 784 
296 148 270 246 391 312 304 195 114 164 61 449 505 534 581 582 596 684 703 757 801 843 879 949 959 963 988 989 408 510 589 783 818 853 942 
248 415 265 469 477 539 595 763 774 776 783 806 814 847 893 369 898 969 988 
20 63 127 488 550 844 891 900 922 809 988 995 
368 347 106 24 89 526 676 754 803 882 170 578 652 
421 222 178 455 637 765 831 912 986 273 
34 57 205 386 30 404 377 322 56 74 65 221 126 293 447 478 549 603 699 732 812 854 858 895 904 905 916 936 18 410 200 535 915 983 
36 260 104 553 712 722 862 892 907 908 939 966 518 694 
167 336 100 140 358 229 1 443 500 716 804 805 86 602 925 
231 420 208 400 199 368 24 347 59 517 541 609 617 681 767 775 796 320 416 527 968 971 
69 381 14 225 229 500 538 612 614 649 678 753 818 278 786 887 964 
36 302 117 269 553 788 860 939 526 874 
234 83 169 115 337 357 161 168 330 519 559 616 626 642 648 673 674 750 778 945 43 408 710 751 921 
134 1 331 229 96 417 301 336 118 443 584 612 614 709 753 805 818 915 933 961 94 314 142 529 665 
222 394 490 509 544 618 912 973 554 985 
260 269 50 117 661 666 788 792 860 908 939 966 335 127 484 
222 187 410 298 394 354 272 128 66 190 459 490 588 629 656 667 687 706 765 780 836 912 930 934 965 973 351 144 521 731 758 797 924 
398 308 119 376 71 261 197 611 951 990 240 283 463 
165 132 279 223 379 184 183 483 520 525 532 567 613 621 630 686 762 790 871 906 931 943 991 996 238 179 346 3 229 777 
168 330 506 615 641 778 873 979 286 127 919 
88 229 344 401 336 140 465 597 614 685 749 805 184 6 651 794 
401 18 1 430 435 336 381 4 140 179 475 521 584 612 614 805 830 961 971 231 347 71 239 583 
216 203 362 299 387 345 481 540 636 808 846 890 910 508 848 850 864 
228 484 494 529 625 719 834 970 94 898 
371 123 284 131 116 249 348 161 54 548 594 600 616 624 641 642 737 745 852 873 940 385 53 298 421 193 612 
404 428 74 150 56 377 293 478 699 812 870 876 129 73 25 630 
70 306 149 503 574 668 725 729 794 832 935 417 311 
244 45 374 423 581 582 801 949 487 887 
341 366 39 320 217 480 558 638 643 692 855 997 229 289 451 453 
322 377 295 124 74 346 205 34 478 699 734 743 838 422 450 622 797 
513 573 663 668 729 835 881 935 398 954 
132 271 184 144 177 277 287 121 113 183 223 483 583 599 630 723 790 871 950 450 377 298 307 263 
160 274 53 387 130 230 307 175 345 111 216 67 481 533 627 715 833 846 849 866 890 910 938 998 211 14 398 734 934 950 
427 190 298 187 394 178 128 122 490 544 632 656 687 707 841 850 932 965 973 246 172 20 609 
44 283 320 366 558 638 643 947 155 817 
289 398 388 197 91 821 877 994 344 79 
374 391 148 186 114 61 505 581 596 684 701 748 757 810 840 843 879 897 902 978 43 299 509 521 
438 187 122 298 490 588 667 811 831 836 934 973 88 679 906 
332 114 176 327 37 148 522 528 581 596 669 703 748 840 843 845 897 949 963 145 626 699 926 
368 24 355 106 259 212 231 51 318 622 683 698 775 797 878 882 45 255 128 741 
306 173 326 663 668 729 832 842 380 803 
294 41 229 344 96 179 392 281 353 614 680 685 716 753 791 888 439 162 510 902 
33 405 309 233 552 679 717 880 291 972 
41 140 331 167 344 417 96 46 336 358 301 442 716 753 830 26 312 369 
368 151 147 191 208 523 560 564 683 779 796 882 982 398 302 516 757 
402 226 297 120 200 210 278 78 73 137 146 267 367 335 472 485 554 593 607 639 646 694 704 720 813 867 924 999 1 139 362 288 672 676 737 816 
200 73 335 146 98 589 720 903 208 549 
416 35 141 262 424 288 359 510 539 555 595 671 735 763 764 774 784 785 793 814 826 847 863 896 925 181 398 21 292 27 756 791 
52 366 474 638 643 692 702 855 898 952 997 41 313 990 
57 221 238 293 303 152 150 34 346 7 189 124 74 295 211 60 360 205 377 549 603 623 647 653 699 714 732 734 743 773 781 812 858 870 876 936 20 208 127 266 283 519 612 767 912 
73 200 78 367 335 6 467 278 496 639 704 720 769 889 999 301 118 412 717 
185 173 326 497 503 574 663 668 729 794 835 154 757 762 
470 52 320 643 829 947 952 997 419 9 909 
69 167 443 10 41 373 225 521 158 623 998 
20 63 127 383 314 227 385 329 17 85 84 310 488 489 504 550 770 815 844 853 891 900 909 922 956 389 340 95 548 753 936 974 
359 218 424 510 539 763 774 806 828 896 345 656 852 
239 293 360 322 49 377 34 428 451 447 238 220 603 623 714 743 773 183 6 302 526 689 
191 231 212 59 541 681 775 803 39 228 
39 366 450 252 320 638 643 742 786 829 855 898 947 952 124 278 673 719 
216 345 175 444 307 380 321 454 31 204 130 193 362 535 590 713 758 795 808 846 866 938 977 998 296 134 346 836 882 966 995 
112 177 109 848 906 950 995 996 187 668 674 
132 109 379 142 144 440 183 184 324 287 165 182 453 86 567 583 599 604 613 630 686 723 772 884 914 926 931 960 983 991 995 289 342 216 345 172 212 625 719 
156 180 79 55 445 370 228 75 198 494 592 625 635 655 665 719 738 809 820 834 941 970 980 437 586 640 783 951 
278 73 291 335 210 155 467 146 78 367 492 554 589 694 720 309 513 814 873 
328 311 161 369 519 548 559 658 673 852 421 859 883 
290 99 499 516 652 679 717 751 799 880 887 920 449 540 628 712 
20 127 310 476 382 85 425 77 227 3 63 17 489 504 550 657 800 827 844 853 891 900 922 975 284 107 228 538 871 904 928 
20 63 127 227 476 488 550 827 844 891 900 922 298 173 761 986 
438 222 272 187 80 414 280 178 403 455 188 128 410 459 190 436 394 298 66 509 544 545 570 628 637 640 656 667 687 706 765 841 912 932 934 965 974 986 306 221 103 329 41 550 569 647 900 903 
255 271 418 613 621 906 926 950 717 837 
200 251 267 253 485 192 720 813 150 181 
289 408 62 91 71 27 398 170 821 886 894 944 968 972 22 83 652 797 
136 55 445 484 156 198 625 635 705 809 970 981 61 221 934 
222 125 66 298 545 765 841 850 306 42 115 
335 273 361 210 472 593 607 646 668 968 
185 257 473 306 149 9 326 668 794 832 842 935 18 75 778 914 
376 398 154 419 727 877 958 990 100 979 
33 290 405 258 487 552 652 679 717 728 782 918 359 649 683 798 
344 14 353 1 363 134 215 4 167 430 401 140 229 381 432 100 96 118 392 524 538 597 614 678 685 709 777 802 805 818 839 888 913 917 946 971 24 3 81 254 535 611 667 788 
75 55 95 635 665 719 738 819 526 945 
68 405 290 233 552 633 652 679 751 865 880 920 25 401 588 996 
448 473 149 326 306 513 668 835 285 619 
385 20 63 207 476 77 314 17 488 85 550 815 827 844 853 891 900 909 922 956 225 69 850 875 990 
246 176 37 164 312 423 364 61 213 458 534 703 748 757 760 801 807 843 879 902 989 355 322 408 184 597 859 
284 174 315 441 249 357 519 602 616 641 672 697 726 737 967 233 23 633 
269 117 36 325 349 104 546 553 689 712 746 907 966 419 651 786 890 
368 59 389 89 316 72 147 208 254 517 523 779 837 444 525 799 806 
410 280 490 80 272 354 394 298 436 637 656 730 765 912 934 458 362 523 679 
110 265 245 372 477 248 141 35 15 415 359 469 416 275 539 555 579 595 606 671 735 764 774 776 783 784 785 793 806 826 847 863 868 893 896 921 925 423 76 44 154 81 216 463 608 639 772 
193 230 321 362 216 535 590 713 833 846 919 938 637 732 974 
376 408 105 143 64 263 419 62 194 342 289 409 388 675 798 825 877 944 962 990 303 150 674 716 867 
306 503 257 378 139 173 452 185 9 70 250 149 561 574 663 668 690 729 768 787 794 832 835 842 935 181 485 86 202 622 911 936 
404 56 159 377 295 293 547 623 732 747 854 387 881 
197 376 398 154 194 289 944 990 994 271 255 879 
405 224 99 290 309 487 552 652 679 717 751 880 887 920 466 335 937 967 
347 208 508 212 399 25 431 106 789 982 205 336 935 
172 199 318 208 399 106 316 231 212 259 25 526 542 560 617 797 982 386 429 175 258 667 
337 202 116 102 506 83 319 93 94 181 330 434 47 54 249 161 284 486 115 311 406 548 559 568 594 600 616 642 673 711 737 745 761 778 816 852 873 874 940 979 288 377 471 685 842 862 876 914 973 994 
396 132 157 214 144 177 255 109 440 32 86 621 723 848 906 914 926 943 950 995 306 188 330 603 706 
443 475 353 18 390 538 584 612 614 323 438 458 
332 246 176 37 460 528 703 757 801 807 949 989 88 116 966 
466 508 259 172 151 318 231 208 767 775 797 837 509 529 657 896 
18 140 500 215 612 709 716 984 163 640 652 
255 396 440 32 86 604 621 906 950 508 328 939 
305 318 25 237 208 219 518 191 231 426 254 399 172 24 542 564 622 878 982 401 433 478 501 904 
109 255 418 86 379 162 762 772 861 906 397 431 895 
522 296 304 460 581 582 596 701 953 149 294 889 
370 365 338 95 256 103 156 180 445 75 209 228 557 708 719 731 738 817 834 970 523 435 322 753 778 
255 271 277 144 86 884 914 926 995 69 119 932 
74 34 623 743 781 812 838 904 8 394 966 
440 177 121 183 165 599 604 613 630 884 943 950 992 128 591 779 935 
26 345 362 321 204 454 540 590 695 758 795 846 859 910 977 987 86 602 649 682 
148 244 505 176 423 669 701 748 757 801 843 953 599 668 936 
481 203 321 511 230 204 67 387 627 808 866 919 938 987 404 428 500 269 
332 246 374 581 582 748 757 879 953 82 325 231 
170 419 197 119 408 154 289 575 670 677 727 771 821 968 972 264 212 835 910 
4 179 358 96 521 500 381 432 336 749 830 961 488 326 784 809 
424 469 510 141 218 416 35 15 265 477 415 359 110 288 262 245 555 579 587 595 671 735 759 764 774 776 783 785 806 814 826 828 847 863 893 896 921 925 90 140 67 258 380 556 576 737 756 977 
533 380 204 321 362 216 384 307 53 101 203 130 58 444 345 627 636 695 718 795 859 910 919 938 998 487 275 120 656 668 671 973 
479 208 318 400 399 431 564 882 79 546 
59 147 25 526 518 347 305 355 11 399 676 721 80 776 951 
363 69 336 41 140 753 802 804 915 244 555 982 
188 490 394 298 187 128 455 436 588 656 667 841 912 923 934 969 973 974 582 673 726 804 847 
187 490 298 66 495 128 628 667 687 707 730 755 841 912 932 934 955 172 114 603 616 692 
407 507 302 87 206 163 598 712 722 860 862 939 541 157 627 
65 346 514 323 386 74 404 240 60 603 876 905 198 63 730 907 
311 174 161 202 486 446 519 93 54 243 131 594 616 624 641 658 674 733 852 940 277 476 614 646 663 809 
34 471 293 377 428 126 404 322 124 781 812 876 929 468 877 979 981 
20 63 127 476 488 385 351 314 227 329 85 17 489 382 16 3 84 504 207 425 383 77 334 310 645 657 736 770 800 815 827 844 853 891 900 909 922 956 976 490 177 418 556 589 709 928 947 968 979 
358 225 401 18 1 294 46 140 88 96 584 295 693 832 
405 290 464 68 516 317 309 258 224 166 92 99 502 499 196 33 22 42 21 158 233 563 586 591 652 679 717 728 751 799 865 880 887 918 920 1000 334 401 119 232 342 239 844 915 947 
260 163 429 28 433 349 507 269 407 302 598 710 712 908 928 966 56 383 977 985 
226 485 273 361 467 267 73 120 5 589 639 694 720 867 903 911 224 436 613 966 
469 245 539 265 510 595 735 774 776 783 847 863 925 543 719 745 864 
82 115 406 181 319 202 559 616 873 539 113 550 
156 75 209 529 635 820 941 980 408 667 922 
456 283 450 638 692 702 786 898 626 801 
406 54 486 556 83 328 434 519 594 711 816 940 126 200 665 753 
25 59 466 352 518 683 721 754 775 189 265 716 
9 173 149 513 70 306 573 574 668 729 794 832 835 842 935 102 71 18 890 
36 117 302 269 598 661 712 740 860 907 964 159 181 637 
68 552 290 405 21 99 652 679 717 799 880 887 321 151 981 996 
219 59 172 51 466 81 526 420 541 24 318 609 622 683 698 721 767 775 779 789 797 837 878 982 110 103 74 627 802 930 
187 178 222 570 628 640 934 973 336 907 
412 97 241 201 619 654 824 856 360 74 177 
483 440 264 177 144 255 214 183 621 686 772 848 345 281 617 
123 161 406 357 519 330 605 616 778 184 729 883 
302 269 36 325 28 407 104 608 666 712 722 746 792 860 907 942 147 490 116 370 904 
187 128 490 410 272 403 298 222 421 394 565 178 588 629 667 706 755 955 965 306 262 321 982 
149 257 9 70 306 173 574 663 668 729 842 702 876 
149 70 173 668 729 768 794 835 171 384 
561 306 149 452 668 787 794 935 803 876 906 
473 306 173 561 513 395 448 378 571 9 326 663 668 690 725 729 768 787 832 842 935 225 364 388 102 343 855 
409 388 419 398 105 261 308 143 537 580 610 771 821 944 968 206 324 695 851 
249 181 115 131 634 660 673 697 766 14 539 694 
237 147 208 651 698 775 837 878 635 743 
97 90 12 313 135 619 654 659 739 824 856 899 901 937 426 188 607 987 
539 510 15 245 415 265 288 671 724 763 776 783 785 806 828 847 863 893 925 396 345 4 743 
119 376 289 388 575 408 27 71 771 821 877 968 203 405 63 621 
423 528 374 148 312 304 536 449 458 285 176 460 582 596 620 669 684 703 748 757 807 843 959 978 351 68 12 197 323 707 723 
246 148 423 37 312 581 536 528 176 449 748 757 807 810 843 879 897 949 171 544 617 653 789 
157 255 165 182 177 121 483 324 279 183 453 86 613 621 762 772 926 950 995 996 443 363 763 909 
301 18 336 294 551 521 401 443 435 4 381 597 614 680 709 818 729 815 848 943 
211 293 603 696 743 747 781 854 690 891 
552 290 99 309 633 652 679 717 799 880 918 920 186 395 484 
265 539 359 763 776 806 847 863 896 662 738 743 
178 570 438 459 544 831 923 934 502 334 
120 145 276 554 73 485 200 335 402 468 210 146 720 867 957 550 423 102 929 
511 533 58 321 481 362 345 216 67 204 636 688 846 977 998 714 770 968 
552 290 68 405 652 679 717 756 865 880 883 887 413 532 818 
209 370 156 228 484 75 625 665 705 719 738 834 147 637 792 
192 200 467 335 155 6 137 297 496 402 694 867 86 84 910 
519 93 446 559 161 94 548 319 601 602 745 52 222 947 
510 469 416 539 15 555 265 35 424 288 671 735 763 764 776 784 785 863 921 300 298 715 891 
458 246 244 528 581 423 460 801 840 879 978 227 124 
442 358 584 500 301 18 4 140 417 753 777 830 888 228 505 85 745 
562 206 171 117 104 553 269 546 36 302 666 689 710 712 722 788 857 860 862 907 939 59 190 55 632 764 867 
287 379 532 483 182 453 277 86 604 621 686 744 534 878 
116 446 181 371 519 161 641 778 34 934 977 
594 116 369 8 337 616 624 626 672 745 945 408 638 975 
83 54 411 594 506 624 626 634 641 673 674 726 979 430 400 533 943 
159 292 478 547 428 30 293 585 239 377 34 124 322 471 56 74 189 623 699 895 929 520 90 202 545 619 748 
532 144 255 182 32 599 133 525 483 621 686 914 926 208 252 256 649 
568 337 153 371 234 123 8 711 873 940 979 172 307 794 
265 35 262 510 735 763 776 783 806 814 828 847 613 641 753 815 
467 335 496 78 155 267 367 720 867 999 578 696 975 
269 36 104 163 569 712 740 860 907 510 671 831 
389 59 564 199 431 259 106 837 455 250 189 
376 398 342 575 340 408 875 968 719 767 
342 27 340 376 48 439 43 408 289 675 682 752 798 821 886 972 500 230 418 757 
443 18 435 118 432 1 381 167 331 521 4 363 96 358 229 140 88 401 14 301 336 390 524 649 709 716 741 753 804 818 961 984 386 471 117 446 638 787 876 900 
223 491 396 184 214 532 440 144 113 165 483 583 861 871 884 906 943 950 960 992 996 139 606 554 735 752 922 
401 301 14 463 331 336 225 358 100 390 4 363 18 41 353 442 344 140 1 96 432 373 443 584 435 167 521 229 500 685 716 741 791 818 830 888 913 915 933 946 176 548 27 216 379 677 704 759 879 977 
181 83 94 330 357 371 266 441 284 644 940 967 350 173 114 
330 116 123 181 371 519 153 102 434 548 93 169 601 161 284 266 556 446 243 506 568 634 642 674 737 745 761 778 816 852 948 979 64 231 212 88 545 326 646 815 992 
254 518 355 25 231 259 347 212 2 352 431 767 797 803 837 582 107 567 701 
394 187 222 188 436 637 667 687 831 850 965 973 303 71 711 772 
97 412 578 313 12 138 135 235 201 241 286 566 654 659 739 824 901 131 503 361 603 969 
246 581 391 701 748 757 760 879 357 941 
324 184 567 86 255 109 604 183 520 440 599 343 491 525 113 287 177 583 375 165 686 861 884 914 943 983 995 580 140 117 49 195 886 
461 526 564 25 76 59 651 767 513 451 
404 150 346 514 34 360 393 29 300 295 531 478 471 239 386 124 603 303 220 57 322 221 152 292 126 647 699 714 781 858 870 895 213 413 73 280 237 475 950 
548 446 284 602 168 174 319 601 348 357 47 169 626 642 674 711 3 63 863 995 
209 445 494 228 136 103 180 156 75 268 13 55 484 256 370 339 365 95 338 592 198 635 665 693 719 731 809 834 941 970 980 210 304 144 483 306 242 300 839 
624 174 357 284 602 311 369 601 82 8 168 266 411 330 406 234 434 874 948 979 288 558 389 460 122 746 
356 454 535 540 67 380 636 849 564 546 
188 545 128 394 565 403 190 490 222 687 691 706 730 755 831 836 841 912 932 934 965 973 974 986 50 487 743 744 769 874 
222 570 394 128 438 667 934 974 289 647 
264 132 183 532 107 223 165 177 182 453 86 483 440 931 983 991 447 299 382 265 
402 73 335 192 226 273 720 769 867 911 999 671 822 943 
455 394 190 222 272 298 178 687 923 934 973 974 598 809 880 
258 290 405 586 233 502 224 68 317 652 717 728 756 799 865 880 887 506 417 133 778 954 
602 284 181 337 174 576 616 330 311 397 369 94 161 282 234 249 266 116 169 644 648 711 726 737 745 778 816 852 180 326 104 206 728 813 837 
494 501 75 268 256 156 79 625 228 484 370 557 55 103 13 655 665 693 705 719 738 809 819 834 970 4 577 67 330 679 964 
362 590 175 216 540 230 627 444 53 866 987 78 742 887 
280 427 509 490 410 128 618 414 188 667 841 850 923 934 969 973 511 562 227 75 592 
283 480 558 341 247 39 52 470 252 450 456 44 217 643 702 742 786 829 855 864 898 947 952 954 601 103 170 612 827 869 
402 108 554 361 472 200 467 226 694 720 813 957 510 58 650 
122 272 565 298 280 490 667 687 765 836 934 524 13 484 
600 506 548 168 397 441 348 243 446 602 319 642 660 672 711 766 945 200 606 347 185 910 
434 616 624 446 519 641 674 733 60 221 
638 283 320 480 44 450 366 470 52 39 252 217 474 456 341 247 692 702 742 786 829 855 864 898 947 952 954 997 124 70 399 20 415 960 979 
369 337 266 615 330 634 54 674 761 778 816 852 862 880 951 953 
550 314 127 329 20 853 891 922 783 906 
120 467 155 226 6 108 146 73 200 273 267 335 297 496 694 720 616 199 548 861 891 
124 34 220 623 471 303 377 30 189 323 386 221 57 699 743 851 895 905 916 936 490 629 376 901 
102 634 434 660 673 737 761 778 327 904 
417 41 432 373 612 336 802 888 604 533 499 
95 75 228 655 719 738 809 980 639 367 
199 622 231 59 208 577 259 318 305 347 681 683 775 789 796 797 885 214 442 189 507 980 
552 290 405 166 563 92 586 309 317 224 158 99 516 487 502 258 499 591 21 68 196 633 679 717 728 751 756 782 799 865 880 887 920 1000 493 426 187 414 524 672 778 813 857 
124 205 65 34 346 471 696 904 985 191 582 178 
412 566 286 578 313 619 97 937 18 873 
484 339 650 635 75 103 719 970 981 309 737 895 
298 544 455 410 272 438 509 187 490 831 973 974 210 540 477 801 
550 63 20 488 815 891 900 909 922 332 523 897 
169 337 486 548 673 737 778 874 940 801 858 888 
97 286 138 578 619 412 242 235 824 856 901 305 816 853 
102 131 8 93 641 576 94 648 169 673 674 697 711 816 852 945 179 669 703 752 893 
437 129 117 302 36 562 712 792 892 907 966 381 877 
30 221 124 292 74 346 65 386 734 851 876 904 929 362 257 587 199 
378 462 574 513 149 473 326 70 395 571 173 452 257 668 690 729 835 842 935 277 415 548 700 
208 231 59 259 347 698 779 882 127 719 774 
209 635 501 55 625 268 256 95 484 338 592 103 136 198 705 708 719 731 809 819 941 970 980 435 204 232 559 945 
569 19 437 269 598 260 129 689 712 860 907 34 20 717 
187 640 125 438 190 629 222 545 618 637 80 178 570 421 410 414 544 128 394 459 490 298 354 691 706 730 755 765 831 850 872 923 932 934 969 362 247 500 183 557 518 45 306 884 
306 173 513 574 663 149 326 257 70 561 185 497 9 571 473 448 395 250 573 572 503 462 452 378 139 690 725 729 768 787 794 832 835 842 881 935 206 15 482 534 496 336 540 311 734 821 
460 332 285 581 213 246 534 701 703 757 801 807 810 879 949 134 316 660 770 
408 197 537 419 677 700 944 968 231 801 873 
595 265 579 510 416 372 141 469 288 539 763 764 774 776 783 784 793 826 863 893 189 631 298 540 608 750 
641 601 397 54 181 357 102 506 369 673 674 733 737 873 940 467 255 652 
660 82 648 169 406 519 266 602 357 161 672 94 434 486 658 181 576 8 168 202 371 816 852 874 398 480 544 390 60 210 
624 413 672 616 123 602 234 369 47 660 642 337 406 644 202 168 548 102 169 434 116 711 745 750 778 852 979 220 482 141 512 810 830 
408 342 409 512 197 376 611 119 419 894 951 140 812 938 
24 231 542 212 347 305 426 754 779 789 837 467 157 
670 419 170 408 388 48 537 154 342 376 261 105 877 944 951 962 968 972 990 365 614 15 920 
140 301 179 500 432 96 100 888 196 980 
290 405 552 652 309 317 99 92 224 258 516 487 499 502 21 586 233 158 563 196 22 166 591 68 42 464 717 728 751 756 782 799 865 880 883 887 920 1000 394 294 459 635 509 725 798 835 849 993 
584 41 463 69 301 392 373 753 216 204 909 
479 431 651 318 81 355 698 982 134 267 
419 119 376 408 611 727 825 886 533 888 
389 564 560 399 347 461 466 208 368 318 651 775 885 6 499 872 965 
114 246 423 164 285 37 422 581 458 757 807 810 879 167 341 46 841 
442 18 134 301 500 358 381 463 614 281 229 100 167 753 984 162 226 519 990 
183 277 255 162 86 567 621 132 279 32 379 396 599 440 483 604 121 264 184 324 772 790 926 943 960 153 2 256 390 821 957 986 
545 632 455 187 628 490 640 354 618 190 394 438 912 934 404 255 390 712 
26 387 58 590 356 380 299 345 333 101 718 758 823 846 977 394 177 2 950 
325 507 407 598 36 666 712 722 964 224 478 41 
668 70 326 663 513 574 729 794 832 61 585 982 
667 628 178 280 188 298 187 128 872 973 974 164 91 863 
643 450 470 320 341 558 786 855 952 324 545 900 
79 268 625 198 635 103 705 719 820 970 551 741 880 
278 200 467 6 73 554 297 646 273 291 485 335 639 98 593 120 720 813 957 993 269 167 576 429 887 963 
540 533 204 362 216 130 384 823 846 849 977 998 295 575 965 
49 653 585 221 734 743 812 904 59 607 
168 131 660 576 371 506 778 940 165 879 
681 24 564 51 461 664 305 577 754 767 779 717 944 
159 124 7 126 49 189 221 603 447 323 303 377 34 471 647 205 236 346 428 451 360 623 732 781 812 838 876 904 347 112 100 51 298 460 879 927 
408 670 419 119 798 944 962 990 663 150 
374 114 312 534 285 620 669 528 246 458 148 703 757 845 879 242 617 745 
643 638 470 283 558 217 320 52 855 898 947 952 997 571 128 290 917 994 
505 701 460 669 522 114 164 327 581 423 801 879 897 949 988 77 660 974 
472 467 335 361 367 402 720 769 813 889 924 614 754 854 
75 365 494 665 635 136 338 13 592 370 103 693 719 731 970 980 255 121 983 
667 438 128 570 272 490 298 628 730 831 934 974 520 205 827 
298 280 455 187 394 545 934 969 581 48 
665 209 103 339 529 75 719 809 56 729 
18 584 96 524 612 500 1 435 41 913 8 550 824 
302 598 117 553 269 129 350 740 434 132 763 
605 319 168 624 674 348 559 641 202 634 660 519 737 766 852 101 618 739 825 
269 36 40 129 350 429 325 661 546 206 666 608 689 562 349 598 117 407 569 553 507 28 722 740 788 792 860 862 892 907 928 939 966 94 128 301 408 687 487 75 744 920 
481 26 274 321 111 511 216 362 846 859 910 337 318 997 
623 393 189 478 34 471 870 876 590 977 
454 356 58 307 101 160 204 362 222 595 853 
134 301 336 331 612 140 1 430 100 463 88 465 524 614 830 933 228 512 365 560 
679 552 290 405 516 317 99 68 499 258 309 633 224 586 33 652 21 563 591 22 487 92 166 464 728 751 756 799 865 880 920 666 698 472 491 318 837 915 
540 193 362 111 345 130 688 846 910 919 977 987 138 269 87 852 
625 339 209 665 484 529 708 256 75 156 55 635 705 693 592 650 268 95 103 338 198 228 655 445 501 365 370 731 738 817 819 820 941 970 980 981 483 141 664 610 480 555 730 835 
335 367 646 23 554 694 631 73 278 607 210 361 253 472 492 468 137 5 276 273 467 704 200 402 78 146 108 120 639 485 589 769 867 869 903 924 957 993 999 344 72 168 284 409 43 758 759 816 912 
347 420 400 560 191 564 542 754 775 796 837 182 86 
689 50 40 598 269 350 117 206 302 36 349 546 325 712 429 569 792 860 862 939 966 109 15 209 159 846 877 
86 453 483 520 184 132 255 772 848 991 995 581 318 877 
579 288 783 785 806 863 868 925 20 963 
668 574 9 448 257 729 794 835 284 679 
330 506 161 602 634 761 852 967 979 544 187 926 
419 682 71 498 342 197 537 409 877 968 235 243 936 
552 290 405 652 717 499 679 42 258 633 68 21 782 799 880 887 311 124 634 389 204 
668 306 173 513 561 663 149 257 326 725 185 9 70 448 473 571 250 690 395 139 378 452 462 572 574 768 787 794 832 835 842 881 935 169 187 416 368 708 568 584 201 873 
667 298 545 509 187 706 628 394 719 547 806 
625 529 719 665 705 338 103 55 75 817 820 970 167 438 377 331 
34 428 7 29 49 699 514 471 346 743 812 876 904 312 287 511 799 
672 413 642 371 202 116 548 737 766 940 165 956 973 
696 471 124 662 189 451 346 323 743 822 876 668 454 
510 606 555 539 141 469 595 763 783 814 847 893 925 201 65 613 128 
550 20 127 85 844 900 909 922 386 103 
181 506 648 672 446 330 168 8 616 371 169 413 202 153 284 93 519 733 249 634 711 319 337 658 766 873 467 539 655 259 62 785 990 
529 501 635 650 719 365 13 484 592 209 180 587 797 
135 97 235 201 412 619 578 241 286 242 824 901 318 711 208 928 
712 710 269 206 608 36 562 966 255 164 
614 4 390 229 358 373 18 331 344 134 69 612 802 805 818 961 971 984 693 461 812 858 871 
643 638 44 480 341 247 39 997 318 636 310 
30 451 346 647 734 531 293 211 236 34 239 732 159 585 295 189 471 393 124 404 377 478 322 65 57 60 205 696 773 781 822 854 876 226 628 164 587 577 161 265 579 888 
599 86 277 214 906 914 995 996 123 712 628 
115 369 594 634 446 616 315 284 174 54 94 674 161 282 8 169 83 93 519 328 601 168 816 852 555 148 597 41 701 782 863 
507 302 269 129 117 163 569 36 788 792 964 966 369 626 408 
124 150 377 514 211 74 585 221 876 904 175 406 774 
582 460 534 246 332 391 536 620 458 114 296 61 37 581 244 505 213 757 760 801 840 843 845 879 902 953 959 963 339 603 394 349 6 795 996 
336 134 538 14 442 373 46 971 317 832 949 
243 337 674 330 434 311 778 852 132 671 335 
33 679 290 552 652 717 224 502 405 99 196 487 68 516 799 880 887 419 434 420 811 876 
342 71 105 611 408 419 64 376 825 613 660 128 
140 612 100 331 680 463 18 301 167 685 134 465 417 597 358 543 435 432 88 777 804 805 913 917 933 971 176 529 606 559 207 476 771 
305 676 721 352 59 560 81 698 426 172 208 347 775 885 982 373 704 21 891 
272 545 628 667 570 128 965 974 338 907 
309 99 591 405 652 717 290 33 258 633 679 317 880 887 920 1000 185 539 342 469 
422 246 581 186 582 213 296 114 620 534 684 458 505 37 423 327 164 701 748 270 522 536 195 669 760 801 810 843 879 949 963 978 473 18 404 611 466 223 301 814 
203 533 481 688 795 846 890 919 720 438 
539 415 141 372 763 774 847 868 614 720 
246 748 61 620 757 296 422 505 45 801 845 902 36 204 70 847 
519 168 648 337 413 169 726 644 406 616 816 979 156 489 891 
583 177 165 440 527 184 287 906 407 473 920 
288 469 265 416 424 110 248 735 595 606 671 579 759 359 141 477 245 587 218 774 776 783 784 785 793 806 847 863 868 896 921 925 121 583 19 253 226 710 870 960 
539 469 15 671 510 595 793 921 598 926 1000 
640 66 509 190 128 403 394 667 490 427 187 272 178 438 495 836 841 912 932 955 965 969 973 101 221 239 116 900 982 
282 413 711 311 737 406 371 576 337 641 8 47 733 249 816 940 34 191 844 
698 199 564 318 231 2 622 523 617 24 191 431 796 837 878 982 41 610 471 826 
668 513 574 149 729 306 572 257 76 267 338 
278 361 226 472 253 704 631 720 628 806 
550 20 63 127 84 476 207 815 844 909 922 590 669 860 
575 263 419 376 308 537 580 342 170 951 968 972 753 402 181 166 
483 379 142 527 686 182 375 567 723 583 144 906 943 995 353 203 510 618 
239 478 152 377 346 238 471 743 838 876 895 4 302 796 
539 510 763 555 218 262 671 141 477 288 265 469 424 759 275 776 783 785 793 806 826 828 847 863 868 896 925 747 361 59 664 103 977 
355 231 24 254 683 316 208 2 461 151 389 25 147 318 89 651 212 523 577 237 754 431 721 199 564 420 479 560 797 837 885 173 168 404 215 96 854 934 
424 510 555 416 218 595 579 763 671 539 110 606 587 265 774 783 785 828 847 868 893 896 921 287 345 542 129 347 944 
41 597 390 500 753 140 805 839 440 976 
644 82 357 648 371 674 616 600 634 282 697 434 411 568 169 168 658 330 441 750 519 102 940 967 652 633 497 76 529 833 
420 664 466 508 212 400 698 676 564 399 789 797 837 532 160 860 970 
298 438 280 811 930 934 974 986 26 48 
322 531 471 238 549 346 623 743 699 585 876 190 144 807 
679 290 405 728 22 652 499 920 745 411 
724 424 763 579 539 510 555 15 416 265 671 606 288 735 776 262 372 245 774 784 785 806 868 925 165 8 645 318 423 484 361 
416 510 469 763 783 671 595 793 806 868 896 422 161 538 
265 776 469 783 275 595 724 579 539 774 510 15 763 806 847 925 737 805 832 
643 638 320 341 283 52 252 44 366 247 480 558 692 855 864 898 947 952 954 997 106 278 432 507 
668 729 378 573 173 574 513 70 250 306 842 612 841 
712 598 163 746 433 36 437 325 907 966 500 265 835 
651 517 219 347 352 564 676 779 837 582 828 842 
182 121 277 32 453 343 214 440 686 848 926 950 244 195 
353 1 4 140 463 614 14 96 381 179 41 225 229 100 802 805 818 839 913 933 325 469 119 68 990 
269 569 746 302 437 350 260 661 722 163 712 860 907 939 964 966 592 932 948 
469 774 763 784 510 671 372 764 847 868 896 84 365 
668 729 306 173 70 573 185 326 725 690 497 473 572 448 561 149 139 513 835 842 254 605 383 232 442 869 
67 533 362 758 345 307 481 540 212 748 
721 767 318 466 89 305 651 389 431 773 143 966 
347 59 208 106 523 305 779 617 318 400 389 199 420 461 254 51 89 518 651 212 231 219 564 25 191 775 878 882 438 102 451 493 45 381 738 907 
700 62 408 27 512 376 419 398 611 927 990 994 132 499 679 
33 679 552 290 728 652 717 487 68 405 751 99 586 166 317 92 233 224 258 196 42 633 563 880 883 887 920 1000 31 358 732 11 508 194 855 964 
550 488 232 63 20 815 853 909 33 939 
748 195 246 423 522 757 669 186 114 304 45 505 596 364 449 148 760 534 703 327 176 37 164 810 840 897 949 959 963 978 658 277 41 558 656 152 670 962 
41 741 500 344 649 543 791 805 564 101 
259 231 191 76 59 389 305 479 617 347 426 208 573 315 462 958 
753 301 179 392 543 14 88 96 401 612 430 18 830 839 946 8 25 544 
802 336 18 41 96 741 442 363 435 430 301 777 753 443 791 167 344 500 390 134 818 913 915 245 335 316 785 815 842 
265 587 359 510 774 141 248 606 218 275 783 415 477 724 785 763 539 424 784 579 826 847 863 896 921 282 508 769 730 95 393 879 
669 296 684 522 582 505 422 581 781 846 
204 307 362 216 444 481 535 345 919 977 324 56 144 
625 95 156 484 339 75 708 665 209 494 55 650 256 103 198 338 635 819 820 941 970 981 138 548 425 632 538 419 
801 458 582 669 364 312 684 757 879 420 674 884 
187 222 298 459 66 780 831 836 934 974 237 53 751 
404 360 428 124 531 150 49 471 60 696 34 732 189 7 377 447 549 699 838 876 904 916 985 741 169 675 178 156 879 
467 273 23 402 226 704 639 492 335 267 155 73 108 361 694 869 911 957 993 999 634 259 652 299 249 996 
539 424 110 469 606 735 828 921 757 105 485 
550 20 127 16 84 63 476 207 504 314 227 232 657 382 770 383 3 800 329 844 853 891 900 909 922 956 975 976 584 805 606 125 321 616 353 955 
644 413 369 243 766 337 660 616 745 169 559 761 181 519 397 634 406 234 673 115 852 874 948 967 374 467 720 63 659 32 113 
719 339 156 228 79 529 55 731 456 821 856 
612 791 229 741 432 353 118 301 614 435 584 500 1 179 41 805 4 591 423 287 317 852 
665 75 719 209 809 635 256 501 820 970 54 959 995 
484 338 819 228 103 731 693 79 809 557 719 339 156 268 941 981 227 222 346 74 
261 289 197 376 340 537 398 64 419 580 408 43 119 575 308 143 611 409 493 457 342 38 825 875 927 944 951 958 962 968 972 990 324 686 375 817 668 838 849 872 
240 34 734 743 236 293 74 346 904 631 301 259 
204 203 688 387 695 160 362 977 405 906 
97 619 412 241 578 135 739 201 138 286 313 90 659 566 242 235 856 899 901 937 142 319 187 376 709 
398 682 376 289 821 752 512 408 419 875 927 968 990 347 358 711 940 
806 510 539 774 671 372 469 265 925 6 122 767 
550 63 489 504 127 488 844 891 922 638 417 706 
539 814 774 776 606 477 248 579 925 36 789 284 
643 474 638 283 480 247 855 947 92 978 
18 381 215 804 597 167 614 443 100 538 465 716 915 933 97 674 391 55 
811 80 190 588 394 667 618 222 187 459 354 706 628 178 427 656 912 934 955 973 16 608 75 405 855 
668 729 574 173 513 497 306 139 462 690 561 9 448 326 835 935 749 412 551 785 359 
101 111 333 511 362 454 866 938 18 778 
529 484 592 75 635 445 625 970 301 200 911 
668 663 306 326 473 794 832 452 725 561 513 257 572 185 503 729 935 679 537 719 788 954 
640 459 811 628 765 298 394 128 438 841 912 930 932 934 969 974 481 307 27 283 839 
25 208 237 617 389 775 420 24 89 609 564 767 721 191 789 199 76 676 172 779 523 577 508 231 81 318 72 147 368 40 394 634 717 491 861 897 968 
773 221 360 451 152 699 205 189 531 240 322 812 851 904 936 370 17 821 
134 417 41 500 777 804 791 4 281 373 294 961 984 208 12 836 625 
312 748 801 596 458 114 213 246 460 61 879 963 228 258 151 
187 628 765 354 80 421 298 394 455 490 128 66 544 495 414 545 836 637 969 974 336 787 169 684 972 
668 729 787 173 571 574 462 561 663 513 257 250 794 306 149 497 881 789 805 293 519 983 
505 757 332 460 176 374 581 582 423 458 534 748 879 234 153 160 183 
550 310 63 127 489 770 476 488 425 827 504 815 17 85 77 3 329 334 736 20 314 16 351 382 853 891 900 909 922 956 975 976 125 766 69 333 61 552 183 177 916 
61 460 760 701 748 879 902 989 118 319 
590 444 695 203 216 718 713 204 533 26 511 333 53 307 31 175 160 688 58 387 384 101 454 274 481 362 230 67 130 758 890 910 919 977 987 998 114 46 722 807 226 344 896 950 
793 510 763 415 785 759 606 774 555 587 359 776 424 806 579 35 469 416 539 275 735 265 868 544 332 40 37 760 
184 520 109 177 165 567 264 144 723 482 418 790 132 906 914 926 995 330 205 444 584 975 
204 216 627 274 454 380 345 362 160 695 859 866 821 318 85 679 
618 188 667 394 637 128 495 122 455 80 298 280 912 932 955 973 504 444 322 140 
152 662 838 220 30 647 876 904 575 278 868 
266 315 446 116 406 673 634 486 202 83 660 548 397 726 168 750 816 282 711 616 745 249 674 644 47 519 945 979 477 384 818 229 718 204 957 986 
550 20 63 815 645 476 127 844 800 16 232 17 504 383 488 900 909 922 956 976 325 423 659 715 271 46 
428 34 377 743 74 585 514 904 704 775 
643 692 44 786 283 247 702 450 366 217 638 480 470 829 864 898 947 952 954 997 831 574 270 799 900 
286 566 135 97 313 824 659 578 817 889 991 
260 325 302 163 598 862 908 939 135 652 160 
303 623 404 34 74 60 377 471 428 295 904 741 658 962 
204 540 533 362 713 380 849 274 31 67 987 486 505 
792 269 598 129 171 19 36 206 666 302 546 712 608 260 104 163 562 437 433 569 50 117 722 28 907 908 939 942 419 779 335 770 890 891 
613 132 621 287 527 926 950 995 837 646 
269 350 302 712 349 87 722 429 171 50 598 40 857 546 36 206 325 907 928 939 395 644 519 897 904 982 
15 806 288 265 218 245 510 587 774 763 671 539 595 579 469 555 724 893 925 624 691 87 745 953 
643 320 855 638 786 947 954 997 555 269 444 
679 552 196 652 224 633 591 258 717 502 880 887 313 36 926 
481 833 535 345 203 636 53 204 454 380 67 333 356 362 216 849 393 290 167 
554 78 402 467 200 335 631 273 593 607 297 73 720 589 251 6 889 911 999 598 399 512 112 374 
774 510 265 763 776 793 784 416 759 783 218 724 847 851 337 256 924 
402 813 720 137 335 226 78 889 999 638 794 350 
623 447 471 34 295 360 714 904 48 348 763 
255 453 177 277 287 613 440 926 943 488 741 347 
410 280 691 667 912 965 973 974 44 821 683 
8 168 131 446 737 47 605 672 413 556 441 328 519 337 940 729 485 670 654 
82 658 626 319 102 673 519 816 433 628 941 
261 825 821 263 408 610 958 990 352 504 918 
240 549 812 732 851 699 781 60 239 662 124 292 34 743 447 346 734 747 236 205 238 57 377 404 714 471 547 773 221 904 905 916 571 38 612 394 296 751 573 519 926 
409 727 512 64 498 376 419 677 580 457 398 143 927 951 962 990 314 549 661 722 723 
219 526 577 797 767 564 461 318 307 599 940 
458 701 37 332 596 582 669 244 843 270 391 186 285 296 327 148 246 423 757 45 810 620 312 176 684 703 536 748 840 505 845 897 959 978 988 989 699 614 697 515 34 806 812 24 298 974 
679 552 405 290 652 717 317 99 68 751 633 756 728 309 258 224 516 233 865 591 586 92 502 563 487 196 33 21 166 42 799 158 464 883 887 918 920 1000 296 248 4 39 264 373 644 632 693 126 
668 729 250 842 257 173 452 306 28 514 
318 664 797 461 466 24 541 389 355 426 106 85 481 358 
880 591 405 290 33 799 679 99 568 486 
107 375 530 177 483 396 255 157 379 621 613 121 343 532 277 183 132 418 287 271 943 950 995 238 20 810 357 667 16 
651 51 305 775 212 59 754 683 98 82 
408 611 376 289 493 682 261 944 972 99 621 913 
880 679 405 290 99 158 652 487 865 68 309 92 233 756 799 728 258 552 224 516 751 591 633 563 918 920 393 636 432 14 694 449 891 
41 463 649 140 678 597 614 500 225 301 4 358 363 917 743 682 658 910 
869 253 335 267 704 137 108 402 472 226 251 867 73 210 200 903 856 528 930 
444 111 758 175 204 454 846 307 977 998 860 561 507 
550 20 63 127 16 844 329 645 488 383 504 657 815 227 85 425 314 489 476 827 310 351 385 382 900 909 922 956 975 976 585 646 761 887 860 595 754 930 
260 36 163 325 206 429 661 712 117 908 939 966 241 222 143 
539 863 579 671 510 735 424 776 660 419 
119 675 493 419 289 197 927 968 214 405 
603 386 34 647 205 428 773 623 527 655 941 
774 784 477 793 218 776 806 510 469 763 587 539 523 300 846 
879 61 195 703 460 458 244 176 285 582 164 332 801 953 959 963 862 837 263 657 419 
643 638 558 786 702 217 341 855 470 366 44 320 480 947 997 424 274 445 999 
824 578 313 138 97 241 242 286 201 235 198 265 263 
550 20 382 127 334 844 891 853 476 488 3 504 17 657 314 383 736 63 489 385 815 425 85 909 922 956 975 490 66 855 692 765 612 198 
659 138 578 412 619 739 824 647 64 356 
748 760 304 332 845 505 374 458 463 317 
200 554 361 402 889 720 468 226 278 490 386 985 
211 34 851 404 732 428 653 858 696 49 393 531 60 854 323 822 812 662 220 238 126 240 747 876 699 150 293 870 838 292 124 205 56 377 936 985 648 117 526 862 261 569 488 200 910 
428 221 239 300 547 647 876 377 117 917 
184 418 86 613 491 287 520 277 165 527 772 440 762 744 482 848 271 525 914 926 943 950 960 996 823 645 188 459 573 907 956 
429 36 117 608 129 788 269 325 19 507 407 860 260 562 666 661 862 28 598 712 302 171 87 569 792 908 939 964 966 357 295 797 547 565 755 906 994 
553 857 907 50 429 269 892 117 860 437 79 34 972 
900 232 329 127 770 20 853 815 476 736 504 351 550 227 657 800 844 891 922 250 583 474 680 934 
230 203 204 454 380 444 299 718 321 345 111 846 540 356 101 533 31 713 977 987 888 89 593 904 537 641 
554 631 297 226 813 867 73 155 144 834 513 
187 509 222 178 765 872 850 354 66 414 280 438 628 394 831 128 544 687 836 427 436 545 490 930 969 974 986 471 119 8 720 96 274 127 
791 753 229 18 358 41 4 805 179 614 709 140 500 886 208 246 214 
744 483 604 530 277 520 906 132 255 177 86 848 379 621 943 995 497 519 83 60 93 
229 358 100 401 390 805 830 96 140 435 381 614 543 301 917 717 552 428 929 
647 428 124 346 876 386 812 57 844 277 243 
363 753 41 358 888 915 18 500 946 702 905 990 
880 99 405 499 586 290 552 887 305 875 
535 230 160 345 511 26 67 203 540 718 130 758 808 846 380 362 938 10 295 441 32 385 
880 487 552 21 502 652 42 799 405 516 782 887 756 717 679 586 290 712 677 762 208 18 
539 814 806 510 763 764 595 776 233 434 
550 20 63 127 844 85 815 891 476 488 853 504 909 770 900 227 329 351 17 657 736 207 3 489 645 84 334 827 425 314 956 975 613 282 56 402 403 149 557 989 
298 187 414 544 667 632 125 637 588 969 974 239 240 203 
210 402 720 467 200 267 704 146 438 308 868 
539 510 863 735 724 826 774 783 469 828 579 763 785 372 555 415 430 92 158 82 
255 379 112 271 491 375 157 583 183 520 223 177 144 871 906 165 107 86 277 530 848 604 861 483 418 686 132 790 950 983 991 726 764 181 460 865 124 876 941 
877 798 419 408 894 825 821 990 397 699 
129 325 117 553 302 862 712 966 739 488 550 
549 323 189 404 377 662 34 603 915 27 589 
836 298 780 912 187 438 932 974 889 564 891 
440 133 630 223 177 165 184 483 86 107 276 308 412 
850 298 930 490 765 836 455 545 394 628 667 530 792 
753 614 435 301 830 118 417 4 336 716 18 390 46 791 961 74 185 77 132 
565 410 640 628 667 459 122 637 545 629 394 438 588 831 836 298 190 128 421 187 707 780 403 706 687 280 178 632 509 490 811 544 965 969 974 775 494 327 454 401 909 600 942 
668 729 513 452 835 448 663 497 573 574 306 832 149 70 173 561 185 517 132 17 532 973 
904 295 239 300 56 838 386 377 150 647 428 471 293 292 476 534 513 727 
12 824 286 135 578 654 90 241 516 129 178 
333 216 511 454 356 67 345 535 204 833 919 481 274 362 540 977 998 675 169 57 140 969 
269 36 598 302 792 129 860 722 117 163 350 437 862 712 546 28 429 206 40 433 407 857 907 19 892 325 966 337 93 192 525 184 800 
519 330 778 181 615 548 733 697 605 658 766 672 446 873 123 559 34 289 878 825 
719 665 365 820 484 103 156 809 55 228 557 625 370 209 13 75 95 970 980 926 895 620 874 
171 569 860 269 206 87 36 966 423 934 
184 177 287 133 686 255 379 884 121 914 440 32 532 772 520 906 621 86 871 613 277 218 65 584 631 602 345 
700 194 71 575 64 821 342 62 515 398 670 119 493 408 677 27 512 886 289 419 376 951 968 246 394 371 776 698 7 
852 330 660 357 601 434 641 93 311 979 177 501 665 
614 336 18 417 917 96 41 804 500 363 301 4 95 221 
643 638 252 366 283 474 786 855 39 44 247 864 480 456 320 52 829 702 898 952 997 255 594 216 550 552 950 
330 82 94 816 174 123 626 616 377 792 31 
669 449 195 148 757 522 582 186 703 312 423 801 460 988 749 189 115 951 
184 926 453 906 861 482 583 255 532 324 142 287 223 491 144 264 121 162 109 396 790 165 133 132 525 375 613 520 884 107 995 623 217 846 947 377 64 688 454 
409 64 771 194 675 71 398 263 677 38 439 43 419 408 261 340 27 821 944 877 119 990 949 542 644 484 314 196 
643 638 947 474 855 786 692 44 470 702 480 377 311 416 
528 304 748 536 897 534 959 978 27 863 644 
643 864 252 283 366 855 638 786 452 633 835 
128 394 545 570 765 831 850 973 815 319 
550 20 63 127 844 891 815 383 476 922 504 900 232 207 853 310 976 906 733 268 102 972 
297 267 589 200 639 720 813 253 78 276 155 6 694 98 73 993 999 176 106 104 852 686 
289 119 498 875 408 64 821 972 803 67 
423 748 953 801 897 879 304 581 246 819 127 968 
613 686 906 109 483 271 995 996 390 643 763 
741 140 933 839 538 229 301 435 96 612 353 443 55 107 
408 677 154 877 170 91 512 821 398 700 419 972 990 858 801 965 997 
801 840 748 246 423 897 460 757 724 20 694 
562 689 269 302 907 792 36 325 746 635 432 799 
872 455 298 570 934 190 765 128 755 438 490 628 618 962 683 83 695 
269 325 907 740 36 302 892 437 712 722 792 661 788 260 507 87 939 928 746 942 129 429 553 350 796 481 522 531 335 59 554 
816 778 615 282 726 506 169 93 19 516 
575 340 727 48 398 537 308 670 408 91 62 289 493 64 944 197 71 154 771 610 825 419 580 376 821 43 677 894 27 972 990 959 496 431 207 550 590 837 978 
912 667 544 637 707 128 934 923 222 80 765 394 272 836 841 974 424 938 619 
719 819 484 635 338 665 103 180 445 529 731 209 941 834 156 198 625 809 494 705 339 693 13 75 55 365 655 29 779 313 187 325 283 396 
443 1 749 741 336 18 500 753 25 431 
611 289 968 958 771 419 886 821 398 493 340 48 143 962 677 119 43 537 990 908 956 464 841 127 
80 178 394 187 190 459 637 765 414 955 656 691 872 850 438 831 632 628 436 618 565 544 66 455 410 128 974 986 540 733 519 148 78 935 991 
973 811 66 872 912 934 930 628 841 188 544 780 836 187 691 222 755 969 632 490 394 298 656 629 178 706 923 986 146 703 476 26 511 879 409 
382 20 891 815 488 900 844 922 63 848 607 601 
550 20 63 891 956 17 853 329 844 815 127 382 400 347 777 
216 345 299 481 718 890 823 362 67 808 175 846 111 203 130 938 688 533 356 321 204 384 193 590 910 101 31 695 58 53 987 998 539 714 338 553 614 600 774 405 
458 801 581 879 757 953 374 244 596 296 988 968 829 
605 161 266 441 284 674 626 519 202 602 168 726 852 181 123 54 945 616 761 11 643 549 498 550 
705 557 650 209 79 941 719 484 198 625 665 55 678 651 
809 719 156 494 55 79 75 655 820 365 228 549 140 563 
72 754 564 767 318 466 347 259 172 208 526 2 51 518 681 400 517 389 231 570 862 765 690 543 
182 162 926 132 483 107 86 621 630 705 428 842 
41 612 363 344 401 301 373 134 741 839 524 685 37 82 998 
189 152 124 812 60 653 377 904 903 553 436 
974 394 628 780 912 490 427 973 686 489 852 
718 977 636 846 859 533 362 910 160 535 384 299 578 117 18 
422 244 114 423 949 703 978 879 42 424 425 
148 423 327 845 422 244 505 61 522 391 879 922 269 
439 398 342 951 821 64 261 408 105 194 877 48 875 515 968 972 512 376 677 27 197 91 419 498 700 962 825 289 308 798 340 927 43 62 71 154 994 416 917 791 504 266 470 244 159 737 685 
926 113 440 132 483 723 630 287 973 856 36 
109 613 532 144 255 107 112 995 339 616 
146 402 957 5 813 200 720 694 109 679 387 
340 419 91 197 990 457 798 119 289 170 515 342 702 519 907 4 
884 379 113 182 914 723 112 772 744 343 277 483 530 255 86 165 950 279 992 121 32 861 621 960 132 177 520 107 848 482 109 287 214 583 996 369 117 99 624 819 425 131 481 
744 183 906 482 162 255 613 960 165 177 583 440 287 223 107 277 86 271 995 502 314 563 748 813 
643 470 947 786 855 864 39 702 252 898 450 44 742 283 217 474 354 713 962 379 
938 846 26 695 384 387 590 130 454 175 540 193 977 216 890 481 984 353 475 
720 210 297 957 335 467 631 813 278 137 267 607 869 867 472 898 396 360 
880 679 552 290 405 652 756 68 309 196 799 37 764 269 
