1000 9561 0
2 18 24 44 75 145 164 190 191 220 303 479 561 567 597 646 684 764 783 849 874 886 900 965 380 408 416 688 870 943 
1 18 24 44 86 106 164 165 220 441 479 561 597 677 684 764 783 849 874 900 924 965 989 39 297 553 704 793 835 
26 132 359 404 465 487 555 758 790 795 832 632 633 756 
45 81 603 614 726 822 873 927 59 210 214 
29 210 211 313 321 325 346 347 452 628 745 860 111 316 631 907 
29 313 325 347 452 661 860 984 362 536 
131 375 378 447 685 756 760 804 885 193 440 908 
25 28 148 216 300 305 361 376 397 475 481 511 601 621 622 640 686 701 731 828 836 856 895 940 75 479 705 816 970 986 
15 49 93 125 395 435 517 524 551 590 642 746 896 92 496 511 877 
182 227 288 507 632 749 805 907 54 518 676 
83 131 285 291 336 370 375 378 379 409 468 639 675 685 704 756 760 885 906 24 36 386 648 926 
174 333 365 408 432 713 734 995 338 558 
36 42 159 166 178 327 445 467 572 694 717 735 827 103 114 121 642 
52 174 219 252 408 512 633 654 734 888 893 910 921 972 977 60 271 410 892 
9 76 93 127 435 472 517 551 642 746 896 270 701 
203 519 542 552 706 761 763 801 982 127 272 958 
65 228 252 278 290 365 429 432 473 494 500 512 615 651 652 658 713 742 776 799 910 995 999 332 419 634 905 947 
1 2 24 35 44 86 105 106 145 164 165 190 191 222 303 441 479 567 646 677 684 764 848 874 924 965 400 455 490 558 636 695 983 
72 142 244 332 453 553 660 692 727 862 876 613 791 
98 264 313 344 424 454 623 628 750 998 170 570 636 
47 158 161 181 208 224 292 499 521 571 630 631 644 689 806 838 859 346 351 432 778 851 
65 174 324 339 349 365 392 446 470 497 512 559 654 683 713 721 734 824 888 893 995 254 261 511 622 750 870 
72 84 142 186 195 272 281 332 471 498 501 553 580 585 660 691 727 752 912 936 326 396 443 545 563 684 
18 1 2 44 86 106 145 164 191 220 390 479 677 783 848 874 886 11 80 320 612 734 
8 101 112 148 251 282 361 397 402 434 530 622 664 740 847 895 935 940 950 123 177 532 762 959 
3 70 90 132 151 248 286 326 337 340 359 404 421 426 465 482 534 541 555 575 635 758 790 795 832 889 954 974 986 991 1000 278 335 342 356 385 796 821 926 
61 129 202 578 609 655 678 738 785 905 917 943 400 608 993 
8 153 155 350 361 475 511 828 844 950 592 694 852 
6 5 119 210 264 277 346 624 745 750 786 934 138 838 
79 94 328 342 417 431 502 529 548 600 772 811 224 682 944 
43 150 234 263 287 356 364 480 489 493 496 618 671 942 947 178 295 711 810 
77 177 257 443 549 641 712 819 864 870 958 89 452 760 
187 215 294 432 512 532 857 921 398 612 918 
90 337 465 482 758 889 890 991 371 454 
18 75 86 164 390 441 479 874 89 866 898 
13 42 48 159 172 178 185 259 293 327 331 372 438 445 467 509 513 564 599 637 694 717 735 744 773 827 837 938 11 242 269 465 799 900 955 
55 56 58 261 271 462 514 526 697 777 146 402 869 
45 89 262 275 308 538 550 603 726 728 762 789 822 915 927 103 440 824 959 
311 355 486 519 542 706 841 951 962 979 2 313 955 
150 234 356 490 570 618 800 863 90 487 
176 198 203 214 357 527 663 751 816 841 951 129 186 
36 13 48 166 172 178 185 293 331 372 445 467 509 564 572 599 717 815 827 837 938 65 615 677 841 873 906 
31 121 150 263 283 307 351 425 490 493 568 617 618 688 800 814 272 353 405 547 916 
1 18 24 2 75 105 106 164 190 191 222 390 441 479 561 597 677 684 764 783 848 874 886 894 965 989 87 119 245 307 313 410 861 
4 38 81 89 152 254 614 726 762 822 842 873 333 763 860 944 
101 216 389 402 434 511 544 730 740 797 309 378 822 
21 161 181 249 436 520 521 571 634 644 162 464 600 
42 36 172 372 445 467 599 637 694 717 744 773 827 379 401 605 949 
9 76 93 127 395 407 435 517 551 590 670 746 808 820 878 896 104 261 499 662 984 
81 262 394 406 726 728 789 927 578 581 
80 108 115 168 175 360 536 593 782 852 988 273 866 881 
14 68 139 252 278 392 408 429 446 477 497 512 559 633 654 658 779 794 799 883 921 972 995 134 203 208 277 684 733 
111 163 295 298 316 385 419 627 665 719 909 957 963 964 970 158 271 311 642 
79 94 156 230 247 314 328 341 342 417 431 474 502 529 732 772 811 840 10 174 359 435 697 
37 56 58 78 116 170 236 261 270 271 299 329 383 391 403 415 428 461 462 506 514 576 606 629 662 668 672 687 697 715 777 793 802 810 877 891 932 106 164 205 211 570 616 761 908 984 995 
55 37 58 78 116 236 261 270 271 329 383 415 428 461 462 504 506 514 576 606 629 662 668 672 687 697 715 777 802 810 877 891 902 932 151 199 215 233 267 364 436 652 796 
80 175 488 593 625 737 782 988 266 404 1000 
55 37 56 170 236 261 271 329 383 391 415 462 506 514 576 629 802 810 884 891 902 131 353 364 373 637 868 
103 295 309 354 569 589 604 872 898 944 996 4 166 
85 114 205 214 217 311 458 556 653 681 961 14 859 
27 63 202 225 386 410 495 523 667 676 771 787 994 268 427 519 793 
72 107 142 231 274 453 476 483 491 553 579 585 691 727 759 769 809 845 916 930 992 236 407 479 681 843 945 
61 129 183 202 374 412 523 578 722 858 905 941 943 968 203 309 751 869 
82 114 207 311 448 519 527 763 841 951 952 979 182 719 
22 17 122 128 215 278 408 429 531 539 559 757 42 315 454 
110 355 448 456 594 611 951 969 982 490 646 689 
92 147 302 374 382 495 578 695 720 858 905 68 475 817 
52 122 128 174 215 252 339 392 408 477 500 559 883 893 985 67 83 131 
97 188 246 464 537 647 700 807 834 835 913 976 268 624 630 
26 90 132 265 326 465 758 889 986 256 447 883 
112 148 442 511 645 797 879 935 357 492 654 
23 62 19 84 107 142 231 244 281 343 453 471 476 483 491 501 528 553 585 649 660 692 759 769 809 845 912 930 85 271 346 363 371 399 617 763 
146 154 527 706 801 841 867 982 202 603 
104 111 163 200 241 295 298 316 345 427 439 450 508 589 851 898 931 963 970 983 150 356 465 602 747 
1 44 35 86 164 190 390 441 479 646 677 764 783 874 924 965 8 199 288 628 942 
15 49 125 323 407 435 472 517 554 746 784 171 845 964 
32 109 177 257 353 510 549 710 712 819 864 865 870 928 958 332 664 858 913 
55 56 170 271 506 576 629 662 697 777 891 139 453 917 
54 30 94 95 156 230 247 341 342 811 830 840 376 408 508 926 
57 51 115 168 175 192 360 413 420 488 536 593 625 782 852 988 24 90 219 678 742 
45 50 4 89 149 213 262 275 308 394 437 603 614 711 716 726 728 762 789 822 842 873 980 307 450 512 952 979 
64 85 114 130 160 203 233 311 448 505 519 584 594 611 636 681 751 761 801 816 961 962 979 234 241 730 753 831 968 
11 131 375 379 409 447 639 756 760 885 906 953 68 207 677 738 
72 23 195 318 471 483 528 585 692 759 809 845 862 916 936 992 315 445 521 896 
60 82 114 205 217 557 584 653 681 705 751 979 982 72 391 569 980 
24 75 2 18 35 164 190 220 303 390 441 479 561 646 677 684 764 874 900 965 989 93 234 301 402 421 972 
114 160 203 209 242 311 371 486 556 588 594 666 706 751 761 763 796 812 816 918 961 44 291 346 407 506 689 
96 103 162 354 398 439 460 604 657 775 780 926 983 155 306 410 532 
38 81 45 149 308 437 538 726 728 789 822 927 32 35 104 
26 70 34 113 132 151 197 248 265 326 337 340 359 404 421 426 449 465 466 482 487 541 555 575 635 758 790 832 889 890 954 974 986 991 40 80 133 293 446 768 811 959 964 
119 210 211 266 277 313 452 454 492 581 624 661 723 839 850 984 281 569 722 995 
67 129 135 147 202 319 322 374 380 410 412 469 495 525 578 612 720 738 771 787 905 933 959 9 230 333 790 944 988 
49 15 9 323 435 517 524 551 554 590 642 746 784 808 896 86 253 270 418 
54 79 30 95 156 230 247 314 328 341 342 417 431 474 502 529 548 600 669 707 732 772 811 830 840 312 377 624 763 785 812 925 
94 79 328 342 502 529 669 840 565 657 
88 102 103 111 163 232 243 268 295 345 366 400 419 463 485 508 569 627 674 775 851 926 944 963 964 970 983 250 464 476 552 671 682 981 
69 414 416 464 647 834 913 956 153 187 465 
20 118 119 210 277 313 347 424 452 454 581 624 628 661 750 149 155 178 414 
139 278 470 512 559 586 651 741 779 298 830 969 
442 622 645 664 686 880 895 911 227 341 891 
46 25 216 376 389 475 481 544 601 836 911 950 465 697 728 1000 
96 485 569 665 768 898 944 983 515 634 
59 88 96 111 123 162 163 171 268 297 309 312 316 354 366 385 400 419 450 460 485 518 589 626 708 748 780 872 898 909 926 939 944 957 964 983 38 13 489 568 584 667 715 896 948 
74 136 268 345 450 518 558 589 665 674 680 708 908 926 970 49 89 105 
18 44 106 164 190 222 479 561 567 677 684 848 874 965 987 104 416 800 928 
44 18 2 105 24 164 190 191 193 222 303 390 441 479 567 677 684 764 783 848 874 886 894 900 924 965 989 55 122 140 172 217 814 917 
72 62 142 491 498 553 691 936 131 442 558 
51 115 168 175 488 536 737 988 357 758 
77 443 549 710 819 864 870 958 677 898 
66 114 338 371 540 542 556 605 611 778 816 867 192 344 860 
96 74 53 103 162 180 232 238 267 345 354 418 419 450 460 463 485 558 569 604 626 680 693 708 736 833 909 926 944 964 970 978 996 5 213 383 667 721 890 943 953 984 
71 25 155 451 645 739 767 797 879 182 338 888 
90 286 326 359 449 465 541 635 758 974 986 1000 215 825 
87 64 60 110 82 85 146 205 209 214 315 320 338 486 505 519 556 557 584 588 594 595 605 636 653 681 706 761 763 778 796 812 816 892 899 918 922 951 961 982 13 257 407 411 433 442 516 724 797 858 
80 51 108 168 175 192 330 360 413 420 488 536 593 625 656 737 782 852 981 988 166 202 925 947 999 
55 56 261 271 415 428 629 687 715 802 810 877 891 148 457 555 757 
136 162 450 558 591 592 748 843 851 898 908 939 373 704 
98 119 210 211 313 346 373 452 454 608 628 747 750 753 786 860 203 361 374 460 872 
91 98 29 118 210 211 260 277 313 321 346 347 367 388 452 492 535 573 581 608 613 628 750 786 839 860 993 998 44 282 339 366 422 493 749 874 
139 349 392 473 516 586 652 741 755 776 910 995 233 712 874 990 
43 234 276 307 351 671 688 800 817 863 13 565 572 
65 68 128 365 470 497 512 531 586 615 724 883 106 198 701 863 
103 180 268 703 869 931 944 970 25 716 751 
319 322 374 495 525 574 905 917 943 133 721 986 
9 76 127 323 395 407 435 524 551 590 784 896 208 478 578 
140 225 302 380 495 523 725 968 274 798 
125 15 49 435 472 524 551 554 784 798 16 859 939 
68 122 65 219 252 408 559 683 471 818 872 
92 63 27 140 386 525 574 578 602 612 678 682 722 729 787 858 917 959 994 41 280 447 511 
82 203 214 335 584 595 706 801 411 909 995 
11 83 7 239 285 291 336 370 375 378 379 409 447 468 566 639 675 685 704 756 760 804 813 823 871 885 906 953 107 68 58 279 408 575 727 
3 90 26 70 326 337 359 404 421 465 482 534 555 790 954 991 346 363 661 787 816 
174 218 229 278 349 429 477 494 559 651 654 713 721 124 90 490 595 
216 300 397 511 622 730 797 879 880 895 935 52 219 542 
92 147 240 322 386 574 917 943 589 703 
104 117 273 297 298 316 345 419 450 508 518 565 748 775 869 909 944 957 963 978 170 277 544 608 653 
182 227 288 702 718 749 805 967 434 479 487 
148 155 361 401 481 601 645 730 731 895 29 415 446 
120 52 99 187 228 324 339 477 500 615 651 652 824 893 921 955 78 325 468 571 797 
126 129 147 202 240 258 269 348 386 410 469 495 525 578 609 612 616 676 678 695 722 738 771 858 905 941 959 106 162 167 178 486 911 913 
148 306 402 434 622 664 739 828 856 925 935 464 559 639 
62 107 19 23 72 195 231 244 272 281 332 343 471 483 491 501 553 580 585 660 691 692 727 752 759 769 845 930 169 313 461 462 627 706 826 
313 344 346 363 373 388 452 581 623 624 661 745 850 860 993 307 475 708 844 
208 224 256 515 521 543 546 571 630 643 689 859 497 514 814 889 
1 24 18 164 441 479 677 849 874 965 388 500 726 
114 73 207 448 611 666 709 951 952 37 533 677 
135 140 67 92 202 225 302 319 387 410 412 578 609 612 616 720 722 738 785 787 917 933 941 943 210 288 432 555 830 862 882 
141 71 8 25 138 153 155 206 284 317 361 376 393 475 640 664 686 701 733 739 740 767 774 797 828 829 836 844 856 880 895 897 911 923 925 935 948 116 169 309 356 408 433 878 885 931 962 
81 89 254 279 394 406 437 603 614 716 726 728 762 789 822 842 873 915 980 98 239 449 936 
40 31 43 189 234 276 283 301 307 351 356 364 396 425 489 490 496 568 570 648 688 814 817 821 831 854 903 990 74 335 531 577 713 773 816 
90 26 326 359 465 482 555 758 56 731 752 
45 538 614 789 822 842 873 178 732 905 924 
148 28 179 361 376 434 475 481 511 622 645 765 797 897 935 950 97 247 287 425 970 
73 338 448 552 556 560 605 650 706 751 796 801 966 257 470 618 630 
28 112 138 148 179 306 361 401 402 442 601 740 765 880 925 935 98 88 252 339 573 
94 79 54 230 247 328 342 417 474 529 548 600 669 772 811 348 561 909 
188 369 414 464 587 647 807 834 835 861 913 929 174 512 618 891 
21 161 169 181 208 224 249 292 433 436 444 521 546 571 631 634 689 806 838 53 460 572 804 897 
36 13 178 259 372 438 445 509 735 773 827 202 244 706 
87 82 203 357 448 519 595 598 751 763 962 979 309 585 963 978 
21 158 47 208 224 520 521 543 571 596 644 273 447 523 
111 117 103 88 163 180 200 241 268 297 309 312 354 419 427 508 518 558 565 569 589 592 626 627 898 926 939 944 963 964 970 973 978 996 47 140 244 287 380 528 554 741 764 
103 74 96 162 53 180 297 345 485 518 569 693 708 719 869 970 307 339 429 941 
145 44 1 106 86 2 24 75 35 18 105 165 190 191 193 222 303 390 441 479 561 677 684 764 849 874 894 900 924 965 987 989 55 224 402 485 513 514 667 826 999 
2 18 164 441 479 677 783 874 965 420 537 580 
42 13 172 178 372 445 467 513 572 599 637 827 59 115 433 521 
369 414 464 563 673 834 835 846 861 901 929 140 554 965 
115 80 51 108 192 413 420 625 656 782 988 543 588 781 
158 181 208 224 256 292 433 515 520 546 571 631 634 643 644 689 806 838 919 142 148 364 505 951 
55 58 78 261 271 329 391 403 428 462 504 506 662 777 802 884 136 20 235 
103 243 345 545 589 592 693 768 944 76 231 562 
166 36 48 42 178 185 327 331 438 445 564 599 717 744 815 827 837 106 246 454 522 835 
182 227 440 718 805 853 907 914 210 751 
133 68 14 22 12 187 255 333 377 423 429 470 500 559 734 757 779 792 799 888 910 920 972 977 985 995 54 157 192 373 515 829 853 
115 108 57 80 51 360 593 625 737 852 981 988 394 559 723 
41 203 459 519 552 595 751 816 841 892 979 982 628 708 737 886 
32 77 679 710 712 788 819 864 865 870 958 25 225 243 
36 172 42 166 13 159 185 259 293 331 372 438 445 467 513 564 572 637 694 717 744 815 827 938 31 98 140 152 594 766 839 
153 155 282 350 389 402 659 767 836 856 879 935 406 990 
111 162 163 123 232 238 309 316 354 400 450 460 589 680 708 851 898 983 201 432 605 805 982 
21 47 158 169 208 249 436 499 515 520 521 543 546 571 596 634 689 806 838 359 654 898 901 939 
10 137 173 226 227 288 440 507 533 632 690 702 805 853 907 946 971 64 112 316 386 676 
63 194 202 525 682 917 943 994 377 638 
374 525 577 678 720 858 943 959 429 617 909 
36 42 172 178 331 599 744 773 827 209 676 768 
23 281 318 483 579 649 660 692 727 845 876 41 684 
139 174 33 218 237 255 339 377 392 429 432 477 497 531 539 615 651 652 654 741 742 757 776 779 825 955 972 977 995 999 97 212 360 427 574 593 664 677 
157 69 310 362 369 414 416 464 537 547 563 587 647 673 700 743 807 835 846 861 887 901 913 929 956 287 311 497 501 579 715 792 
150 234 253 287 570 688 831 903 937 942 990 430 758 776 
164 18 106 44 105 86 1 75 191 193 390 441 479 646 677 684 764 848 849 874 900 924 202 388 506 664 731 832 
1 164 44 18 24 106 190 441 479 677 684 764 783 874 900 987 292 860 902 
115 80 168 413 420 593 656 737 981 988 110 174 211 
106 164 190 441 479 874 924 987 7 350 564 
183 202 240 374 380 495 525 578 667 676 682 738 905 917 943 959 968 217 347 608 748 955 
142 84 23 281 332 528 876 912 424 533 926 
333 392 429 500 734 920 985 995 999 525 693 868 
90 286 326 337 340 404 465 482 555 575 635 758 954 345 559 738 969 
41 338 384 448 681 796 899 949 982 122 662 717 
325 346 373 613 624 745 750 984 56 75 744 
74 162 352 385 419 485 569 708 926 944 978 758 832 
369 414 416 464 537 587 647 807 835 861 887 913 180 271 482 909 
140 147 61 194 63 92 183 27 250 358 374 386 410 525 574 577 578 616 667 676 678 682 695 720 738 787 803 858 905 917 959 968 115 190 73 159 357 414 555 685 
130 41 160 16 176 87 82 207 209 217 233 242 311 335 371 486 503 505 519 527 556 588 611 666 706 763 791 796 841 855 875 892 899 922 949 966 979 52 63 118 208 283 287 375 581 732 957 
307 356 396 496 570 800 831 960 990 519 799 978 
114 60 85 594 751 816 962 969 55 474 544 
148 223 361 402 544 640 880 895 452 962 
146 64 203 338 556 560 582 636 650 653 709 961 83 276 787 
158 169 181 21 161 144 224 249 304 433 444 499 515 520 521 543 546 571 596 630 631 634 643 644 689 838 859 919 125 203 52 255 281 601 677 895 
114 203 87 311 320 540 557 588 594 611 185 623 851 
98 29 91 119 5 118 211 245 277 280 289 313 325 344 346 347 363 381 424 452 454 492 522 573 581 607 608 620 623 624 628 661 696 698 745 753 786 860 868 984 4 173 147 214 224 247 746 814 892 896 
210 91 119 5 118 264 277 280 321 325 344 346 347 367 373 381 424 452 454 492 522 581 607 608 623 624 628 696 698 745 750 753 754 786 860 984 192 55 284 337 371 449 590 638 808 
244 318 476 553 580 769 916 992 187 345 950 
81 262 308 394 550 603 716 726 728 822 915 927 111 365 453 629 
114 130 60 41 217 233 311 338 357 384 456 458 505 519 540 542 552 557 582 595 605 611 636 705 706 751 781 791 796 875 899 949 962 966 982 210 4 271 477 530 578 640 790 
65 68 33 219 252 255 399 429 432 500 512 652 721 724 883 920 955 985 995 999 113 56 398 419 441 
46 134 8 101 350 361 376 393 401 402 434 442 481 622 659 686 701 797 836 844 880 895 897 925 940 950 327 330 337 504 754 763 822 
85 203 60 214 556 560 611 636 781 796 812 855 875 918 962 194 106 263 920 
133 187 228 255 429 500 651 724 792 794 995 401 579 839 
128 215 14 237 278 365 500 559 721 80 134 519 
1 24 86 2 441 677 684 874 255 457 543 
226 288 507 702 805 853 907 967 971 726 798 969 
164 106 44 105 18 441 479 561 677 783 849 874 356 982 
206 282 305 350 361 402 797 925 454 499 
208 169 161 21 158 144 249 256 292 304 436 444 499 515 543 546 630 634 643 644 689 838 210 30 164 426 548 583 
126 61 147 374 386 484 525 578 722 738 943 959 177 552 717 979 
182 221 227 440 632 702 718 805 907 945 967 484 651 817 
182 173 226 137 10 288 296 507 533 718 805 853 907 914 945 967 971 100 238 380 789 869 
218 139 17 252 365 408 470 516 742 259 424 435 
133 252 294 324 392 408 512 562 741 792 972 311 409 961 
94 79 156 54 314 328 341 342 417 431 474 502 529 548 600 669 707 772 811 830 92 233 296 392 655 728 
62 72 142 274 453 579 692 912 916 992 171 253 928 
96 180 111 267 398 626 869 983 429 568 938 
203 82 214 503 560 584 594 598 605 663 714 751 120 56 230 314 
40 121 150 189 31 235 253 263 276 283 287 307 351 364 396 422 425 489 490 493 496 568 570 617 618 648 671 688 800 814 821 831 854 863 937 947 960 990 82 86 286 467 581 820 822 919 920 961 
234 276 287 307 364 480 489 570 817 904 947 990 170 437 531 816 
55 58 56 261 271 462 514 606 802 902 62 620 632 
219 187 278 392 432 470 477 497 512 683 888 921 566 944 966 
111 180 295 352 460 569 657 898 227 377 504 
131 336 370 379 447 685 756 760 813 823 885 953 149 559 799 917 
135 140 194 258 269 386 410 917 749 867 
162 74 312 354 398 569 680 708 768 780 866 944 82 373 422 774 
87 203 320 588 594 781 949 982 36 775 783 
96 171 316 418 460 665 833 869 177 965 
72 142 212 19 343 471 501 528 553 579 580 692 809 845 862 159 162 987 
210 277 289 347 373 424 452 454 522 535 613 628 661 698 750 860 868 984 44 673 793 871 928 
69 405 414 464 563 638 834 835 901 172 359 552 
94 156 54 79 314 342 417 431 502 548 707 811 830 840 210 153 755 803 
90 26 326 337 359 421 465 482 487 541 758 419 567 
208 224 47 181 158 571 689 838 278 951 
202 386 525 577 738 785 787 858 959 96 326 530 
25 361 434 442 481 659 686 731 262 780 
14 229 17 228 215 68 128 52 349 408 429 446 531 610 633 651 658 721 734 741 742 799 825 888 893 955 995 155 441 760 807 810 877 
234 189 287 489 490 570 975 990 93 231 
45 149 279 603 728 789 822 873 22 688 810 
218 187 215 174 294 365 408 512 651 654 713 995 220 208 305 465 
224 169 144 433 546 571 631 634 70 657 775 
32 77 353 510 641 679 710 712 788 819 864 865 870 881 928 958 114 154 449 686 
240 140 322 348 469 523 738 787 317 403 789 
36 178 159 331 467 564 773 827 228 809 
119 321 347 581 745 750 753 860 369 437 
116 56 170 55 58 236 37 271 299 383 428 461 462 504 506 606 629 662 668 672 687 697 877 884 932 22 49 295 495 751 756 845 
213 81 50 38 394 406 437 614 762 822 251 466 824 
31 43 234 301 364 396 496 990 217 582 725 
211 29 20 277 347 373 424 452 624 628 661 868 348 796 
90 70 326 337 359 482 635 758 292 293 720 
91 277 346 347 388 452 581 607 624 698 57 419 537 
232 111 273 569 589 693 909 944 56 286 509 
96 103 162 104 123 398 400 419 626 926 963 978 69 61 409 906 
140 240 380 387 578 609 720 738 36 450 
55 56 271 383 506 514 802 891 93 15 
55 56 261 270 58 236 170 78 37 116 299 329 391 415 428 430 462 506 514 526 576 629 662 668 672 687 697 715 770 777 793 810 877 891 902 932 201 72 53 214 14 484 735 760 764 771 
23 142 453 476 585 692 769 916 16 43 
267 136 309 427 693 882 909 926 931 161 51 666 
231 62 281 343 498 553 585 862 876 916 126 385 468 
81 38 550 603 614 726 728 873 313 452 
235 150 121 234 490 618 648 699 814 903 947 207 553 741 
210 264 266 119 245 91 98 29 211 321 346 347 363 367 388 424 452 454 492 573 581 624 628 661 698 747 750 753 754 839 850 860 984 52 136 481 502 606 662 836 944 986 
17 237 65 52 99 219 133 339 365 470 477 500 633 651 654 724 883 921 999 26 249 417 723 738 
254 149 394 406 716 726 789 873 131 452 
211 210 313 388 522 624 754 934 984 129 350 681 
72 274 186 142 195 23 318 332 471 491 501 528 553 579 649 660 691 692 727 752 769 809 845 862 930 91 208 342 386 584 851 855 
179 25 223 284 317 361 389 397 402 434 530 621 645 847 935 950 119 626 629 668 
150 43 234 356 364 396 489 490 493 688 800 937 203 398 529 
148 282 305 402 481 621 640 664 836 856 880 925 211 494 816 
131 11 375 378 379 639 704 756 906 358 726 992 
197 113 26 326 337 359 404 465 482 487 986 234 267 655 827 973 
189 253 234 235 31 301 307 351 356 364 396 422 425 490 493 496 570 617 648 800 814 817 854 903 947 153 162 203 188 412 931 970 
182 227 221 10 137 296 440 478 507 533 632 690 702 718 749 805 853 907 914 945 946 967 971 75 147 374 521 577 662 
245 210 346 347 424 452 522 581 608 613 623 624 628 661 745 868 437 465 489 877 969 
17 339 497 531 651 713 825 995 576 661 739 
131 11 375 378 379 409 447 639 704 756 823 885 906 87 691 963 987 
158 21 169 224 520 521 571 643 689 265 191 976 
42 36 178 513 564 572 599 735 265 90 651 
229 255 33 531 755 757 824 955 985 441 637 677 
53 74 59 238 96 316 354 398 450 518 545 589 693 719 851 931 964 31 261 462 747 835 
288 227 533 632 718 805 853 907 967 230 469 968 
136 162 163 103 298 309 345 354 385 419 450 518 569 589 693 736 766 898 908 909 944 963 970 2 304 342 417 645 718 
136 74 297 53 312 316 354 419 427 518 591 627 736 833 869 882 944 963 964 970 99 365 474 636 706 
55 271 261 462 629 662 793 891 932 615 641 964 
134 8 306 402 530 544 826 880 897 925 889 909 983 
287 263 150 307 356 364 490 496 688 800 814 904 990 86 392 682 686 
147 126 67 348 525 905 959 994 614 952 
164 106 1 86 18 677 684 874 987 445 544 693 
208 224 521 546 571 634 689 838 297 322 925 
8 223 284 306 376 402 601 645 797 940 255 580 991 
305 300 155 141 350 442 583 640 645 664 739 950 88 469 
234 121 235 287 43 150 301 204 351 356 364 411 480 490 493 496 570 648 688 800 814 817 854 863 903 942 947 990 44 143 81 163 825 847 898 931 
213 38 81 89 437 538 550 603 614 711 726 762 822 980 473 605 643 833 
59 162 103 297 180 273 366 398 400 419 427 450 463 485 545 569 589 626 627 657 708 736 768 775 843 866 869 898 926 931 939 944 970 46 148 160 63 502 634 835 865 915 
188 414 547 563 647 861 901 956 507 720 923 
209 60 203 214 39 82 87 64 334 338 357 448 456 459 505 582 584 588 595 611 650 663 681 706 714 751 763 778 791 796 801 812 816 855 875 899 949 951 961 979 53 229 188 511 635 750 807 907 926 
298 162 103 241 558 869 898 931 939 963 978 94 415 438 
210 118 6 143 5 98 119 280 20 91 344 346 367 373 454 492 535 573 581 608 623 624 628 661 696 745 750 753 850 860 934 984 993 998 39 142 44 275 323 327 640 645 879 
94 247 230 54 342 417 732 811 233 400 
114 334 505 519 542 595 611 761 84 65 439 
243 298 74 53 103 180 295 136 345 398 419 439 508 545 589 626 693 708 719 736 898 944 964 970 182 5 524 628 635 969 
282 148 402 442 530 621 645 664 844 880 925 258 560 
212 84 281 186 332 453 553 845 470 521 
147 92 124 386 387 525 609 612 676 771 803 611 619 
209 114 242 384 595 653 663 791 24 750 850 
277 119 5 260 211 325 535 581 628 497 556 983 
135 92 124 258 525 616 676 738 858 905 917 933 304 448 514 
125 93 76 435 472 524 551 590 642 784 798 820 896 313 501 698 765 
229 22 139 654 721 888 893 995 347 624 
6 199 5 211 210 321 346 347 363 373 452 454 492 522 535 581 623 624 628 745 750 754 860 984 993 139 396 508 519 554 673 677 
90 26 113 265 151 197 286 70 248 132 337 359 421 426 449 465 466 482 487 541 555 575 635 758 790 795 832 889 890 954 974 986 991 23 250 329 500 512 676 753 922 955 
36 172 13 438 572 694 717 744 216 313 
94 230 95 156 30 54 417 474 529 548 669 830 566 581 706 
55 170 271 56 58 428 462 506 514 629 697 770 802 877 891 326 448 801 845 
115 360 488 593 625 656 852 988 216 557 985 
172 36 185 259 42 178 467 637 735 773 364 754 960 
142 195 19 281 23 318 553 809 77 17 680 
174 196 12 399 429 446 473 497 500 532 610 683 721 741 888 955 45 92 768 
311 315 459 540 556 714 816 982 390 707 
203 130 338 384 588 663 706 709 751 763 26 150 964 
131 11 239 370 447 639 704 756 760 885 953 856 883 
90 26 132 248 286 265 326 197 34 359 421 426 465 482 487 541 555 790 889 954 974 986 991 216 211 569 692 915 
114 154 335 214 207 198 311 110 540 706 918 949 12 112 738 811 
22 187 68 139 290 278 349 365 408 470 633 683 713 724 794 883 921 995 119 163 155 622 879 
90 26 197 359 465 482 790 991 369 921 
94 230 79 54 342 417 502 529 830 100 416 546 
94 230 30 247 156 95 79 341 54 314 417 431 474 502 529 548 669 707 732 772 811 830 840 26 297 281 661 991 
72 142 244 274 483 498 528 992 354 513 
210 143 20 313 211 346 424 452 623 624 661 750 110 422 598 
74 316 163 104 111 136 297 96 171 352 398 418 463 589 674 703 708 963 964 970 983 212 197 355 515 651 934 
210 118 29 277 211 266 199 289 344 313 5 325 143 119 347 367 373 388 424 452 454 492 522 581 607 624 628 661 696 698 745 747 750 786 132 72 87 21 518 599 715 849 978 
98 325 211 210 6 245 119 266 289 264 277 346 260 5 424 452 492 613 620 624 628 661 698 723 745 747 750 754 786 839 860 868 984 194 324 382 537 585 663 697 772 797 
140 302 258 358 457 469 577 578 609 667 682 738 787 905 917 959 156 264 352 680 
120 133 22 252 339 365 408 429 559 619 651 799 824 995 362 530 702 865 
223 216 306 179 28 361 393 481 829 879 880 280 193 
150 307 43 121 287 234 356 364 425 480 493 648 671 688 942 21 473 552 
238 345 200 354 398 419 766 780 944 348 525 683 
77 257 641 710 819 865 928 958 43 58 
59 180 241 88 162 297 103 298 111 295 352 439 455 485 518 558 589 693 708 869 898 908 931 944 963 964 343 472 481 553 753 849 990 
66 39 552 582 781 796 969 982 345 756 884 
31 287 307 204 301 40 283 351 150 364 490 493 496 618 648 688 800 814 831 903 937 942 960 975 990 222 26 148 74 426 465 827 
41 311 160 214 459 556 582 594 605 706 796 855 966 108 71 202 687 
348 202 386 578 720 722 725 785 285 493 603 
326 337 132 3 26 286 151 340 90 248 265 113 421 449 465 466 482 487 534 541 555 575 758 790 832 889 954 974 986 991 1000 246 181 54 675 738 846 927 982 
330 115 51 175 80 413 536 593 852 187 412 664 
148 25 206 155 153 138 8 350 251 28 223 282 216 376 402 434 442 451 475 481 511 530 544 640 664 739 767 797 826 880 895 897 925 118 410 439 490 503 539 669 716 922 
188 369 414 464 647 700 835 913 6 349 702 
210 325 277 143 624 628 745 753 72 132 
234 307 283 356 301 150 351 287 235 31 263 411 422 425 490 493 496 570 648 688 699 800 814 817 821 854 937 942 960 990 331 56 58 169 370 609 645 791 
255 228 278 17 22 12 219 349 339 122 399 408 429 470 500 512 531 654 713 755 776 779 799 883 888 910 920 921 972 985 995 213 298 644 714 740 853 941 
103 309 96 455 569 657 680 872 909 926 931 944 964 119 459 638 925 
346 211 277 119 313 373 581 839 441 651 842 
414 464 743 807 834 835 913 929 382 571 
188 157 167 362 201 405 414 416 563 587 807 834 956 340 260 687 880 
131 239 11 336 375 379 760 885 364 573 788 
87 203 110 486 505 519 588 706 751 763 812 816 922 72 211 34 994 
36 178 159 48 42 166 445 509 564 637 827 761 783 808 
367 325 264 313 118 211 245 199 143 346 388 424 452 454 535 608 620 623 624 628 661 696 745 753 786 860 241 58 117 174 618 801 965 
184 92 63 202 194 124 225 67 380 386 412 469 484 495 577 578 676 682 722 725 738 771 905 943 959 288 118 827 829 880 924 982 
131 11 291 285 7 370 83 378 447 566 639 675 685 704 756 813 823 871 885 906 203 491 648 899 977 
305 361 101 148 153 216 8 397 530 601 640 767 880 925 935 950 79 480 755 865 
174 187 408 432 470 500 562 658 794 799 910 920 238 94 183 607 
131 375 11 285 7 291 409 468 566 760 813 871 885 953 46 395 917 930 
131 83 291 285 239 11 370 409 639 704 756 760 813 871 885 48 464 770 
92 194 126 374 269 387 469 495 525 609 667 682 725 738 787 803 858 941 959 162 1 227 517 520 
210 211 452 581 623 628 661 753 984 399 571 716 
67 386 410 523 525 678 722 785 347 368 862 
55 58 261 270 56 428 506 514 662 802 884 891 932 111 557 639 663 
214 335 198 320 636 763 816 841 982 447 676 884 
200 297 53 103 419 545 558 869 898 939 964 978 26 274 886 
135 382 225 358 319 250 240 140 129 374 61 202 457 495 525 578 602 612 695 720 722 771 787 803 858 905 917 933 941 943 959 182 281 11 570 581 623 736 940 
380 319 147 269 525 574 578 616 738 858 917 763 767 948 
277 280 143 373 346 119 266 424 723 190 145 714 
179 282 46 101 442 530 733 880 750 874 
164 190 106 44 24 86 35 75 479 597 646 677 764 783 874 900 334 715 732 807 
55 271 170 58 462 506 514 662 697 802 877 891 85 553 707 
68 187 196 52 237 22 229 120 432 470 531 562 610 633 683 721 776 985 230 301 745 771 939 
350 216 148 622 730 797 856 880 925 599 778 921 
50 279 81 149 262 213 406 711 716 726 873 175 885 
49 9 125 435 517 524 551 642 746 820 896 378 895 949 
234 287 150 263 204 283 480 489 496 570 618 688 800 817 831 937 960 990 325 23 405 540 706 
134 282 376 25 8 621 622 640 797 856 925 452 508 545 
352 268 345 88 232 241 309 295 316 400 419 508 518 558 569 589 627 657 665 693 843 851 882 909 926 931 964 978 215 283 33 402 514 841 922 
365 333 215 477 652 683 742 825 888 985 995 999 72 381 903 
103 398 96 180 309 268 508 518 565 592 665 708 780 869 926 944 957 964 314 27 18 442 870 
155 216 138 583 645 664 797 895 48 218 680 
206 305 46 179 141 282 300 361 25 155 216 317 284 223 434 442 451 511 583 601 621 645 664 731 740 765 797 826 828 836 856 895 948 950 86 164 37 398 476 517 658 795 956 
55 170 430 514 697 793 802 877 891 258 700 854 
3 90 286 197 132 26 465 555 889 57 760 785 
369 246 414 464 743 835 846 956 43 396 905 
262 394 149 50 279 437 603 614 716 726 728 789 179 575 
125 49 76 435 472 517 524 551 554 590 670 784 114 62 87 916 
12 255 339 229 252 65 365 68 349 377 228 14 52 128 470 512 531 539 559 586 615 633 651 654 683 713 721 734 888 955 972 148 131 79 1 751 804 897 930 
131 83 379 291 378 11 447 639 756 268 229 678 
147 240 202 140 61 92 382 495 525 578 609 612 667 682 738 771 785 787 803 858 905 917 968 994 361 14 88 44 441 894 
364 307 422 496 570 688 800 814 960 114 130 804 
147 92 63 374 616 682 858 943 959 287 360 781 
115 80 168 192 360 593 737 782 852 981 988 615 762 810 
188 369 310 201 157 368 167 246 97 405 362 416 464 537 547 563 587 638 647 673 700 743 834 835 846 861 887 901 913 929 956 976 997 202 98 517 527 584 622 814 830 918 
55 271 56 58 116 428 462 514 629 802 877 312 138 
414 369 201 188 97 464 547 587 647 743 807 834 835 861 913 929 976 341 105 1 790 949 
94 342 230 247 54 156 341 328 30 314 431 474 502 529 669 707 732 772 811 830 278 297 542 913 950 
111 345 243 518 680 693 708 939 93 699 757 
162 136 96 316 297 352 298 309 53 111 200 103 385 398 268 485 508 518 569 626 674 703 708 775 869 872 898 909 926 931 963 964 970 978 983 248 17 266 215 481 482 486 687 
168 192 80 115 593 656 782 852 988 165 634 653 
90 26 359 337 132 248 326 465 487 575 758 795 889 890 986 1000 86 462 629 664 
364 411 234 287 570 814 960 990 344 241 119 
174 429 473 497 615 920 955 985 874 983 
211 373 388 210 264 20 344 245 289 98 277 346 347 452 454 492 535 581 608 696 750 754 984 993 195 228 528 693 842 979 
287 234 43 150 351 364 490 568 570 618 688 699 814 817 863 937 975 990 153 539 607 683 846 
337 26 90 326 465 555 832 986 224 356 
273 162 74 309 298 569 592 909 944 964 61 187 815 
55 261 56 383 116 170 329 415 271 430 461 462 629 662 687 715 793 810 932 517 522 621 789 979 
423 187 252 196 333 52 17 365 65 174 215 218 349 133 446 497 531 757 799 825 888 910 995 999 184 163 232 626 875 908 963 
271 428 403 462 506 526 576 629 802 877 891 932 189 477 620 
94 30 247 230 54 417 342 474 502 529 600 669 707 772 830 840 436 481 813 974 
392 377 215 12 187 237 33 17 531 562 654 724 741 742 757 825 883 910 955 995 147 180 21 501 903 970 
208 169 158 256 515 521 546 571 630 631 689 166 114 148 
402 46 282 251 361 25 141 153 216 511 640 701 826 925 950 137 435 869 
49 93 323 9 407 125 395 76 15 127 472 517 524 551 554 590 642 670 746 784 798 808 818 820 878 896 54 228 434 511 679 769 972 
224 47 181 158 499 546 571 630 689 838 431 56 540 
81 149 89 262 406 308 550 603 711 716 726 728 762 822 873 915 260 235 289 463 967 
36 172 159 327 178 564 827 938 312 675 
354 316 88 74 589 898 926 939 315 361 745 
173 182 288 226 507 632 702 805 907 945 967 971 7 38 524 
190 35 106 191 18 86 193 2 164 75 165 222 44 220 145 479 561 567 597 646 677 684 764 783 848 874 886 894 900 924 965 987 989 367 294 252 410 215 553 559 801 995 
251 100 402 71 389 155 317 306 361 216 481 622 664 739 879 880 940 114 400 107 450 500 
32 109 510 712 819 865 928 958 23 832 
158 224 208 515 520 571 644 689 577 670 
36 178 13 372 48 159 172 42 166 467 513 599 735 827 837 938 84 303 547 
252 333 429 52 22 619 651 652 654 721 741 972 90 138 603 
131 239 336 409 7 291 83 375 468 566 639 675 756 760 823 885 953 129 384 161 70 462 
160 146 154 82 198 64 311 66 505 588 650 763 781 791 951 979 329 322 914 
359 326 113 90 482 555 575 832 954 974 991 257 211 149 
74 180 136 103 297 117 295 309 104 111 485 518 558 565 569 665 851 869 957 81 269 442 637 763 
361 402 112 511 622 664 797 895 743 785 
210 119 289 118 211 344 347 6 91 143 245 264 277 373 381 424 346 5 325 266 98 454 522 535 573 581 608 620 624 628 661 723 750 753 754 850 860 868 984 998 397 32 206 275 279 485 682 765 811 933 
272 318 231 62 19 72 501 660 78 213 783 
313 211 118 98 245 325 424 346 373 20 210 91 452 277 535 581 608 620 624 628 698 745 750 786 868 934 984 993 65 34 172 223 553 742 856 
366 354 558 569 708 780 898 944 18 793 
214 66 311 459 560 636 706 979 982 563 587 631 
386 348 484 525 602 682 785 959 220 116 
214 60 519 594 922 949 951 962 758 991 
176 311 334 456 357 519 611 706 763 949 952 366 985 
111 88 243 180 103 238 589 703 780 926 118 158 606 
56 55 428 261 462 506 629 662 142 857 944 
271 56 299 261 461 55 170 236 58 415 428 329 391 37 430 506 514 576 606 629 662 672 687 697 715 777 793 802 810 877 891 902 932 295 421 447 142 497 765 864 889 979 
96 309 111 345 626 693 780 926 437 910 
414 188 157 246 69 167 416 97 201 362 368 405 537 547 563 587 638 647 673 700 743 807 834 835 846 901 913 956 976 997 379 47 141 96 581 626 772 965 
90 326 359 26 248 337 421 132 197 34 151 286 3 113 70 404 426 340 466 487 534 541 555 575 635 758 790 795 832 889 890 954 974 986 991 1000 36 74 255 101 356 289 97 588 825 981 
359 465 90 326 482 758 832 986 262 891 
36 13 331 48 259 445 166 42 178 599 637 694 717 735 815 234 824 931 
131 11 447 378 704 756 760 813 139 274 524 
374 380 348 92 258 140 655 676 722 771 787 917 296 306 884 
377 99 22 408 278 392 237 228 339 174 365 122 477 497 654 985 154 318 555 907 
281 244 142 72 23 84 476 498 585 660 752 128 511 
435 407 323 15 76 127 524 590 746 878 354 666 986 
120 17 333 423 512 559 757 776 794 799 920 308 351 557 
94 342 417 431 54 156 230 328 502 707 298 205 683 
148 361 8 28 101 153 583 621 740 826 844 879 880 895 897 923 67 143 535 961 
72 62 272 212 471 491 553 585 649 862 912 992 402 96 
133 68 399 278 470 52 237 187 139 500 741 825 857 955 985 995 430 214 525 698 984 
288 632 690 702 805 853 907 914 125 989 
441 164 106 18 44 1 75 2 190 86 24 390 193 222 35 145 165 105 191 561 567 597 677 684 764 783 848 849 874 886 894 900 924 965 987 989 8 62 137 584 604 639 662 726 982 
396 31 307 351 235 490 570 814 863 903 990 376 689 798 
361 8 138 101 153 442 350 251 216 284 530 601 622 640 645 797 880 895 925 948 431 277 419 354 693 802 
151 265 26 359 337 466 132 90 197 326 449 286 248 340 34 487 555 635 758 889 890 954 986 1000 201 419 551 594 637 967 
186 72 84 142 343 62 553 580 585 759 845 912 848 989 
225 457 374 578 676 682 941 943 271 226 
96 111 309 354 163 103 419 450 102 200 604 626 665 693 766 869 909 939 944 996 452 164 562 691 727 858 
203 39 114 87 371 503 552 588 714 751 781 801 867 922 949 952 419 140 490 601 782 
465 482 286 359 248 421 90 337 3 326 534 555 635 795 832 986 1000 137 40 539 861 879 
115 80 57 108 330 737 852 988 506 595 
150 235 234 253 31 396 283 570 800 814 817 821 831 904 975 990 289 103 674 
234 301 356 364 307 43 253 425 276 40 287 150 283 480 493 568 570 618 648 800 814 831 903 975 486 66 18 133 361 587 891 
62 107 72 281 476 142 649 992 375 799 
346 325 91 211 347 313 277 210 119 424 535 608 623 745 984 71 520 728 849 
234 490 283 287 356 43 364 307 351 31 570 618 671 688 699 800 814 821 863 960 119 358 512 639 999 
133 17 776 799 825 972 985 999 284 898 
126 194 124 61 67 386 140 92 374 380 410 525 578 667 682 720 722 725 738 787 858 917 943 959 261 581 618 719 860 906 
287 150 234 31 263 411 364 307 204 356 396 301 618 688 800 814 831 903 990 9 569 588 660 
333 187 237 423 470 22 290 429 52 122 500 512 531 532 562 586 654 658 742 794 825 888 972 985 144 188 462 321 568 880 887 
107 23 471 274 343 553 660 691 845 862 772 867 943 
208 181 21 436 224 521 643 689 49 223 941 
68 17 215 174 333 278 365 497 477 377 218 139 196 219 516 559 586 615 633 652 776 825 888 985 145 442 326 519 582 661 665 
142 281 453 72 244 23 691 692 769 912 432 323 188 
94 342 417 230 247 54 431 474 341 30 95 529 548 669 732 830 277 309 651 697 898 
203 486 233 519 636 763 816 855 361 738 909 
261 170 56 514 576 606 629 662 672 697 802 902 932 238 216 601 618 
82 448 315 371 214 114 203 311 519 542 556 584 594 681 709 751 763 796 841 949 952 966 982 169 640 682 835 869 967 
271 462 55 56 461 391 58 383 78 329 170 270 430 261 514 526 576 606 629 662 668 687 697 715 802 877 884 891 488 190 87 589 755 782 797 
288 182 10 227 221 440 805 907 967 310 665 880 
136 400 96 419 398 162 74 316 518 604 626 665 693 944 970 978 397 79 325 805 845 
159 372 42 36 572 637 694 837 267 683 829 
257 443 77 788 819 865 881 958 594 628 709 
46 451 28 434 153 361 402 134 8 71 664 765 797 844 880 895 897 923 925 935 435 129 471 22 311 9 
22 497 408 52 255 473 229 365 33 99 215 237 14 122 17 559 562 586 610 619 652 683 776 799 825 955 985 999 81 493 326 157 849 932 958 
445 293 36 166 178 572 599 637 694 717 735 744 815 827 837 938 343 164 806 867 
271 462 55 58 391 56 504 383 403 506 329 37 270 236 415 576 629 662 687 697 770 777 793 802 810 884 891 932 164 144 398 322 538 678 728 970 
144 208 433 181 444 224 169 521 546 571 630 689 806 859 174 102 345 582 
120 500 228 562 633 824 910 995 114 549 
435 49 76 395 15 93 9 407 524 551 554 642 746 798 808 818 896 380 402 428 414 657 
508 354 103 450 419 298 136 295 297 162 418 400 398 104 163 558 565 592 748 833 851 869 872 898 909 926 931 944 957 963 964 346 10 603 620 629 661 942 950 
503 16 39 114 505 371 82 315 458 459 214 203 64 176 160 542 556 557 594 595 611 653 681 706 709 751 761 763 796 801 841 961 962 969 982 325 500 204 61 219 578 807 810 869 
169 444 181 161 292 47 208 571 596 634 689 859 919 380 492 847 851 
208 292 181 515 433 499 144 47 304 21 161 158 546 571 596 643 689 806 919 288 84 166 318 852 
289 211 346 325 452 245 280 210 535 608 613 628 661 753 839 860 172 428 718 917 
61 126 63 258 382 676 682 720 941 161 589 592 
435 472 517 125 9 93 323 407 395 127 551 554 590 642 746 784 808 818 820 896 316 468 440 890 914 
184 380 92 386 194 225 410 202 140 382 250 319 457 183 129 322 387 495 302 124 574 577 578 609 667 720 722 785 905 917 959 352 477 196 582 627 739 894 990 
506 430 271 37 662 672 802 810 780 853 
203 73 64 41 582 763 816 918 414 834 
281 195 244 72 84 343 580 660 727 845 424 162 764 
94 342 417 230 341 431 54 30 95 156 328 502 600 732 283 558 704 815 
481 361 389 300 317 25 282 376 544 583 622 659 847 880 895 214 250 349 
294 187 365 122 290 432 497 65 429 252 392 408 651 654 658 742 755 776 883 921 977 150 235 628 797 932 956 
333 497 33 776 799 910 921 985 88 25 
288 182 227 296 690 702 749 805 853 907 967 195 146 
359 465 26 487 132 790 974 1000 770 956 
522 119 492 321 454 424 452 325 313 245 373 581 624 661 984 475 706 710 929 
80 115 360 51 108 625 852 988 6 921 995 
414 69 464 201 188 647 700 956 266 347 165 
152 89 308 38 603 842 873 927 514 564 
408 65 187 559 615 619 651 755 825 888 985 425 361 487 
334 209 338 110 214 595 663 709 922 396 436 713 
113 337 26 326 90 359 465 248 635 986 734 861 958 
110 315 16 519 505 39 214 552 582 584 594 605 706 751 816 982 134 417 819 944 
208 161 144 181 224 571 634 689 220 168 
101 361 530 300 46 206 645 797 880 923 925 948 303 205 136 
171 295 309 385 316 592 626 627 748 909 957 983 23 397 923 940 
181 208 515 144 433 304 224 158 436 169 521 256 571 634 643 919 341 597 784 
414 416 464 310 188 834 861 913 445 43 802 
94 247 328 230 30 156 502 342 224 639 
109 77 32 679 710 712 864 881 958 516 569 640 
213 308 437 275 38 726 789 822 624 684 
435 9 15 49 125 395 323 517 524 407 127 93 554 642 670 746 798 808 878 896 482 552 900 935 937 946 
486 542 214 176 16 154 355 594 605 636 706 714 751 763 778 801 812 962 979 982 246 225 96 351 551 624 
212 274 62 142 498 483 72 281 244 19 107 318 476 332 23 579 580 585 691 692 727 752 759 845 862 912 930 936 992 441 454 354 391 276 2 571 621 
435 127 524 76 517 93 407 551 590 670 746 784 798 818 896 167 325 162 838 
465 326 359 482 337 426 3 132 487 26 449 151 404 197 90 575 758 795 889 954 974 986 991 1000 202 470 116 147 788 858 
114 505 154 519 60 110 207 87 217 334 203 357 594 681 751 918 949 961 979 982 321 579 671 820 932 
209 85 519 114 214 791 816 951 966 473 383 330 
450 117 111 354 518 162 385 312 398 455 104 565 592 626 627 693 703 736 866 909 931 944 957 973 529 107 18 12 642 855 
128 68 99 65 408 22 219 500 133 349 539 512 52 473 174 562 586 610 615 633 713 721 776 799 921 977 985 995 999 441 239 197 141 175 645 809 827 
456 233 217 154 207 650 841 875 949 962 982 317 986 
479 441 2 164 44 105 222 1 86 677 874 886 156 852 
229 392 432 497 377 516 559 512 652 658 888 995 485 171 578 
246 310 167 369 188 414 464 835 901 913 956 976 23 456 609 843 
36 178 438 172 293 259 42 372 694 717 744 827 538 193 722 
400 450 518 136 162 558 589 665 898 95 121 594 
131 375 447 378 639 685 704 756 328 237 833 
479 441 1 106 18 105 677 764 874 965 248 643 785 
43 234 150 425 490 814 863 903 497 103 232 
267 59 366 241 297 398 96 162 427 200 163 102 419 450 309 111 238 455 627 674 708 719 736 748 775 869 908 909 931 939 944 964 970 973 978 337 85 91 549 496 750 786 822 952 
189 411 150 204 287 307 490 235 234 396 253 489 425 364 493 40 422 480 618 648 688 800 814 817 821 831 854 863 904 937 990 55 386 20 740 750 756 896 
208 521 181 249 158 21 433 444 256 520 144 436 161 169 47 546 515 292 543 304 596 630 631 634 643 689 806 838 859 919 368 139 381 553 646 797 982 999 
509 513 293 13 178 42 166 327 599 694 773 827 938 158 121 727 754 
452 313 210 277 119 624 750 155 370 935 
387 135 202 129 525 124 616 682 905 917 187 608 903 
465 421 359 90 555 197 326 26 449 635 758 890 974 986 131 406 729 964 
271 78 58 504 506 514 55 430 462 56 629 662 687 715 770 290 634 655 764 
525 202 184 374 250 348 678 682 720 722 738 785 917 968 288 444 150 998 
225 129 374 269 387 202 147 484 63 358 348 386 67 140 525 92 194 410 27 495 612 655 682 695 720 787 803 917 941 959 519 50 562 125 214 652 816 972 
231 281 62 553 186 244 649 660 692 727 845 916 556 218 188 
212 483 528 23 244 553 142 936 305 165 
91 381 424 452 277 535 143 260 313 367 346 325 210 119 266 321 289 454 211 98 607 608 620 623 624 628 661 696 698 723 745 750 753 850 860 998 50 386 203 328 495 464 234 619 651 774 
355 214 207 542 357 527 311 588 594 605 663 706 763 781 816 875 949 263 525 515 500 745 
402 306 530 475 401 645 730 844 847 880 897 911 923 925 948 224 629 817 
311 82 542 505 130 233 114 85 761 892 949 952 982 281 103 479 414 
142 483 553 23 62 274 272 84 476 471 72 809 845 876 936 992 347 160 661 858 
559 122 500 497 408 120 512 99 615 651 755 589 623 682 
414 464 201 416 369 188 157 638 834 835 861 913 929 456 490 954 963 
335 371 448 209 203 582 87 311 114 486 242 611 636 653 706 751 778 791 867 969 168 496 465 616 688 
309 460 103 104 565 267 297 398 439 316 354 74 295 171 162 180 59 345 591 592 657 665 693 708 768 909 944 963 523 135 506 586 632 681 733 758 
435 524 9 93 323 49 125 472 407 554 670 746 798 878 896 211 684 747 
298 117 589 665 674 898 931 939 594 965 
545 171 162 518 589 427 117 558 400 626 657 768 882 898 908 939 964 523 28 812 885 942 
80 175 330 115 57 413 51 420 360 192 625 656 737 852 988 187 627 633 898 
458 519 233 505 582 556 357 242 552 87 66 114 82 205 542 209 595 605 636 666 706 761 778 796 855 892 966 979 591 482 178 510 565 735 964 
214 160 320 594 519 311 315 130 540 114 176 681 705 812 951 982 488 133 685 783 
571 161 521 520 181 208 859 919 840 895 
479 441 1 2 44 390 684 764 874 546 
160 233 605 611 663 706 751 763 855 875 899 969 344 722 953 
185 42 445 467 172 572 293 513 36 166 48 637 694 735 773 827 393 346 863 
94 529 431 230 30 156 707 830 47 957 983 
101 376 402 305 481 138 155 8 645 664 797 847 856 880 925 504 486 208 624 
457 386 129 609 655 858 917 968 74 694 
81 406 275 437 308 38 4 213 149 254 538 614 711 716 726 728 762 789 822 873 915 927 980 446 358 73 518 703 917 
111 508 485 59 88 665 693 708 872 908 944 964 479 905 958 982 
114 214 552 582 233 154 110 357 542 598 594 663 681 922 951 962 48 308 180 940 
506 236 462 504 56 261 55 629 662 668 810 460 277 650 
266 581 346 211 210 608 753 998 377 425 796 
119 522 118 211 607 373 452 424 492 454 210 289 313 581 27 136 194 574 
269 348 140 602 147 319 27 380 410 525 722 787 905 563 364 935 978 
559 512 252 392 333 825 955 995 786 858 986 
311 214 66 82 110 459 315 203 217 519 598 588 209 146 666 681 706 751 816 892 899 922 969 982 319 756 759 895 931 939 
410 140 129 578 147 319 92 386 33 24 
347 245 289 199 522 119 753 984 19 802 
308 45 81 4 275 603 152 262 406 149 716 726 762 822 842 302 617 864 963 
408 139 423 539 586 187 17 559 122 500 652 683 776 799 857 888 920 955 972 985 42 299 413 672 805 918 
412 202 574 322 387 140 147 729 858 905 917 588 55 981 
287 43 234 648 688 814 990 614 184 72 900 
490 43 425 493 356 570 40 31 496 396 276 234 648 671 688 814 904 942 504 495 154 157 373 
512 539 446 349 742 755 799 857 319 581 
452 454 581 373 347 210 628 661 698 753 850 934 236 430 518 
317 284 282 475 8 402 397 645 664 765 847 879 880 895 553 428 658 871 
134 481 451 530 25 8 216 153 397 141 100 442 393 740 774 856 925 22 414 339 904 985 
289 143 210 373 344 211 313 381 581 20 325 492 661 750 860 984 386 586 209 787 904 
143 211 289 363 347 277 280 210 535 452 266 573 91 29 98 325 581 454 344 346 373 313 264 199 661 745 747 750 753 754 850 860 868 984 993 998 324 601 94 552 69 550 643 647 776 777 
115 57 80 536 168 593 175 330 737 981 988 651 834 982 
309 558 545 463 316 111 232 508 268 162 485 103 592 419 693 780 869 898 926 931 939 973 282 429 464 738 762 850 
53 298 96 569 558 398 309 162 545 665 693 703 768 775 780 866 898 931 939 970 593 142 525 653 777 959 
210 373 452 522 363 325 118 381 454 5 313 289 211 245 20 119 581 321 264 347 346 277 98 620 661 745 747 750 753 860 868 993 176 531 75 510 316 756 764 777 943 
55 606 462 329 271 428 58 56 78 504 299 261 576 430 461 415 116 506 514 662 668 687 697 715 770 777 793 802 877 891 902 282 421 213 518 583 741 910 975 
571 224 144 21 433 208 515 436 634 806 919 154 69 750 
571 208 433 256 169 158 21 643 456 5 738 
288 226 10 478 182 440 296 702 718 805 853 914 946 3 589 236 713 
252 392 52 559 500 408 339 516 278 14 654 658 792 825 883 955 3 593 639 752 838 
47 181 546 169 304 208 543 256 158 224 571 520 630 643 644 689 576 309 420 17 102 
465 90 326 197 265 541 482 113 575 26 487 758 954 986 316 311 729 972 
214 114 594 384 552 217 456 588 82 207 503 650 653 681 706 751 761 791 796 812 816 961 969 979 982 20 298 18 836 856 873 926 
372 36 48 509 513 331 599 166 178 467 773 815 827 294 450 58 482 
246 464 587 414 673 913 929 956 211 366 183 
131 375 11 83 336 285 566 447 409 291 379 675 756 760 804 813 823 871 885 906 953 383 548 141 493 479 633 
206 284 481 397 376 434 148 8 361 306 686 739 767 836 844 879 549 313 505 214 987 
257 32 353 710 712 819 864 865 870 958 299 792 996 
435 323 395 517 15 551 93 524 9 746 784 808 878 896 13 53 558 650 
571 144 208 169 521 546 631 499 634 292 224 644 567 624 308 840 
161 47 208 21 444 634 169 224 643 689 365 823 899 
153 100 112 305 402 282 583 306 544 481 71 138 401 601 317 621 731 797 826 829 836 844 856 911 925 935 940 950 559 297 313 364 738 831 996 
75 441 1 18 190 86 390 677 684 874 989 66 571 948 
414 464 97 537 416 201 310 188 157 69 362 673 700 807 835 846 861 887 913 997 624 709 783 961 
234 570 276 351 618 150 287 490 617 356 307 364 671 688 800 814 817 821 854 903 937 942 975 990 375 11 711 714 789 801 
476 72 491 579 186 281 727 845 753 958 
636 448 311 560 154 207 653 751 781 962 982 606 642 912 
218 187 586 349 139 290 446 539 17 408 133 531 99 252 255 278 652 658 683 721 724 776 779 824 893 910 920 972 999 502 226 293 581 625 345 367 869 
215 562 187 500 139 651 615 512 17 399 120 446 683 724 779 920 56 578 802 878 
636 320 207 60 85 650 519 588 114 816 969 136 627 420 
255 446 408 497 187 633 324 22 52 365 470 531 432 278 133 14 713 721 755 776 825 972 995 999 71 181 819 880 898 902 
602 469 27 578 803 905 917 943 994 230 576 286 
115 330 420 192 168 593 737 782 852 981 988 837 919 982 
238 88 398 589 592 309 366 665 693 748 843 882 898 908 963 970 978 256 95 517 966 990 
252 633 52 531 17 377 562 497 651 742 888 995 621 402 856 925 
179 530 216 251 765 774 879 880 895 925 948 720 817 
528 281 471 579 453 23 186 498 19 142 72 727 752 862 936 496 848 951 
313 381 452 210 620 522 628 91 98 535 6 264 347 289 277 623 373 581 344 624 143 245 346 696 750 585 500 518 342 132 290 796 
78 271 629 383 506 261 170 526 428 299 56 576 606 514 504 461 55 462 391 672 687 697 715 770 793 802 810 877 884 891 902 932 277 288 49 479 198 677 705 806 
540 233 311 335 582 41 605 320 598 709 751 763 781 796 812 867 961 979 383 347 713 797 868 
148 601 451 317 442 401 402 25 511 284 361 621 306 141 100 765 829 880 895 897 911 925 77 360 187 421 190 812 
102 591 508 565 243 450 53 657 400 627 398 589 485 104 604 693 703 736 833 869 908 926 931 939 944 963 964 500 507 689 744 745 975 
594 146 87 203 611 709 796 961 982 273 472 1000 
495 410 525 202 380 61 194 348 722 858 905 917 164 103 111 748 
55 271 56 506 629 261 606 687 777 802 884 932 282 762 900 
94 431 342 230 417 95 156 328 502 772 811 361 803 925 
435 590 49 551 407 554 808 820 444 778 
618 234 31 121 648 493 351 814 817 556 96 704 
526 56 55 462 271 261 504 662 715 770 877 891 615 673 905 
414 464 188 647 638 167 700 834 835 861 325 245 672 
591 569 345 96 104 419 869 926 944 963 964 489 998 
131 375 447 639 11 804 813 953 359 438 
319 469 374 322 194 140 484 61 202 523 678 720 738 771 785 917 933 182 10 326 185 384 
479 220 164 567 44 18 191 441 106 86 24 105 75 145 561 222 190 646 165 303 2 390 684 764 783 848 849 874 894 900 965 987 187 83 109 294 208 662 146 325 42 
577 140 27 676 129 184 202 382 738 917 943 968 80 514 409 
177 257 549 712 819 864 865 958 435 706 963 
111 418 180 241 366 104 869 908 926 957 348 401 332 
636 82 611 311 114 85 556 605 198 505 60 595 519 706 714 751 796 899 951 589 280 62 686 973 
129 380 410 183 484 348 457 194 495 412 523 202 577 374 574 578 722 725 729 738 787 905 933 941 943 959 994 30 586 96 301 452 505 700 
333 651 237 652 512 392 128 408 615 22 339 399 757 792 955 995 509 474 352 425 752 
164 677 86 44 190 1 2 220 303 105 479 646 597 106 191 18 441 764 783 874 894 900 987 989 186 550 52 590 23 825 974 
131 239 375 11 566 7 756 760 885 906 595 202 721 
100 8 148 251 640 216 701 836 880 257 681 301 
116 506 56 462 662 428 55 668 514 261 271 629 576 777 810 902 419 357 369 871 
234 411 570 301 396 189 618 121 493 496 425 351 617 307 648 43 356 283 364 150 699 800 814 817 831 854 947 1 588 254 689 690 746 943 
571 208 436 521 181 433 304 21 644 515 634 543 444 158 499 144 224 292 169 249 520 806 838 66 87 665 688 480 
288 182 533 478 718 749 907 967 688 814 
498 23 142 553 501 281 62 107 291 485 706 
579 84 142 19 72 272 244 501 553 281 231 186 759 845 916 930 337 908 966 998 
267 295 558 316 604 626 463 508 398 657 418 163 273 485 297 111 589 627 171 665 354 703 708 768 833 869 898 926 944 963 970 978 424 481 303 196 795 904 988 
36 178 327 564 572 13 509 513 467 48 599 773 815 827 28 602 746 929 
386 578 140 67 202 738 858 905 917 943 959 18 832 976 
424 313 581 373 211 661 210 346 767 987 
329 271 629 462 514 391 504 662 37 56 403 261 55 506 78 715 777 877 891 932 101 54 502 347 944 
266 454 581 347 277 346 211 245 210 620 750 477 323 
276 364 688 425 493 817 903 942 418 771 
414 464 69 673 362 537 647 188 834 835 913 976 403 682 
8 216 148 434 686 739 826 923 15 122 
632 288 533 137 440 226 182 478 221 805 853 907 945 946 967 971 362 349 830 925 936 
558 627 693 460 345 419 665 123 748 983 135 603 894 
131 379 336 566 285 291 11 375 468 756 760 823 906 671 2 117 529 
214 85 595 751 796 816 952 982 662 8 
73 456 16 154 519 357 598 459 130 203 681 87 311 611 338 636 371 542 552 39 214 335 594 588 582 114 751 763 791 816 867 875 892 949 969 982 159 328 298 679 396 142 691 535 946 950 
94 342 600 431 474 417 230 247 811 830 334 391 
419 400 111 103 104 604 200 354 418 345 569 589 316 180 693 163 241 455 309 719 775 872 939 957 983 996 176 143 730 819 834 902 911 
146 663 335 505 519 540 666 207 949 951 969 647 510 925 
177 257 549 353 109 641 77 819 864 865 928 958 535 742 791 
394 603 308 81 437 726 842 915 31 648 
257 77 679 177 443 641 549 32 788 819 864 865 870 881 928 958 120 787 797 949 994 
12 290 17 559 133 654 408 339 22 255 365 721 888 955 972 995 663 632 150 540 726 
334 233 552 486 681 311 751 781 816 867 648 365 388 
662 462 428 56 55 629 506 672 697 271 116 576 802 810 891 932 188 103 346 390 784 
614 394 603 437 149 81 213 279 406 726 728 789 822 980 123 361 381 931 
36 513 327 42 13 467 178 564 48 172 827 198 225 967 
227 288 226 632 173 690 296 137 749 805 907 971 297 522 834 838 
316 163 53 295 708 569 926 931 964 970 973 996 495 64 892 913 
358 525 676 184 92 578 523 67 495 147 577 269 202 386 905 943 959 310 265 659 814 977 
133 559 713 654 215 333 22 651 252 392 219 446 408 324 794 825 857 883 921 999 124 685 111 943 945 
469 609 225 382 374 682 525 495 386 140 667 577 147 358 129 63 729 738 959 994 91 598 564 903 950 985 
452 388 347 581 91 747 750 860 998 278 175 888 
432 339 652 651 122 218 215 278 799 972 114 957 990 
380 495 682 374 126 358 803 917 943 263 853 932 
394 213 81 149 437 614 38 716 45 406 711 89 308 50 279 603 275 550 4 728 762 789 822 873 915 927 980 285 713 479 221 145 771 
142 186 19 553 528 281 660 579 62 649 23 752 845 862 876 992 485 131 572 
726 81 149 603 38 50 716 254 89 406 437 213 275 822 842 980 230 514 101 492 
682 722 616 129 738 858 917 933 941 635 575 827 
134 583 393 138 46 836 844 856 880 895 923 925 708 82 926 
8 251 402 138 645 797 925 950 151 190 936 
94 342 502 314 529 54 417 772 811 152 203 390 
148 389 765 774 836 847 880 895 589 52 
196 252 22 12 14 174 408 799 920 24 541 818 
293 513 13 599 445 467 159 36 331 773 827 271 594 893 
558 569 309 111 298 316 665 297 386 862 
488 57 593 108 413 192 656 175 625 115 852 988 176 800 
322 678 695 27 225 676 682 348 194 250 374 729 380 258 140 387 577 269 202 722 92 147 495 410 771 787 858 917 941 943 968 994 83 645 338 631 503 359 278 626 197 
148 112 141 640 306 361 701 442 740 925 950 290 525 751 
155 475 739 402 622 25 46 148 829 880 911 950 365 570 
120 99 229 432 333 252 477 187 446 910 921 995 162 276 629 
252 497 187 228 432 658 399 619 17 531 972 80 454 710 
414 368 405 464 416 188 835 956 451 898 
513 564 178 327 48 185 172 36 827 665 199 764 
581 210 211 289 199 143 260 5 325 346 492 373 313 347 29 454 628 624 363 839 665 439 392 582 910 
435 524 15 642 9 554 590 395 93 49 472 517 76 551 818 820 688 210 694 861 885 
624 347 277 723 118 346 628 750 934 295 74 590 
117 657 569 703 545 103 518 136 766 898 944 194 667 
533 690 718 288 137 10 805 907 914 967 971 240 119 980 
573 628 260 623 245 346 698 344 199 313 723 20 661 424 29 211 325 98 119 454 347 277 452 624 581 747 118 753 839 860 934 984 389 569 311 570 22 630 320 944 
598 556 714 705 371 82 505 87 588 41 542 486 160 706 176 552 519 205 233 154 335 663 636 311 650 85 611 681 214 763 781 812 816 855 867 892 979 982 63 408 173 739 261 123 776 923 973 995 
142 281 23 660 727 553 471 845 930 151 633 683 
363 313 750 118 452 624 373 277 628 260 613 381 620 607 211 581 210 522 786 354 649 326 82 
277 325 452 211 424 280 347 624 216 572 331 
539 531 654 619 365 294 586 120 972 506 376 247 
131 639 468 379 11 7 336 566 704 291 239 685 447 375 285 83 409 760 804 871 885 906 953 261 628 3 611 570 355 
473 174 294 429 187 432 683 65 776 794 985 116 418 840 
465 90 3 197 482 70 575 151 421 26 248 34 635 326 359 265 555 466 113 954 458 200 589 108 189 782 
84 72 142 692 483 62 553 809 611 863 951 
131 756 639 370 83 447 378 239 685 336 704 11 468 379 7 804 871 885 953 252 271 32 404 775 
114 584 82 87 594 636 16 519 315 763 791 812 962 55 372 876 945 
726 603 262 437 149 614 38 308 81 45 789 822 842 873 668 626 25 413 
663 448 16 527 160 598 706 64 519 503 505 384 87 459 582 114 552 335 761 311 751 203 371 796 816 892 899 962 966 982 72 94 216 450 387 45 814 996 
479 567 164 677 44 597 684 1 441 190 75 86 18 191 2 390 106 849 874 965 987 162 528 576 744 271 628 
511 733 659 402 621 664 153 155 829 879 940 462 323 452 
485 748 297 352 780 898 931 970 178 903 995 
376 112 361 640 179 148 856 895 948 696 387 841 
693 171 589 627 102 309 241 592 869 872 939 90 333 185 
281 142 501 62 72 272 212 876 435 777 
329 514 672 576 662 629 271 802 891 534 379 843 
319 386 410 92 469 61 374 140 676 738 858 905 917 941 943 959 392 271 699 726 911 
94 342 30 156 230 669 54 417 431 732 840 464 347 498 
159 572 36 259 637 599 185 735 48 694 331 827 150 888 
733 622 659 148 826 880 923 925 935 241 581 992 
96 708 569 136 419 88 627 309 851 908 909 957 256 760 242 
559 531 473 392 654 17 757 500 365 494 532 120 187 651 512 615 883 921 972 999 624 751 189 855 929 
55 56 462 78 170 271 514 37 687 668 629 697 802 810 877 932 628 624 769 627 939 
594 588 311 114 110 552 791 816 966 21 393 670 
652 187 651 52 99 365 174 825 784 895 
241 626 455 88 103 766 460 627 352 400 463 964 251 526 842 
650 242 663 751 355 214 582 714 486 448 217 801 816 961 979 168 412 788 897 
413 420 80 656 115 57 168 51 852 981 988 486 506 758 
479 24 222 441 106 44 677 2 390 165 684 1 75 191 849 874 900 965 989 372 595 453 242 647 
435 524 554 127 323 407 642 125 76 93 818 878 896 715 546 779 802 
382 457 250 147 525 27 676 577 410 358 941 943 451 94 567 404 
210 454 753 373 29 118 211 347 119 346 998 569 610 
738 61 258 129 92 386 469 250 380 202 410 682 495 348 609 147 578 905 917 943 959 207 712 623 132 831 977 
712 510 177 257 819 864 865 881 958 555 781 370 
50 279 726 38 152 149 603 550 81 716 406 762 254 89 822 927 258 428 648 227 
465 90 326 3 132 340 359 534 26 337 832 974 214 416 92 
203 761 588 448 214 320 311 778 636 557 706 796 801 922 951 969 710 364 19 
683 229 633 174 218 824 825 888 188 641 
55 299 629 514 462 428 662 271 403 877 891 932 245 61 2 455 
473 52 377 218 339 721 497 757 926 965 
465 555 3 26 421 487 326 986 402 693 845 
666 154 357 505 705 87 114 519 594 791 311 217 214 636 198 681 763 663 203 355 801 867 264 26 56 661 607 888 
223 71 361 645 397 393 112 481 511 451 601 402 153 216 148 134 544 731 46 305 401 836 856 879 895 897 925 950 139 506 114 712 347 571 663 531 
435 554 517 323 590 551 127 820 221 126 480 
349 473 512 494 52 17 377 619 615 365 734 559 429 724 174 532 252 910 204 239 491 36 852 
283 301 648 411 570 490 493 489 307 287 364 688 234 121 40 396 43 496 356 204 814 903 904 990 105 737 875 883 994 
552 519 16 82 154 486 130 311 796 73 781 791 816 951 373 329 648 441 
55 56 462 514 430 506 504 58 526 777 662 770 403 715 329 170 116 629 270 383 236 415 391 668 810 884 891 932 613 481 784 547 652 805 833 937 
319 380 578 410 725 386 202 655 858 933 247 669 874 
131 675 756 7 760 639 871 885 953 408 158 411 
288 227 182 718 173 632 221 440 749 533 702 507 296 226 478 10 137 853 907 914 945 946 967 971 802 180 615 508 834 880 
181 515 521 689 21 169 158 571 630 662 513 835 
464 188 201 416 69 369 647 157 368 834 835 861 887 956 997 519 311 252 390 
435 93 524 670 517 551 642 49 211 372 
585 759 281 72 332 244 84 62 845 930 559 259 993 
58 271 514 715 55 606 687 802 116 428 662 777 56 526 462 884 891 413 252 31 519 254 
94 342 417 707 54 79 314 732 247 30 230 669 156 338 452 90 874 
87 761 751 114 217 636 552 663 595 371 311 899 951 94 664 592 889 
131 239 379 675 378 375 639 468 431 917 
234 276 568 617 489 411 688 301 490 671 800 150 364 356 422 307 493 570 425 287 43 618 496 648 480 817 821 854 903 942 975 990 210 690 106 414 144 720 763 
694 637 513 172 42 467 178 427 529 928 
371 384 636 763 176 706 82 41 114 705 527 653 582 503 714 87 801 611 542 205 334 110 781 311 557 778 751 841 867 892 899 962 132 578 8 150 284 235 864 910 
287 364 570 648 150 814 699 688 671 425 121 235 489 307 396 903 226 583 659 67 909 
435 746 784 524 554 517 820 878 734 128 
257 712 77 679 710 353 32 177 641 788 109 443 510 864 865 870 881 928 958 708 542 654 882 
435 395 323 524 746 49 670 818 798 896 234 556 903 
489 364 648 814 493 234 150 570 942 26 956 984 
89 81 603 437 789 550 614 254 45 728 149 716 762 726 152 38 308 262 4 213 842 873 915 980 46 569 234 216 917 963 
131 239 291 447 375 704 639 885 644 872 880 
139 792 516 349 294 22 651 995 467 38 262 
494 477 633 497 187 792 512 779 399 721 654 252 290 429 610 432 539 500 910 955 307 684 113 465 827 
701 434 361 774 645 475 300 402 164 142 
36 178 159 773 185 572 438 599 172 637 13 48 564 166 744 445 717 372 513 42 259 694 735 837 374 825 729 286 559 356 874 
148 141 402 28 8 923 925 935 933 942 
765 664 350 740 645 148 880 950 374 174 509 
94 431 707 328 247 502 600 342 79 417 230 341 840 99 414 147 702 
234 570 150 189 204 396 356 490 496 688 489 854 903 904 942 990 645 787 82 959 
465 790 359 3 449 326 466 487 90 426 26 954 974 986 1000 190 695 443 200 
518 665 693 298 111 243 869 926 957 802 566 308 
414 97 157 807 547 369 673 246 700 587 464 167 416 69 368 835 861 887 901 913 976 805 718 708 625 527 
414 464 405 834 647 807 587 368 416 673 563 201 700 69 167 188 157 362 743 246 846 861 887 901 913 929 956 976 997 172 309 2 295 505 806 869 905 
8 733 645 730 402 284 686 148 216 797 640 101 179 880 935 950 277 636 854 994 
42 827 36 513 445 172 509 938 656 939 
21 208 224 158 181 436 169 304 689 249 571 859 554 718 29 633 
347 367 522 745 119 91 277 750 178 218 
94 247 54 830 95 772 79 342 431 643 757 596 
203 64 384 505 39 176 519 41 560 73 816 951 767 398 42 
762 81 149 822 538 614 728 152 711 45 980 780 424 367 
657 117 398 309 869 909 926 970 62 563 770 
475 511 730 317 645 216 640 583 28 148 895 925 143 899 
186 498 579 585 483 727 553 752 809 72 692 649 62 318 244 84 528 281 142 876 936 992 261 329 76 795 508 901 
414 835 188 167 405 647 464 913 425 359 859 
733 530 282 601 25 621 583 880 307 520 
479 677 105 44 18 441 106 24 190 874 965 660 483 
222 145 164 190 2 479 1 677 764 783 874 965 354 346 492 512 
143 452 91 313 620 581 624 277 320 626 
180 518 775 450 398 74 96 295 117 882 898 931 939 964 973 281 209 21 520 
115 175 593 737 656 536 420 360 80 51 488 782 330 413 981 988 521 28 799 561 
632 288 182 296 533 702 805 173 478 221 227 907 725 365 174 526 917 
688 814 831 307 364 234 287 570 150 648 990 836 403 
357 311 203 751 598 217 594 503 982 281 558 776 
148 393 767 402 8 284 730 601 141 179 797 645 397 622 897 636 454 658 336 
33 615 721 619 477 955 972 995 461 964 
771 380 667 129 495 738 695 63 386 410 140 412 322 202 250 67 184 803 616 602 387 729 943 959 968 994 610 77 114 585 485 555 990 
838 596 144 21 515 208 520 571 127 60 846 
623 522 5 347 581 313 325 260 624 750 452 277 211 373 723 119 210 118 143 6 245 628 984 998 110 495 191 45 917 953 972 
201 673 835 188 807 157 310 587 416 167 647 834 547 414 913 929 956 487 746 541 44 926 
274 553 19 727 498 281 84 476 660 244 930 736 147 382 
121 570 425 568 480 493 234 307 40 903 990 599 122 759 
819 712 257 710 77 32 679 788 177 109 549 641 870 928 958 816 614 462 907 
679 712 641 788 77 177 710 819 257 510 353 443 870 928 958 309 376 349 920 
627 558 309 241 872 944 964 983 35 51 
73 486 816 796 706 110 663 751 714 588 892 982 240 513 498 
264 245 628 452 289 454 210 624 347 196 58 663 
680 450 298 400 354 843 385 309 136 569 518 232 665 163 485 674 833 312 123 243 419 768 693 626 898 926 931 944 957 963 964 978 835 519 63 227 434 505 37 651 
819 712 32 177 641 864 865 77 257 109 928 958 400 1 22 
131 639 756 379 804 760 375 378 885 687 245 621 
708 59 518 419 103 866 604 366 768 908 963 823 118 128 
279 254 538 149 822 437 726 81 4 394 603 45 762 152 275 915 42 636 964 
479 441 677 164 106 44 18 684 1 2 190 764 86 783 24 390 191 75 105 849 561 222 848 646 567 145 597 303 165 220 193 35 886 894 900 924 965 987 989 803 827 120 119 811 423 389 927 988 
311 217 598 560 582 706 203 214 951 962 979 429 800 
845 195 19 274 585 769 727 186 761 997 
55 793 56 462 777 629 403 329 430 116 261 271 415 391 662 697 672 506 932 252 289 9 887 
435 472 818 642 590 784 551 49 148 652 
765 112 350 71 134 442 179 797 621 640 475 659 313 339 487 907 
393 206 475 664 361 774 284 148 829 134 601 155 530 511 659 544 481 317 300 216 730 836 442 621 350 847 100 686 740 376 583 733 389 895 925 950 369 507 823 805 654 497 374 888 907 991 
712 257 549 788 819 510 928 958 51 959 
298 592 273 851 398 657 926 983 147 819 962 
776 52 721 122 531 365 633 68 432 278 215 339 910 955 985 995 70 336 800 997 
662 802 506 383 261 810 514 668 170 58 355 469 384 
131 379 804 375 760 11 336 83 639 370 291 447 239 756 7 378 685 871 823 953 394 592 746 148 933 
874 1 106 44 441 24 479 561 176 385 
414 835 647 834 201 807 188 913 497 877 
792 333 615 539 14 408 324 399 174 252 500 658 237 365 562 429 713 22 497 910 955 995 112 723 773 796 880 899 
465 90 359 70 34 482 404 26 337 326 421 555 890 986 812 144 462 300 
34 90 326 889 465 421 575 482 954 974 524 111 895 
55 430 56 270 662 629 802 810 514 403 58 271 383 78 462 116 770 697 329 506 793 299 391 672 715 100 157 490 466 913 925 971 
751 867 594 706 114 763 611 584 816 203 176 918 961 969 982 14 719 210 
139 324 14 22 651 68 252 921 735 930 
874 44 164 479 677 441 106 684 900 525 703 410 
100 8 402 844 206 797 216 148 451 481 475 733 621 511 134 401 530 730 138 664 361 25 659 880 767 911 925 950 395 611 596 208 779 890 931 962 
435 554 323 517 49 93 9 590 395 784 642 820 125 551 524 15 570 210 84 103 990 
361 856 664 797 216 148 475 511 300 153 583 950 158 781 408 
59 180 419 316 693 102 627 74 354 439 238 592 657 455 309 766 565 385 312 748 851 297 626 591 117 103 518 162 869 908 926 944 957 963 964 978 502 743 654 109 181 35 494 307 593 
198 598 812 203 681 816 611 114 311 214 763 966 644 844 888 375 
874 783 441 164 677 86 106 390 684 191 2 479 190 894 1 965 551 617 36 668 
414 563 835 188 310 246 167 834 464 181 845 982 
58 462 504 271 56 687 629 236 662 654 708 191 
356 863 287 568 150 189 817 800 276 496 480 814 831 648 307 699 490 904 947 960 990 399 432 722 820 766 574 
618 831 903 570 489 800 235 301 693 623 622 
771 92 386 63 374 655 67 322 202 667 410 302 695 525 140 348 124 574 27 682 616 787 720 194 609 917 933 941 994 405 672 17 604 835 152 954 955 
131 756 285 11 685 639 291 83 704 375 495 42 268 
805 749 10 702 227 507 690 440 718 173 533 478 288 226 296 853 182 221 945 967 971 470 864 5 879 311 880 
117 569 657 604 104 592 297 898 354 775 665 872 680 909 964 973 429 7 55 692 
136 419 103 569 518 297 485 427 366 53 267 273 843 589 398 908 558 111 545 775 926 931 939 983 996 300 503 156 130 817 201 184 
429 174 825 17 799 883 532 365 888 432 741 516 14 120 651 377 972 745 816 463 629 993 
100 148 645 740 664 583 101 895 140 771 708 
195 483 231 501 476 23 553 72 650 958 985 
414 638 835 188 201 834 416 464 368 587 647 362 846 861 700 887 69 157 563 547 97 929 956 997 417 719 77 140 891 
805 749 227 478 632 288 173 967 448 524 
822 213 149 873 603 711 437 726 38 337 309 950 
272 579 84 212 231 692 62 274 407 43 934 
27 725 202 676 322 578 410 525 667 495 135 738 387 771 695 124 194 574 348 147 787 240 616 729 183 602 577 469 905 129 678 655 386 941 943 968 994 860 853 106 822 813 378 239 78 603 522 
892 338 87 527 114 217 556 961 969 615 33 414 
571 520 521 546 169 630 208 596 656 234 
215 473 652 651 423 734 377 174 615 196 365 865 234 217 
33 531 237 365 532 278 741 893 14 139 339 559 721 776 52 955 977 995 393 536 340 924 957 
605 371 203 458 791 486 611 540 114 949 962 361 326 398 
511 148 774 583 701 828 544 730 475 925 940 950 751 310 545 
874 479 18 164 75 441 193 2 106 190 152 921 374 
148 923 155 300 774 659 397 730 797 544 739 284 645 844 216 511 601 361 317 223 880 481 393 141 828 731 664 622 434 895 376 583 935 304 669 658 366 891 94 709 702 115 
833 463 104 103 843 719 909 200 162 898 273 439 626 419 398 88 680 460 111 309 268 882 96 366 674 518 400 693 869 665 964 983 26 79 11 730 311 861 195 794 636 
538 38 89 213 789 726 50 603 4 359 874 960 
443 712 257 864 77 710 870 353 865 881 819 958 815 231 105 245 
414 188 861 913 587 638 416 835 368 167 157 997 535 776 694 
281 142 752 553 809 62 72 862 692 893 408 378 
869 312 626 909 591 627 569 398 851 558 665 123 354 518 419 309 273 766 74 295 366 719 939 944 963 716 148 287 895 611 307 467 
55 697 56 668 428 430 802 261 715 504 299 462 514 877 383 271 777 793 662 531 512 556 725 972 
905 386 92 147 729 682 803 676 322 959 885 452 828 
747 280 313 620 454 750 29 984 345 916 
282 153 828 376 511 836 774 25 645 148 925 179 71 134 155 141 573 609 551 
660 23 585 553 107 580 84 845 702 149 731 
396 425 364 570 648 283 234 189 356 942 975 990 551 802 
513 178 445 36 837 42 438 572 232 953 
931 909 385 592 626 117 485 439 162 312 418 708 309 569 103 627 768 665 591 851 963 970 996 837 181 611 392 127 777 
8 442 645 305 923 765 216 25 605 545 386 
578 63 140 785 738 905 771 484 386 729 147 523 380 682 917 499 163 365 
189 364 814 618 351 356 937 307 648 831 31 699 821 975 990 518 592 75 828 
917 225 484 183 738 858 785 194 374 725 135 147 695 682 655 124 386 787 63 27 184 678 495 720 771 412 959 111 1 498 628 688 721 1000 
485 558 352 309 427 102 518 869 111 569 298 866 400 59 589 123 96 898 931 693 171 103 241 316 366 508 604 297 200 455 136 665 748 354 162 674 267 963 983 996 45 461 542 750 277 92 697 237 30 979 
805 907 227 440 702 288 226 946 721 761 62 
805 945 632 288 702 182 967 971 551 706 
276 31 287 688 234 903 307 235 115 17 
767 402 659 148 583 481 544 950 387 646 103 
458 214 486 203 459 709 505 338 242 582 198 556 560 311 706 922 584 979 982 712 416 48 395 
829 216 731 306 282 740 739 797 28 880 645 376 836 923 948 897 402 434 101 153 25 895 915 417 706 722 212 518 
791 114 557 595 605 39 841 875 146 801 66 311 681 709 64 458 812 41 448 962 660 169 759 249 995 
505 705 584 459 64 486 146 982 81 302 569 
131 804 83 639 756 885 336 447 760 378 239 675 860 111 598 938 
890 90 555 758 26 197 465 132 337 326 449 832 482 635 359 986 587 905 995 
252 423 408 512 187 610 713 921 139 883 683 432 615 215 333 477 825 857 294 888 633 977 995 999 905 39 36 194 326 984 
369 405 835 188 310 861 913 563 807 97 537 414 638 743 464 997 534 531 402 821 
680 103 136 558 545 450 400 775 869 898 708 518 833 53 964 973 600 203 921 724 
819 712 257 865 864 77 928 870 710 177 32 641 788 549 881 679 510 443 353 109 512 649 16 912 604 541 
525 374 578 933 140 457 250 92 722 495 386 787 194 695 720 202 412 348 771 943 858 129 380 225 682 302 184 881 627 38 831 25 90 984 
234 364 411 356 396 903 204 493 422 331 927 976 
519 663 114 666 636 892 556 918 82 87 781 60 207 311 962 475 234 647 229 
205 922 875 605 961 39 761 816 552 519 650 82 160 951 763 458 217 214 560 882 206 148 895 
931 53 674 345 944 872 136 298 268 518 939 657 74 354 297 898 162 693 312 665 869 96 419 589 614 822 429 291 679 587 160 
926 604 398 869 419 851 316 719 366 674 53 96 908 427 866 592 111 898 569 665 385 400 103 518 345 162 295 780 354 298 957 335 857 299 873 76 575 594 90 
874 145 441 164 677 106 44 849 783 848 75 567 479 764 105 86 165 18 2 900 1 243 373 591 794 464 167 
214 203 899 505 763 357 594 778 557 154 969 982 692 237 657 
805 288 690 946 296 226 507 137 221 440 227 907 533 914 702 749 437 482 505 717 
917 126 678 738 202 63 577 194 410 602 858 82 296 
588 653 636 709 966 611 205 706 791 66 355 598 918 519 892 982 221 197 316 289 99 
345 939 298 569 419 74 693 163 627 104 719 53 96 111 766 657 309 123 843 316 162 297 508 8 153 514 432 287 980 
805 288 907 749 227 702 440 182 946 718 221 891 974 
742 724 776 446 651 365 654 494 497 229 52 713 174 910 187 755 14 857 615 408 86 435 578 860 932 635 
908 162 957 569 558 626 851 719 751 286 681 
465 90 326 26 555 113 337 575 832 449 359 890 790 534 1000 684 971 431 
489 648 253 356 490 814 937 425 942 665 629 988 
414 416 700 563 834 69 835 464 960 292 695 
921 174 955 14 531 187 559 995 787 375 720 
508 136 569 898 398 268 657 111 419 869 200 693 385 312 162 346 609 160 204 
64 448 39 556 594 636 949 781 875 82 751 160 85 456 176 203 552 663 311 982 81 462 225 424 944 428 
308 603 149 728 822 842 81 726 716 970 749 85 
115 782 656 625 413 175 192 852 988 465 616 96 
114 595 966 242 85 611 763 355 855 73 198 706 705 176 214 66 505 636 519 979 560 334 542 556 666 650 16 751 969 867 892 552 384 949 456 584 952 604 359 625 374 656 222 571 901 479 180 
545 232 703 74 909 345 882 866 926 88 944 102 96 103 419 708 180 300 600 423 321 18 
325 452 313 623 454 210 424 381 934 492 277 535 211 91 613 750 199 347 6 280 624 860 245 998 955 111 959 55 821 49 477 
215 539 532 174 294 423 365 399 512 500 497 615 68 883 757 470 559 392 494 477 196 912 722 622 459 330 
465 90 26 795 359 482 555 337 487 421 113 541 286 575 326 635 832 426 70 889 466 954 1000 610 277 560 472 8 124 
874 684 441 164 677 105 303 764 193 479 191 989 696 640 291 244 
115 852 80 593 737 175 782 656 625 413 981 536 192 51 420 330 168 488 57 108 874 92 975 693 992 
874 479 441 164 86 646 684 987 44 2 783 106 478 483 995 
489 814 480 364 189 396 937 800 150 253 263 570 496 863 942 903 301 307 425 831 854 235 617 422 204 356 648 234 724 120 525 896 657 858 179 354 
465 132 26 449 337 555 34 326 359 90 340 1000 880 458 305 342 
585 343 727 231 212 84 553 491 62 845 476 285 988 774 
624 424 119 454 325 628 143 313 910 809 27 
129 858 183 410 655 302 61 682 722 905 917 738 712 800 371 836 
120 215 824 324 713 888 174 290 432 17 559 516 977 187 658 22 339 741 349 52 562 255 429 252 365 857 196 883 610 955 399 654 477 683 218 921 12 130 536 751 766 55 91 951 989 954 441 
708 162 111 939 719 909 59 944 485 641 645 763 
414 929 913 807 464 956 835 647 876 883 
723 984 313 119 581 452 786 607 20 860 624 674 577 692 
776 559 651 429 399 512 494 196 187 721 215 955 17 278 654 571 115 493 164 
465 487 991 26 986 113 555 534 832 359 421 482 974 57 101 666 943 
