1000 9561 0
18 35 44 75 86 145 164 193 222 390 441 479 567 646 677 684 764 783 848 849 874 900 924 965 114 633 753 865 903 941 
24 35 44 75 86 106 164 190 191 222 441 479 561 597 646 677 684 764 783 874 900 965 989 287 301 347 364 559 639 
26 90 286 326 337 359 465 482 487 758 832 202 409 641 
149 213 603 614 711 822 873 927 34 197 221 
91 98 277 313 325 388 452 454 608 661 754 998 519 646 658 907 
119 210 452 492 613 620 628 750 448 584 
11 83 131 239 379 639 675 756 885 211 433 496 
25 148 306 361 376 389 393 401 402 451 481 583 601 622 640 645 664 767 774 797 836 897 935 950 215 572 736 750 813 918 
49 93 127 323 435 517 524 551 554 590 642 746 896 413 530 921 937 
182 227 288 632 805 907 946 967 777 869 880 
7 83 131 239 291 375 379 409 447 468 639 685 704 756 760 813 885 906 953 21 33 521 623 870 
52 187 237 392 399 500 652 776 896 940 
36 42 172 178 185 259 327 331 445 513 564 637 827 550 563 657 948 
174 196 237 252 339 392 512 610 683 721 757 776 794 799 825 97 180 317 988 
49 93 125 395 435 472 517 524 554 746 784 817 941 
114 214 355 653 706 709 816 841 979 71 805 976 
22 52 68 229 237 252 294 333 365 399 429 432 512 539 559 654 734 741 776 794 921 995 999 35 291 441 450 523 
1 24 44 86 105 106 145 164 165 190 191 220 441 479 567 646 677 764 783 848 849 874 886 965 987 989 276 314 331 429 529 563 599 
72 212 501 553 580 585 727 845 862 930 936 201 605 
211 313 388 581 607 624 745 747 750 839 195 375 447 
158 169 181 208 224 304 433 436 515 520 521 546 571 596 634 838 859 11 358 680 708 729 
17 52 65 68 174 339 365 392 408 432 470 477 500 652 654 683 721 779 799 893 955 148 234 618 773 791 963 
62 72 84 142 186 212 281 476 483 491 528 553 579 580 660 692 727 809 912 916 81 90 211 271 414 525 
18 2 44 105 106 190 220 390 441 479 646 677 684 874 900 965 987 162 697 735 827 880 
8 141 148 282 284 402 481 621 645 701 733 767 829 856 879 880 895 925 950 77 313 372 692 926 
3 34 90 113 151 197 248 265 286 326 337 340 359 421 465 466 482 487 534 555 575 635 790 832 889 890 954 974 986 991 1000 98 270 294 416 452 495 720 840 
63 184 387 495 574 578 729 738 858 917 933 994 454 605 741 
112 134 138 148 300 361 511 583 645 895 199 405 932 
199 210 211 325 347 492 581 624 628 750 850 984 308 992 
54 94 156 247 314 342 417 431 529 707 732 772 104 131 346 
150 234 276 287 351 411 422 493 570 618 648 688 817 831 990 213 742 745 939 
77 177 257 353 443 819 864 865 870 881 958 43 347 940 
128 174 255 559 883 888 985 995 11 130 190 
26 90 359 421 465 555 635 986 4 199 
2 1 106 303 441 479 874 924 17 48 438 
13 42 48 159 166 172 178 185 259 293 327 331 372 445 467 509 513 564 572 599 637 694 717 735 744 773 827 837 63 216 319 338 351 496 984 
55 170 462 506 576 629 697 802 810 884 373 402 422 
81 89 149 406 538 550 603 614 711 716 726 789 822 873 915 67 160 552 955 
41 160 176 203 311 357 519 542 812 841 354 501 726 
307 351 490 496 570 800 903 990 100 756 
39 311 371 486 556 611 663 751 816 922 966 643 898 
13 36 172 178 185 259 331 372 445 467 513 564 572 599 694 717 735 744 773 827 938 47 211 349 449 801 900 
150 234 307 356 364 489 490 493 570 648 688 814 817 903 937 990 32 111 220 528 560 
18 1 2 24 75 86 105 106 145 164 190 220 222 303 390 441 479 561 677 684 783 849 874 886 965 987 174 354 386 519 766 875 892 
89 149 152 213 254 308 406 603 726 762 822 842 159 241 417 848 
223 282 402 481 511 622 797 925 948 950 266 547 626 
144 158 169 208 249 256 436 546 571 631 42 272 822 
36 159 172 178 327 372 445 467 599 637 773 827 837 35 555 795 926 
15 9 76 93 125 323 407 435 472 517 524 554 590 642 746 784 92 375 664 898 982 
81 275 279 603 716 726 789 822 527 746 
57 80 115 168 175 192 593 625 852 981 988 434 614 732 
17 22 12 65 122 174 187 196 228 252 365 399 429 432 516 586 633 654 713 742 883 955 985 274 561 690 808 895 950 
103 162 316 345 366 400 419 627 665 693 708 898 963 970 983 347 392 514 867 
30 79 94 95 156 230 247 314 342 417 431 502 529 548 707 772 811 830 111 321 352 569 987 
37 56 58 78 116 170 236 271 299 329 383 391 415 428 430 461 462 504 506 514 526 576 606 629 662 668 672 697 715 770 777 793 802 884 891 902 932 86 111 147 162 228 313 490 559 639 781 
55 58 78 170 236 261 299 329 415 428 430 461 462 504 506 514 526 576 606 629 662 668 672 687 697 715 777 793 802 810 877 884 891 932 230 320 359 425 548 579 616 784 913 
51 80 108 115 593 656 782 988 112 321 394 
55 56 78 170 271 329 383 403 415 462 506 514 662 668 687 697 802 810 877 891 932 688 689 796 874 923 952 
309 345 354 569 626 693 869 898 944 963 973 211 814 
311 556 605 611 714 751 763 796 816 867 969 614 977 
92 140 147 202 225 269 358 382 386 609 667 678 738 219 221 571 988 
23 72 142 231 274 281 332 476 483 501 528 553 579 585 649 692 727 759 769 930 992 200 209 531 618 856 939 
27 140 194 202 250 302 386 410 525 682 771 858 905 917 36 654 883 974 
73 85 198 242 505 542 552 588 663 666 791 801 159 847 
52 22 99 187 215 237 278 339 408 531 615 776 153 492 662 
82 110 214 357 542 663 763 949 982 161 347 980 
92 129 250 302 322 374 578 682 695 722 905 38 555 935 
22 17 218 278 339 349 365 399 470 500 721 757 921 972 999 297 686 915 
157 188 201 246 368 414 464 647 807 834 835 901 74 308 586 
90 113 197 286 337 465 466 555 575 306 754 769 
148 350 402 434 475 640 880 950 16 86 520 
19 23 62 84 142 186 195 212 281 318 343 471 483 491 501 528 553 579 580 585 660 691 692 759 862 912 930 992 82 101 170 250 500 721 816 943 
64 203 207 320 519 582 636 796 905 955 
162 273 295 297 309 352 400 419 427 518 565 569 589 626 665 768 957 963 964 978 69 78 137 276 979 
44 1 2 86 105 106 164 191 441 479 561 677 764 783 874 894 271 326 364 576 926 
49 323 395 407 435 670 784 798 818 820 896 457 575 624 
32 177 257 443 510 679 710 712 788 819 864 865 870 928 958 25 390 534 880 
55 56 58 271 514 576 606 629 662 802 877 74 716 917 
54 94 95 156 230 342 417 502 529 669 732 772 210 380 449 588 
51 57 108 115 168 175 192 330 360 413 593 625 656 737 852 988 132 258 655 808 879 
38 50 89 149 213 254 262 275 279 394 406 437 550 603 614 716 726 728 789 822 873 927 980 23 131 642 881 995 
66 114 176 209 311 371 458 505 519 527 560 582 594 663 751 781 791 816 855 875 899 949 982 72 122 364 368 622 722 
7 11 131 285 291 375 379 468 639 756 885 906 510 589 697 999 
72 23 107 142 186 281 343 498 501 553 752 845 876 916 930 992 180 214 723 943 
64 114 203 217 334 459 519 605 899 961 962 969 982 354 400 531 956 
44 18 75 2 1 106 164 165 191 193 390 479 561 567 677 684 783 874 965 987 989 55 71 121 241 244 858 
114 146 203 207 214 217 242 335 338 556 582 588 706 751 763 781 812 899 918 922 979 282 325 621 652 752 780 
103 111 243 268 295 309 419 485 508 703 851 909 963 341 480 549 744 
81 38 45 254 603 614 716 726 728 789 822 873 442 881 968 
26 70 34 3 113 132 151 197 265 286 326 337 340 359 404 421 449 465 466 482 487 534 555 575 635 758 790 795 832 889 954 974 986 1000 23 116 150 184 427 490 601 702 801 
5 143 277 346 452 522 573 581 608 624 628 745 750 860 868 998 146 217 268 445 
67 61 124 126 129 147 184 225 240 302 348 380 386 525 578 602 667 678 722 729 738 771 917 49 418 464 673 754 978 
9 15 49 127 407 435 472 517 524 551 554 590 642 746 820 218 365 931 969 
54 79 30 95 156 230 247 314 328 341 342 417 431 474 502 529 548 600 669 707 732 772 811 830 840 207 346 357 458 524 878 888 
94 54 79 230 342 474 669 830 136 383 
103 117 162 295 316 354 398 400 418 427 518 545 558 589 657 665 693 708 748 775 866 869 872 898 964 978 983 105 293 338 408 447 581 864 
310 362 414 416 464 647 835 913 14 346 907 
5 119 211 280 346 347 367 454 522 581 620 628 698 745 754 26 372 432 872 
65 174 278 365 392 446 470 799 920 155 156 585 
138 284 402 442 645 826 897 923 40 139 717 
148 153 284 376 402 645 733 856 879 895 925 950 72 238 611 819 
162 316 354 366 439 460 674 931 672 678 
88 96 53 136 162 273 297 298 309 312 316 398 460 485 558 589 591 626 657 665 693 708 719 780 851 866 882 898 908 926 931 939 944 963 964 978 214 217 323 347 437 532 570 681 835 
111 162 238 297 345 385 419 569 626 898 909 926 964 983 996 30 303 371 
44 18 75 24 106 164 190 191 390 441 479 677 684 874 900 96 273 692 763 
35 86 44 2 105 24 75 18 164 165 190 193 220 222 390 441 479 567 677 684 764 783 849 874 886 900 965 178 233 335 553 658 922 926 
84 142 195 272 281 692 759 862 481 581 668 
57 80 115 330 488 737 852 988 577 721 
257 549 641 788 819 864 865 958 756 800 
66 154 519 527 584 636 663 709 763 781 791 816 325 694 988 
104 88 136 162 163 171 241 273 298 309 312 316 345 385 508 518 558 589 626 665 680 703 708 780 869 872 908 926 931 939 957 978 983 55 54 43 369 486 487 709 934 965 
28 148 251 284 317 481 511 733 880 57 137 745 
90 26 70 132 326 337 359 465 482 758 974 986 341 347 
82 87 16 85 203 205 207 214 233 311 355 384 458 519 556 557 582 588 594 595 598 611 706 714 778 781 791 796 812 816 867 875 899 918 922 949 951 966 979 982 1 129 143 333 423 473 644 824 846 958 
80 51 57 108 168 175 192 330 360 413 420 488 593 625 656 737 782 852 981 988 277 590 662 903 957 
55 236 261 271 428 462 504 506 629 777 810 891 932 90 234 285 763 
96 163 297 316 419 450 485 589 665 908 931 944 612 982 
210 211 264 277 313 325 346 373 381 388 452 454 492 535 581 984 216 226 497 499 631 
98 6 210 211 245 277 289 321 325 347 363 367 373 424 452 454 522 581 608 623 624 628 661 745 750 850 868 934 129 151 188 500 575 727 900 982 
187 252 349 365 377 429 470 477 500 610 615 824 626 949 984 993 
150 234 425 496 568 617 688 903 942 990 86 154 835 
52 133 139 228 408 651 652 888 910 955 972 985 82 447 479 927 
136 419 450 708 766 908 909 926 214 469 616 
92 202 302 655 682 722 725 917 943 142 249 307 
49 15 323 395 435 517 524 551 554 642 670 896 319 664 925 
92 140 147 386 495 525 771 917 662 791 
93 9 435 517 524 554 784 818 820 896 252 588 959 
33 187 196 294 721 825 921 955 286 387 513 
67 92 140 194 202 250 269 358 386 495 525 574 578 667 676 682 858 905 941 119 114 642 706 
176 203 311 636 653 706 892 969 33 568 623 
11 83 7 239 285 291 336 370 375 378 379 409 447 468 566 639 675 685 704 756 760 804 813 823 871 885 906 953 81 30 256 325 469 907 986 
113 90 151 197 265 326 337 421 465 482 555 758 790 986 991 1000 80 549 804 825 982 
122 237 252 333 408 500 615 651 713 734 755 888 910 204 230 395 903 
28 153 206 361 402 511 544 659 797 856 923 742 781 802 
147 319 374 578 720 729 738 917 447 480 
123 103 111 345 354 419 485 508 518 558 569 589 592 665 674 693 833 898 926 944 95 212 247 571 750 
288 507 533 690 702 805 853 907 74 112 688 
100 28 155 282 306 317 376 583 664 895 373 677 983 
122 174 228 333 365 408 432 446 497 610 651 654 683 721 921 995 100 374 454 659 669 
61 129 126 63 194 202 348 380 386 523 525 578 609 616 667 682 695 720 722 725 738 771 785 787 858 917 943 255 357 491 518 764 835 964 
25 153 155 284 361 401 686 797 828 880 895 556 749 926 
23 72 84 62 107 231 272 274 281 332 476 483 491 498 528 553 585 649 660 692 727 752 759 769 809 912 916 936 124 252 355 666 816 825 983 
91 210 211 277 289 346 347 363 424 492 581 661 696 745 786 114 419 720 834 
47 158 169 181 208 292 515 571 596 630 643 644 326 339 654 780 
18 1 44 164 441 561 764 874 886 900 325 738 774 
87 505 542 855 949 951 966 969 979 91 307 721 
126 61 135 92 374 380 386 387 469 495 525 578 602 676 678 722 729 771 858 917 941 943 959 994 55 373 384 390 804 944 982 
112 101 71 25 28 8 153 216 251 282 305 317 350 361 376 401 402 451 475 511 544 601 645 664 686 701 797 826 829 844 847 856 880 895 925 948 950 22 224 381 406 525 554 831 892 913 994 
4 38 81 45 213 262 308 406 437 603 711 716 726 762 822 873 915 927 980 407 517 763 905 
121 31 43 189 204 234 235 276 301 356 364 425 480 490 493 568 648 671 814 817 821 831 903 904 942 947 960 990 90 177 215 293 413 424 544 
90 132 26 326 359 465 555 954 119 244 940 
45 603 716 726 762 822 873 462 483 645 703 
148 101 134 141 300 361 402 434 664 739 797 826 836 923 925 950 65 271 550 578 996 
110 355 448 594 595 598 605 663 751 796 816 841 951 121 361 377 830 
141 138 305 361 434 475 511 583 622 659 740 797 897 925 935 950 99 180 227 426 609 
94 30 79 54 230 247 314 328 417 431 502 529 669 707 772 99 638 698 
69 188 368 369 414 464 807 861 913 929 956 976 381 541 811 889 
144 21 47 169 181 208 224 249 256 292 521 543 571 596 634 643 644 689 859 524 721 776 888 908 
48 36 166 178 185 259 509 513 572 637 827 64 45 704 
39 217 233 242 320 486 584 588 751 781 855 918 38 637 846 950 
181 208 256 436 515 520 571 630 634 689 838 66 667 758 
96 102 74 111 104 53 103 238 243 295 297 309 345 400 450 455 485 518 545 558 569 591 665 708 719 748 843 851 898 909 926 963 970 973 24 55 165 371 555 563 615 713 913 
111 117 180 241 295 385 398 419 427 508 589 627 665 766 843 926 288 751 770 895 
44 106 18 1 2 86 145 75 105 190 193 220 222 303 390 479 561 597 646 677 684 764 783 848 849 874 894 900 924 965 987 989 181 311 407 497 738 772 909 941 979 
18 86 106 441 479 646 677 684 874 162 466 966 
36 159 172 178 331 438 445 513 637 694 735 827 280 570 655 670 
188 201 414 464 547 563 587 834 835 929 956 507 589 990 
115 80 51 175 192 360 413 737 782 981 988 271 594 925 
21 158 47 144 208 292 304 433 444 515 520 521 543 571 630 644 689 859 919 245 403 452 559 780 
55 56 37 58 261 271 391 462 506 629 687 697 777 802 877 902 72 203 442 
111 316 427 485 558 719 775 869 944 431 525 661 
36 13 166 48 42 178 185 331 372 467 599 637 694 773 827 837 938 286 373 404 541 604 
227 288 478 632 805 907 914 946 257 347 
139 22 99 52 33 14 187 196 215 229 278 294 365 392 470 497 539 610 615 654 792 883 921 955 972 995 44 506 605 624 697 885 938 
115 80 51 168 360 413 420 593 625 656 852 988 286 322 408 
130 39 82 217 371 448 582 598 611 706 812 982 331 622 720 783 
77 32 443 679 710 712 788 819 865 881 958 150 485 853 
36 172 42 13 159 166 48 185 293 327 467 509 513 564 572 599 694 717 735 773 815 827 837 938 106 227 316 440 503 907 951 
216 282 402 530 739 740 797 836 856 895 897 925 307 663 
163 295 309 398 400 419 463 518 569 627 657 665 719 780 833 909 944 964 84 155 14 901 980 
21 161 144 158 208 224 433 436 444 499 515 521 546 571 631 634 643 689 806 164 364 812 820 909 
10 221 226 227 288 440 478 533 632 702 718 749 805 907 914 946 967 382 645 708 712 794 
374 380 457 574 695 729 787 905 522 708 
27 92 410 412 495 678 771 858 90 494 587 
178 42 159 36 13 172 637 735 827 402 569 890 
72 23 84 272 281 471 553 579 692 916 930 216 650 
65 128 52 174 12 120 196 218 228 237 255 365 377 408 423 477 497 500 531 615 652 654 683 734 799 825 857 888 920 972 192 194 257 289 291 653 860 932 
167 157 69 310 362 368 369 414 416 464 547 563 587 647 700 807 834 835 846 861 887 901 913 956 976 119 252 280 417 512 869 964 
150 234 307 356 396 411 568 570 800 814 990 441 507 959 
24 18 106 44 2 164 105 191 390 441 479 561 677 684 764 783 849 874 900 924 965 987 33 240 364 529 627 663 
2 190 75 18 86 105 222 479 597 677 684 764 874 900 965 989 393 645 698 
115 80 168 51 360 593 625 656 737 988 187 509 654 
106 1 86 164 441 479 764 874 287 738 939 
129 140 63 202 374 387 495 577 609 667 725 729 738 858 905 917 941 187 400 551 563 637 
72 107 212 244 281 727 845 862 20 629 775 
174 187 128 14 52 339 408 512 654 206 235 822 
132 26 90 70 248 326 404 465 482 541 555 832 954 4 311 452 785 
64 209 448 459 519 584 594 706 751 288 828 869 
29 210 321 452 581 620 623 786 28 34 203 
273 518 589 708 869 882 898 926 957 963 970 62 325 
167 69 405 414 416 464 563 587 834 835 913 929 19 227 624 687 
194 129 140 124 61 63 225 374 380 382 386 410 457 484 495 574 578 609 676 682 695 720 722 738 785 787 803 858 917 941 943 959 3 271 339 343 468 883 896 899 
73 85 114 130 39 87 207 214 233 311 320 338 357 448 459 503 505 519 527 540 542 556 594 595 636 650 681 706 761 778 796 855 899 951 962 969 982 199 170 228 327 472 565 661 682 756 849 
150 307 364 425 570 648 699 814 817 133 386 562 
114 233 311 355 519 584 706 922 630 844 931 
134 442 659 765 836 880 895 925 196 477 
203 73 87 114 598 611 681 706 763 816 892 982 94 445 804 
158 169 181 161 47 21 144 224 249 256 292 304 433 444 515 520 521 543 546 571 596 630 631 634 643 644 689 859 332 453 455 485 595 648 889 961 
198 82 594 595 598 605 650 816 892 982 62 215 284 
118 6 143 199 29 119 211 260 277 280 289 313 321 325 346 347 363 381 424 452 454 492 522 607 613 620 623 624 628 661 723 747 753 754 786 839 860 934 984 993 79 305 432 529 536 776 811 942 953 963 
143 210 98 118 20 119 29 245 264 266 277 313 325 344 346 347 373 452 454 492 522 535 573 581 608 613 623 624 628 661 698 723 745 753 860 984 42 59 23 7 239 701 832 879 986 
19 23 195 72 553 660 692 727 136 758 783 
45 81 149 4 308 406 437 550 728 789 822 915 31 579 706 975 
203 66 114 87 16 233 242 311 315 334 335 338 357 371 384 503 505 519 542 552 560 584 594 605 636 666 706 763 791 812 841 892 918 952 979 103 84 123 362 398 536 619 683 
174 65 229 278 333 365 539 559 615 658 724 755 776 824 825 888 955 985 995 999 150 209 8 312 847 
179 148 223 300 305 317 361 389 397 402 442 511 583 621 640 645 731 739 765 836 844 879 880 897 925 940 118 36 186 313 517 603 746 
176 160 85 87 505 519 542 636 666 709 751 791 796 875 949 103 91 770 860 
187 68 333 339 408 477 497 586 713 955 995 93 525 931 
237 252 377 429 432 497 794 825 955 61 943 990 
164 18 24 44 106 479 677 874 43 427 944 
182 227 288 533 702 749 805 853 907 61 4 772 
191 1 164 44 106 2 303 677 684 848 874 965 687 796 
46 216 305 361 659 664 701 829 380 822 
208 181 21 158 249 256 304 436 499 515 520 521 546 571 630 634 643 644 689 806 838 859 148 482 558 710 891 955 
61 202 92 240 386 410 495 574 612 682 917 959 383 475 571 851 
182 227 288 440 533 702 718 805 907 967 971 118 746 776 
173 226 10 221 182 288 478 632 702 718 749 805 907 945 946 967 971 155 201 178 239 864 
52 187 122 139 470 512 651 658 776 55 203 231 
17 174 215 333 470 477 559 610 654 799 977 363 509 926 
94 79 54 95 156 247 314 328 341 342 417 431 502 529 669 707 772 811 830 840 133 56 419 453 628 874 
142 62 274 476 491 498 553 727 845 912 228 465 519 
295 309 366 592 869 926 939 963 337 705 779 
114 205 160 203 214 315 540 552 595 709 761 979 106 482 615 693 
150 121 43 31 189 253 276 283 287 301 307 351 356 364 396 411 422 425 489 490 493 496 568 570 618 648 688 699 800 814 817 854 863 904 942 960 975 990 116 22 304 505 606 658 763 793 825 995 
150 253 276 283 307 364 570 699 800 903 942 990 196 293 531 895 
56 55 116 271 462 576 629 662 687 810 639 796 984 
187 133 219 65 17 12 14 497 516 651 794 995 567 782 926 
162 104 354 398 485 518 545 703 101 356 572 
131 11 7 370 447 468 639 704 756 760 885 906 227 211 627 663 
92 225 348 382 525 720 785 917 190 318 
163 111 309 463 485 558 569 693 909 926 931 944 45 86 556 920 
160 87 214 64 505 681 778 816 307 419 885 
162 88 297 419 657 665 908 944 475 504 
195 272 281 471 476 553 580 585 660 692 727 752 845 930 992 86 151 518 
211 119 277 313 344 347 424 452 454 581 608 620 624 628 696 745 786 934 169 482 822 903 972 
69 414 416 464 834 861 913 929 956 370 667 771 
94 54 156 230 30 328 342 417 431 474 502 548 811 830 136 611 634 965 
197 26 286 326 337 340 541 555 635 974 986 654 801 
47 158 224 208 546 571 596 689 124 660 
67 129 63 374 386 410 412 738 917 72 287 916 
148 112 282 306 622 880 911 925 261 490 
17 120 133 219 14 52 324 349 365 408 423 446 494 497 500 512 531 559 610 651 654 713 721 724 799 888 921 142 188 127 661 817 926 
234 235 356 396 496 648 821 831 365 577 
45 89 81 406 603 614 726 822 345 559 888 
187 33 278 408 432 473 531 615 633 883 955 972 140 271 337 345 
208 158 161 224 47 521 571 634 131 888 918 
77 32 109 353 510 549 710 712 788 819 864 865 870 881 928 958 187 173 422 818 
348 410 457 525 720 917 943 959 80 464 829 
42 36 13 159 331 445 572 744 807 882 
210 266 325 346 581 661 745 753 551 648 
170 56 116 270 271 383 428 430 462 504 506 514 576 606 662 672 697 715 777 793 802 810 877 891 932 251 558 725 756 811 812 987 
81 149 394 538 603 726 728 762 822 980 454 508 951 
283 301 356 364 425 671 831 854 377 924 955 
211 118 277 280 313 346 363 454 624 754 868 934 516 853 
26 132 90 326 359 482 575 832 379 766 949 
211 260 313 346 347 373 388 624 750 753 46 759 990 
354 455 558 569 589 665 693 939 322 420 435 
88 295 385 398 450 518 604 627 693 851 869 983 91 382 636 714 
129 61 348 358 380 386 682 803 336 477 
261 271 383 428 629 662 697 802 26 502 
261 58 55 270 116 170 236 78 299 329 383 403 415 428 430 462 504 506 514 526 606 629 662 668 672 687 697 715 777 793 802 810 877 884 891 932 168 75 255 153 23 202 439 487 607 703 
142 244 186 107 453 498 553 862 47 885 
103 74 111 200 309 400 627 693 926 105 676 738 
62 142 231 318 553 692 759 845 876 992 52 336 994 
50 81 308 437 614 726 728 789 417 742 
150 234 235 31 307 351 490 493 671 800 831 74 18 357 
210 143 118 5 245 264 119 211 91 325 344 346 347 373 424 452 454 522 535 581 613 620 623 624 628 661 698 745 747 754 786 984 998 115 364 430 602 662 729 816 908 990 
215 68 174 65 99 255 324 432 473 531 615 619 633 654 741 792 825 888 955 613 720 809 860 963 
81 50 437 726 762 789 822 873 465 775 
98 264 210 313 347 581 607 608 624 188 166 995 
107 186 84 23 62 244 142 72 195 343 471 483 491 498 501 528 553 579 585 727 845 876 912 936 992 325 514 569 728 736 761 824 
46 251 25 148 138 179 305 361 434 601 622 640 686 895 925 950 87 514 535 538 
234 263 235 287 364 425 490 570 688 817 947 975 482 552 898 
101 100 141 112 25 361 397 601 645 836 880 948 209 414 993 
131 83 291 378 447 756 760 813 885 116 362 852 
90 248 26 3 70 326 337 359 404 465 758 172 128 175 313 787 
234 283 31 307 356 364 396 411 489 490 496 570 618 671 688 800 814 831 854 863 903 942 947 975 990 250 193 2 528 582 673 816 
182 226 221 227 10 173 137 296 440 478 533 632 690 702 749 805 853 907 914 945 946 967 971 198 163 386 660 933 983 
143 119 210 313 325 346 347 424 452 492 573 581 608 750 753 984 187 345 500 564 870 
446 531 532 539 615 713 883 893 424 617 697 
131 285 83 11 378 379 447 639 756 760 813 885 906 17 187 518 537 
208 169 144 158 499 521 571 859 919 518 635 771 
178 36 372 445 467 513 564 694 235 150 96 
128 17 174 365 432 494 651 755 972 26 850 982 
162 232 268 180 96 163 88 74 354 366 400 439 508 693 708 944 963 456 515 661 773 951 
288 478 533 690 805 853 907 967 971 328 634 973 
162 104 117 103 74 243 298 309 316 345 354 418 508 545 558 569 748 775 780 869 898 909 964 68 304 516 566 608 835 
297 103 111 309 366 385 398 418 419 463 508 518 545 558 569 657 766 898 944 978 504 651 756 876 954 
271 55 56 391 462 506 662 687 697 454 651 845 
153 216 28 397 402 583 601 664 797 935 624 885 960 
234 150 263 364 411 425 493 570 688 814 821 947 975 2 408 578 684 
63 67 92 124 374 574 905 943 687 734 
44 222 164 35 441 479 677 874 965 104 536 603 
21 169 208 224 433 546 634 689 297 234 880 
148 155 282 223 216 640 740 847 880 895 210 549 573 
8 251 138 361 530 583 664 701 739 880 895 923 70 709 
234 287 189 276 40 43 235 204 356 364 396 411 425 480 489 496 568 570 618 648 671 688 800 814 831 904 942 990 146 242 179 124 329 497 572 702 
149 213 45 275 394 538 550 614 716 726 728 762 789 842 69 29 429 464 
59 273 162 180 111 232 297 88 103 298 241 74 345 354 366 398 400 518 591 592 627 657 665 719 736 768 882 908 909 944 978 983 996 333 375 436 440 764 776 797 911 912 
188 97 414 416 464 547 647 997 685 840 959 
203 114 205 41 60 130 214 82 39 315 334 357 456 459 503 519 542 556 557 594 595 598 611 636 653 666 681 705 706 751 761 791 796 816 855 892 918 952 979 982 164 197 433 592 608 638 862 868 946 
111 103 419 427 545 569 589 665 926 931 983 215 380 821 
211 210 266 118 280 289 5 20 264 245 321 344 346 347 363 367 373 381 388 424 522 581 607 608 624 661 696 745 747 750 753 754 993 998 286 55 25 216 553 559 582 771 831 
94 230 30 156 54 341 342 830 18 718 
233 311 214 338 519 588 751 801 347 360 933 
103 117 297 96 171 111 102 53 352 354 398 450 508 592 604 626 708 775 851 869 898 939 944 978 178 451 603 605 689 874 
148 138 112 216 393 434 645 730 880 897 950 14 883 
274 72 498 553 649 660 845 936 240 409 
135 380 523 577 682 722 738 787 858 917 968 36 125 
203 160 73 552 594 611 949 982 56 413 831 
119 199 313 210 367 373 454 535 753 54 57 512 
67 386 469 495 525 577 612 738 787 905 941 943 267 175 910 
49 9 125 76 407 435 517 524 551 554 590 670 878 103 495 740 814 
252 278 377 473 497 651 757 799 738 849 
5 210 29 118 211 289 119 260 277 347 388 424 452 454 522 581 607 624 628 723 750 850 860 984 993 145 200 110 281 131 87 459 
90 26 151 113 286 248 3 132 197 265 337 340 359 404 421 426 449 465 466 482 487 541 555 575 758 790 795 832 889 974 986 991 1000 75 144 414 526 644 882 919 949 979 
36 178 48 13 438 509 694 827 203 871 
94 230 156 247 341 342 474 502 529 669 811 830 296 454 592 
271 55 56 58 415 462 514 629 662 672 687 697 802 877 891 307 614 680 823 
115 108 80 413 536 737 852 988 537 657 942 
166 172 36 42 259 13 513 564 694 827 18 176 469 
142 62 453 553 752 809 862 992 208 455 493 
17 139 218 215 133 229 470 477 586 615 633 652 776 792 920 995 309 114 859 
311 85 214 594 681 812 949 952 470 569 
214 87 456 505 594 636 663 778 816 899 106 539 730 
131 375 378 468 639 685 704 756 760 885 953 274 269 
326 26 90 286 113 3 70 132 248 359 404 421 465 482 555 575 635 790 795 832 954 991 1000 255 232 343 464 862 
87 315 214 203 448 458 582 663 751 763 816 875 36 96 393 735 
14 218 65 22 196 68 429 477 500 532 562 610 615 799 888 985 995 999 202 144 503 569 695 
248 90 326 26 465 555 890 986 376 849 
94 230 314 328 342 417 431 502 600 88 113 650 
94 230 54 79 30 247 314 341 328 95 431 474 502 529 548 600 669 707 732 772 811 830 840 447 622 838 910 962 
72 281 84 453 528 579 649 916 337 202 
313 245 277 211 346 347 535 581 628 723 747 984 651 665 718 
53 309 59 136 162 104 111 297 354 518 558 589 657 693 708 736 869 909 926 944 973 255 254 289 414 628 845 
313 264 118 91 289 260 143 210 98 344 266 211 277 347 363 367 373 381 452 454 535 573 581 608 624 628 696 698 750 786 860 984 993 998 30 97 94 407 437 480 554 618 717 
210 98 211 280 245 289 346 266 344 277 119 143 313 325 29 373 424 452 454 581 607 608 623 624 628 661 723 745 786 839 860 984 998 315 173 103 2 113 53 66 32 514 
258 240 140 92 269 386 387 495 525 574 722 738 858 905 917 968 361 408 531 567 
252 120 68 423 473 512 658 683 741 742 776 825 883 995 42 369 930 931 
71 148 376 389 402 621 622 645 730 844 950 465 986 
276 234 31 40 396 489 493 570 618 648 671 863 903 904 990 36 392 633 
74 316 565 589 703 869 939 963 978 54 528 718 
32 257 443 712 819 865 928 958 463 737 
238 345 96 316 297 309 136 59 267 102 295 366 398 400 427 439 569 626 627 674 708 768 843 908 909 970 85 44 39 628 810 862 916 
114 16 154 205 557 751 761 922 142 502 652 
253 307 150 189 234 43 287 263 364 425 480 490 493 496 570 618 648 688 800 817 831 854 903 937 990 238 392 467 497 552 609 724 
203 39 311 66 214 552 556 706 751 796 816 841 966 276 140 94 987 
269 129 61 523 616 905 933 959 21 359 666 
90 326 151 265 286 337 26 113 3 34 404 421 426 449 465 482 487 534 541 555 575 635 758 790 795 832 889 974 986 991 1000 358 56 535 647 726 834 914 946 
80 115 168 192 175 420 625 737 782 315 478 853 
306 28 284 148 216 141 8 153 155 282 134 223 389 397 434 442 451 511 530 583 601 621 622 659 664 686 730 826 879 880 895 935 940 348 154 374 554 653 688 706 738 764 
97 188 464 647 743 835 913 956 285 214 386 
313 264 143 210 119 346 522 613 229 884 
234 287 283 356 150 307 301 204 43 263 235 396 411 480 490 493 496 568 570 618 648 688 699 800 814 831 854 937 942 990 181 82 75 2 190 277 482 894 
68 22 215 187 294 52 120 139 252 99 174 17 392 408 429 446 470 500 539 615 619 633 652 658 683 734 776 792 920 977 985 93 253 467 570 594 768 816 
53 309 295 102 298 232 354 398 450 703 957 964 973 479 640 856 968 
119 313 346 98 321 452 492 581 416 740 950 
188 69 157 414 464 673 835 956 82 982 
188 157 405 414 464 587 743 834 835 861 901 929 956 111 349 810 874 
131 239 375 447 685 756 871 885 246 463 546 
214 176 41 82 458 542 556 582 594 706 714 751 979 162 104 385 593 
36 48 42 293 172 599 637 717 744 773 815 25 98 481 
313 277 118 119 347 346 321 211 266 388 424 452 454 581 623 624 628 661 696 745 750 753 839 860 868 984 138 37 147 172 431 519 802 
183 302 67 135 194 202 147 250 380 410 412 495 525 616 682 695 738 785 803 858 905 917 933 943 959 139 361 435 458 545 677 967 
131 83 11 370 336 378 379 409 447 468 639 675 704 760 804 813 823 885 906 953 20 49 309 663 746 
138 8 101 148 350 397 402 511 659 664 730 733 797 856 925 940 340 546 607 969 
219 324 187 120 477 500 512 559 562 713 755 794 263 154 398 514 
131 291 285 336 375 447 566 675 704 756 760 823 885 953 568 811 860 905 
131 375 7 83 291 11 447 468 639 685 704 756 760 813 953 265 398 899 
147 319 269 92 140 202 183 374 386 523 577 578 682 695 785 858 933 943 959 312 223 79 758 838 
210 346 313 118 452 624 661 750 850 148 157 493 
240 61 202 616 722 738 785 959 182 268 636 
58 55 261 271 270 391 462 506 514 629 668 810 891 225 95 405 547 
214 114 598 611 636 751 867 966 982 147 402 795 
298 104 163 111 268 419 485 604 872 898 926 978 371 861 880 
225 147 92 250 269 202 140 348 322 129 126 380 61 63 412 578 602 655 667 682 695 722 725 738 787 858 905 917 933 943 959 362 288 204 44 415 551 706 975 
147 27 348 194 469 602 682 771 787 905 959 128 424 641 
118 266 373 325 313 5 20 452 624 506 518 663 
216 350 361 8 442 475 935 950 462 559 
190 164 106 1 44 105 24 86 441 479 677 783 848 874 924 965 77 147 408 659 
55 383 299 170 428 430 504 629 662 672 697 891 837 894 964 
365 22 174 14 12 99 429 432 559 562 615 651 654 713 755 776 910 972 356 351 53 488 785 
317 8 402 601 645 664 797 895 925 191 338 462 
262 81 308 603 716 726 728 822 842 873 927 57 587 
76 15 125 407 435 517 524 784 798 818 896 133 479 969 
287 307 351 364 253 189 234 425 489 493 570 648 688 814 831 903 904 990 412 481 640 738 750 
216 376 284 300 361 402 511 544 686 774 935 732 816 890 
103 96 366 316 268 180 298 238 309 354 163 419 450 455 508 518 545 558 569 589 693 703 708 736 872 909 944 970 214 379 377 692 800 812 977 
12 17 52 68 473 494 497 500 559 651 654 683 575 639 802 
74 273 53 295 162 309 96 354 180 627 674 898 908 926 931 939 944 970 85 194 599 682 815 
8 141 148 475 601 879 895 950 435 703 713 
153 71 148 134 376 179 300 393 25 397 216 350 100 8 46 101 442 511 530 583 621 622 664 730 740 767 774 797 828 844 880 895 911 950 37 384 185 467 657 793 902 916 991 
58 271 506 514 662 668 777 802 884 169 583 866 
286 337 326 90 197 359 465 832 889 172 958 982 
201 369 414 416 587 647 835 913 383 28 923 
81 38 254 149 45 213 437 603 726 789 873 915 148 810 
395 93 323 76 49 435 472 517 551 554 590 642 149 164 346 819 
65 187 133 365 196 139 218 252 255 22 122 429 497 500 512 531 532 562 619 654 683 721 724 741 742 799 888 910 920 977 985 348 390 175 96 301 416 435 929 
131 11 375 447 566 685 704 760 885 3 318 923 
374 250 63 202 258 184 225 469 578 609 612 655 682 720 722 738 771 787 858 917 933 943 959 968 438 446 479 507 784 813 
307 31 234 301 189 364 287 800 814 415 625 939 
386 250 374 184 577 667 676 738 959 396 513 651 
115 175 80 330 168 420 593 656 782 852 988 320 150 9 
188 246 97 369 201 157 69 167 310 405 368 416 464 537 547 563 587 638 647 673 700 807 834 835 846 861 887 901 913 929 956 976 997 23 284 326 345 575 629 823 921 943 
55 56 271 329 58 430 514 662 687 902 932 386 411 
414 310 246 405 97 188 201 464 587 638 647 807 834 835 887 913 997 26 367 408 465 496 
94 30 54 156 247 79 230 341 431 474 502 529 548 600 669 707 772 811 830 840 45 188 275 555 770 
298 96 297 463 693 931 944 964 92 681 895 
298 163 312 243 123 136 53 385 117 180 398 88 74 104 450 518 569 589 665 693 719 748 768 851 869 872 898 909 926 931 957 963 964 970 996 230 242 143 513 533 662 827 969 
360 413 115 175 536 625 852 981 988 267 462 519 
90 326 359 132 34 26 337 465 482 487 555 575 635 758 974 986 474 500 595 945 
234 31 425 671 814 863 937 990 257 37 855 
252 349 187 559 633 683 888 995 114 489 
373 210 347 313 143 277 245 325 289 119 452 535 581 608 620 624 628 698 745 753 860 934 984 998 150 290 387 519 679 928 
301 121 396 356 307 204 150 283 234 422 263 493 618 688 800 817 903 975 56 479 589 805 858 
359 326 449 465 482 487 758 986 155 524 
96 312 74 171 163 354 439 898 963 964 90 220 999 
271 56 55 391 261 270 116 462 506 514 629 662 697 715 777 793 810 877 891 521 626 933 936 970 
392 365 219 120 52 339 408 17 470 477 512 539 651 658 742 755 776 779 824 888 910 955 985 995 308 18 462 492 506 634 767 
271 261 55 56 415 391 514 629 715 770 777 810 277 432 957 
94 342 230 156 247 54 417 341 30 529 548 707 772 811 830 840 373 171 799 899 
139 278 294 219 52 255 17 22 392 494 654 724 742 779 799 857 910 955 972 995 430 210 98 448 661 809 
181 169 304 21 208 436 521 543 571 634 806 7 311 445 
317 282 361 71 155 153 544 659 731 733 765 767 797 880 925 51 666 928 
49 93 323 9 407 125 395 76 15 127 472 517 524 551 554 590 642 670 746 784 798 808 818 820 878 896 401 408 267 374 481 552 873 
433 181 161 47 21 224 520 571 634 838 309 771 944 
406 275 213 81 149 279 538 550 603 614 726 728 762 789 822 842 103 346 682 898 989 
327 166 445 467 509 513 717 827 35 410 
295 427 102 354 569 898 944 964 271 715 961 
226 182 288 632 690 702 718 805 853 914 946 971 178 309 611 
106 44 18 35 165 2 145 105 193 1 303 390 75 190 24 479 561 567 597 646 677 684 764 783 849 874 886 894 900 924 965 987 989 17 189 501 517 691 822 854 957 979 
389 100 216 206 361 402 481 530 701 739 797 844 895 923 925 940 950 170 89 929 955 995 
353 177 32 77 510 865 881 958 722 952 
208 169 181 521 571 631 643 806 461 768 
36 438 42 166 293 259 13 48 467 509 564 694 735 827 837 938 433 91 207 
252 139 365 290 99 539 559 633 651 794 825 920 410 578 864 
131 291 239 375 11 378 379 409 285 370 639 675 756 760 871 906 953 122 342 135 20 96 
154 338 203 198 176 456 486 552 595 598 705 706 763 781 816 949 6 432 924 
90 326 426 359 465 466 482 487 534 790 986 79 42 882 
268 419 316 398 123 366 117 162 545 558 569 589 627 708 833 963 964 973 996 17 511 662 737 789 
148 8 361 475 664 856 880 950 316 553 
373 245 388 277 119 424 289 346 199 91 6 5 211 210 118 381 325 367 347 454 492 522 535 581 608 613 620 623 624 628 661 696 723 747 750 753 839 868 984 998 197 169 26 485 511 584 800 802 803 965 
343 272 332 498 660 809 845 876 230 208 750 
373 98 211 119 325 452 264 118 210 5 245 347 321 277 346 522 581 613 624 661 723 745 747 750 753 860 993 998 262 299 27 139 328 603 693 
267 398 162 460 882 908 944 983 332 208 
448 335 311 560 584 594 791 816 952 295 597 615 
258 183 202 720 787 905 917 943 76 593 
338 371 82 114 505 594 812 875 374 94 
198 311 85 203 486 519 582 595 653 801 969 325 864 
103 102 455 558 591 768 869 931 939 978 662 960 988 
55 56 462 506 810 891 902 932 444 928 979 
55 56 428 271 58 329 170 236 116 37 261 383 461 299 504 506 514 526 576 606 629 662 672 687 697 715 770 793 802 810 884 891 932 152 420 393 429 389 500 640 832 984 
241 298 418 180 565 592 931 983 370 353 
414 188 362 416 246 97 369 157 201 368 69 167 310 537 547 563 587 647 673 700 834 835 846 861 887 901 913 956 976 997 92 308 258 337 689 691 786 986 
90 326 359 26 337 132 421 34 113 449 286 404 3 197 70 151 426 340 466 482 487 534 555 575 635 758 790 795 832 889 890 954 974 986 991 1000 231 350 279 416 602 648 706 752 787 921 
90 70 326 449 465 26 534 986 165 640 
438 178 36 293 42 445 48 172 572 599 637 717 735 815 827 356 402 365 
131 336 83 379 239 375 11 639 202 734 772 
322 147 387 410 495 525 574 738 858 905 917 959 331 131 123 
229 68 333 228 174 120 22 365 99 429 562 619 652 713 721 888 334 520 608 814 
281 244 186 72 476 501 553 579 759 769 809 762 778 
435 407 15 49 93 517 590 670 746 896 203 748 943 
349 324 255 278 399 512 651 776 825 910 920 114 519 688 
94 328 417 247 95 342 600 732 811 830 421 826 957 
71 401 389 451 148 155 511 621 622 640 645 731 740 847 880 935 225 243 565 651 
244 142 62 23 231 471 528 585 660 727 752 809 615 713 
377 187 22 429 333 120 339 218 229 531 651 721 741 757 824 883 206 269 684 764 835 
288 182 173 296 227 507 805 967 360 498 
441 164 106 18 191 1 220 190 86 193 75 2 390 105 303 24 165 44 35 561 567 597 646 677 684 764 783 848 849 874 886 894 900 924 965 989 410 122 395 366 425 521 555 588 762 
307 364 356 150 489 496 648 800 814 863 990 135 346 88 
442 25 112 46 8 621 640 730 765 774 797 828 836 879 880 895 911 925 935 950 396 107 372 435 624 891 
465 265 26 3 337 90 426 326 449 113 197 421 132 359 487 541 555 575 758 790 890 954 974 991 233 224 364 283 245 961 
142 23 62 281 72 501 553 579 727 769 845 992 152 833 
202 495 609 616 803 905 917 994 774 817 
241 162 88 136 117 238 385 171 103 518 626 627 657 680 708 748 768 939 944 964 208 177 452 581 757 799 
160 459 448 41 519 556 557 584 594 650 653 663 751 796 816 922 111 657 676 777 942 
465 90 326 359 482 26 3 426 449 421 534 555 795 889 890 954 986 111 271 562 696 877 
108 115 536 593 737 852 981 988 392 966 
396 234 480 307 351 43 287 496 570 648 688 800 831 903 937 990 423 690 767 
234 40 287 283 276 356 150 43 364 493 570 618 648 671 688 699 814 821 854 904 937 942 960 975 55 90 251 720 797 898 999 
23 281 72 231 142 553 845 912 140 577 
367 210 452 289 143 118 29 211 6 623 624 661 747 754 860 65 429 636 675 
425 490 356 396 31 364 351 234 43 301 276 150 496 570 618 648 688 814 817 990 332 381 707 711 836 
294 432 399 252 562 713 724 734 184 756 
126 374 194 469 202 225 27 322 348 129 484 184 147 525 574 578 655 667 695 720 729 738 785 917 323 26 647 788 836 982 
234 493 307 253 121 40 364 489 356 480 287 570 617 671 699 800 831 960 990 416 7 36 627 
408 187 324 252 174 399 219 218 139 237 512 531 559 619 654 734 776 799 888 921 955 977 985 995 307 164 356 118 664 677 848 
142 453 281 318 84 231 272 585 752 876 478 612 818 
181 224 292 546 571 643 689 838 118 545 962 
120 68 365 187 12 22 252 399 377 133 408 339 512 531 562 619 633 651 658 893 955 972 985 995 72 119 289 462 421 582 675 
483 471 84 72 281 19 62 585 845 862 39 441 925 
94 342 417 54 247 156 328 230 79 341 548 600 732 772 811 840 355 270 542 598 996 
214 203 311 519 611 666 763 949 339 178 995 
55 462 271 116 56 261 391 514 526 629 662 697 802 298 243 665 863 
82 146 203 242 335 64 214 217 458 519 588 650 653 666 706 714 751 763 796 875 892 962 969 234 525 565 652 988 990 
55 56 170 462 261 58 299 116 37 383 403 461 428 271 514 576 662 687 697 715 770 777 802 810 877 891 902 932 174 429 388 755 874 936 992 
478 137 690 702 749 805 853 907 945 410 189 167 
163 111 295 298 136 297 88 316 398 657 775 780 843 851 909 970 262 520 590 834 860 
36 438 445 327 178 159 513 827 229 192 706 
443 257 77 710 712 819 865 958 83 538 758 
112 155 148 475 361 397 46 134 376 28 402 216 544 601 640 730 828 836 879 925 452 450 616 901 954 959 
500 408 377 196 14 429 349 17 252 473 228 497 532 559 615 619 633 651 724 776 799 888 893 920 921 955 985 999 188 321 527 750 814 905 948 
438 36 42 509 13 293 159 166 178 331 599 694 717 735 773 827 128 419 412 657 
55 271 428 261 58 462 403 506 504 430 329 56 78 383 415 606 629 662 668 672 687 697 715 810 877 891 902 932 53 347 282 281 377 523 716 959 
169 208 224 161 21 144 181 520 521 543 571 630 806 919 295 637 925 959 
237 52 652 654 755 888 910 921 264 297 
435 323 9 127 93 395 472 49 15 407 125 524 551 590 642 878 896 149 216 441 688 994 
485 345 238 419 96 180 111 268 309 162 200 398 74 298 136 558 589 680 708 768 833 866 869 882 898 908 926 944 964 970 978 292 291 140 244 388 583 662 699 
39 73 503 217 311 214 114 459 198 505 82 203 85 486 315 110 205 540 552 556 560 595 611 636 706 781 791 796 801 867 892 899 961 966 982 424 44 420 373 473 231 5 567 569 
21 224 169 208 436 161 515 571 634 643 644 689 919 508 71 470 970 
224 208 158 515 256 292 433 21 181 444 169 546 571 630 634 644 689 806 838 11 479 428 741 833 
452 277 210 313 91 325 211 454 363 119 98 581 623 628 661 868 183 649 746 896 
319 380 358 140 525 602 738 941 959 17 514 589 
435 93 517 127 395 9 323 49 15 125 551 554 590 642 746 798 808 818 820 896 426 158 94 688 901 
322 126 495 348 374 469 258 140 147 63 92 523 129 240 578 609 612 655 676 682 695 725 729 738 771 858 905 917 943 959 968 148 23 171 218 505 551 670 961 
271 56 504 55 462 697 802 877 326 596 
203 82 110 542 706 761 961 962 512 50 
72 23 343 142 281 62 476 579 692 809 43 287 352 
94 342 79 30 54 431 156 417 230 328 669 732 811 830 210 18 190 786 
402 179 442 306 361 544 645 765 797 847 879 880 925 935 950 9 845 931 
65 252 477 500 408 290 278 187 497 255 532 559 562 633 651 652 713 857 910 985 995 235 62 85 348 648 677 
290 408 531 512 339 713 825 985 103 783 
221 226 296 182 288 137 632 805 853 907 967 419 636 
465 359 90 487 26 449 466 555 77 858 
118 277 211 346 424 321 452 344 608 628 698 750 753 839 860 359 282 677 964 
488 330 420 593 656 782 852 988 214 210 303 
414 464 563 673 743 861 956 997 291 330 564 
308 262 437 38 603 726 762 822 282 510 
215 290 17 174 446 429 365 562 651 741 910 335 570 733 
203 233 519 582 611 663 763 796 949 664 906 934 
248 482 359 326 197 758 795 889 986 1000 172 157 689 
371 214 39 66 203 217 146 64 311 527 706 763 801 816 961 969 502 858 895 948 
158 208 169 433 515 571 631 838 591 866 
148 530 397 134 434 511 583 645 797 856 925 935 150 832 959 
297 398 450 238 298 96 162 312 833 926 939 964 499 374 671 825 
181 208 499 224 304 249 521 47 21 571 630 634 643 689 859 919 370 376 964 
414 167 188 310 464 563 587 913 46 383 632 
94 342 431 502 417 247 54 840 56 927 
257 109 641 710 712 819 864 928 958 305 88 132 
213 437 308 38 81 726 728 927 153 13 
435 524 323 517 93 9 125 407 554 590 642 670 746 784 798 808 818 820 878 896 260 386 525 194 600 745 
448 233 64 214 519 357 320 582 584 588 595 605 636 666 763 812 892 922 951 982 38 283 435 356 638 679 
142 72 212 491 483 84 281 19 471 186 231 23 272 274 318 332 244 62 585 691 692 752 759 769 809 876 912 916 930 451 313 106 631 750 812 880 950 
435 524 49 9 125 93 407 15 323 551 127 746 798 878 896 148 361 346 557 
465 340 326 26 248 359 197 482 151 90 70 132 487 534 421 34 337 635 758 832 889 954 974 986 48 162 417 67 479 905 
371 114 203 60 311 357 41 87 486 519 560 582 611 681 709 714 751 778 812 982 141 241 651 708 712 
355 311 486 114 588 594 763 969 982 554 667 731 
450 345 171 103 297 111 136 298 518 460 96 398 241 162 267 569 589 665 693 703 736 866 882 939 224 261 781 840 904 985 
446 252 512 17 229 33 497 531 392 399 423 215 377 562 586 619 651 654 683 742 779 799 883 888 921 955 972 995 999 169 389 2 313 254 55 607 751 
214 456 82 519 556 595 611 706 751 962 982 43 788 
479 441 44 2 75 86 164 190 145 677 874 900 52 816 
559 470 339 500 531 494 392 377 539 408 713 779 204 487 749 
414 537 201 167 188 464 547 587 638 835 913 929 162 18 13 194 
36 42 445 13 178 293 331 599 717 744 773 815 537 289 706 
352 74 463 708 898 908 909 926 957 505 475 203 
131 409 378 639 756 760 885 906 297 594 873 
479 441 86 18 106 1 677 684 764 874 237 519 348 
121 150 189 307 364 234 688 814 130 378 867 
450 267 558 297 241 298 136 59 312 162 419 439 398 354 74 104 180 589 591 604 626 627 708 736 748 780 872 908 909 931 944 957 964 970 983 54 281 185 519 339 334 578 618 913 
234 351 396 189 356 40 301 287 493 43 31 283 489 307 235 204 496 364 490 618 648 688 800 814 817 863 903 937 942 960 990 539 103 365 166 722 855 943 
208 224 521 181 169 158 249 161 546 520 144 433 436 47 515 292 21 256 543 499 444 596 630 631 634 643 689 806 838 919 136 61 225 581 664 821 861 970 
42 259 178 159 467 36 599 637 717 735 744 815 827 307 238 8 965 
91 346 211 289 661 753 860 305 621 727 
129 225 302 202 469 348 183 27 495 682 625 704 715 
465 265 326 26 90 421 482 359 337 70 889 954 974 986 399 76 414 119 
236 261 56 78 506 462 55 37 629 662 715 802 810 902 932 75 604 637 960 
380 319 412 194 322 578 676 682 738 787 905 941 959 994 108 491 253 731 
135 577 67 140 495 410 202 92 27 525 147 386 129 380 667 678 682 720 725 771 785 803 858 905 917 941 943 959 968 994 446 301 569 153 686 741 802 842 
343 72 281 23 186 528 471 62 483 660 691 930 56 213 635 
244 72 19 23 649 691 845 862 588 827 
277 245 373 367 344 313 98 424 29 91 347 280 118 454 211 522 119 325 289 143 346 20 452 199 260 607 620 624 628 661 745 750 753 786 860 984 107 485 571 96 684 714 799 956 958 964 
87 371 338 114 540 82 552 459 176 556 73 588 663 801 951 962 982 313 287 500 668 691 
8 216 138 544 300 361 306 28 402 155 731 856 897 925 935 518 403 587 
214 205 110 486 456 160 552 198 594 763 796 892 962 452 6 719 750 
553 498 281 62 72 19 142 244 501 476 649 660 692 727 876 916 99 669 892 895 
559 218 52 333 741 742 776 799 883 921 972 69 688 905 
414 464 201 405 416 563 369 188 547 167 647 700 835 583 394 184 828 
64 552 160 582 315 87 114 505 557 595 605 611 650 706 751 781 922 961 979 982 479 580 127 79 852 
569 345 267 117 200 419 111 450 163 518 96 352 312 398 558 74 103 136 626 680 708 851 869 898 908 944 964 970 523 425 83 167 624 759 900 974 
435 93 49 551 323 407 9 517 472 524 642 746 784 818 896 508 115 713 
460 569 309 162 103 926 931 944 543 739 
136 316 309 463 232 657 665 693 775 872 898 908 926 931 939 944 957 328 311 676 783 853 
115 51 536 488 413 175 192 57 80 625 737 782 852 981 988 457 371 726 798 
203 209 334 214 114 335 584 198 154 458 456 82 371 320 311 486 557 611 706 751 778 781 796 867 949 951 961 982 365 566 168 628 726 911 998 
448 203 519 311 114 459 233 154 552 560 588 209 636 706 763 781 421 208 665 692 
208 21 144 249 158 571 644 689 526 760 
479 2 164 191 441 677 684 874 989 456 
154 384 176 311 448 114 209 207 636 706 751 867 502 802 989 
36 467 372 172 42 564 178 513 48 572 694 717 744 815 827 837 400 18 760 
94 502 341 342 474 417 669 830 551 903 925 
284 300 282 401 8 148 511 393 361 664 686 797 836 895 925 90 631 713 801 
523 92 386 147 387 738 933 943 465 277 
81 262 89 538 50 38 149 437 4 45 394 254 406 152 614 711 726 728 762 822 842 873 980 316 216 454 303 739 917 
385 316 268 569 627 665 851 898 944 963 964 970 172 576 765 795 
60 85 552 209 214 154 588 681 751 763 791 801 816 855 867 875 316 174 19 27 
271 514 261 56 462 55 78 629 662 777 877 234 719 842 
347 280 325 20 581 313 210 661 376 559 271 
347 346 289 424 5 313 245 211 535 280 119 452 91 860 297 311 470 806 
194 140 484 410 61 202 525 616 720 738 787 858 943 155 356 643 978 
120 174 339 139 14 252 229 742 718 784 839 
41 320 588 207 311 176 60 114 594 503 560 519 384 540 556 650 706 763 816 875 949 962 969 982 440 247 101 645 693 942 
410 525 322 225 682 738 905 943 498 117 
211 452 363 210 277 6 454 860 278 732 
603 4 81 38 308 275 437 254 89 711 716 726 789 842 927 60 51 329 745 
333 365 339 392 290 278 187 512 255 133 65 215 174 120 654 721 741 799 920 995 476 162 456 233 895 963 
374 484 140 609 382 358 676 678 771 787 943 56 511 123 
121 496 618 648 814 903 990 290 628 665 762 
425 570 356 617 364 234 493 490 31 307 287 351 688 814 817 863 903 990 62 569 346 22 679 
470 559 278 500 365 512 497 408 214 621 
452 210 6 424 98 277 199 245 581 628 745 750 656 800 802 
361 402 475 350 216 481 25 622 640 645 659 731 767 844 619 87 573 841 
251 350 8 46 282 621 155 361 475 402 640 645 664 765 844 880 895 342 82 176 626 642 
492 522 199 210 211 347 373 277 452 119 624 628 745 750 753 860 11 130 709 904 977 
347 266 210 388 325 452 581 373 245 313 20 424 119 91 623 381 280 211 492 264 454 277 29 346 628 661 696 698 750 753 839 850 860 868 984 998 174 589 76 300 201 481 677 806 920 970 
51 115 175 80 192 420 593 360 656 782 988 411 574 857 
59 103 485 316 74 104 354 569 589 111 627 657 693 780 833 866 869 909 944 957 963 964 46 622 120 428 751 876 
400 569 309 268 626 273 163 354 53 604 450 485 180 833 843 872 909 939 944 964 496 190 239 658 803 917 
210 624 325 277 424 522 581 6 29 452 211 373 620 98 623 344 347 535 91 119 245 346 698 723 745 750 753 786 850 860 984 993 354 617 345 230 594 764 776 785 970 
55 271 56 462 514 383 78 428 606 504 270 430 116 37 329 576 391 170 236 662 668 672 687 715 770 777 793 802 891 902 932 195 414 650 754 834 897 918 998 
224 515 161 144 571 546 208 521 169 643 689 205 792 891 
571 444 181 208 47 543 689 919 553 118 601 
533 288 10 173 440 227 182 702 718 805 853 907 945 547 838 874 880 
333 512 255 423 278 446 365 531 500 52 652 654 824 972 985 995 351 1 687 790 909 
521 256 161 436 571 224 158 433 208 520 21 546 181 304 689 838 296 247 429 766 785 
465 90 26 359 34 337 555 421 248 758 890 954 974 986 579 292 782 962 
552 73 384 214 311 598 203 519 217 130 110 595 335 663 681 706 709 751 761 791 918 951 952 961 982 382 533 492 268 789 797 836 
166 13 372 467 185 48 36 572 159 172 744 773 827 160 576 515 194 
416 414 563 647 700 807 835 913 156 552 311 
131 566 447 468 379 375 11 291 7 336 239 83 685 704 756 760 823 871 885 906 953 2 55 236 399 954 978 
216 511 475 282 8 71 305 481 622 621 701 774 797 880 895 897 466 366 396 462 805 
109 549 710 712 819 864 865 870 928 958 3 387 985 
435 524 551 517 49 407 125 93 9 590 746 784 808 820 81 622 129 888 
499 208 444 181 158 144 571 630 224 546 520 689 609 41 928 931 
208 596 169 521 158 144 224 520 689 838 326 114 693 
28 544 284 530 25 622 621 350 317 148 101 393 475 8 100 216 659 664 701 730 739 767 826 828 829 879 923 948 182 611 152 191 660 694 845 
479 164 1 18 2 165 24 441 677 874 894 5 710 815 
416 414 464 362 405 587 310 97 69 638 188 673 700 807 834 835 887 901 913 956 359 495 651 953 
253 307 351 489 31 204 490 150 570 396 617 493 43 364 480 234 356 688 800 814 817 831 903 937 465 531 208 260 706 869 
142 318 62 343 580 585 845 992 522 814 
505 588 203 486 209 611 706 751 841 966 982 341 629 186 
473 392 133 122 429 559 500 237 139 399 512 228 252 531 324 539 446 477 294 654 683 721 757 825 857 883 888 985 995 556 647 299 412 344 475 298 796 
187 12 365 633 22 333 122 470 531 516 683 721 893 955 972 995 87 505 355 738 
311 505 16 486 130 459 706 761 791 796 962 187 361 672 
516 187 278 651 633 174 229 196 52 432 22 399 497 252 615 17 408 392 559 139 683 757 779 995 192 144 248 63 731 915 
495 525 410 386 124 682 803 905 943 80 166 755 
115 625 413 80 192 536 175 57 737 852 988 620 715 967 
298 243 626 103 508 345 96 592 309 180 485 693 736 869 898 973 978 513 330 402 13 486 
429 228 500 215 349 365 721 734 921 955 972 995 5 106 627 234 
223 361 134 621 206 434 645 376 155 739 765 390 139 
453 585 244 142 23 579 72 476 212 318 692 769 845 936 992 645 288 249 
454 260 211 143 277 607 381 624 210 581 119 373 522 5 452 313 347 492 573 698 745 750 786 860 868 432 171 252 295 203 995 996 
271 56 462 629 391 504 506 58 78 514 55 261 606 415 236 270 576 299 329 403 428 672 687 715 770 793 802 877 884 891 902 932 277 460 419 126 518 65 115 450 
335 154 486 582 110 540 64 41 66 338 82 636 706 709 751 816 918 979 388 375 239 190 179 
402 645 153 300 223 622 451 8 306 376 361 148 138 601 393 739 856 880 897 911 925 948 540 497 571 49 125 721 
103 111 592 74 163 96 558 604 243 267 180 117 312 53 419 162 136 309 680 693 736 833 898 931 939 963 964 344 504 595 617 712 995 
214 505 503 311 217 64 552 962 982 358 142 434 
92 61 129 412 578 194 495 386 140 722 725 943 557 161 246 681 
403 271 56 514 58 55 629 383 802 877 884 891 107 582 965 
94 156 529 230 600 95 79 328 342 417 732 139 585 964 
435 551 323 76 472 125 820 896 166 525 
287 422 150 263 307 490 276 496 351 545 751 869 
271 56 662 329 514 261 55 462 391 629 793 802 102 653 861 
414 464 537 368 647 807 834 835 913 976 92 287 775 
136 102 400 354 693 708 719 775 851 898 973 735 793 
131 447 7 375 378 760 804 885 500 492 
412 129 525 616 577 147 202 722 738 785 787 803 858 905 917 941 994 592 273 486 712 800 
479 441 222 44 165 1 2 164 86 105 24 106 390 191 75 190 567 597 646 220 18 303 561 684 783 848 849 874 894 900 987 989 374 535 138 497 624 531 682 694 791 
184 92 616 578 147 61 785 787 917 941 959 968 102 908 925 
77 177 712 788 819 864 865 958 618 552 424 
485 518 111 589 665 869 872 926 931 983 21 329 856 
203 605 242 636 556 311 207 334 705 751 761 763 922 949 951 962 966 969 982 418 103 667 789 907 
225 578 140 387 386 410 269 124 612 574 129 374 655 577 525 63 202 380 319 67 720 722 738 785 917 943 959 437 677 400 203 728 819 939 
187 22 651 408 559 14 349 423 654 652 139 399 365 721 910 977 214 751 798 877 926 
479 164 677 106 44 191 105 190 24 441 2 222 597 1 86 567 165 764 783 848 849 874 886 924 477 301 581 744 753 902 945 
131 336 639 409 11 379 370 756 760 871 310 787 966 
397 148 601 141 361 282 797 880 940 578 68 927 
629 514 329 462 170 56 236 506 662 299 415 271 58 802 891 932 222 201 633 302 
301 490 287 121 648 234 283 493 489 43 396 570 31 356 618 568 425 364 307 800 814 817 821 831 854 942 990 517 137 473 524 361 58 586 
571 208 224 596 169 158 499 161 521 520 630 631 644 643 634 181 304 249 546 806 838 859 919 58 541 464 316 874 
507 137 288 440 296 805 907 945 52 489 
553 580 579 72 692 759 845 862 441 464 582 
212 585 244 274 62 528 107 691 553 186 142 72 23 660 752 769 105 595 398 25 
241 657 418 273 295 59 268 345 267 626 136 398 592 53 96 674 419 558 103 665 708 766 780 851 909 931 939 944 963 964 983 996 644 233 611 454 712 962 972 
36 42 513 445 178 331 293 166 172 327 599 735 744 938 677 645 110 891 
525 202 140 374 67 386 183 495 380 917 941 339 887 909 
245 452 346 143 373 624 313 984 487 843 
55 261 462 56 37 299 391 270 504 58 271 514 329 526 506 428 170 715 802 891 24 290 83 174 784 
535 661 98 346 624 277 424 628 211 860 984 191 156 
235 490 204 496 364 234 821 903 518 897 
414 464 188 647 587 638 834 835 846 861 913 956 865 879 
148 306 645 223 442 640 25 847 211 759 
288 182 227 632 440 226 507 221 137 718 749 805 907 945 967 971 307 90 751 943 985 
88 111 398 352 238 366 558 775 944 963 271 401 152 
131 239 639 409 11 378 375 379 336 756 760 804 823 574 159 809 936 
448 311 681 706 751 781 951 979 232 981 
114 311 203 205 371 598 527 542 198 594 588 214 560 519 207 663 448 650 130 357 87 705 595 16 653 611 636 505 176 796 801 812 867 949 951 962 129 386 564 213 465 648 509 361 719 724 
94 230 417 342 30 156 54 431 732 840 493 893 
589 53 316 345 569 295 518 398 565 354 162 485 693 450 96 200 123 103 111 674 748 766 869 898 926 944 183 21 556 182 830 902 912 
233 636 110 663 217 556 16 751 763 801 961 623 306 111 
257 77 641 510 177 549 712 819 864 870 928 958 224 646 782 
4 38 149 603 614 726 728 822 493 807 
257 679 77 549 177 710 641 510 353 819 864 865 870 881 928 958 182 676 556 665 693 
377 252 392 494 218 531 290 133 532 470 562 52 721 757 883 910 590 476 162 601 401 
60 505 114 556 371 801 816 951 966 982 268 581 802 
261 629 662 56 271 462 697 514 428 576 506 430 55 802 810 884 439 574 656 858 969 
89 81 50 394 614 308 149 152 38 726 762 822 842 980 78 514 850 944 
513 178 36 42 572 467 564 438 372 599 827 100 346 743 
226 440 632 702 227 182 805 907 914 946 967 971 344 314 610 352 
674 162 180 309 103 171 419 843 926 944 963 983 606 584 706 998 
135 410 609 682 240 140 457 495 578 202 258 771 858 941 943 959 994 490 143 176 278 26 
470 477 615 252 22 713 139 651 14 408 652 128 658 683 68 742 776 883 985 995 108 146 664 72 158 
140 92 667 147 682 676 382 202 386 67 348 410 319 124 738 787 803 905 968 994 570 443 82 816 877 944 
211 347 325 452 628 344 210 454 750 84 751 757 
215 252 512 432 494 408 799 825 888 972 706 356 963 
525 578 194 140 667 124 386 933 994 261 855 910 
603 81 152 716 279 50 38 254 149 308 406 394 538 262 614 45 89 275 550 711 437 789 822 842 873 915 927 593 39 359 594 922 975 
244 23 142 195 212 483 476 231 62 19 585 281 809 845 930 936 573 119 745 
308 81 213 275 262 550 394 437 711 603 89 762 822 842 873 915 682 281 796 917 
27 92 183 194 147 135 495 525 943 21 277 886 
361 376 481 511 402 645 350 317 731 836 844 897 335 825 1000 
583 216 475 621 730 434 774 925 577 654 557 
94 474 30 342 79 502 669 529 707 51 613 397 
25 101 376 112 434 774 880 897 539 997 
187 658 494 365 133 497 17 757 955 302 468 835 
36 467 185 572 694 178 166 513 42 445 827 674 338 24 
309 657 398 569 558 665 345 869 8 281 
115 168 360 656 330 192 80 488 108 593 852 988 450 353 
612 525 722 386 27 410 412 676 382 348 374 140 577 319 194 250 682 469 202 495 322 602 609 92 61 523 135 771 785 787 917 943 273 396 145 361 652 193 164 324 925 
216 659 442 153 645 664 306 179 844 880 950 603 591 924 
179 402 475 305 155 765 828 836 856 880 923 940 367 323 
349 539 615 17 477 408 278 586 757 972 977 995 578 521 27 
349 586 52 408 721 610 429 432 559 792 824 31 134 275 
369 362 537 834 835 861 901 913 717 982 
36 259 42 372 694 637 564 572 599 684 88 893 
211 373 91 20 581 260 277 347 143 245 454 623 661 313 119 620 424 628 98 750 551 727 614 112 31 
435 524 551 472 15 49 642 554 93 9 590 784 808 820 878 896 226 375 216 522 50 
492 20 344 210 452 313 454 277 860 863 869 991 
162 96 485 708 419 297 569 909 939 963 978 472 752 
288 182 702 507 227 221 805 853 945 967 971 141 562 761 
452 723 313 661 381 346 454 620 266 325 535 20 289 624 119 581 6 91 623 628 745 373 29 753 754 786 850 868 934 984 993 998 512 453 136 8 553 584 396 853 
663 556 357 598 160 315 384 82 705 650 594 681 154 338 636 311 371 560 41 505 605 588 60 486 709 87 198 355 217 778 796 801 841 867 899 951 979 982 626 702 723 559 683 671 163 769 953 984 
476 84 553 332 498 692 142 244 845 87 465 748 
321 424 210 623 266 373 454 452 624 573 628 750 535 313 211 581 260 289 984 1 684 763 909 
5 277 210 492 98 313 264 750 92 629 70 
429 377 392 215 516 133 294 825 995 506 655 909 
131 639 83 685 379 7 291 704 11 370 447 239 336 285 378 566 760 804 813 823 871 885 953 494 40 109 203 298 261 
477 651 734 14 741 324 713 68 654 792 825 485 723 947 
465 3 326 359 90 635 482 541 555 421 113 132 426 286 790 832 889 954 986 991 212 161 380 510 760 824 
72 471 274 553 107 62 142 691 266 701 589 
131 756 11 704 639 336 447 378 675 375 566 239 285 685 379 409 291 885 953 599 596 758 884 945 
636 527 203 653 355 311 681 233 855 949 961 962 982 281 749 863 925 
716 279 603 538 149 152 437 45 262 728 308 789 822 980 471 617 479 797 
66 207 448 681 110 540 60 87 584 503 505 709 214 611 552 338 557 605 542 595 796 867 892 899 918 952 961 962 969 982 234 116 149 105 753 807 932 958 
479 190 164 75 1 193 684 2 18 145 106 191 441 567 783 874 900 924 965 987 989 309 361 140 477 628 981 
659 622 434 206 530 216 481 740 797 895 925 604 891 973 
123 693 298 708 163 931 944 970 44 265 634 
8 645 25 434 621 402 797 856 911 489 429 891 
485 309 74 460 518 354 419 869 882 926 931 444 365 841 
62 471 692 483 553 142 660 845 751 70 
506 462 662 629 55 430 777 877 891 163 217 417 
140 92 387 126 720 184 410 147 63 738 616 578 525 787 905 959 292 313 246 436 949 
94 342 156 230 79 417 431 54 30 502 811 468 164 221 
36 637 564 372 172 42 48 178 513 827 837 938 22 295 
397 640 481 8 402 733 731 836 880 145 484 891 
297 592 703 508 316 96 171 674 869 931 939 970 673 279 195 
721 65 333 14 349 429 228 392 586 473 497 512 17 12 215 365 883 921 995 999 309 226 628 158 210 
55 428 403 506 629 271 116 770 261 170 56 606 430 802 891 932 10 486 783 803 963 
556 594 751 114 203 242 335 801 982 471 846 937 
559 22 432 429 654 562 825 995 232 917 
569 111 180 508 693 103 297 626 869 898 970 983 169 87 144 
594 87 82 110 448 595 588 519 114 160 705 812 816 961 966 55 558 134 832 
115 593 536 360 57 168 625 413 852 981 988 710 237 635 
479 390 164 75 18 677 1 190 2 86 44 764 106 441 684 848 849 874 965 176 592 532 777 212 
435 15 551 746 49 76 590 642 395 127 808 818 896 697 410 610 56 
495 374 678 578 682 380 738 382 140 202 676 240 634 628 197 392 
750 245 210 581 199 628 347 346 143 661 277 529 464 
577 722 322 678 676 140 616 771 183 410 609 387 202 457 738 386 319 917 959 968 994 685 286 465 805 912 990 
177 77 109 257 679 819 864 928 958 495 560 799 
406 50 213 614 437 308 81 279 726 89 762 275 38 842 873 915 681 450 636 814 
465 90 326 26 359 132 449 482 758 337 889 954 633 837 932 
114 519 653 456 214 82 311 636 64 110 605 217 812 951 952 961 126 677 22 
278 174 333 757 742 365 995 999 630 911 
271 462 428 261 662 55 56 672 629 802 877 932 674 402 234 889 
377 17 446 237 14 219 985 995 182 796 
541 359 487 326 337 90 465 890 48 384 604 
505 540 73 486 763 751 154 653 519 114 706 584 217 311 60 357 203 594 816 867 899 949 58 651 794 728 236 222 
393 544 8 481 300 601 134 46 765 640 376 434 402 686 141 148 155 767 179 153 530 442 836 847 856 880 895 935 490 309 636 762 815 852 898 985 
435 554 551 76 524 395 808 896 593 683 930 
229 432 99 324 22 724 252 497 339 408 559 14 615 512 187 586 857 921 788 431 485 581 997 
480 364 234 570 489 287 411 688 496 276 235 356 425 189 648 40 307 814 817 854 863 903 937 942 109 620 398 452 676 
315 64 582 706 519 714 778 459 605 542 751 709 816 951 90 42 601 248 
629 403 662 462 56 672 58 715 777 668 261 697 793 576 270 170 504 78 687 506 526 329 37 271 55 877 891 932 578 452 620 714 399 373 134 598 
722 484 374 578 269 655 676 202 858 943 777 627 452 
131 375 675 756 704 813 871 885 906 132 207 147 
288 227 182 702 632 478 718 440 749 226 507 296 221 533 10 690 173 137 853 907 914 945 967 971 425 640 16 787 970 987 
689 433 224 444 571 181 515 521 838 624 608 861 
414 188 157 673 647 416 69 638 834 835 846 861 887 901 913 763 259 711 944 
435 798 524 784 642 746 551 878 80 52 
23 476 332 142 453 727 553 528 471 862 278 432 704 
271 383 430 37 58 461 56 514 506 116 462 428 261 715 236 576 891 354 369 406 856 906 
94 772 54 417 474 502 328 529 342 431 230 247 840 210 261 378 157 
87 556 552 791 781 706 176 458 39 334 214 114 816 398 261 553 181 
131 804 285 756 379 11 375 291 410 8 
364 150 307 493 688 422 189 396 800 617 287 490 648 234 570 480 204 301 618 568 411 43 817 821 831 854 863 903 904 960 975 990 649 470 512 323 59 789 843 
178 467 564 372 572 599 938 797 646 400 
41 611 448 311 486 714 801 781 114 154 663 338 812 209 796 542 335 357 60 16 110 82 605 242 207 456 841 892 961 969 979 982 722 277 365 287 142 72 397 561 
425 814 493 31 688 234 204 648 800 283 43 570 150 618 356 903 484 15 252 851 958 
435 127 395 784 590 524 551 76 257 498 
257 712 77 710 549 177 641 109 788 510 353 32 679 864 865 870 881 928 958 407 682 101 967 
435 551 670 642 76 524 93 127 746 878 181 872 874 
814 150 490 688 253 301 699 942 990 571 312 873 
726 81 603 279 437 728 89 254 716 149 711 45 4 762 538 394 152 50 38 262 213 842 873 927 245 196 223 441 47 971 
131 756 378 704 375 639 871 885 414 329 888 
215 742 633 120 429 477 857 910 758 281 114 
187 724 278 219 128 651 349 532 446 14 755 779 473 757 215 883 921 955 972 977 545 234 132 142 730 
645 361 153 148 100 880 895 925 474 917 
36 178 42 509 637 327 185 773 467 172 48 166 599 513 735 331 159 438 13 572 445 717 837 938 419 580 24 860 929 951 1000 
402 511 481 740 141 645 895 925 587 198 
25 223 148 645 836 895 925 935 258 871 889 
94 342 417 328 600 529 474 247 431 230 54 95 314 154 708 955 958 
489 688 496 648 364 150 253 356 276 31 814 287 263 396 307 937 313 148 320 896 
465 90 326 26 758 404 555 3 197 337 359 265 890 954 1000 544 462 781 211 
626 180 136 450 518 665 627 545 957 521 483 938 
414 464 188 673 700 369 69 167 416 807 246 743 647 201 835 861 887 913 929 956 976 508 359 629 143 854 
414 464 188 834 647 368 807 587 369 743 362 405 167 638 700 673 97 69 563 416 201 846 861 887 913 929 956 976 997 140 734 477 121 103 297 838 965 
284 481 797 206 601 153 740 511 730 8 216 829 774 179 847 911 493 495 636 979 
36 445 172 599 773 48 178 827 391 790 
571 161 224 806 499 21 543 634 436 644 521 689 380 632 835 342 
210 624 20 535 373 347 452 984 610 904 
94 811 417 548 431 707 342 502 230 310 26 558 
39 154 214 751 816 357 16 650 892 922 951 979 621 768 915 
726 45 789 716 603 614 822 728 394 437 308 578 606 843 
354 627 162 508 163 719 909 970 814 842 696 
622 621 739 216 730 442 350 402 148 856 879 880 205 972 
649 453 281 195 491 318 691 274 483 660 84 19 727 231 752 769 580 501 244 912 936 992 345 530 299 645 880 899 
414 835 464 700 188 807 861 956 778 114 160 
475 305 836 148 530 701 797 880 64 215 
479 164 18 677 783 684 1 222 390 874 989 45 497 
479 684 164 677 106 44 783 190 441 18 1 874 203 340 324 944 
325 750 381 29 628 119 624 984 294 716 
604 268 693 508 88 103 589 419 316 674 162 866 931 939 944 817 225 984 989 
115 593 51 175 782 330 420 80 413 488 108 737 656 536 981 988 797 588 285 950 
296 288 440 533 805 749 137 632 221 507 907 967 592 177 360 264 750 
356 688 800 490 263 814 234 287 364 863 937 834 441 
160 146 761 311 605 82 203 962 982 570 422 725 
25 376 664 148 797 767 844 451 740 544 583 101 179 134 880 366 680 62 810 
824 187 651 531 799 432 955 995 625 944 
194 27 63 348 720 410 374 803 676 319 129 380 578 140 469 202 525 386 147 609 184 905 917 943 959 968 715 542 86 534 425 932 981 
224 169 208 292 158 546 21 689 333 883 895 
747 623 624 91 492 613 346 347 373 573 628 454 698 424 325 210 535 581 211 661 608 934 984 993 217 378 278 187 827 508 867 
414 700 835 188 743 464 246 807 369 846 537 834 157 901 913 929 997 571 806 385 672 972 
107 19 72 580 332 195 501 272 809 691 936 337 311 354 
854 234 287 351 814 618 570 422 480 800 947 761 504 747 
819 109 257 77 679 712 549 710 641 788 32 865 870 928 958 459 96 446 227 
819 712 257 864 77 32 679 510 177 641 443 353 109 870 958 1 700 910 935 
103 96 626 851 558 518 908 926 403 543 
598 519 796 751 763 384 60 605 594 706 114 979 860 53 568 
624 522 91 264 661 119 452 373 750 311 908 985 
171 297 768 352 780 736 59 460 589 626 316 232 268 708 96 200 345 419 518 657 680 111 775 898 908 909 931 944 963 964 978 996 747 10 648 188 671 198 956 986 
710 865 257 819 641 32 712 864 77 881 928 958 289 11 898 
131 639 685 370 823 447 804 756 953 829 327 898 
419 680 569 96 385 111 627 592 398 964 970 820 98 896 
726 89 279 406 4 394 152 728 149 81 38 789 822 603 915 980 435 566 821 
479 441 677 164 106 44 18 684 1 2 190 764 86 783 24 390 191 75 105 849 561 222 848 646 567 145 597 303 165 220 193 35 886 894 900 924 965 987 989 230 689 820 632 58 316 506 369 913 
82 611 605 505 217 114 458 338 922 969 982 44 880 
453 498 281 84 553 274 585 916 298 626 
58 261 668 78 271 662 506 793 329 526 770 802 606 428 56 170 514 891 932 487 683 722 1000 
435 323 551 554 517 820 746 808 94 884 
361 511 25 101 530 481 844 645 401 216 923 925 211 700 80 976 
206 251 622 475 797 317 284 141 664 826 216 740 844 856 148 112 402 306 847 451 733 434 640 686 361 530 774 481 71 305 739 25 895 923 940 950 632 24 10 385 553 875 304 845 77 907 
712 32 177 443 870 819 257 958 89 81 
200 558 103 768 455 309 518 970 449 259 326 
776 477 290 721 713 825 52 586 559 349 33 651 174 255 972 995 317 202 859 63 
55 37 271 403 56 715 462 668 662 891 878 760 363 
131 756 639 375 760 409 823 675 336 566 291 83 7 804 11 378 370 239 285 953 174 242 300 272 931 
874 441 106 145 18 684 479 44 729 986 
414 835 647 188 464 416 807 834 695 983 
133 423 559 187 470 33 408 512 252 215 497 278 516 429 339 724 651 122 921 955 995 999 254 256 823 94 642 158 
465 326 487 90 541 790 575 404 359 26 555 758 991 1000 157 793 829 208 
465 635 482 832 340 487 26 795 986 1000 397 185 953 
55 271 56 383 802 629 506 116 514 261 662 329 777 884 668 391 687 58 697 810 770 461 462 877 428 224 765 481 767 630 774 694 
130 214 209 841 505 763 584 519 207 816 552 311 949 951 961 585 44 148 
500 512 652 22 290 977 995 999 744 707 
874 441 75 164 646 479 677 965 987 364 391 944 
148 141 138 282 305 481 393 402 765 601 640 442 622 826 880 797 829 828 206 361 306 401 25 101 28 179 897 923 52 235 163 859 542 418 615 585 
435 524 551 517 395 9 590 554 784 76 472 125 746 127 798 670 12 202 831 872 522 
317 895 730 155 179 640 216 8 583 664 733 100 629 699 921 
674 869 297 400 665 592 316 59 708 604 780 162 298 657 385 427 565 589 104 419 439 136 200 96 103 518 53 909 926 931 939 944 957 963 970 983 437 49 283 797 41 871 870 490 994 
335 763 203 82 85 796 114 519 87 751 966 979 379 202 431 845 
874 479 190 764 441 191 24 106 145 1 561 164 2 677 105 965 42 119 589 939 
414 369 69 647 464 861 188 743 807 180 524 511 
415 461 506 629 170 662 576 55 514 708 684 402 
356 800 121 699 150 814 489 648 287 351 396 235 817 570 617 618 425 43 40 942 947 133 115 600 245 1 914 
351 490 814 234 150 396 307 947 623 839 558 
612 374 858 348 525 302 63 771 722 183 457 322 655 129 578 577 386 387 67 484 676 194 469 358 917 933 959 968 994 586 73 149 512 555 378 909 920 
131 447 639 804 291 566 83 11 375 239 540 810 950 
805 288 227 718 702 632 853 137 182 221 173 296 690 10 507 533 226 914 946 967 971 97 681 131 178 5 880 
103 400 354 569 309 455 518 866 589 592 111 243 123 869 117 565 277 868 678 158 
419 309 565 627 898 354 345 297 180 104 88 569 162 626 398 869 843 508 693 241 748 123 926 964 970 695 164 755 181 633 905 753 
122 539 713 133 432 683 392 429 473 824 531 408 516 920 972 985 995 725 322 342 865 991 
836 664 481 767 251 402 925 948 594 792 309 
553 23 142 281 491 845 231 72 309 708 787 
414 464 835 188 834 201 861 563 97 647 405 362 673 157 700 416 547 246 743 807 638 929 976 997 56 569 148 874 162 
182 718 907 173 288 805 440 967 359 903 
726 789 406 728 873 213 38 149 980 654 68 841 
553 142 23 585 84 186 343 876 250 354 402 
92 858 905 319 147 457 124 126 469 578 787 140 225 202 525 695 135 738 682 240 676 348 258 410 484 250 495 678 63 27 194 374 386 933 941 959 994 826 627 603 728 779 78 947 956 974 990 
663 160 214 636 87 763 311 114 962 8 629 256 
169 546 515 571 520 292 631 689 326 992 
615 446 99 473 910 512 187 365 408 333 999 241 624 905 
888 825 559 799 174 17 776 658 516 128 497 586 512 68 252 139 955 999 414 465 897 9 978 
114 681 486 552 355 588 841 41 875 87 205 726 106 930 
306 153 740 895 134 879 442 645 100 880 925 935 58 409 405 
874 479 35 164 684 441 390 190 764 1 448 263 739 
664 731 206 828 544 879 46 481 530 101 179 826 601 829 25 765 442 923 251 393 148 511 153 434 155 216 282 583 376 911 935 948 950 600 125 738 515 761 678 168 501 972 
232 162 312 241 592 400 866 200 136 111 518 123 680 103 708 719 565 909 545 163 898 345 273 104 591 419 385 768 931 963 964 970 48 106 237 683 25 75 141 252 229 
149 394 550 614 81 726 822 4 980 686 548 122 
819 353 788 257 77 864 712 710 549 870 641 958 643 461 434 424 
414 913 167 157 861 201 563 246 834 369 835 956 442 827 408 
553 727 19 186 72 244 579 84 62 798 922 349 
117 775 680 869 463 569 851 400 665 241 693 102 768 418 312 592 926 591 419 898 111 460 766 103 957 205 643 349 93 530 218 885 
261 877 461 116 777 271 55 506 514 462 793 58 56 629 687 576 802 415 662 858 790 187 28 763 
602 410 386 917 725 905 380 27 374 358 315 428 288 
264 860 750 119 424 245 210 984 111 540 
475 925 583 481 361 530 397 300 829 544 923 8 155 797 389 940 67 865 984 
19 862 727 845 660 142 281 318 428 704 506 
490 800 422 854 831 43 648 570 364 489 356 990 9 778 
694 172 815 827 773 445 178 42 174 833 
103 232 627 485 316 898 665 545 460 592 400 267 352 558 748 775 851 111 693 944 964 973 996 193 900 62 411 31 682 
880 376 740 361 442 935 686 216 12 32 151 
202 678 578 523 917 147 720 695 676 129 577 194 322 943 959 164 15 1 
121 364 570 688 150 800 821 234 903 235 287 490 307 975 990 210 330 611 486 
258 374 386 655 302 578 729 147 602 616 322 202 140 720 858 803 410 612 609 525 457 941 667 738 124 380 682 414 72 570 472 84 702 219 
766 851 626 316 398 439 589 591 703 708 627 241 518 693 171 180 103 592 309 569 59 136 485 295 939 418 400 243 898 604 719 455 117 345 869 298 964 970 983 996 849 220 857 716 894 147 807 436 722 995 
805 227 749 702 690 507 288 632 760 684 421 
227 182 440 173 288 10 907 718 359 311 
863 904 287 283 903 301 150 960 917 757 
148 925 911 284 645 46 664 950 542 512 13 
761 66 320 796 594 892 146 706 217 503 681 448 82 611 114 540 334 951 979 771 265 326 120 
350 880 46 317 530 389 442 25 481 739 451 8 925 153 282 71 401 402 148 948 155 101 553 852 367 52 160 906 
552 681 114 751 146 705 841 706 594 636 949 791 801 582 714 154 892 203 969 982 178 827 262 295 1000 
334 636 763 791 311 456 214 982 443 58 972 
131 378 756 885 760 336 871 11 375 639 447 379 210 890 647 751 
758 197 151 832 575 337 90 465 635 487 555 26 482 790 986 991 639 298 511 
658 432 921 497 128 652 888 122 255 218 52 857 512 734 215 825 559 219 429 278 500 174 22 999 38 442 830 263 73 224 
414 464 835 368 537 188 647 369 846 157 834 362 167 246 929 700 581 869 917 85 
833 626 419 74 592 931 111 565 200 898 569 366 963 964 978 983 115 441 430 474 
819 712 257 865 864 77 928 870 710 177 32 641 788 549 881 679 510 443 353 109 581 114 817 763 830 404 
787 469 525 682 387 578 382 386 941 358 771 678 720 258 577 147 380 917 905 523 412 374 225 858 410 202 968 514 127 544 511 189 310 515 
234 150 570 496 814 490 947 975 990 460 576 300 
85 527 709 519 763 816 761 542 892 791 636 588 594 781 979 482 439 525 208 
505 761 653 681 611 918 85 582 584 855 560 666 527 763 706 203 966 979 982 342 635 693 499 
419 703 427 295 53 88 898 162 719 200 957 103 869 626 232 352 604 450 748 74 693 926 59 665 724 22 278 210 777 615 991 
939 626 485 604 74 518 96 450 693 419 909 297 103 439 665 427 366 869 944 627 926 180 104 545 589 872 569 418 957 970 996 581 546 140 188 535 669 391 999 
874 783 441 164 303 18 894 479 106 900 1 190 764 86 390 191 24 222 44 2 987 452 111 572 835 247 668 
650 519 962 384 681 781 41 714 146 899 357 114 488 685 165 
805 288 907 182 853 533 227 478 718 702 296 10 914 226 749 971 819 374 656 995 
722 319 578 959 905 678 348 525 858 410 787 89 366 
203 557 951 130 459 505 681 875 85 60 611 542 763 816 146 982 715 419 376 93 395 
766 780 909 964 53 882 775 419 400 843 872 200 354 518 398 569 589 162 944 898 604 926 508 520 628 428 571 805 624 
805 288 749 718 227 702 967 440 907 226 296 822 990 
174 122 658 652 294 825 586 741 724 633 255 432 559 500 68 187 883 392 910 985 861 844 693 245 952 925 
674 939 366 657 59 162 450 345 296 765 995 
465 90 113 421 635 26 359 326 248 575 555 482 986 991 1000 589 917 63 
234 287 283 814 425 960 490 301 942 726 386 213 
414 913 835 834 157 673 464 188 16 879 983 
229 497 893 365 741 683 825 408 60 623 398 
103 96 460 74 298 385 748 309 518 316 352 869 657 111 957 921 639 609 92 
663 87 114 588 899 146 751 867 949 16 841 233 311 961 705 962 371 816 214 982 74 836 164 441 326 461 
762 603 915 262 716 149 873 81 927 66 180 993 
51 168 488 782 115 420 593 852 988 764 705 858 
203 751 763 636 855 611 66 557 85 384 114 209 952 969 714 681 552 962 560 875 778 979 320 556 951 207 761 176 650 588 519 82 666 311 816 582 594 495 147 132 294 743 119 117 404 368 49 
680 53 111 719 463 455 312 957 693 780 309 104 268 944 96 569 898 142 887 976 288 138 
750 628 211 698 289 118 347 344 581 373 839 277 346 624 452 325 934 29 850 860 696 753 210 424 751 236 851 935 462 36 120 
33 500 429 339 721 633 651 497 532 512 122 972 794 910 52 531 365 215 408 995 999 868 797 641 702 558 
465 541 326 575 359 34 90 26 758 555 954 974 340 421 449 890 426 248 113 132 487 466 635 869 211 350 464 131 886 
874 164 764 190 677 86 44 24 441 18 965 894 261 805 54 357 
115 852 80 593 737 175 981 656 57 413 168 51 192 625 420 782 536 488 330 108 14 460 505 61 110 
874 479 18 191 677 86 164 2 597 441 848 764 598 437 851 
235 351 150 480 40 814 287 189 31 688 942 489 356 960 618 937 496 821 307 234 364 121 570 617 422 396 43 493 167 787 917 277 971 219 266 505 
465 132 359 26 758 337 974 326 954 889 482 1000 747 963 402 910 
274 84 62 332 483 244 845 72 649 660 281 29 919 506 
313 346 454 325 750 860 628 210 980 284 120 
147 27 725 720 676 787 484 722 905 577 578 917 517 148 898 274 
429 423 985 741 559 654 776 33 500 794 349 615 893 215 17 633 339 857 721 139 658 218 652 779 497 333 883 910 888 237 531 432 792 174 755 651 999 81 661 234 503 973 944 665 280 967 442 
419 104 309 944 869 939 693 964 450 153 661 502 
414 537 416 861 310 913 835 464 733 799 
91 624 424 750 5 347 452 454 313 346 277 719 629 594 
215 559 776 17 995 920 985 339 893 512 68 921 888 792 955 964 83 427 490 
465 90 326 26 889 132 974 359 832 991 541 890 337 730 951 827 877 
