1000 9651 0
4 14 46 100 134 140 229 301 344 373 401 430 475 521 524 551 685 741 805 915 133 333 552 797 968 
147 389 420 479 508 523 564 803 204 520 
20 63 77 127 385 476 550 770 844 891 900 956 18 283 408 
1 18 88 134 140 225 229 281 336 344 353 358 381 390 417 443 463 465 500 521 543 584 680 741 753 839 917 161 405 525 606 611 642 645 
98 108 226 402 485 607 646 720 869 889 320 664 906 
78 98 226 253 267 273 297 361 402 467 492 704 720 813 867 999 36 136 144 312 816 
56 60 150 211 346 428 603 699 252 318 
169 174 202 330 337 348 397 406 441 519 601 602 674 711 737 761 816 852 873 979 73 184 386 494 512 955 
326 395 452 561 571 573 574 663 668 832 835 842 72 598 763 851 
18 41 140 225 443 597 680 685 802 933 946 57 272 
24 208 318 355 518 526 560 837 266 391 944 
97 135 201 235 241 242 578 659 824 901 330 636 763 
136 156 180 635 650 719 809 817 77 300 818 
1 167 344 392 430 500 649 716 753 348 656 720 
288 539 606 735 763 774 785 847 896 925 480 499 990 
20 63 127 329 476 550 853 956 441 539 
20 63 127 227 232 314 488 550 815 853 891 922 975 346 478 842 920 
4 10 46 69 118 134 140 167 229 336 344 363 381 390 392 435 443 463 500 521 524 584 612 614 680 685 709 741 791 818 839 888 915 933 961 984 3 255 311 416 474 479 633 719 806 896 
36 269 302 661 712 862 892 907 939 109 707 711 
17 16 3 63 77 84 85 127 207 227 232 310 314 329 334 382 385 425 476 488 489 504 550 657 736 770 800 815 827 844 853 891 900 909 922 956 975 976 112 117 237 500 515 576 653 712 842 898 
99 290 309 405 487 552 652 679 717 751 880 234 612 801 
99 552 591 652 679 728 799 880 920 321 362 548 
137 278 297 467 694 813 867 957 30 315 737 
11 59 191 199 212 219 318 347 399 400 479 518 541 683 754 767 837 67 200 265 491 756 
51 76 89 106 147 151 208 212 231 347 352 355 368 389 399 400 420 426 431 461 466 508 518 526 541 664 775 779 797 878 982 146 286 289 464 753 771 890 
160 204 216 307 321 333 362 387 454 481 511 846 69 502 746 879 
43 91 119 143 154 197 342 376 408 409 419 512 575 611 677 752 944 951 968 994 389 424 595 765 920 
50 129 206 302 546 553 712 722 792 860 892 907 187 812 891 
34 74 124 346 377 404 531 743 504 705 
49 56 189 205 211 293 295 404 471 549 623 699 734 851 876 904 23 105 115 540 
58 444 688 713 718 758 846 919 977 105 317 882 
86 144 214 379 491 583 914 926 995 518 564 704 954 
99 233 290 317 405 552 652 679 717 799 880 242 301 335 
29 57 60 65 74 124 126 150 159 189 211 221 238 293 295 322 346 377 428 447 451 471 478 549 603 647 662 696 743 747 781 812 851 895 904 985 39 166 210 264 305 376 408 621 799 
469 510 539 579 671 783 784 847 290 626 
19 40 50 117 129 163 206 260 269 302 325 407 429 437 546 553 569 598 608 661 666 712 722 788 792 857 860 862 892 908 939 942 966 6 252 386 450 692 780 791 847 977 
176 246 332 364 374 458 522 581 582 748 879 949 953 142 317 527 898 
289 408 419 439 675 821 958 990 660 980 
44 450 456 470 638 643 702 855 947 952 997 34 485 
36 302 325 349 569 598 722 860 907 939 942 818 914 
10 46 69 96 118 134 140 281 294 301 336 344 373 392 430 443 465 475 500 524 538 597 612 614 741 749 753 777 791 805 818 830 839 933 961 984 67 261 352 407 478 618 659 699 708 797 
290 516 552 586 652 679 880 918 946 988 
27 64 261 342 376 877 927 990 124 298 989 
39 283 320 474 480 638 643 742 786 855 898 947 997 106 144 564 568 
285 312 332 581 807 879 897 953 978 47 672 712 
18 41 1 96 336 475 500 716 753 76 832 995 
54 94 116 131 153 161 284 330 406 434 446 616 660 737 45 265 420 581 
71 119 197 289 376 398 408 409 419 512 580 670 677 682 752 821 211 399 538 567 941 
30 74 150 293 322 471 743 822 904 936 728 762 874 
28 36 269 350 569 598 712 966 332 611 
25 89 199 208 237 461 508 518 526 683 797 140 484 828 
252 283 320 450 470 638 643 829 855 898 947 89 384 720 
204 216 274 356 362 454 808 823 890 919 977 74 88 253 
47 102 161 169 243 330 397 559 602 626 674 711 745 750 778 218 251 850 
75 103 198 339 365 370 484 501 529 592 635 655 665 705 719 738 809 820 970 309 418 479 947 
7 30 74 150 159 189 238 239 240 346 360 377 428 471 478 603 623 743 812 838 854 904 936 985 130 398 438 641 885 900 995 
34 74 124 152 189 292 323 377 386 471 623 743 747 10 117 399 775 
31 307 535 758 823 859 890 910 938 128 524 564 
24 76 106 172 208 219 305 347 352 368 389 399 461 466 479 523 526 542 564 651 721 767 775 789 797 803 837 119 205 218 365 398 579 719 
34 7 74 211 293 447 451 478 603 623 714 743 822 876 420 486 571 613 
148 186 195 246 374 449 534 581 582 684 701 879 959 989 387 521 547 903 
64 154 197 340 388 408 968 990 350 434 
20 17 3 16 77 84 85 127 207 227 232 314 334 351 382 383 476 488 489 504 550 645 657 736 770 800 815 827 844 853 891 900 909 922 956 975 189 263 325 574 749 760 775 880 889 
62 43 154 197 308 376 398 408 419 575 610 700 771 821 825 944 962 968 972 994 455 529 743 890 
34 124 126 346 377 471 549 747 876 916 100 233 950 
80 128 187 280 298 455 490 509 545 629 656 667 836 934 955 973 974 154 206 669 855 935 
101 111 160 204 216 230 274 307 345 454 481 590 688 718 833 846 849 866 977 998 41 24 213 503 649 824 
99 224 233 290 317 405 487 552 586 633 652 679 717 756 880 887 918 920 1000 216 379 447 550 884 
41 18 88 140 301 538 543 597 716 749 753 818 26 148 246 297 
139 149 173 257 306 326 462 473 497 574 663 668 729 787 794 935 75 92 106 156 
48 119 197 376 398 408 419 493 537 580 727 821 825 962 968 990 321 453 608 704 
81 191 208 231 318 368 389 426 542 796 797 882 9 185 331 
155 200 267 273 291 297 335 367 402 468 485 492 593 607 639 694 720 813 867 889 911 957 8 87 181 364 676 677 
57 34 56 49 60 29 124 159 189 211 221 236 239 292 322 323 377 393 404 603 623 647 662 699 838 854 916 929 985 53 128 241 467 668 766 910 969 
55 95 103 136 156 198 209 228 256 268 338 365 484 501 529 625 635 655 665 705 708 719 731 738 809 819 941 980 981 70 218 230 302 336 406 516 950 
59 25 191 254 259 577 651 681 775 982 46 322 469 
63 3 20 127 488 550 909 922 13 632 
6 120 226 273 335 467 589 704 720 813 869 924 957 224 389 504 837 
103 180 338 445 625 693 719 809 980 215 347 668 
66 178 298 394 459 490 618 730 841 850 912 934 179 633 751 
72 106 208 237 318 426 775 885 109 471 815 
116 168 446 519 624 626 634 642 648 737 816 873 874 967 176 584 836 876 
116 168 174 486 506 559 641 644 660 697 726 733 737 745 766 342 395 403 910 
20 63 127 488 504 550 657 844 900 922 976 168 519 
20 63 127 227 232 476 550 815 844 891 909 922 956 277 328 353 420 
32 109 112 113 132 142 177 183 184 214 255 271 277 287 324 440 453 483 491 520 567 583 599 613 686 723 790 871 884 950 983 995 197 450 523 535 683 707 863 951 
269 302 598 712 722 860 892 939 73 623 
69 4 179 294 331 353 463 521 551 597 716 984 53 180 223 
51 25 151 212 318 352 526 577 617 651 775 52 358 589 
97 135 241 242 659 739 824 856 189 446 
27 154 289 398 419 675 821 944 994 177 196 831 
99 224 290 552 652 679 728 756 70 97 
94 123 153 161 169 357 369 446 506 594 605 616 626 660 737 873 118 220 483 722 947 
47 93 102 249 284 311 319 357 371 397 406 624 634 660 673 940 416 480 484 574 926 
75 209 268 365 484 494 635 665 809 170 663 748 
46 41 134 140 167 301 331 373 390 392 465 475 500 551 584 649 680 741 805 915 917 946 283 721 852 897 922 981 
12 90 135 138 201 235 241 242 286 313 412 566 578 619 654 659 739 824 899 937 92 182 483 548 943 
6 5 200 253 278 720 769 867 151 996 
92 33 22 68 21 158 224 258 290 309 405 499 516 552 591 633 679 717 880 887 920 192 257 312 471 826 909 
1 134 140 229 301 353 392 401 442 465 500 612 614 649 716 805 830 839 888 933 65 347 371 701 918 
67 216 230 321 356 362 540 715 846 910 919 977 270 466 487 567 
54 94 168 169 243 266 330 357 406 519 548 559 600 616 624 634 711 726 737 778 208 236 366 554 560 803 
75 55 79 180 198 228 256 268 370 529 592 625 635 665 705 719 738 820 970 980 119 208 616 668 836 986 
269 325 350 429 553 598 722 907 699 940 
263 376 388 457 537 798 877 968 30 31 
81 25 59 191 208 231 347 368 526 617 664 698 44 70 592 879 
132 144 162 177 255 271 277 324 375 379 567 621 630 686 744 906 926 991 995 295 373 616 838 980 
5 226 278 291 554 589 646 720 325 371 
86 132 144 184 271 375 520 527 530 583 686 744 906 926 931 950 991 996 81 19 137 160 543 
262 510 724 763 774 776 784 863 163 508 
67 216 230 345 380 384 481 511 540 688 695 713 823 846 866 910 537 748 984 
86 177 255 453 483 686 906 995 20 221 423 
86 183 255 379 491 906 926 960 991 995 996 473 544 997 
148 246 364 460 684 748 801 810 843 879 902 226 251 418 
168 311 337 348 519 559 576 594 634 660 733 737 945 979 30 471 652 799 
82 83 47 153 161 168 181 234 266 330 411 486 556 594 634 940 500 583 822 832 919 
36 129 171 260 269 302 325 349 429 553 562 569 598 608 689 712 746 792 857 860 907 942 966 57 20 230 315 394 602 
18 41 140 229 344 363 500 543 614 818 830 93 300 690 
71 27 48 197 263 340 376 398 419 439 457 493 575 611 677 821 825 927 944 951 972 990 994 103 59 278 304 616 
78 200 210 253 335 402 467 639 646 720 869 999 345 574 633 
132 144 177 182 183 184 287 324 375 418 453 520 613 630 686 762 790 848 914 926 995 122 160 298 623 883 913 
187 298 403 414 455 545 570 691 974 121 471 497 
93 153 168 174 243 506 559 634 674 766 778 590 861 
65 74 34 29 57 159 189 211 221 240 292 293 322 323 346 377 447 478 514 547 549 623 647 662 732 773 822 838 854 858 876 904 905 43 153 492 497 513 744 801 859 996 
187 394 490 545 570 730 836 912 934 301 514 634 
65 34 428 451 514 547 549 773 876 307 646 934 
20 63 16 17 85 84 3 77 310 314 329 334 351 382 383 425 476 488 489 504 550 657 736 770 800 815 844 853 891 900 909 922 956 975 976 258 298 393 422 453 469 536 580 621 
66 178 187 222 272 280 298 394 421 427 436 438 455 490 509 544 545 570 618 632 656 687 706 765 831 836 841 930 934 969 973 974 986 58 74 170 177 325 358 548 839 982 
28 36 117 260 269 302 349 407 433 689 722 740 907 928 939 964 144 156 941 
321 345 356 362 454 533 540 688 758 846 919 998 56 187 287 967 
47 328 330 348 369 371 601 641 590 732 915 
107 121 109 86 144 165 177 182 183 184 255 271 277 287 440 453 491 530 567 583 604 772 790 884 906 943 950 983 995 996 256 326 335 355 373 407 552 563 
177 255 453 613 772 884 906 931 1 810 
96 100 41 4 1 18 281 353 443 614 678 685 709 777 888 917 340 600 773 860 
97 12 90 235 241 286 412 566 619 654 824 143 612 
13 75 529 625 665 719 809 817 6 177 
23 200 226 267 278 335 485 492 769 889 957 109 228 888 
97 201 313 412 578 619 654 659 739 824 144 516 962 
70 173 306 497 513 574 668 935 537 585 688 
118 4 1 96 69 18 10 41 100 167 179 229 294 301 353 363 390 417 430 435 442 443 463 465 500 551 597 612 678 716 741 753 777 791 802 805 915 933 946 51 173 204 249 269 398 446 471 598 767 
245 265 372 539 763 774 783 785 806 847 863 896 644 946 970 
86 144 165 223 271 287 604 861 37 468 
27 289 342 376 419 611 877 951 990 135 234 712 887 
132 109 107 121 142 32 162 177 183 184 271 277 379 520 527 530 613 621 686 723 790 848 861 906 926 960 991 995 44 138 129 6 161 272 293 419 
200 267 273 335 467 485 589 924 999 771 844 977 
155 210 226 367 402 472 646 694 720 25 453 741 
25 2 199 208 254 389 518 564 698 789 885 149 216 480 
114 61 164 244 423 505 536 760 840 843 949 989 69 359 779 
70 173 257 306 462 497 503 513 561 574 663 668 690 729 787 794 935 147 159 415 741 904 
56 34 49 7 404 451 471 623 699 870 904 208 345 540 
89 25 305 316 318 431 617 721 803 98 731 944 
57 159 220 236 346 377 714 876 578 671 
47 116 123 93 202 330 816 852 124 396 
91 27 64 62 170 197 342 408 419 512 537 575 821 877 968 990 66 306 520 869 
146 73 226 278 335 361 589 631 720 813 957 733 949 
13 75 180 209 256 484 529 557 625 635 650 665 705 708 719 809 819 834 970 129 70 306 602 641 
255 277 483 604 621 926 943 996 978 990 
99 290 317 405 552 652 728 799 238 321 
34 124 152 74 56 205 428 471 732 838 895 149 243 679 
67 26 454 481 511 695 808 846 849 910 938 977 109 121 169 789 
47 116 54 93 168 315 319 330 337 357 434 446 506 519 548 600 615 616 673 674 737 745 940 4 144 465 720 798 969 
107 144 264 604 762 884 943 995 490 812 
36 269 325 349 598 661 712 722 907 928 939 966 110 361 509 
148 195 757 801 879 897 988 989 438 552 745 
132 142 177 182 184 264 324 440 483 527 604 613 621 686 762 790 848 861 884 926 943 950 995 996 254 278 509 526 601 787 892 
196 309 405 464 633 652 679 717 880 34 739 897 
140 18 14 96 229 301 358 363 373 417 430 435 442 443 463 500 538 597 612 614 685 749 802 805 888 917 933 984 235 416 449 579 702 934 938 939 
102 116 115 161 123 83 82 174 202 243 284 311 337 348 357 406 446 506 519 548 559 600 605 616 624 634 658 673 726 816 945 979 84 226 271 335 703 882 912 924 
93 54 102 8 174 181 202 266 319 330 337 397 413 519 548 602 616 642 660 673 737 948 979 160 246 336 814 837 
154 289 376 398 419 537 580 677 771 962 990 95 128 501 
117 302 350 553 598 666 710 712 860 201 803 927 
59 231 237 305 355 389 399 420 518 564 617 651 683 775 837 982 283 391 947 959 
149 70 139 185 250 257 306 326 395 462 497 503 513 571 572 573 663 668 690 725 729 768 787 794 835 935 140 255 347 504 525 688 945 
123 168 169 8 83 202 284 519 602 674 852 177 789 840 
216 345 387 444 454 846 859 910 414 763 
37 195 244 285 327 332 423 449 534 669 703 748 801 843 949 988 82 383 457 621 
112 132 121 133 144 107 165 86 182 223 255 264 271 287 324 379 396 483 491 520 525 583 630 723 762 884 906 926 931 943 950 996 174 91 136 128 335 510 635 801 910 
80 128 187 222 280 394 403 410 459 490 545 570 628 629 687 706 811 831 912 973 319 406 563 651 894 
140 88 229 336 443 612 614 716 753 791 805 818 80 550 774 
103 156 13 79 256 339 484 719 834 941 970 88 214 995 
169 116 234 284 330 337 371 406 441 519 568 576 626 660 673 745 778 816 852 940 73 326 668 821 911 914 
132 121 165 177 184 255 277 287 379 520 532 599 621 884 992 996 97 624 665 716 936 
132 121 113 144 86 223 255 279 396 525 583 604 613 621 630 772 848 926 960 996 390 565 867 877 891 
86 182 132 109 121 144 165 255 277 440 491 520 525 583 613 621 686 772 848 995 8 487 706 783 944 
173 257 326 497 561 574 663 668 729 794 835 842 935 72 277 290 975 
61 296 423 449 620 748 757 879 791 860 
122 178 128 125 66 188 190 222 298 354 394 414 436 438 455 459 490 544 545 565 570 632 637 640 667 691 706 755 765 780 831 836 841 850 912 923 934 973 974 986 28 130 336 386 528 614 652 674 702 
187 222 298 394 421 544 628 629 667 706 934 969 973 435 669 723 876 
57 34 56 124 74 30 205 220 238 300 303 346 360 377 386 404 428 623 696 743 781 895 904 936 90 63 329 394 413 419 968 
187 222 280 438 490 565 632 637 667 687 730 841 955 974 423 559 688 732 
72 106 76 24 305 318 347 466 664 754 775 789 837 982 451 550 920 949 
210 278 297 335 467 496 957 993 99 570 
216 274 454 535 540 713 849 938 291 469 794 
308 342 398 419 493 512 771 877 275 702 
61 164 176 460 684 845 879 963 664 867 
166 405 552 652 679 717 728 799 880 887 920 91 324 
62 48 64 154 119 27 71 263 308 342 376 408 409 419 439 493 498 610 798 821 990 86 472 718 753 858 891 
103 55 75 209 484 529 625 635 665 719 731 738 809 284 369 456 922 
51 147 24 208 254 517 564 622 698 779 789 837 885 255 616 722 994 
137 145 98 73 120 267 291 297 335 361 367 402 467 468 472 554 593 631 694 704 720 813 867 911 924 957 999 24 258 338 503 753 963 996 
138 97 12 286 313 412 578 619 824 937 171 401 618 
8 174 169 153 168 243 319 446 519 568 673 711 766 778 816 873 297 507 943 969 
204 216 321 345 356 362 454 540 715 718 833 846 859 866 977 998 512 591 660 777 864 
203 53 67 26 216 299 307 321 345 362 384 387 444 454 535 636 695 713 758 795 808 846 866 890 910 938 977 998 140 2 663 712 958 982 
189 159 30 221 239 295 303 322 377 386 699 743 747 822 904 59 206 593 687 
36 28 260 269 302 349 350 407 546 598 712 860 862 892 939 942 966 66 205 458 609 798 
20 63 476 488 504 550 800 815 891 900 909 976 737 843 966 
199 72 51 106 81 147 59 11 25 231 259 318 347 368 389 400 426 431 466 517 518 523 541 560 564 577 609 622 676 681 721 754 775 797 803 885 103 150 102 295 340 538 562 727 761 931 
198 75 95 156 228 484 625 635 693 719 738 809 820 941 980 316 726 785 888 
120 192 146 253 267 273 278 297 335 361 467 472 607 694 720 867 34 227 592 793 
74 34 60 30 124 7 346 377 471 547 623 699 743 781 929 48 742 855 
89 24 25 259 368 400 431 523 526 564 609 617 683 789 797 837 982 331 623 807 871 884 
244 246 374 460 536 757 760 988 67 628 
32 86 271 520 530 621 630 686 723 931 943 983 180 476 646 837 
229 331 381 465 500 538 614 741 79 230 309 
203 204 53 67 26 101 175 111 193 230 345 362 380 384 454 481 540 590 688 715 718 833 846 859 910 938 977 147 68 267 319 757 775 776 
283 366 450 456 643 786 855 947 241 903 995 
265 469 477 539 735 763 764 774 783 793 806 896 75 59 54 
59 24 420 609 651 767 775 797 510 548 
189 152 239 293 404 428 471 696 858 870 93 766 770 
74 34 124 205 238 239 295 360 377 404 471 478 603 623 647 699 743 747 858 870 904 905 916 985 112 423 534 566 717 794 912 
188 178 128 190 187 280 298 394 403 436 438 490 544 570 588 618 628 667 687 706 765 841 934 965 969 973 273 301 318 322 453 477 774 
183 142 177 277 279 440 530 532 583 621 686 723 995 88 330 397 538 
99 92 68 258 290 405 552 633 652 679 717 756 799 880 887 78 723 951 
4 10 336 435 443 551 612 753 489 837 
108 78 137 5 146 6 155 251 253 267 291 297 335 361 402 467 496 589 607 639 694 720 867 889 993 999 168 114 493 585 754 824 973 
63 17 20 85 314 351 489 550 645 815 844 853 922 975 210 554 576 659 
75 209 103 268 365 370 445 484 494 592 625 635 655 665 719 738 809 819 970 980 981 137 376 442 467 583 778 
1 167 179 100 215 4 18 118 140 294 301 353 373 381 442 443 463 500 538 612 614 716 741 753 805 830 839 913 349 490 643 694 734 992 995 
111 101 216 67 333 362 540 808 846 938 977 215 75 117 
208 106 172 72 25 259 318 347 368 389 420 461 466 517 518 523 542 577 651 676 681 698 754 775 803 837 882 982 247 257 303 313 327 438 
20 85 63 17 844 853 891 922 435 521 869 
68 33 258 290 405 502 552 586 679 717 728 880 887 920 65 778 903 951 
116 181 441 506 568 601 605 641 660 852 979 143 21 851 
97 135 12 313 578 619 654 824 167 489 
152 74 323 404 623 647 773 936 102 569 
81 172 51 305 347 368 389 577 676 767 775 796 982 20 485 643 886 
34 221 56 189 240 293 696 699 743 812 876 158 344 362 
220 221 56 74 205 295 322 360 386 428 471 603 623 662 699 734 743 916 936 985 282 371 797 844 880 922 
124 56 238 323 478 812 904 905 304 442 
97 12 90 135 286 313 412 619 739 824 899 74 217 436 
97 12 90 412 578 619 659 739 33 371 
168 102 123 54 202 319 519 641 672 159 308 614 
176 213 148 312 460 582 596 701 757 801 840 879 310 334 706 995 
141 265 510 539 555 735 784 925 406 586 
213 114 61 37 296 312 332 422 423 505 522 534 581 669 701 748 757 760 801 807 840 843 845 897 902 949 953 989 69 169 283 405 419 667 
283 450 474 558 638 643 742 855 231 330 
265 539 579 606 783 785 806 896 531 632 
94 311 369 413 506 605 616 644 674 737 745 761 873 940 140 389 404 996 
173 306 448 571 574 663 668 729 842 376 846 974 
226 253 267 467 593 639 720 957 999 54 114 288 
52 283 450 638 692 786 855 864 898 7 36 377 
120 226 6 251 98 210 468 554 646 720 867 993 53 532 
76 147 199 347 389 523 797 837 165 737 
86 184 112 107 182 183 157 132 177 133 113 277 279 287 375 453 483 520 527 532 583 604 621 630 686 861 871 884 906 926 943 950 983 991 995 996 18 173 199 298 307 455 719 825 853 870 
103 75 180 156 370 484 529 625 655 719 132 269 821 
70 149 185 173 306 378 448 462 503 513 668 690 729 787 794 842 231 99 811 891 
233 99 224 290 405 464 552 563 633 652 679 717 756 865 880 127 200 446 979 
212 231 76 208 305 318 347 368 508 754 797 878 294 734 862 870 
129 36 206 117 269 302 553 569 712 722 740 907 939 964 966 265 401 624 891 
43 398 408 419 439 610 821 944 962 968 990 41 424 880 
110 510 539 555 606 759 763 806 319 790 
105 197 119 289 537 951 972 990 63 716 902 
162 165 177 279 287 483 527 532 604 621 744 995 34 656 741 
218 141 245 248 359 372 415 469 510 539 555 579 595 735 759 763 774 776 783 785 793 806 828 847 863 868 896 925 260 24 47 382 582 703 950 985 
116 102 169 357 601 674 766 778 816 11 335 565 
73 137 145 226 210 6 200 251 273 278 291 335 361 402 467 646 704 769 867 216 417 547 647 661 
95 103 228 75 484 665 719 970 490 495 623 
36 206 19 117 87 50 163 260 104 129 302 325 349 407 437 507 546 553 562 608 661 666 710 712 722 740 746 788 792 857 860 862 892 907 908 939 966 256 140 431 471 672 682 739 846 925 979 
296 364 581 582 703 801 879 953 101 635 
142 214 177 109 107 86 132 144 418 453 621 906 943 950 995 996 168 487 699 712 
128 394 414 495 628 637 656 667 706 765 780 841 850 934 973 974 144 10 293 900 
73 78 267 6 145 210 278 335 467 492 589 646 704 720 867 957 222 728 854 877 
193 67 53 299 333 356 362 384 454 533 795 938 977 987 998 287 562 737 
415 510 539 579 774 783 785 806 194 375 
278 367 402 472 554 589 813 999 673 939 
132 86 182 157 107 144 255 184 223 287 324 343 379 440 453 520 599 613 848 884 914 943 950 960 983 995 185 85 484 519 559 620 693 
267 273 137 192 108 98 276 155 210 23 402 589 593 631 720 867 889 903 119 165 451 625 662 
264 255 183 223 324 396 483 532 613 772 995 584 953 
66 222 190 128 178 298 427 438 545 628 632 656 667 965 974 429 799 993 
41 134 4 344 435 538 614 649 678 394 395 821 
328 357 548 576 634 852 940 945 967 239 831 872 
247 217 52 252 44 366 456 474 558 638 643 702 786 947 952 954 997 246 96 172 3 828 
47 174 168 94 181 319 328 337 413 441 506 615 616 626 641 642 660 672 697 750 816 948 979 198 400 552 728 788 805 
176 45 304 423 505 701 757 949 409 542 587 
97 241 135 201 313 412 578 619 654 659 824 899 937 25 861 945 979 
255 177 182 277 264 142 132 121 86 379 440 483 527 532 567 613 621 686 790 871 884 931 995 274 130 306 580 868 
15 424 469 539 595 606 671 763 774 806 847 863 868 251 468 694 982 
170 48 38 143 91 263 342 376 398 408 409 419 498 512 515 610 611 677 727 771 798 825 886 944 958 962 972 994 25 302 545 588 614 907 
99 68 233 224 258 21 33 92 42 158 309 317 405 464 487 499 502 516 552 563 586 591 633 652 679 717 728 751 756 782 799 865 880 887 918 920 185 35 408 467 573 724 774 822 901 974 
73 200 267 226 108 472 720 889 193 591 
74 124 57 293 346 360 386 451 699 854 347 775 786 
49 220 292 124 60 30 238 34 346 377 386 393 404 428 471 531 547 549 585 623 696 699 734 747 822 876 895 904 272 144 297 461 540 593 616 774 
88 229 41 140 344 401 432 804 259 408 
221 30 34 239 205 300 303 322 346 471 547 603 623 647 662 904 208 107 427 765 878 
186 246 270 327 332 423 505 534 581 748 757 843 306 310 602 841 
73 23 200 226 192 210 6 335 361 402 467 468 554 694 720 867 889 69 202 293 562 661 
80 128 187 280 222 188 122 66 354 394 410 414 421 427 436 438 455 459 490 509 565 628 629 637 640 656 667 755 765 850 872 912 930 934 955 965 969 974 986 121 43 127 255 558 616 625 660 876 
204 274 321 345 454 535 938 977 301 349 579 
189 295 377 471 647 662 699 838 876 13 118 444 
100 1 41 69 167 96 140 229 336 353 358 363 381 401 432 435 442 463 465 543 597 614 741 753 777 791 805 818 839 888 915 933 946 961 971 299 33 222 125 539 670 694 743 843 
206 129 40 171 87 28 19 269 36 260 117 325 349 429 433 507 553 562 598 666 689 710 712 746 860 862 892 907 939 942 964 966 289 75 365 460 563 652 686 702 878 
189 205 295 377 404 428 549 623 699 747 822 858 876 904 231 651 815 938 
285 327 528 581 582 703 748 757 879 240 119 625 
259 191 59 172 151 237 318 347 355 431 461 466 526 676 683 698 775 797 885 34 398 405 637 729 
139 250 149 257 173 70 326 378 452 473 503 513 561 572 573 574 663 668 725 729 768 787 794 835 842 881 935 156 296 287 154 519 601 748 
204 26 58 67 321 345 362 454 481 540 636 715 795 938 977 987 255 126 738 964 
194 64 197 376 398 580 821 825 990 243 750 991 
99 290 21 166 317 405 502 552 586 652 679 717 751 799 880 883 55 215 555 737 933 
127 20 476 815 844 891 900 922 296 244 376 
168 249 94 115 357 446 519 556 624 674 697 873 18 435 454 731 
45 246 244 422 449 458 505 748 801 879 963 978 99 6 671 828 
201 138 97 235 241 286 412 566 578 739 824 856 231 464 666 
20 127 63 227 17 329 488 504 550 815 844 853 891 909 922 392 588 912 985 
161 413 434 556 634 644 658 660 117 23 
151 318 352 420 508 526 617 775 796 209 906 931 
68 290 158 309 33 405 499 516 552 586 633 679 751 799 865 880 37 31 387 932 
208 231 151 24 72 305 89 259 81 191 316 11 347 368 389 399 400 461 479 508 518 523 541 617 622 683 698 721 767 775 837 885 982 7 222 328 335 362 393 440 575 801 
284 161 169 94 202 243 328 519 548 605 641 674 766 873 874 967 979 262 178 216 444 699 
52 44 341 480 638 643 692 702 786 829 855 898 947 952 997 5 584 875 
130 307 26 203 101 204 299 444 481 758 823 890 22 158 71 935 
205 49 295 74 34 239 124 471 478 547 734 743 747 812 851 222 76 527 
74 124 236 57 240 386 393 451 773 357 402 844 
86 121 279 107 165 177 277 418 483 772 926 950 995 196 361 694 821 
163 36 104 302 269 40 117 407 429 598 666 710 712 746 788 792 860 862 892 907 928 939 942 128 108 63 454 815 934 
185 9 173 70 306 473 513 561 574 663 668 729 794 832 835 935 132 181 598 754 976 
296 304 176 528 582 701 757 801 879 978 231 656 957 
131 282 319 284 330 406 519 626 648 778 967 85 318 
20 314 16 127 476 488 504 550 827 844 891 900 909 189 568 
8 181 54 47 153 102 116 328 131 161 169 371 397 406 519 594 616 624 626 634 658 672 673 697 726 745 778 12 247 223 830 832 915 
215 96 88 358 430 432 597 709 753 805 946 212 72 339 
296 37 246 45 176 422 423 522 669 879 50 874 907 
274 230 26 345 387 533 540 688 795 987 998 1 716 
127 63 20 488 550 815 844 922 244 414 
297 226 155 273 210 145 137 73 192 120 200 267 78 361 367 402 467 485 589 593 607 631 639 646 694 704 720 769 813 867 889 911 957 993 318 266 177 132 33 168 699 943 965 
301 179 18 4 46 41 225 353 358 363 417 432 435 442 465 524 538 543 551 584 612 614 741 753 777 802 805 830 187 169 75 582 674 726 796 912 
284 168 8 181 169 161 115 369 434 446 506 548 624 626 634 641 660 673 674 737 745 750 940 472 537 629 758 901 
75 79 339 370 484 625 650 719 809 820 941 970 200 573 692 729 
338 55 180 494 557 592 625 650 719 819 970 331 540 646 
119 62 398 408 419 512 675 700 821 927 944 208 134 392 
320 456 638 643 702 786 898 952 413 839 
197 154 143 289 27 194 43 376 398 409 419 457 493 575 611 727 771 821 894 927 944 951 990 83 431 471 615 792 818 
277 379 440 630 884 926 983 992 741 944 
294 18 281 41 1 14 118 4 390 500 612 614 685 716 818 933 961 238 471 647 782 868 
333 203 216 175 130 307 67 111 299 204 362 384 481 533 540 590 688 695 715 808 833 846 859 890 938 977 998 150 120 717 765 836 894 906 
211 293 124 7 295 29 292 34 189 65 152 56 377 393 404 451 471 549 603 647 699 743 773 812 838 876 904 905 916 17 347 394 742 806 880 914 948 
318 24 59 191 106 231 305 259 254 25 237 208 368 399 400 420 426 466 508 517 526 542 564 664 676 721 775 779 797 837 882 982 346 173 292 100 79 513 709 756 806 
115 168 8 131 397 434 674 745 14 722 
163 40 302 269 129 206 117 860 229 299 
104 171 50 206 429 546 740 746 857 862 939 942 62 613 644 
127 63 227 550 815 844 900 922 370 373 963 
25 89 316 59 368 420 426 982 41 437 
140 134 4 88 100 336 229 301 358 390 435 612 614 649 933 971 85 408 502 535 668 
298 187 394 455 509 570 667 831 912 930 965 434 684 740 
11 25 305 172 389 420 754 837 132 621 771 
101 274 203 130 53 362 380 384 454 533 627 808 846 977 510 641 811 950 
282 102 94 168 161 266 93 311 371 519 568 626 778 852 873 323 578 639 904 
301 4 353 167 336 331 363 373 401 435 463 500 551 612 614 716 749 753 839 933 971 128 89 394 497 529 761 
265 469 510 539 776 783 847 868 148 881 900 
239 221 292 56 189 386 428 549 603 647 773 812 985 523 569 619 839 
6 210 297 335 200 226 155 267 492 496 589 646 694 720 889 957 999 324 163 552 710 809 
101 356 204 26 307 230 53 130 216 274 203 345 380 387 444 454 511 535 540 636 688 718 795 808 823 833 846 849 859 866 910 919 938 977 987 998 318 22 238 538 750 791 812 908 970 1000 
358 140 118 336 301 18 167 443 463 465 500 741 753 818 830 984 626 720 973 
270 114 37 536 581 703 801 879 949 953 73 744 887 
228 95 55 75 484 494 625 635 705 708 719 738 819 941 970 302 59 816 991 
283 217 450 638 643 702 786 855 864 947 954 997 102 455 610 
200 146 73 335 276 467 485 607 720 813 903 957 463 717 967 992 
106 347 72 208 212 259 237 318 352 25 59 231 399 431 754 837 509 596 990 
249 93 337 131 411 519 548 600 626 634 660 733 852 873 198 543 621 685 
228 256 55 338 103 529 625 693 819 834 941 970 351 402 667 
131 330 181 94 357 434 446 615 626 644 672 674 726 733 737 778 873 940 979 239 242 100 108 638 
265 141 510 579 595 671 793 863 417 428 652 
167 358 41 229 96 1 432 435 500 612 614 818 839 351 132 107 471 
37 61 213 423 460 620 703 757 801 810 386 603 960 
121 109 255 107 379 418 440 567 275 404 897 
43 197 48 170 105 27 71 143 289 119 342 308 64 388 408 409 515 575 580 670 677 877 944 951 958 962 972 990 228 250 310 34 406 616 971 
303 300 56 205 189 124 293 29 221 57 65 211 152 346 34 74 404 428 471 478 514 531 603 623 647 699 714 732 734 743 773 812 838 858 905 936 252 398 481 536 551 634 775 837 865 927 
257 306 513 574 668 729 794 832 406 806 
182 32 287 375 177 113 144 107 343 277 396 453 482 567 686 926 995 68 381 394 529 922 
216 111 356 362 481 533 627 636 795 846 987 752 852 939 
4 215 229 301 18 401 443 500 612 614 685 709 716 753 777 804 379 615 671 845 
20 127 63 476 488 550 815 844 891 900 922 956 265 400 649 
127 63 550 815 844 853 900 909 922 176 460 518 
111 274 356 204 345 216 590 846 859 52 673 841 
20 3 476 488 550 645 815 844 853 900 922 597 721 826 
293 323 239 360 189 205 57 292 428 585 603 623 653 699 732 734 812 851 876 8 36 374 187 578 
204 362 175 26 333 590 718 823 846 61 317 643 
105 376 62 408 419 580 875 951 968 972 990 710 718 
147 231 72 208 2 59 25 237 318 172 254 355 461 517 518 560 564 664 754 767 775 779 796 797 803 837 878 882 27 78 249 667 889 904 912 
96 353 140 344 4 18 401 417 463 500 678 741 791 804 805 913 183 501 505 694 897 
423 458 505 522 581 596 757 801 172 11 
18 41 100 14 96 500 521 538 612 791 915 340 314 879 
74 323 346 293 428 623 699 781 876 904 318 127 621 
187 80 128 178 125 272 298 222 188 354 410 438 455 490 509 544 565 570 588 628 667 691 755 765 780 811 831 836 841 850 872 912 923 930 932 934 965 973 974 346 379 189 281 117 358 690 763 805 847 
9 173 513 572 668 690 729 842 935 281 83 530 
279 379 177 183 440 520 525 567 790 914 926 950 153 510 634 729 
330 169 348 54 94 8 406 413 556 634 223 715 763 
91 340 119 64 170 71 289 308 194 342 48 261 408 409 419 515 580 611 677 798 821 875 877 944 968 972 990 994 59 305 140 56 377 519 524 912 
368 318 24 25 347 59 172 420 542 564 775 797 803 57 48 738 990 
318 212 347 25 208 24 431 779 382 284 580 
381 100 301 358 1 294 390 443 500 584 612 680 753 805 818 915 946 201 260 409 539 950 
278 6 200 120 276 335 297 73 146 226 267 5 467 472 607 646 704 720 813 867 869 903 924 323 370 534 691 919 997 
178 122 222 455 490 637 691 912 83 564 670 
303 150 346 189 220 29 221 74 377 30 236 293 428 447 471 478 547 623 647 662 714 743 812 854 858 876 895 904 936 375 249 675 715 797 863 879 923 
290 99 68 166 158 317 258 33 309 196 224 21 233 464 487 499 502 516 552 563 591 633 652 679 717 728 751 756 799 865 880 883 887 918 920 1000 4 305 246 432 438 460 505 673 935 
94 102 397 181 328 47 8 168 330 413 602 615 626 641 737 761 778 816 945 979 75 245 376 378 178 783 
36 129 325 269 206 546 598 712 964 41 132 816 
261 62 48 388 340 71 64 376 197 289 38 27 154 398 409 419 439 493 498 512 537 611 670 677 700 727 752 798 821 825 877 886 894 927 951 968 972 990 994 353 3 34 290 294 533 718 776 893 
408 289 342 376 48 197 398 27 419 439 493 515 611 682 752 821 894 968 972 990 401 285 596 630 879 
394 178 298 438 490 632 656 667 932 965 973 513 600 
369 116 413 434 568 761 766 873 757 781 
97 286 313 135 138 201 241 242 566 578 619 654 739 824 856 937 551 614 764 881 
406 284 397 169 315 249 411 616 641 745 189 341 640 
122 298 272 187 427 455 490 656 667 691 765 934 175 334 767 
265 275 469 510 579 587 671 763 868 149 485 809 
424 469 510 539 555 579 587 763 774 776 783 806 847 863 921 925 94 167 18 713 733 
336 167 4 390 140 538 614 685 753 791 888 946 267 372 517 591 
324 121 375 271 483 525 527 613 621 871 950 995 55 114 680 
261 64 48 409 170 27 340 398 143 342 71 119 388 154 91 408 197 289 38 194 512 537 575 580 610 611 670 675 727 771 798 875 877 894 944 951 958 968 990 994 246 144 189 490 603 614 620 667 841 887 
399 316 25 347 355 352 219 172 231 2 541 542 698 721 803 882 85 47 60 864 934 
188 298 128 436 687 730 831 974 904 919 
246 312 332 423 596 703 757 879 127 819 
285 176 186 332 391 246 374 148 422 296 449 458 505 534 536 581 582 620 684 701 748 760 807 810 840 845 879 978 190 221 112 442 488 853 952 
288 416 477 510 539 555 579 587 671 735 759 763 776 847 921 27 261 511 573 
20 127 504 550 770 815 844 891 922 432 626 977 
72 347 208 81 25 352 508 526 542 775 561 614 913 
414 298 280 128 490 628 687 912 974 295 
34 56 189 404 126 360 303 239 159 7 386 377 393 220 293 447 471 478 531 603 623 647 732 734 743 773 904 929 372 432 650 783 839 956 
350 117 36 302 325 104 437 569 712 860 907 966 280 513 
167 14 331 1 41 140 432 475 749 791 917 961 623 778 968 
212 151 305 25 208 400 368 466 508 564 617 683 721 767 775 797 878 342 269 805 930 984 
430 331 373 336 301 294 500 612 614 741 804 805 915 405 428 425 566 
129 302 553 712 860 907 908 939 495 683 
371 47 315 161 348 337 411 441 446 519 616 624 634 642 673 766 778 816 852 940 354 62 611 842 966 
373 225 353 140 336 301 358 167 281 18 443 463 614 649 685 805 830 913 933 946 188 311 232 575 914 
222 421 128 298 187 438 912 934 241 443 
36 269 429 507 553 661 689 722 740 860 928 966 352 482 526 
280 436 190 410 222 394 298 187 128 455 490 544 570 588 628 667 691 755 831 872 912 923 932 934 974 986 231 405 56 164 539 647 761 
408 197 38 119 409 261 512 675 968 990 743 751 998 
132 86 277 287 223 343 165 375 396 184 530 583 599 604 621 744 772 884 906 914 931 943 950 995 318 458 749 781 962 986 
284 234 8 181 434 624 634 852 16 684 817 
140 167 301 100 336 229 475 538 584 614 753 791 240 423 228 956 
140 10 41 381 229 18 179 401 435 167 363 225 4 134 500 521 614 791 984 436 630 699 794 934 
362 321 31 204 175 533 535 808 846 919 938 977 998 300 319 543 598 
79 228 484 501 635 665 719 970 936 999 
168 371 202 93 47 82 337 161 311 434 519 594 616 658 672 673 674 745 766 874 940 140 258 90 540 753 864 
124 60 404 34 428 471 478 732 854 858 904 929 68 818 873 973 
257 250 473 561 571 574 668 729 832 842 935 665 892 
61 312 176 423 186 581 684 801 167 720 
252 39 366 217 247 52 638 643 692 742 954 997 36 86 475 552 
126 34 346 60 150 323 292 471 603 699 743 876 936 191 278 452 973 
306 9 473 497 513 571 668 835 451 933 
121 277 112 255 379 271 133 86 132 613 621 630 723 762 884 950 983 995 996 222 127 146 71 609 
356 307 193 160 67 274 216 203 362 130 204 299 53 26 175 511 636 695 718 846 890 910 977 987 325 311 469 835 936 968 
354 128 298 414 394 438 403 122 66 187 490 495 544 629 632 765 780 912 934 255 64 366 970 
217 341 39 283 638 643 786 829 198 852 
342 119 105 575 580 825 972 990 176 724 
37 391 423 312 460 505 582 620 669 684 748 757 760 801 810 845 879 949 959 978 206 440 690 731 
187 298 80 178 509 570 667 730 765 841 932 934 714 907 944 
374 195 114 244 458 213 522 528 534 581 582 669 684 701 757 760 801 843 959 302 383 405 689 
231 25 389 59 318 51 305 617 651 664 683 698 754 775 789 796 293 686 772 846 
70 149 173 257 663 668 729 794 483 1000 
358 4 88 167 435 229 140 390 18 363 301 543 584 614 741 915 367 520 877 948 
290 166 258 405 652 751 799 880 25 313 
41 301 363 140 215 4 336 100 96 584 597 614 804 830 933 161 488 691 
305 208 347 231 25 59 431 191 775 779 797 837 878 101 506 657 720 
367 192 120 23 78 226 145 251 6 297 210 200 335 402 267 273 468 485 496 554 639 720 769 869 889 911 957 999 74 290 228 550 553 879 906 943 
253 73 467 297 200 496 720 813 142 288 
265 288 415 218 359 35 416 477 510 539 579 595 671 724 759 763 764 776 783 793 806 828 868 921 925 76 127 193 454 730 852 929 
39 52 474 480 638 643 786 855 947 954 997 481 555 887 
428 56 57 295 346 34 49 30 150 322 220 65 300 404 211 221 239 447 377 293 159 451 478 514 531 585 603 623 653 662 699 732 743 812 876 904 140 344 122 373 81 115 99 342 269 
200 402 146 291 210 276 485 496 593 631 639 704 720 813 889 337 197 510 805 
452 448 326 70 306 513 574 668 729 768 835 113 549 662 
44 470 247 283 480 643 786 947 18 488 974 
41 1 442 96 46 430 709 741 450 675 679 
20 63 127 16 85 382 3 310 207 385 329 488 504 550 800 815 827 844 853 891 900 909 922 956 976 214 557 632 784 923 937 997 
424 218 469 510 671 763 776 783 785 793 222 846 880 
428 124 471 404 221 34 240 322 447 60 377 56 623 743 876 904 936 41 17 587 685 855 
318 59 2 24 617 775 779 837 18 55 
44 474 320 470 558 638 643 742 786 855 898 947 952 997 147 94 15 570 
345 380 67 216 26 111 307 160 321 511 533 540 590 636 688 695 758 808 846 910 919 977 987 998 470 377 604 762 862 940 994 
379 525 621 848 884 906 983 995 437 486 834 
324 86 279 165 112 418 264 287 255 177 157 491 520 525 583 599 613 621 686 723 772 884 906 914 926 931 943 950 960 992 995 93 97 462 693 900 922 962 986 
228 268 198 156 256 365 180 55 95 445 209 338 75 494 529 635 655 665 719 809 941 970 980 94 51 277 779 860 
145 73 472 467 137 367 5 335 554 646 720 813 869 993 999 415 237 39 907 
116 83 602 642 672 673 674 697 745 852 482 60 835 
290 405 21 68 499 552 652 679 717 880 883 887 101 271 184 642 
20 385 127 334 17 207 476 314 329 63 84 77 382 489 504 550 736 770 844 853 891 900 909 922 465 423 474 801 845 867 921 
20 227 127 63 488 550 770 815 844 891 900 976 235 225 644 683 
298 394 128 222 455 178 403 427 410 414 438 187 190 80 66 125 544 628 629 632 637 656 707 765 780 831 836 841 850 912 923 934 955 965 969 973 974 986 268 162 419 229 547 659 729 799 935 949 
113 86 483 32 132 184 177 567 24 813 
6 73 137 273 361 554 720 889 124 673 
119 194 342 197 409 408 71 677 798 821 886 944 968 990 226 506 757 830 
484 365 339 95 228 529 625 635 719 809 820 941 8 544 660 
455 272 640 687 706 811 841 973 268 433 748 
468 192 226 472 361 467 704 813 783 926 
149 70 452 173 139 185 513 668 690 729 794 835 122 358 124 977 
289 197 408 575 611 886 951 990 594 863 
290 317 487 405 99 652 679 717 751 799 880 1000 15 554 779 932 
215 4 358 46 373 96 381 390 392 401 229 14 41 100 344 432 140 18 363 443 167 118 521 584 612 614 678 685 753 791 802 804 913 915 961 984 116 20 512 518 853 904 990 999 
75 55 445 529 635 719 731 820 170 390 
290 405 233 309 552 652 679 717 799 880 887 920 353 26 582 899 
257 306 149 173 513 668 725 729 67 200 
63 127 207 20 476 314 329 425 488 84 550 736 800 815 853 891 900 909 922 956 78 173 29 783 876 
458 312 285 391 148 246 423 296 528 581 596 684 703 748 757 840 879 897 902 953 978 390 405 904 941 957 976 
168 83 123 93 249 234 284 337 161 519 556 616 634 745 945 466 493 729 
269 302 437 546 661 666 712 722 860 862 892 907 939 202 643 753 821 
431 51 259 25 316 426 2 347 318 517 542 560 882 110 530 777 856 
459 354 128 394 298 66 628 632 656 667 872 912 934 973 974 165 368 163 919 
372 469 110 245 477 424 275 359 265 415 262 35 416 539 555 587 595 671 724 735 759 763 774 776 783 784 785 793 806 814 826 847 863 868 893 896 921 356 472 219 177 396 599 643 679 825 879 
454 481 362 160 26 111 533 695 833 846 849 977 424 687 879 
408 154 340 48 439 289 419 194 27 515 611 675 700 771 798 821 825 886 951 990 203 500 8 794 835 
306 326 395 452 149 139 257 173 473 378 503 497 561 574 663 668 690 729 768 787 832 835 842 881 935 124 429 347 410 612 644 804 
377 124 126 471 623 714 773 812 822 854 936 125 627 
289 398 512 409 376 537 752 990 994 20 550 796 
317 405 290 99 42 552 563 591 652 679 717 751 880 887 138 75 681 786 
231 347 389 199 208 508 564 651 721 797 417 568 970 
208 389 24 51 147 231 172 318 25 11 523 577 617 676 683 754 803 32 500 383 572 835 
328 506 102 8 330 369 446 202 357 169 168 311 161 181 319 434 115 174 243 82 559 576 594 601 605 616 626 634 672 674 697 711 733 745 766 778 816 852 940 945 306 277 84 398 542 550 623 735 760 858 
184 483 144 86 277 396 121 255 109 214 177 182 583 630 723 790 848 926 950 995 463 154 2 559 907 
500 443 88 18 392 4 1 612 917 61 232 911 
246 460 391 332 37 534 536 703 801 879 959 988 594 633 957 
231 59 318 254 2 518 212 208 526 676 797 837 360 86 838 874 
18 336 1 41 584 614 913 984 398 58 966 
396 177 418 483 184 482 183 613 991 173 4 823 
347 106 316 426 25 59 212 11 89 305 523 51 609 622 651 683 698 767 796 165 437 943 987 993 
109 144 165 264 255 287 418 532 943 992 37 322 951 
505 304 327 460 534 536 581 703 879 187 537 567 
75 494 256 370 198 55 501 156 103 136 484 557 625 635 665 719 809 941 970 981 64 358 379 711 900 
132 144 223 440 214 109 906 926 996 508 395 862 
471 293 377 29 428 653 699 876 248 648 947 
255 264 279 287 223 182 527 790 884 914 931 950 983 253 730 767 850 
356 380 481 444 511 333 274 130 345 535 713 715 718 795 849 910 408 774 787 882 
296 176 246 528 460 423 522 61 801 843 879 897 221 402 982 
204 362 533 58 193 299 444 758 846 849 859 866 938 987 86 353 607 922 
522 423 364 528 148 213 581 748 949 127 377 846 
408 154 419 105 515 71 263 170 610 821 877 944 951 968 990 139 111 337 528 
336 281 442 229 215 392 69 167 417 41 614 888 208 362 223 48 
510 218 262 416 424 265 245 359 248 469 35 15 288 275 141 555 579 587 595 671 735 763 774 776 783 784 785 793 806 814 826 828 847 863 868 893 896 921 301 16 438 401 589 607 614 637 786 807 
362 333 216 307 203 481 345 130 111 101 230 193 590 627 695 713 718 846 849 866 890 910 919 977 987 293 150 446 30 339 684 827 
24 420 25 208 318 564 797 803 667 848 
508 231 347 72 426 399 59 420 564 754 767 837 519 285 974 
301 463 118 69 4 336 612 678 804 444 369 109 
394 128 455 438 188 490 187 222 545 628 637 765 836 841 850 934 965 974 494 113 891 899 947 
125 544 187 128 66 280 178 122 570 618 640 667 850 912 923 932 934 289 577 601 939 977 
28 206 269 36 507 350 407 598 712 788 860 907 705 730 796 
211 404 295 124 293 126 322 623 734 743 858 876 61 490 267 651 
337 282 161 102 369 169 168 319 624 644 648 673 674 726 733 737 745 761 967 979 128 219 97 22 813 975 
346 30 126 124 293 65 34 303 360 603 699 743 822 473 614 832 981 
20 63 127 476 488 504 16 314 329 85 17 489 382 207 227 385 84 425 383 351 334 77 3 645 657 736 770 800 815 827 844 853 891 900 909 922 956 975 976 515 179 68 467 519 191 555 623 654 887 
96 336 88 358 225 140 1 709 716 888 913 377 412 589 
196 290 99 68 309 224 516 405 317 258 158 502 22 487 33 21 42 92 233 563 586 591 633 652 679 717 728 751 756 799 865 880 883 887 920 1000 1 132 361 164 284 450 575 735 844 
104 260 36 117 269 28 302 437 433 171 569 689 792 857 939 966 467 589 646 824 
253 485 297 200 276 108 467 492 589 593 607 631 694 720 869 903 499 102 227 635 
510 245 539 416 424 262 265 671 774 785 806 863 893 309 550 470 558 
311 506 315 397 116 559 745 852 940 695 728 850 
339 529 156 635 650 665 693 970 476 743 754 
247 283 480 643 786 864 947 952 298 555 
83 556 102 115 519 54 168 123 601 634 673 697 520 277 190 825 
11 389 508 208 564 651 775 797 837 102 883 896 
306 9 149 448 185 513 326 574 668 729 787 794 832 842 935 426 672 757 875 
302 117 269 598 661 722 746 788 860 907 964 274 297 208 
290 405 516 552 258 591 652 679 717 865 880 887 132 302 178 957 
399 517 2 347 431 147 208 389 172 542 560 199 212 59 541 577 664 721 754 767 775 797 837 878 44 32 58 403 647 961 
298 394 190 187 628 632 640 973 266 183 
135 313 97 412 619 659 856 901 432 221 877 
107 379 375 396 287 86 132 491 604 621 790 848 528 48 101 
411 181 202 357 234 576 605 673 711 44 517 329 
50 36 117 429 260 553 40 608 712 722 746 788 862 907 908 966 236 360 830 844 904 
222 459 125 545 178 128 354 394 122 438 187 588 691 706 850 912 934 969 973 192 480 612 756 
448 452 250 173 9 572 663 668 729 832 835 60 953 
306 395 571 173 574 668 725 729 518 717 
9 173 306 668 729 832 835 842 338 424 290 
306 572 561 139 378 513 70 149 326 9 448 250 185 473 663 668 729 832 835 881 935 120 94 63 686 743 813 
119 419 27 457 342 154 498 64 376 670 771 821 927 962 968 435 318 552 802 
519 568 115 181 282 616 634 967 979 20 227 926 
564 208 518 89 231 237 76 837 545 938 
286 97 12 235 201 242 313 138 412 619 659 824 856 899 386 357 152 989 
539 248 469 275 424 35 265 372 415 416 595 606 774 776 783 784 806 847 868 167 59 299 923 
71 48 376 457 170 398 388 308 419 700 944 968 400 287 127 975 
536 45 37 449 364 460 296 391 423 304 528 505 246 270 61 669 701 748 760 801 807 840 843 879 47 634 783 846 888 915 929 
61 37 270 458 304 460 423 327 244 703 748 757 801 810 902 949 963 989 265 336 502 762 933 
177 183 483 520 86 132 440 109 184 32 255 223 599 613 621 762 906 914 950 995 116 228 751 886 
500 524 465 463 96 336 4 442 18 401 597 614 805 839 913 917 279 82 320 929 
471 293 386 653 662 812 876 904 226 139 
552 290 42 309 317 68 233 652 717 799 880 887 245 696 997 
424 416 539 415 510 595 763 774 776 478 285 706 
394 438 222 570 667 934 973 986 289 314 
335 276 226 361 273 155 278 78 145 554 108 593 694 720 889 89 553 551 539 
387 384 216 67 540 345 481 688 718 846 849 866 919 977 987 131 123 788 
563 22 405 99 290 516 552 633 679 799 880 887 203 417 291 
228 103 55 339 625 635 705 719 731 817 820 970 210 106 744 
200 472 251 335 589 278 73 554 720 813 867 911 205 293 682 
93 446 330 116 519 115 641 642 648 761 766 522 498 937 
510 372 539 579 288 265 469 587 606 763 774 776 783 784 806 814 828 863 925 27 760 790 912 
505 244 391 422 748 757 801 840 897 988 989 368 409 
88 584 10 69 167 331 140 465 301 41 818 830 933 385 705 711 842 
117 171 40 50 302 206 546 87 163 562 325 36 104 407 712 722 792 860 862 964 966 326 140 444 9 612 650 
440 182 583 86 483 277 604 613 848 906 926 950 510 973 
161 168 102 369 616 711 737 761 134 410 677 
234 266 131 559 8 519 616 644 674 711 948 165 306 545 
174 406 54 8 486 169 626 634 673 674 778 852 948 156 296 117 955 
549 346 451 239 295 386 428 34 471 221 56 74 360 60 7 377 781 812 870 876 904 374 419 654 784 849 859 
567 142 157 440 162 183 264 165 132 599 255 884 906 481 711 849 876 
519 249 568 319 93 168 234 616 761 816 979 612 847 862 
15 288 262 579 595 248 763 774 806 828 896 921 4 613 668 679 
554 402 5 210 73 226 335 367 720 903 539 535 915 
269 569 36 117 722 792 862 907 966 71 733 799 
212 208 526 219 664 775 837 885 206 453 801 
64 261 289 419 537 197 944 951 366 895 
27 498 289 143 119 398 512 408 419 342 409 752 821 951 968 972 434 4 50 631 
179 336 543 167 373 140 18 521 358 353 401 229 500 392 100 225 344 41 432 381 614 649 678 685 709 753 804 839 915 917 933 961 598 21 605 513 135 570 868 872 
279 121 277 525 184 183 287 599 583 86 165 418 483 144 133 453 621 686 943 950 996 350 606 60 697 898 959 
443 215 353 612 432 167 465 584 134 500 41 463 100 179 344 435 358 336 381 18 301 524 417 118 442 229 538 373 281 680 716 753 791 805 818 888 913 915 933 946 243 412 289 187 426 419 549 539 764 816 
371 284 406 161 616 626 660 737 852 874 940 979 381 342 907 
330 161 600 249 169 47 168 506 601 413 93 576 615 434 284 446 605 102 519 641 644 672 673 711 726 745 778 816 852 873 940 979 119 199 293 103 107 376 298 709 772 
518 479 212 316 431 318 151 172 106 461 89 651 767 797 982 635 755 851 959 
80 128 545 222 628 640 667 691 707 765 831 969 41 201 702 948 
97 412 578 566 242 135 201 286 241 235 138 659 739 824 856 901 937 360 655 660 755 852 
423 186 458 374 748 897 959 963 277 419 
107 418 483 214 440 255 271 583 453 613 183 144 157 223 287 482 165 264 182 567 184 630 744 848 871 926 996 34 127 393 355 176 369 
208 199 318 526 651 676 882 982 806 940 
404 124 478 236 514 303 293 377 428 189 471 221 393 211 30 56 295 547 57 150 386 239 74 60 653 662 732 812 851 876 904 936 121 268 87 519 430 212 550 
548 82 337 168 441 94 434 311 102 330 672 673 733 737 745 766 260 182 701 974 
75 592 494 529 228 338 136 198 370 103 256 156 339 209 365 79 655 665 693 705 708 719 731 738 809 817 820 834 970 980 981 298 304 278 759 776 785 831 876 
357 519 337 82 330 602 181 371 93 328 406 284 369 615 54 634 658 761 778 945 363 35 425 635 677 909 
356 540 380 846 910 919 977 987 514 827 
298 438 490 565 427 272 188 178 280 509 222 544 394 618 637 640 667 687 707 912 930 932 955 974 213 634 717 797 847 956 
490 178 298 66 188 455 632 667 337 658 
520 107 214 121 177 453 621 343 255 183 686 884 906 914 943 992 409 443 765 768 
155 472 554 200 278 335 694 720 769 889 993 611 747 804 
187 190 509 490 280 565 410 455 629 128 765 780 476 248 77 
552 290 166 224 68 99 317 591 405 258 679 717 756 880 887 920 1000 18 80 522 120 795 
116 506 115 315 123 602 559 282 330 576 94 168 337 369 519 102 82 626 434 397 441 648 658 660 673 737 766 778 377 396 581 628 125 638 770 
365 209 55 557 95 445 501 156 103 484 198 592 228 75 13 529 494 693 705 708 719 809 819 970 980 617 554 270 626 177 715 
380 481 362 454 204 307 688 718 849 890 938 12 746 801 
187 628 490 190 272 403 544 298 667 707 765 831 912 934 973 974 305 539 681 712 954 
44 283 320 480 341 252 366 52 470 39 450 247 456 643 692 702 742 786 829 864 898 947 952 954 371 634 717 773 789 852 
251 335 73 467 472 120 226 646 720 903 957 999 357 887 984 
565 618 187 628 298 545 495 811 934 973 974 413 708 757 
413 319 243 234 594 83 337 131 616 284 406 672 711 737 766 852 940 56 156 356 889 934 
284 169 486 82 594 434 674 967 487 4 
638 283 480 450 320 217 44 366 52 39 456 558 474 470 341 247 692 702 742 786 829 855 864 898 947 952 954 997 507 229 387 510 237 799 988 
548 249 83 315 601 371 616 660 726 733 852 979 350 489 141 513 
550 385 227 63 844 891 900 922 4 875 
485 253 146 108 120 402 267 335 639 5 273 361 694 924 957 999 214 339 126 553 831 
124 300 74 221 428 404 346 377 34 236 360 295 696 743 781 870 876 905 929 985 438 344 564 267 
328 634 548 82 594 673 674 816 531 892 
14 353 435 612 281 100 96 749 382 67 930 
156 338 557 339 13 705 719 820 598 428 
231 89 617 219 172 622 560 461 526 517 59 76 775 779 796 837 982 547 303 178 870 956 
166 290 405 586 21 487 309 224 464 68 258 92 499 502 563 42 22 33 552 196 158 516 679 717 728 751 756 799 865 880 887 918 920 1000 302 187 372 115 749 784 791 808 926 
531 386 623 585 471 743 904 916 985 20 794 972 
97 138 235 286 412 135 824 899 603 550 
75 228 256 55 484 625 705 941 981 619 732 776 
272 490 128 298 280 414 66 509 410 667 872 973 264 14 327 671 
550 20 127 63 84 815 900 922 956 466 688 833 
446 168 634 330 315 626 697 816 945 629 926 996 
286 619 578 12 242 90 566 138 97 824 899 227 490 41 
284 47 94 369 93 634 169 315 234 115 181 83 644 337 615 852 38 298 203 619 494 
437 562 36 507 163 19 269 710 712 862 939 297 267 
623 300 34 74 295 124 585 404 239 471 838 905 916 473 278 809 934 
462 185 149 574 306 326 250 9 571 173 513 70 668 729 768 787 794 832 842 204 95 880 994 
191 389 564 347 106 461 25 609 195 5 726 
529 228 55 445 103 268 557 75 136 484 625 156 198 95 705 719 731 817 820 941 970 980 981 182 448 704 751 797 
302 171 507 325 269 36 712 740 860 862 939 313 885 952 
187 298 656 545 509 618 410 628 354 588 394 637 222 272 66 459 629 280 188 438 190 414 687 707 811 831 836 841 850 912 923 932 969 973 974 246 541 370 419 389 778 815 844 972 
306 173 513 574 663 149 326 257 70 561 185 497 9 571 473 448 395 250 573 572 503 462 452 378 139 690 725 729 768 787 794 832 835 842 881 935 74 353 606 79 181 103 808 819 926 949 
332 458 460 246 581 176 684 748 757 801 845 879 897 953 978 188 66 853 919 
419 376 575 408 48 944 968 990 301 403 803 
469 510 35 555 424 477 539 288 415 372 724 759 763 774 783 806 828 847 863 925 152 656 312 381 719 866 
624 446 284 641 330 616 519 486 243 371 711 745 778 816 874 269 561 45 
568 337 330 94 624 434 602 548 486 181 559 202 634 168 616 169 648 446 161 674 816 852 874 948 384 276 492 405 693 722 
642 174 648 601 123 673 266 311 319 249 54 446 8 337 548 486 161 519 348 371 602 711 737 745 778 816 852 187 336 821 854 925 938 
340 419 38 91 439 512 700 821 877 962 968 404 475 792 
347 518 305 237 622 523 231 208 754 767 837 73 966 
493 119 376 408 170 398 289 48 27 821 825 875 894 944 958 968 972 990 994 626 73 600 966 
500 543 140 134 281 612 390 830 739 841 
290 405 552 652 166 99 68 633 317 591 224 258 233 516 487 499 502 309 42 21 33 196 22 563 92 717 728 751 756 782 799 865 880 883 887 918 920 1000 606 159 475 510 735 780 840 857 911 956 
18 614 96 4 10 401 915 917 418 767 873 
231 76 208 683 775 797 803 837 637 516 
409 48 752 771 944 968 972 990 593 269 
318 24 212 461 431 172 526 681 51 305 518 698 797 489 86 433 916 
460 458 114 195 423 449 669 61 505 748 757 879 902 354 540 441 765 
1 500 18 612 167 381 344 435 10 134 417 716 802 888 946 369 478 837 906 
613 109 287 379 165 86 223 144 255 107 121 214 112 630 184 483 723 861 884 906 914 926 943 950 995 574 302 461 687 791 813 909 
628 222 128 667 495 427 421 178 190 765 912 934 965 974 205 511 686 725 
481 31 345 111 362 130 590 333 67 216 636 846 919 977 998 190 139 657 173 
302 437 117 129 553 860 907 939 966 460 916 931 
668 257 173 149 497 513 395 729 832 118 394 458 
414 403 187 438 570 394 618 122 831 912 986 465 402 737 
643 638 252 450 320 702 855 898 947 36 338 710 
557 625 635 79 370 209 809 817 820 981 277 483 673 
646 226 200 335 146 210 73 23 297 589 554 631 361 720 769 813 867 903 911 999 288 301 229 324 390 933 
511 111 481 454 160 204 540 345 713 715 846 919 556 720 860 
647 220 238 293 34 189 812 904 586 778 
559 83 284 330 311 658 486 519 613 763 
147 199 461 305 106 231 683 526 420 318 982 782 897 
150 531 451 221 238 393 292 239 205 549 7 471 211 293 300 346 386 377 303 30 74 714 743 781 838 876 904 936 335 271 41 104 319 443 712 806 
512 675 64 580 340 408 798 951 832 836 
246 244 423 61 285 581 327 460 748 757 801 843 879 949 963 100 624 852 
643 366 39 283 692 638 320 341 786 947 952 954 997 618 302 194 187 167 
505 528 582 374 270 422 176 522 364 304 748 801 879 959 988 265 168 816 
273 78 267 402 472 6 496 335 200 813 903 665 71 32 
156 650 592 103 665 365 75 625 635 655 55 719 941 970 980 981 597 546 29 
222 495 188 272 128 570 178 187 831 912 934 969 184 587 244 
628 637 490 667 618 780 850 973 86 19 
75 635 625 156 365 738 819 970 41 640 
381 134 475 612 331 18 551 749 791 818 616 347 884 
302 661 269 325 171 788 792 908 388 361 692 
600 202 54 641 601 616 672 8 568 102 519 674 778 873 940 604 597 19 529 
302 507 433 36 171 87 260 325 28 269 666 407 569 546 429 661 598 19 50 206 163 117 722 740 746 788 792 860 862 892 907 928 964 699 20 143 637 204 271 45 898 990 
193 204 31 111 540 533 695 859 910 938 977 416 729 775 
514 377 404 60 699 152 732 929 459 888 
216 533 203 101 695 307 345 977 635 404 397 
140 69 381 685 358 100 614 344 46 551 14 229 88 179 961 971 263 333 182 896 
679 552 290 405 652 586 309 499 196 99 21 258 224 233 502 516 563 633 33 166 68 487 751 756 782 799 865 880 883 887 1000 638 628 221 367 345 572 765 
216 454 533 636 31 387 203 362 590 540 67 866 388 408 197 817 
529 75 209 665 103 228 13 650 635 338 256 445 79 365 494 198 55 180 268 592 625 705 136 484 501 339 156 731 738 809 817 820 834 941 970 980 255 18 59 671 826 852 966 988 
226 273 200 639 485 73 492 631 155 468 472 291 98 78 694 361 108 210 6 297 253 589 251 467 120 554 146 593 402 607 335 367 5 278 867 869 889 993 999 161 52 363 449 466 695 14 722 862 968 
347 59 208 517 564 420 431 151 318 779 837 96 385 
104 437 562 28 269 507 608 40 260 129 598 712 163 87 569 36 746 792 907 908 966 93 199 720 673 348 950 
144 686 86 453 223 483 214 520 177 926 996 224 188 824 
469 110 510 671 763 776 806 847 290 457 
668 306 173 503 572 729 794 835 687 928 
371 168 616 83 102 548 330 644 873 664 336 209 
71 419 342 408 289 752 771 821 886 968 208 799 995 
679 92 290 652 158 196 233 405 552 22 751 782 799 880 887 920 273 49 284 556 815 
668 306 173 513 497 663 149 70 257 326 561 185 378 448 473 571 725 250 395 690 574 462 503 572 573 768 787 794 832 835 842 881 935 396 490 338 506 305 713 865 879 944 
459 125 190 421 80 850 923 934 546 469 532 
625 75 501 665 592 198 719 809 817 834 941 970 311 151 458 990 
377 159 386 714 623 447 471 124 428 743 781 876 904 190 131 655 930 
519 644 115 369 83 624 371 548 750 816 608 155 416 
30 322 386 428 377 293 547 239 743 876 904 259 229 
424 265 539 245 15 510 218 764 776 806 847 863 925 519 679 552 987 
550 63 504 488 127 20 900 909 740 876 
83 641 406 93 615 161 8 634 371 624 674 337 102 47 548 600 115 249 169 82 745 761 778 873 945 948 254 274 309 691 23 207 921 
625 708 103 719 75 365 209 55 198 228 980 399 307 
97 313 412 138 241 90 619 242 824 856 899 901 269 166 678 848 
712 437 260 129 350 666 269 860 736 354 
475 336 363 229 96 463 1 18 215 140 432 301 390 4 41 791 804 961 146 149 343 264 904 
44 638 247 643 450 480 855 947 346 211 860 
471 732 29 49 34 549 205 404 57 547 238 647 451 221 377 239 734 60 211 699 56 322 346 478 653 189 428 781 838 876 895 904 936 574 557 64 439 301 748 820 907 939 
440 109 621 264 107 914 950 995 592 124 364 
413 330 519 446 737 348 486 506 337 161 556 624 548 54 616 249 181 83 674 672 750 852 874 948 164 747 821 846 879 920 990 
269 562 712 722 350 569 302 117 325 907 908 939 636 26 769 
303 322 65 293 57 34 205 221 904 936 631 745 979 
701 536 37 246 114 423 176 312 596 669 186 296 304 703 684 505 458 620 582 581 760 801 810 845 879 897 959 989 111 306 95 743 495 751 977 
167 430 358 649 69 41 709 818 63 652 440 
745 733 284 54 337 761 778 967 308 362 770 
728 679 552 309 405 652 499 516 317 21 717 464 290 756 799 880 887 665 80 583 748 439 
611 48 515 682 727 27 409 408 958 380 895 942 
41 336 14 358 442 140 417 179 612 229 69 363 614 331 401 301 4 46 381 500 225 791 804 913 915 984 197 507 25 446 200 865 965 
208 542 259 676 461 368 231 191 24 355 389 564 518 767 837 326 226 557 815 
187 438 394 298 765 850 955 969 617 619 
224 68 290 751 652 717 405 679 633 258 552 92 799 880 887 920 24 347 570 945 
422 582 374 244 684 186 701 458 669 304 460 505 285 164 296 213 327 391 596 246 760 801 807 810 843 845 879 902 949 959 988 989 561 493 640 216 411 812 905 943 
31 58 481 535 204 130 321 919 337 834 
671 469 262 265 424 510 784 806 625 990 
148 757 246 423 460 213 458 581 748 843 879 897 595 63 519 966 
548 8 249 605 406 594 411 626 737 600 750 979 358 438 208 
165 177 453 583 162 121 861 950 582 49 481 
606 510 539 671 469 141 595 424 415 477 218 15 262 110 416 724 587 288 265 776 783 784 785 806 814 826 847 863 868 896 921 925 9 397 697 12 175 394 809 994 
218 469 735 776 785 826 893 925 614 412 950 
459 687 490 272 755 632 187 394 544 414 222 637 128 618 298 455 831 836 923 965 969 973 974 630 345 717 27 295 684 
266 319 519 83 123 641 446 411 434 202 634 594 624 816 852 979 74 220 850 
219 526 564 318 676 542 617 754 24 59 431 237 389 775 797 882 414 140 532 680 
668 306 513 173 729 663 473 794 630 829 834 
631 467 137 335 694 267 98 924 746 914 
550 20 127 3 489 63 425 488 891 922 976 750 634 220 
289 682 575 727 170 64 194 512 342 419 886 958 145 25 355 964 
440 324 183 133 279 184 132 483 790 884 914 926 960 995 616 461 814 971 
323 514 126 346 428 377 236 124 360 812 929 134 638 957 
110 579 539 671 587 288 416 15 265 275 606 555 595 218 141 510 776 783 785 806 826 847 863 868 893 896 925 222 179 533 293 290 805 
564 347 767 479 426 389 431 399 560 81 25 316 681 172 237 305 219 191 609 76 318 466 89 208 231 59 461 651 797 882 982 713 63 216 292 57 377 987 
763 735 110 579 587 477 774 416 469 424 724 359 539 595 510 764 265 783 806 826 828 863 868 625 408 216 655 848 981 
336 134 301 140 41 381 839 971 508 203 
357 371 711 328 434 406 330 750 519 54 634 123 181 737 202 626 602 102 672 616 674 266 816 852 430 233 667 228 696 818 
347 25 479 199 721 466 400 651 389 789 797 837 982 484 148 499 900 
455 272 187 632 707 394 490 934 36 679 
699 732 211 603 34 393 647 743 189 838 904 440 411 855 
728 679 717 290 799 880 887 920 344 698 
539 141 763 35 248 595 477 265 776 774 359 579 671 510 218 416 275 469 793 806 826 828 863 896 406 504 428 496 581 184 917 
35 110 510 579 539 763 759 245 595 814 925 652 476 603 
764 141 275 265 774 15 539 248 763 477 510 555 828 847 896 925 625 209 924 
643 638 474 341 470 252 217 366 480 456 702 283 320 558 44 855 898 947 952 997 516 539 292 925 
668 306 729 513 173 149 663 70 257 561 794 165 533 
269 562 569 36 546 712 325 710 792 939 284 590 814 
59 147 199 212 191 779 461 882 982 160 638 174 
121 772 144 132 86 520 287 165 567 396 532 950 262 595 
500 179 430 614 442 301 390 41 753 741 140 417 443 18 709 392 804 805 888 971 652 36 186 362 686 
36 325 788 608 269 553 598 712 722 710 117 28 860 907 928 966 675 342 917 
510 469 783 372 265 218 477 539 814 921 925 210 873 
668 729 561 787 149 378 326 306 70 497 725 663 462 768 257 173 185 832 842 881 512 193 653 221 443 809 
362 380 204 333 533 274 307 919 633 924 
389 316 237 651 461 72 526 797 885 546 336 515 
466 219 779 399 208 431 541 212 254 25 796 683 59 681 305 564 617 775 72 517 389 560 767 259 51 347 523 982 1 239 628 665 404 41 906 983 
289 493 700 408 105 512 398 419 197 821 927 951 161 206 853 
224 552 290 405 652 717 586 33 464 782 591 158 679 756 22 196 309 728 751 502 317 499 865 880 887 918 920 1000 608 490 280 727 115 34 643 884 
550 20 63 476 504 127 207 975 808 893 
701 391 460 703 534 374 582 312 244 458 246 596 164 748 757 581 669 176 114 270 522 364 449 327 840 845 879 897 963 978 609 21 318 636 177 124 488 846 
167 500 685 10 140 336 804 961 575 817 
420 2 208 59 231 681 541 389 518 151 399 882 171 670 102 853 
294 802 543 612 465 432 381 741 390 753 500 791 805 913 971 513 631 908 
791 41 179 167 614 584 140 331 100 96 432 401 229 804 336 390 301 1 435 830 839 946 971 431 472 394 774 284 905 
539 275 763 288 774 724 783 265 248 759 262 555 579 776 510 595 218 141 416 671 606 469 735 847 863 346 622 378 18 699 347 823 
246 581 423 757 45 879 902 949 212 539 
230 356 362 160 444 53 204 345 481 998 652 800 668 
529 228 198 95 494 55 635 209 338 693 75 719 79 484 625 13 156 136 731 820 941 970 763 361 662 794 415 899 
757 374 748 114 582 423 458 840 879 133 820 822 
640 394 495 178 667 836 841 912 932 974 257 356 844 
585 360 377 56 322 514 386 238 346 603 34 404 623 240 471 773 696 838 851 854 858 895 904 362 757 162 28 830 877 
367 485 496 200 402 23 335 73 155 593 78 704 6 468 694 276 472 867 889 903 548 686 574 491 891 922 
539 793 784 595 763 510 847 893 169 788 772 
550 20 63 127 17 489 351 504 85 227 314 425 207 310 657 382 383 385 476 334 827 844 853 891 900 909 922 976 325 81 667 303 754 728 821 869 
406 672 648 616 181 168 434 82 766 202 153 673 519 284 605 674 8 778 658 266 733 852 874 979 6 703 407 614 365 858 936 
13 693 625 719 136 592 665 731 718 802 441 
363 301 614 41 709 118 18 373 401 69 749 344 597 179 839 888 984 13 342 40 447 778 
365 228 75 708 156 339 370 635 941 970 422 668 838 
494 650 809 625 55 209 719 338 103 665 592 501 693 834 941 970 810 743 890 991 
197 340 48 398 308 512 154 493 38 727 408 537 119 798 64 677 261 91 575 71 675 342 611 409 825 944 951 958 962 968 972 990 281 507 745 674 815 324 256 181 
49 514 124 60 205 549 293 303 838 810 116 290 
111 58 53 387 321 362 846 910 525 806 
97 619 412 90 739 313 659 241 135 286 138 578 201 654 12 235 856 899 901 937 553 226 67 723 962 
677 408 71 289 457 308 64 119 512 821 944 951 990 559 510 255 847 
539 763 776 510 774 764 783 847 863 719 385 99 
20 63 550 815 476 329 844 891 922 540 627 968 
595 776 671 783 469 539 785 265 606 312 283 51 
643 320 638 52 456 855 898 997 768 871 
100 597 118 465 678 805 336 41 363 435 229 888 913 961 330 812 493 569 
667 394 187 765 128 438 637 706 490 354 421 618 178 691 841 872 923 934 973 974 646 625 91 282 844 
668 729 378 690 571 573 561 326 9 513 663 574 794 448 842 881 116 700 330 46 549 
362 345 511 67 203 216 846 910 657 926 
719 180 370 625 731 156 820 981 768 482 758 
668 729 452 173 573 725 9 497 473 306 185 574 513 571 326 842 935 486 518 454 512 916 
66 187 490 128 394 544 811 667 125 765 841 850 912 934 973 974 345 700 103 82 843 
681 651 523 191 479 347 59 254 355 676 368 172 560 721 779 564 199 11 24 212 609 754 542 318 577 389 231 466 878 685 214 225 169 377 78 958 972 
300 743 377 812 346 781 822 159 74 662 699 56 124 876 904 523 107 819 
18 41 373 100 805 358 777 612 818 584 229 301 4 428 128 360 341 
244 581 148 246 810 505 423 596 801 897 978 989 174 679 856 
272 128 190 831 222 836 490 544 80 811 187 667 394 459 495 850 930 932 965 974 678 384 296 419 935 
668 729 663 794 395 185 835 513 573 561 9 832 306 448 250 257 935 597 17 434 20 876 
460 114 534 148 296 246 760 701 581 176 757 879 897 836 301 207 1000 
550 20 645 127 383 815 63 476 488 489 385 84 85 382 3 329 334 310 314 227 232 827 351 425 853 891 900 909 922 956 975 976 667 323 239 831 569 552 145 811 974 
757 195 423 801 458 246 748 669 381 488 
111 444 833 230 31 345 362 454 356 688 481 380 160 175 387 590 67 384 101 216 535 26 695 823 627 130 203 204 540 511 866 910 938 977 987 998 461 536 269 250 745 477 801 581 
539 510 785 265 774 424 15 288 359 416 671 763 141 579 724 806 814 826 35 735 863 868 925 394 628 36 825 605 
567 277 121 165 482 183 184 599 144 520 621 931 943 950 991 992 996 541 776 739 910 976 
533 193 540 636 511 362 67 535 590 160 910 977 603 604 880 983 
80 298 755 667 836 545 730 394 490 544 272 187 707 570 841 955 766 556 532 54 
623 812 30 34 386 322 876 904 9 617 234 
674 8 616 441 615 745 434 602 644 766 778 174 816 357 660 181 519 369 486 673 282 556 234 153 641 945 948 979 456 719 380 469 619 96 701 638 
550 17 127 504 844 20 63 476 488 385 383 16 227 815 232 314 891 900 922 956 500 798 423 255 803 669 
292 404 74 812 56 124 514 447 273 674 
643 742 786 692 320 480 470 247 52 366 44 829 252 217 39 864 898 947 954 997 781 211 66 478 972 
412 739 619 566 313 578 824 90 508 840 999 
553 117 350 36 269 860 939 966 679 866 886 
377 220 447 812 221 404 547 303 124 870 876 816 197 519 
713 216 535 384 345 362 58 203 175 866 977 124 603 
117 36 712 269 562 302 740 28 171 429 666 349 546 206 40 689 433 857 507 437 325 792 87 598 862 907 908 939 186 695 484 134 742 963 
762 144 686 165 142 255 914 950 123 286 
19 269 608 350 302 661 712 666 206 598 325 860 569 507 36 907 908 939 964 966 720 259 530 605 481 938 
265 783 141 372 847 763 671 735 416 806 555 288 510 595 776 539 774 110 826 404 86 498 934 968 
643 252 366 638 558 855 898 997 203 420 446 
679 258 552 405 563 717 290 652 317 799 880 887 753 729 377 
204 718 590 203 859 67 535 846 362 540 111 910 919 938 977 998 671 857 928 
297 200 273 267 23 98 253 593 226 6 813 402 720 73 335 694 210 278 869 195 183 488 909 940 
539 763 579 776 510 288 265 359 774 415 469 847 893 344 287 612 960 
467 78 402 867 720 485 5 554 120 815 154 232 
858 221 220 647 150 603 876 916 651 255 259 
255 287 621 418 86 906 914 926 950 212 829 998 
438 656 298 509 394 831 934 969 282 612 985 
93 311 357 369 319 8 616 371 249 737 82 411 726 711 202 793 447 680 910 
816 673 672 615 319 446 745 82 332 523 49 
398 388 677 419 877 894 951 990 645 561 320 
386 346 870 647 478 603 585 547 60 623 451 851 126 30 293 124 404 838 152 531 303 65 734 393 858 732 743 300 471 699 238 905 842 504 625 298 736 82 604 188 961 
875 408 398 675 143 194 43 376 419 105 537 154 886 968 972 990 566 812 463 183 273 
466 837 259 25 564 431 389 982 295 302 983 
332 364 312 186 195 843 505 522 701 244 37 423 270 810 801 45 304 748 114 327 669 528 534 703 164 760 458 757 422 581 807 61 684 897 902 949 392 404 745 510 511 106 409 729 467 26 
679 552 405 290 652 717 799 99 563 586 42 633 756 728 166 309 258 224 516 233 33 591 68 502 499 487 196 317 21 751 22 865 782 464 883 887 918 1000 63 663 346 239 477 849 261 926 937 974 
668 832 306 794 513 574 729 935 359 412 
508 803 767 789 775 389 420 622 72 347 231 168 533 31 
717 880 405 552 487 309 679 887 121 560 
772 604 483 453 630 177 132 165 133 287 532 482 343 182 686 86 255 277 162 440 943 950 992 799 212 68 709 952 973 
609 796 318 305 81 199 208 147 56 666 
408 498 512 289 877 493 727 771 944 583 237 857 
880 679 552 290 405 652 717 728 196 224 751 68 756 799 883 591 563 233 516 586 633 487 865 99 782 502 364 419 470 639 143 550 908 
685 417 538 614 18 830 134 791 100 301 551 167 818 961 714 209 137 581 
492 291 361 335 813 720 297 278 137 467 226 73 589 631 472 5 641 389 63 
204 454 53 540 321 58 345 636 977 998 25 820 64 
550 20 63 488 844 815 382 853 504 489 314 329 17 770 207 85 645 127 232 310 425 827 3 476 900 909 922 956 975 976 183 28 544 260 813 197 257 917 
206 712 28 302 36 507 269 87 325 19 939 966 165 448 648 
814 774 764 539 510 555 868 925 408 800 
408 875 409 677 342 419 962 972 178 345 
404 34 743 293 189 159 812 904 752 610 941 
218 510 539 248 15 785 783 606 265 141 774 763 18 716 560 
669 760 534 748 840 45 246 843 164 879 620 505 596 801 963 989 166 698 375 390 96 
44 855 829 52 320 341 786 864 638 692 480 643 252 947 997 712 20 37 613 
286 659 241 739 654 578 97 824 901 937 502 544 809 
550 20 63 844 383 891 645 351 310 657 127 815 207 84 476 329 385 489 488 504 853 3 736 382 922 956 976 272 529 359 56 779 483 965 
566 12 739 824 619 899 937 290 337 954 
505 684 582 807 114 757 879 246 263 913 
694 813 402 367 704 639 607 278 554 217 61 233 
240 734 781 303 189 732 404 150 471 812 851 895 699 56 34 346 205 585 603 623 124 747 293 428 696 393 49 653 478 221 447 295 30 743 838 929 505 500 421 741 357 149 389 569 906 
346 876 377 240 221 662 124 647 757 805 
109 530 483 686 599 107 133 177 132 144 113 604 112 440 583 482 630 255 271 871 914 926 943 960 685 904 467 797 5 345 316 
269 746 507 325 792 862 562 722 104 712 40 569 860 260 689 19 163 129 302 429 117 546 28 433 608 908 928 939 966 332 615 289 485 520 459 743 979 
269 569 710 746 907 862 860 36 433 722 362 804 887 
20 127 63 844 77 329 815 476 488 504 207 383 736 550 314 85 891 922 956 867 626 686 99 964 
540 846 849 533 713 833 362 160 481 111 204 627 866 823 216 454 175 101 58 977 873 848 177 83 74 990 
593 73 335 467 200 694 924 957 679 181 521 
403 667 394 125 545 455 438 628 570 298 436 687 691 490 80 187 354 427 178 509 811 706 836 637 934 973 974 168 314 221 336 389 398 595 
584 524 804 830 551 753 614 435 390 500 229 946 984 121 426 902 951 
630 583 772 32 906 532 686 396 440 744 861 871 121 483 277 926 769 40 181 435 346 
392 500 96 140 1 18 680 753 463 614 612 301 401 432 984 581 330 131 607 
65 74 346 221 653 239 870 662 683 689 835 
584 134 612 521 96 4 680 430 167 792 891 783 
880 290 42 68 405 799 679 652 100 978 
795 481 362 130 758 444 590 866 627 31 540 53 688 695 101 977 998 669 402 509 116 421 
22 679 552 290 196 652 756 799 99 405 233 633 68 728 502 782 1000 17 745 191 27 960 
539 510 416 763 793 606 469 424 737 488 
550 20 63 334 77 891 645 900 476 488 310 504 425 853 17 227 815 85 909 232 127 844 657 382 770 385 84 314 351 383 827 956 813 483 198 379 239 96 535 953 
394 765 490 545 730 438 667 187 831 934 965 404 579 476 
145 200 769 402 78 646 911 999 785 168 795 
774 595 893 793 847 671 15 469 764 265 735 245 785 416 784 763 786 269 674 942 
324 165 144 723 157 177 396 520 483 32 906 772 121 621 183 343 871 599 113 107 686 530 379 109 914 255 931 943 950 995 996 833 576 658 496 652 880 94 668 
119 798 575 408 43 342 340 990 171 377 
712 129 163 437 792 325 907 966 866 725 982 
428 447 714 904 773 74 211 647 581 584 469 
354 128 298 394 628 841 934 973 649 431 732 
109 440 926 532 133 483 287 214 177 848 689 208 316 
545 628 841 459 410 667 394 438 811 934 969 317 499 
435 10 597 353 614 140 301 100 344 167 41 358 612 465 18 452 694 309 582 
588 912 831 490 125 932 780 570 66 438 188 128 436 80 222 687 637 509 455 923 187 459 872 640 272 544 706 730 298 836 414 545 394 930 973 420 443 167 325 863 662 641 126 
668 729 70 149 185 881 395 835 574 306 326 513 173 448 561 139 842 841 321 490 66 405 
623 747 56 239 377 404 189 49 451 743 236 514 478 699 816 454 182 445 
619 901 201 412 97 286 899 824 476 594 880 
713 216 846 230 193 307 636 274 444 58 299 345 362 866 535 160 204 303 674 167 862 577 
87 36 507 302 746 163 325 857 907 350 433 860 666 862 689 553 206 19 129 260 661 788 269 892 40 942 966 380 743 276 167 545 973 
615 94 519 371 711 337 116 446 616 249 181 282 556 641 161 434 622 481 104 867 
719 705 484 665 338 209 819 529 655 75 370 494 809 731 820 365 180 970 981 129 48 505 895 
36 939 302 325 206 40 117 350 752 925 
926 906 527 165 483 157 630 613 884 162 686 255 440 848 177 214 132 271 277 950 995 97 467 202 335 526 757 
493 398 419 64 27 682 580 340 886 289 610 119 825 670 537 376 821 261 91 677 342 968 972 729 151 459 11 184 343 
115 168 282 658 506 406 852 519 626 737 756 173 286 
401 10 435 913 140 417 614 685 805 331 301 96 141 42 
643 638 855 52 786 702 320 39 480 898 742 470 692 283 217 474 558 366 44 952 997 93 55 172 544 531 970 
852 284 169 673 602 737 601 745 618 463 346 
458 285 757 536 879 807 701 246 176 582 148 37 364 953 490 155 668 191 
861 762 599 790 396 926 871 453 520 440 86 532 884 271 686 613 177 165 583 255 109 418 132 324 943 277 744 848 483 991 995 764 65 356 265 722 75 401 977 
498 408 143 119 537 825 512 610 419 798 611 388 875 821 342 376 700 263 27 962 968 994 224 913 233 86 527 998 
643 638 283 341 947 480 702 786 320 39 558 423 884 666 
669 45 37 949 505 270 246 364 922 279 571 
643 855 638 470 366 283 450 702 901 32 637 
190 298 628 850 755 490 66 969 8 602 
550 20 63 127 909 844 891 16 3 657 476 922 853 900 85 382 504 428 442 679 628 651 
273 335 192 251 137 639 467 73 200 155 911 78 361 23 646 367 993 327 773 505 522 563 
289 376 752 419 821 771 677 38 204 837 
757 748 620 522 458 703 61 460 978 172 613 617 
772 183 144 483 277 113 906 995 920 868 374 
888 830 430 301 802 18 344 741 500 41 716 612 564 876 
675 951 170 64 821 376 894 71 289 575 261 968 990 824 483 138 440 
801 582 620 701 897 312 195 989 351 860 200 
562 407 862 129 302 598 712 260 966 909 771 307 
222 841 687 394 298 280 544 410 923 765 490 354 973 900 335 753 970 
269 964 206 722 608 260 907 892 553 569 429 689 50 598 117 163 437 792 939 302 928 862 857 36 434 677 207 676 524 719 760 
750 642 548 576 319 82 328 282 130 367 
727 575 408 821 439 537 398 670 105 951 154 962 261 677 71 409 64 62 27 580 944 675 611 419 877 493 388 682 972 990 994 454 430 720 1 863 827 189 993 
872 222 755 128 298 667 932 955 618 706 490 570 188 765 973 974 74 161 202 
719 820 445 592 484 635 665 529 370 557 156 941 705 708 55 268 731 819 180 103 809 365 228 625 339 338 981 517 141 965 362 947 455 972 
358 301 791 353 777 805 716 804 772 376 
682 119 408 388 376 263 398 457 894 64 944 289 877 821 968 409 677 611 990 855 837 653 970 667 
394 765 965 588 836 934 410 570 272 969 187 637 912 667 831 707 640 128 188 66 509 222 490 656 565 178 930 495 939 599 451 226 884 363 447 
765 298 841 640 637 912 394 122 667 509 687 811 66 187 831 969 438 190 836 280 421 128 490 272 427 544 628 986 474 250 542 880 844 624 290 
550 20 844 127 891 17 227 800 63 185 580 548 
550 891 476 127 207 844 815 489 770 84 900 20 848 326 505 
511 230 454 849 203 590 345 919 307 627 688 274 890 715 204 362 713 910 53 356 216 540 859 160 299 444 481 31 101 846 67 866 36 950 145 497 748 545 425 995 
840 801 327 505 669 423 458 45 959 312 988 157 918 
8 766 761 605 616 548 816 168 615 576 234 115 169 371 284 644 319 852 406 907 269 286 258 747 
719 705 635 79 738 625 75 228 665 484 209 103 107 38 
970 655 228 625 705 529 665 693 75 941 834 96 549 776 
191 775 318 698 347 797 779 352 212 172 25 622 651 617 76 231 789 878 237 534 928 128 204 288 
255 86 132 453 532 214 277 343 482 849 797 878 
913 443 524 915 818 41 753 167 500 88 18 363 111 431 639 
74 360 653 647 221 56 34 239 265 872 314 
298 974 128 187 490 588 691 438 483 103 440 
535 454 333 362 846 307 274 590 481 627 540 380 735 526 775 
164 978 176 703 596 522 757 213 42 643 719 
164 963 246 596 840 61 757 148 748 897 582 578 43 
119 408 537 388 43 376 398 512 308 409 682 38 498 877 875 457 342 677 261 825 962 968 62 154 419 263 927 170 439 670 197 71 493 143 821 515 972 368 500 157 910 759 712 399 745 15 731 
144 107 950 109 525 113 255 848 365 308 820 
343 848 182 630 483 527 884 996 229 367 
192 631 720 335 485 226 957 253 280 526 968 
398 27 419 64 677 119 951 91 515 968 289 408 199 481 763 663 
271 107 86 223 772 184 379 483 686 112 324 162 926 255 960 264 277 121 113 440 132 520 418 287 453 32 950 279 744 583 482 943 165 144 996 229 56 217 180 46 977 244 727 
271 926 109 621 183 165 995 453 177 530 723 613 848 992 182 157 132 255 113 249 98 200 658 124 
480 947 864 39 855 702 44 786 283 470 320 898 643 450 829 366 586 113 476 402 
481 866 67 203 890 919 345 846 204 444 808 688 333 362 130 274 439 871 951 
646 200 6 639 251 485 694 924 276 120 226 720 145 361 467 856 500 445 
880 679 552 68 405 633 920 499 717 652 799 843 362 462 
