0.867473
00:00:00.53
72
80
96
35
15
82
12
59
96
64
26
44
18
39
2
18
51
27
48
57
10
8
5
2
36
2
94
11
64
6
10
18
40
62
12
87
18
70
72
0
103
46
30
97
78
15
28
64
38
12
80
57
50
10
62
32
77
48
43
96
28
55
34
94
11
5
2
89
6
91
76
71
45
81
76
103
13
32
64
27
20
40
45
69
34
74
73
31
34
50
81
5
72
1
23
54
11
53
97
15
0
30
91
1
64
17
92
2
12
78
75
41
47
12
29
64
37
91
52
12
73
41
33
28
17
73
51
32
82
3
28
72
103
6
15
10
91
99
16
83
2
98
27
96
39
61
40
30
100
5
13
26
37
2
26
63
36
9
12
36
4
20
85
78
61
37
75
62
76
67
41
49
48
31
73
80
74
67
39
11
66
0
76
81
6
99
76
37
3
81
21
60
59
89
73
12
76
20
78
0
96
8
15
70
0
18
46
63
51
45
45
35
5
69
54
0
54
1
0
103
95
51
70
89
37
37
81
78
76
38
40
77
37
37
54
69
92
87
84
102
75
13
41
54
50
5
40
62
70
49
26
68
100
45
37
67
26
77
14
70
61
44
8
48
71
4
54
6
63
4
63
103
20
78
11
3
88
12
92
28
24
18
13
44
55
27
49
57
71
94
45
38
18
33
39
0
7
46
24
61
20
25
65
34
77
101
55
73
35
19
66
103
64
7
70
55
15
19
7
50
79
28
14
5
61
37
8
4
27
6
37
95
86
97
4
73
83
26
32
63
96
21
25
80
81
75
29
81
82
45
63
2
39
39
69
20
15
62
40
37
64
54
75
91
40
66
49
65
13
73
72
102
49
20
65
5
44
77
18
29
69
1
53
90
68
16
85
85
74
87
93
13
87
23
12
80
74
26
8
21
49
78
94
64
29
21
34
26
60
1
51
98
76
32
24
54
29
7
82
10
60
28
71
18
49
30
57
15
42
41
35
4
69
80
62
91
69
41
19
18
100
35
55
67
11
52
76
6
30
77
49
52
18
35
65
59
25
11
40
50
45
78
30
18
78
99
20
73
54
69
70
50
61
35
96
36
36
7
45
22
60
40
15
90
18
20
93
45
101
102
1
82
84
33
48
11
26
5
70
28
21
27
59
85
63
31
35
77
24
10
43
41
61
74
11
52
95
42
77
37
48
70
32
95
31
59
76
80
17
40
9
65
46
74
30
45
68
87
73
28
66
90
45
55
46
72
77
68
26
35
5
13
87
59
69
54
68
46
22
82
62
83
46
19
90
40
41
31
64
69
78
88
95
30
8
31
7
4
78
0
80
17
74
77
95
9
75
44
19
51
103
76
66
75
28
88
62
70
101
72
13
98
83
95
24
94
68
2
97
101
89
27
62
6
97
43
76
98
64
97
37
16
30
31
41
25
95
54
99
41
73
92
7
15
27
48
94
87
87
95
26
50
46
65
3
101
7
60
10
36
65
37
80
40
51
8
40
47
27
52
77
99
15
4
77
65
67
72
12
27
38
15
85
75
48
22
80
45
93
61
16
1
21
38
10
62
67
11
96
15
5
36
67
40
5
76
1
3
62
55
40
27
10
18
24
69
55
11
16
1
70
65
28
13
27
69
0
62
31
75
63
48
8
36
25
54
87
26
93
5
10
59
20
71
84
0
90
9
32
17
62
35
39
15
27
11
35
78
63
73
35
71
66
11
35
41
41
44
12
61
20
3
70
66
70
16
71
62
1
55
8
95
13
13
69
62
86
84
81
67
15
75
44
80
85
74
26
74
50
20
78
58
14
32
85
79
0
25
5
85
4
70
16
37
44
21
32
97
12
44
49
65
15
1
16
93
13
10
25
41
13
83
32
17
68
53
56
78
77
94
79
53
52
33
97
55
85
39
85
18
50
27
102
23
92
21
77
92
81
31
80
54
62
69
102
65
77
81
21
64
34
16
1
3
52
18
2
71
37
34
5
32
24
27
73
63
35
18
75
93
49
16
81
72
14
25
26
30
31
18
51
41
49
10
81
16
62
80
40
72
76
33
17
100
24
61
53
12
59
35
19
78
70
73
72
27
7
77
57
48
27
100
22
43
22
54
83
63
78
98
21
10
101
40
81
17
40
36
98
100
64
20
77
15
69
15
15
6
30
96
39
17
53
21
92
69
86
34
92
20
16
70
103
97
32
11
27
47
40
80
11
42
67
31
9
33
50
96
15
6
68
3
68
98
30
103
68
73
4
7
96
76
29
75
4
86
76
10
103
101
73
3
84
12
44
103
62
9
15
40
80
11
64
75
40
7
98
103
7
16
85
14
69
85
45
55
48
48
79
15
78
15
4
27
68
52
71
44
16
101
61
13
89
43
33
13
77
18
49
6
21
18
72
53
81
34
44
74
17
15
45
48
85
85
17
10
81
21
103
24
39
36
1
84
20
29
30
91
98
95
18
67
55
50
22
5
32
20
44
85
73
100
18
32
88
35
67
18
94
5
42
0
30
96
96
99
13
80
89
20
10
4
13
44
76
93
16
8
6
55
77
35
102
49
44
62
31
12
83
71
42
62
70
69
85
41
3
6
40
7
10
35
44
103
15
92
22
85
10
11
41
85
40
26
7
2
22
19
57
55
82
98
10
64
96
29
42
60
20
15
60
0
10
12
6
78
59
40
45
20
64
2
72
67
12
26
27
92
64
71
47
12
30
52
20
11
27
26
13
69
21
13
65
68
19
100
9
49
36
85
81
3
40
47
71
12
34
23
73
35
47
10
76
44
99
20
1
65
0
1
61
52
54
74
31
52
77
70
55
50
59
5
38
34
24
75
76
71
85
25
9
88
103
91
77
96
2
54
94
48
5
53
74
23
101
30
54
16
80
18
57
103
15
40
53
68
92
5
27
31
19
39
54
69
16
57
51
34
10
41
43
15
22
49
10
34
99
87
70
37
16
77
50
69
91
60
22
26
81
29
36
41
95
21
25
26
41
13
90
92
51
69
78
50
50
26
22
4
70
71
27
57
55
95
37
27
45
28
32
80
87
85
9
12
73
77
88
75
90
1
12
54
16
30
64
30
87
40
31
103
8
41
79
29
89
12
87
78
37
79
12
27
96
85
19
90
62
16
31
41
18
99
95
64
45
20
44
25
89
12
48
18
16
17
42
24
34
82
55
89
57
84
29
56
53
88
81
70
68
84
77
101
70
89
94
16
76
0
75
17
57
30
62
26
12
48
13
49
18
60
24
73
52
3
41
6
16
5
36
44
64
69
21
87
60
34
37
27
74
12
65
72
103
39
35
36
103
62
41
54
17
53
92
92
67
97
73
24
56
87
15
41
31
83
2
86
2
90
93
58
12
81
26
1
24
44
4
18
77
26
24
12
79
24
41
89
26
44
26
2
78
36
1
88
30
10
41
31
40
42
55
2
44
52
13
77
22
76
92
22
32
5
12
18
69
13
37
100
21
56
81
39
67
36
69
15
80
82
1
96
5
6
94
12
67
33
8
77
81
20
103
96
13
17
21
50
103
73
1
5
23
13
84
48
34
26
53
26
1
73
52
50
83
38
89
72
98
75
103
80
36
62
50
64
65
24
35
98
49
12
76
45
15
101
5
70
85
81
24
96
81
33
73
70
9
67
83
73
93
51
62
95
52
8
46
35
12
27
55
62
19
102
70
40
62
76
45
12
73
103
30
72
65
31
37
44
17
44
18
72
15
50
12
69
44
78
62
90
81
25
52
33
13
103
46
98
40
5
44
15
79
55
24
57
30
56
92
10
69
78
30
34
15
3
60
48
53
16
11
67
0
48
66
103
73
93
5
46
102
46
26
33
10
6
41
99
83
27
18
36
48
97
88
25
62
0
94
76
73
64
57
37
101
29
50
31
69
52
78
43
76
12
98
74
89
80
80
5
27
43
12
37
78
61
13
35
29
80
32
16
68
20
80
13
43
83
58
87
38
79
85
65
31
48
74
54
31
6
89
5
27
80
98
73
86
96
55
83
12
2
81
81
77
85
39
72
74
12
65
41
27
44
86
64
24
95
45
2
42
40
40
89
24
66
31
27
60
39
0
84
56
84
56
80
77
22
44
27
48
83
77
79
88
92
80
39
5
17
58
12
31
36
45
27
18
27
77
94
10
48
103
64
45
23
13
1
8
55
86
7
24
0
53
81
61
22
18
85
89
101
98
76
5
95
84
21
45
96
79
25
22
20
26
49
80
10
18
68
103
11
1
49
45
49
60
13
71
18
96
102
70
29
75
85
15
83
12
60
64
72
62
2
89
8
82
0
32
17
77
47
4
39
18
40
78
16
30
59
84
78
67
24
23
71
36
62
11
80
68
61
32
100
49
89
41
86
48
61
34
99
66
84
27
49
8
44
99
41
65
55
0
6
16
37
2
75
50
13
29
43
13
59
3
30
15
76
5
95
37
50
71
4
100
22
64
103
95
103
48
52
17
40
60
25
20
68
42
46
89
103
25
29
25
73
34
99
19
69
27
12
51
40
36
5
70
39
91
100
37
91
29
48
18
77
30
44
25
5
86
36
100
6
79
41
18
64
64
30
41
89
16
41
54
55
8
8
41
98
50
74
19
38
81
44
52
24
6
72
57
26
48
11
90
100
36
74
25
40
62
5
41
77
8
99
36
40
34
44
5
54
78
32
1
54
20
78
74
54
15
41
101
55
36
83
95
42
8
40
12
68
66
38
47
89
92
9
15
24
81
15
82
11
50
55
45
77
0
77
89
58
32
27
39
76
48
33
62
56
72
18
68
66
85
63
96
16
87
52
73
13
19
27
44
95
10
89
80
71
22
36
85
43
28
91
62
58
5
6
13
100
74
98
35
16
30
3
11
32
8
93
36
43
39
57
18
89
6
18
18
95
97
36
74
103
43
92
28
2
5
2
92
31
31
66
89
100
44
100
79
96
82
50
5
3
45
90
83
65
9
51
77
56
80
19
5
95
86
27
87
18
18
7
12
60
36
28
71
40
12
73
16
36
101
83
90
70
28
31
21
30
46
46
89
64
7
15
18
12
5
5
39
8
18
89
6
23
39
92
0
28
89
64
77
83
74
64
61
1
49
31
93
101
12
75
25
96
11
77
81
77
40
24
81
77
15
92
76
59
86
77
72
50
87
89
35
92
35
81
78
15
23
95
65
4
18
80
30
83
22
85
87
67
86
27
70
7
13
96
31
44
77
18
31
35
62
44
59
80
62
16
40
42
30
29
2
70
1
41
86
32
16
48
101
32
63
39
68
10
5
12
96
19
47
35
39
73
10
29
76
45
98
44
54
84
5
34
20
1
77
42
16
85
41
103
14
70
93
71
48
67
82
44
14
5
92
31
80
98
6
90
12
93
49
86
36
10
15
65
66
83
3
12
18
73
81
8
1
89
92
68
30
31
62
89
76
44
26
12
33
24
19
96
78
88
48
30
10
70
102
32
16
56
69
46
22
10
5
61
67
88
50
72
47
47
49
74
10
62
62
71
73
18
70
32
76
100
61
101
16
64
57
80
44
47
52
10
15
70
95
40
41
39
30
5
76
102
27
31
22
11
15
10
76
9
24
36
81
3
1
63
50
47
36
13
40
51
68
97
18
16
13
19
62
44
76
75
24
82
70
41
27
73
55
93
6
80
86
23
85
27
18
41
21
1
101
16
66
32
19
26
20
12
79
67
20
83
1
13
28
60
64
20
27
47
47
40
26
62
44
69
82
76
8
31
78
20
61
52
96
40
35
90
36
70
22
102
65
47
47
54
22
32
45
50
57
37
44
75
13
57
13
57
62
1
52
87
70
44
79
62
75
5
34
64
12
82
77
11
24
101
31
103
11
0
5
101
62
93
96
70
98
53
15
85
67
18
96
58
48
53
64
17
27
16
100
86
51
26
64
64
67
31
39
45
71
11
58
13
21
54
47
102
31
53
72
12
100
66
89
92
34
14
77
48
77
44
34
5
46
93
76
39
32
102
44
52
62
13
24
55
41
2
85
56
67
100
66
34
8
22
24
9
50
15
89
67
1
0
5
18
103
45
4
57
45
12
48
24
10
96
31
25
60
53
92
70
69
40
22
6
73
85
84
26
57
31
5
65
19
92
91
22
18
56
78
89
76
11
14
70
49
62
92
73
92
77
12
70
58
28
0
70
80
77
24
31
18
46
24
12
27
103
1
58
18
100
44
73
28
19
36
0
73
2
59
87
16
39
51
91
2
97
69
74
34
15
95
44
62
99
31
84
14
95
34
44
100
56
40
50
14
92
48
31
11
64
69
13
22
95
25
28
26
15
80
5
77
15
70
1
13
50
26
17
1
34
54
60
0
13
55
101
102
11
5
70
20
68
74
20
56
12
31
23
60
69
34
92
40
65
15
60
31
13
6
15
39
70
80
22
14
44
5
11
18
69
14
40
86
26
92
4
47
67
19
101
99
0
66
20
5
72
40
78
50
25
40
103
15
56
6
48
5
88
63
80
78
101
53
69
100
68
20
50
36
59
25
46
92
90
73
92
5
71
1
37
80
12
1
61
38
44
90
36
80
40
31
102
44
69
40
70
98
60
7
91
61
27
53
1
37
89
48
2
85
96
68
15
2
84
70
87
49
16
17
15
103
67
28
45
28
76
40
63
13
15
50
70
13
7
4
46
16
10
86
8
19
12
78
96
74
69
40
8
46
102
13
40
27
62
12
12
101
20
91
1
0
76
49
40
15
45
9
15
62
69
55
15
59
67
22
25
29
62
103
32
47
59
62
17
31
100
85
39
62
13
80
41
13
44
5
77
74
91
60
97
31
69
81
1
3
15
48
41
25
12
88
34
40
46
44
57
36
60
80
69
39
0
62
94
40
5
67
18
37
89
0
20
23
5
6
11
63
73
61
54
44
62
3
65
77
5
15
25
63
17
1
1
48
2
85
35
98
57
32
12
83
61
40
65
76
26
24
48
18
17
50
12
26
73
5
41
68
31
28
11
35
31
74
7
13
66
78
101
62
5
12
12
35
48
27
91
84
58
18
72
65
70
27
94
96
96
30
3
75
80
76
37
70
87
46
5
67
77
76
40
72
21
46
58
85
55
1
100
26
64
52
22
37
1
92
102
32
20
84
78
13
69
95
83
30
70
85
99
2
64
64
29
84
47
90
28
25
60
0
87
27
50
78
29
49
29
31
65
65
62
89
16
20
102
23
51
19
60
67
70
54
1
77
62
20
64
73
39
34
68
1
96
31
32
103
3
62
37
66
41
21
35
103
76
17
54
3
46
58
18
77
101
12
45
62
17
20
64
99
70
40
30
57
6
71
95
67
8
16
47
62
31
77
40
103
5
41
30
1
92
70
24
11
33
91
3
20
62
32
2
32
20
5
68
65
59
40
31
99
14
78
22
53
26
25
19
18
18
27
61
19
89
51
75
70
79
15
16
14
79
16
5
100
69
19
11
15
22
48
70
71
83
70
62
12
24
18
65
83
69
89
68
90
2
77
70
18
95
80
57
15
52
77
11
5
69
24
30
52
51
21
35
69
49
96
67
38
30
0
11
15
31
44
21
42
18
78
83
81
70
40
57
40
70
77
37
3
91
54
87
41
80
81
1
26
26
64
30
32
19
54
25
101
68
39
67
72
76
99
44
14
7
60
13
15
63
62
54
94
8
27
38
54
41
5
32
35
76
69
64
34
28
32
97
30
29
39
69
74
76
48
58
76
60
48
17
71
91
82
11
35
10
30
41
90
100
93
19
40
27
5
91
1
21
10
89
55
54
44
76
37
40
22
42
74
29
93
73
16
32
36
86
40
30
79
55
99
72
62
101
50
27
32
35
3
89
0
0
12
8
17
0
92
67
17
30
77
27
63
3
47
60
94
89
70
67
73
14
56
11
41
74
18
22
41
77
12
77
34
56
62
17
70
72
93
34
15
22
3
1
101
0
99
11
15
19
8
89
69
67
40
74
77
26
75
38
80
78
103
59
82
29
16
75
16
90
85
15
69
81
41
16
11
85
75
80
10
5
0
64
76
35
51
46
69
101
70
11
70
25
65
5
8
60
57
57
60
51
27
62
96
10
25
70
29
65
55
25
77
23
56
74
90
99
85
47
4
1
27
20
13
0
61
48
81
84
97
65
85
69
25
15
58
27
18
95
28
70
67
13
102
27
5
32
40
36
39
101
81
101
75
90
98
58
37
69
40
6
50
91
67
69
6
55
33
44
75
26
27
86
21
74
78
83
20
16
79
94
40
41
38
26
101
48
80
94
12
16
27
16
57
29
79
10
16
62
15
80
21
96
12
34
52
83
68
32
87
5
47
60
59
101
51
46
62
76
57
12
37
76
45
40
30
40
20
2
55
51
2
82
16
74
55
57
98
50
29
64
81
81
26
45
78
92
13
17
89
67
27
3
52
11
58
82
80
12
27
18
97
78
101
35
12
30
37
46
3
78
8
2
40
2
55
49
2
23
13
65
58
7
15
59
74
5
12
80
25
85
27
13
85
6
72
35
6
92
3
87
93
13
72
99
76
81
26
32
96
6
15
31
72
47
98
29
70
27
26
16
36
96
10
64
49
44
103
20
39
72
57
26
31
89
95
77
6
70
94
87
5
41
12
57
24
75
22
25
60
49
81
32
13
12
47
46
91
12
10
15
30
89
80
5
55
58
16
89
34
62
40
5
40
18
25
101
12
58
85
97
37
54
1
44
88
6
0
64
67
15
40
10
30
48
83
103
74
38
13
82
15
81
8
101
48
66
85
32
60
41
5
92
57
42
60
50
44
89
32
28
25
37
34
67
47
70
5
80
13
29
65
84
44
87
29
83
13
42
87
92
68
92
6
80
15
95
34
62
59
102
52
6
48
85
1
85
61
97
19
69
35
54
35
32
30
103
21
89
13
69
64
40
57
29
30
16
103
65
64
77
71
77
16
12
1
31
76
73
16
12
59
16
89
85
35
53
83
2
41
85
94
5
7
39
62
14
18
98
16
53
100
74
73
101
43
98
71
103
37
33
48
13
95
76
85
77
85
89
69
62
15
47
6
72
90
6
1
85
78
62
58
78
9
89
78
73
84
35
69
86
88
101
10
84
18
13
18
36
71
45
26
54
31
95
40
59
44
44
71
23
1
38
82
17
57
13
72
12
11
1
17
0
62
103
93
9
10
70
74
36
68
82
35
21
11
60
73
103
16
35
73
10
89
15
32
82
96
5
5
19
80
17
20
55
95
103
28
32
39
38
48
50
77
58
33
31
57
94
72
5
48
25
73
102
61
61
64
73
65
92
8
38
36
80
95
34
40
11
62
45
5
2
89
44
25
49
103
25
22
81
103
87
42
93
85
32
34
77
41
11
39
44
0
69
19
91
36
102
45
11
1
33
71
40
21
41
44
60
89
89
34
20
6
20
31
24
13
77
32
8
77
32
16
16
7
2
12
12
81
15
29
26
15
20
36
25
20
69
1
103
11
73
14
69
60
69
31
49
0
11
100
93
72
47
75
54
41
48
77
83
72
103
58
31
39
70
54
24
66
31
64
51
34
71
11
27
44
39
27
39
77
78
19
23
69
11
26
70
66
60
24
26
64
92
6
88
92
60
27
73
54
27
62
34
76
62
16
57
44
63
40
10
10
28
82
32
31
41
36
93
2
7
38
83
0
103
72
33
13
67
35
96
7
60
4
88
12
70
34
64
80
20
98
41
53
98
11
73
103
93
17
71
51
15
29
48
62
78
89
65
70
69
3
40
78
37
70
86
53
41
82
37
50
31
15
4
73
34
19
45
89
91
28
7
14
45
101
40
15
78
12
3
49
55
82
16
87
1
61
43
76
53
1
11
18
85
41
71
15
40
4
13
77
90
30
71
92
22
103
97
19
62
18
64
87
13
44
8
52
103
88
54
56
75
53
1
62
23
1
47
75
34
11
70
100
10
93
13
91
103
73
15
20
100
11
44
80
43
8
92
95
41
88
93
51
9
67
11
50
93
52
8
20
33
76
48
16
24
59
23
73
103
77
102
11
23
74
101
54
98
31
39
23
87
13
54
16
69
25
41
11
2
77
12
15
78
44
92
27
0
9
4
19
100
32
70
29
52
81
7
4
35
94
95
18
47
12
35
48
18
95
92
60
33
61
62
75
62
103
76
82
47
2
7
18
76
5
19
45
25
15
51
40
12
26
64
22
30
50
41
73
20
70
21
42
98
50
29
73
97
40
58
53
57
27
70
62
27
18
15
102
29
12
12
18
64
70
31
15
72
69
48
30
38
67
65
48
77
75
11
40
16
13
15
40
48
9
24
0
48
16
65
26
77
81
73
38
36
2
26
64
13
72
87
81
60
47
91
34
65
48
68
65
47
31
23
97
25
84
85
25
92
103
61
49
41
59
42
95
34
63
88
81
85
14
11
45
25
96
60
56
68
98
77
5
11
95
0
11
94
64
65
95
84
86
92
67
91
20
36
55
26
15
89
65
76
23
72
43
57
81
25
40
16
87
59
50
89
92
83
31
59
48
82
31
44
47
67
65
1
97
5
90
96
10
70
20
31
22
31
72
101
2
62
29
70
15
80
13
6
57
40
42
25
96
18
98
30
1
89
2
33
34
80
26
69
48
6
34
80
15
5
58
92
99
50
88
34
86
29
31
0
95
1
85
69
83
80
96
70
16
103
71
20
83
10
54
12
3
101
7
99
15
47
52
10
54
17
79
18
73
34
3
10
82
71
34
29
55
22
30
43
15
100
5
29
62
10
1
12
96
60
15
88
35
94
82
36
70
62
70
31
77
20
33
100
101
61
10
79
76
13
41
99
86
98
25
41
46
87
85
3
68
47
4
13
0
48
78
50
65
29
77
40
48
36
54
18
17
48
50
16
16
31
69
66
74
89
74
35
11
24
81
20
33
73
20
59
74
102
45
35
81
76
75
72
48
103
96
32
44
10
74
34
21
83
17
25
44
25
76
64
26
73
18
16
51
40
42
70
75
53
81
12
87
91
84
20
50
56
12
24
88
62
81
12
41
3
21
32
101
83
54
24
30
89
20
75
54
96
48
19
65
27
70
76
38
41
86
22
37
67
5
15
51
34
89
103
30
40
27
18
70
39
37
70
24
77
70
53
80
5
76
64
92
7
78
18
77
28
12
14
72
77
35
13
35
60
102
35
58
58
56
13
18
70
60
62
103
2
73
22
21
77
21
11
4
1
46
18
98
15
76
18
48
35
7
6
37
93
41
85
25
40
29
83
31
39
38
18
43
96
29
55
35
78
43
30
76
74
92
44
100
86
0
62
62
26
53
73
70
62
11
88
70
69