1000 9704 0
747 857 942 980 62 121 237 465 678 814 833 
135 389 444 486 634 658 857 105 152 162 246 427 443 504 562 838 970 983 
414 459 552 813 13 278 388 510 625 901 
94 95 273 313 375 432 464 518 605 624 670 677 836 879 901 7 13 88 144 163 166 169 275 308 333 387 409 505 508 632 844 857 858 872 897 902 925 930 967 
124 357 712 931 85 113 342 585 840 984 
252 318 578 647 65 171 194 366 538 887 936 972 
129 254 495 608 757 883 893 965 4 137 253 301 413 438 616 621 689 705 707 806 
353 621 729 817 873 941 26 234 329 405 542 590 602 645 675 
106 470 548 596 683 695 799 811 884 113 174 353 386 433 436 467 495 511 759 774 800 
47 191 315 478 715 819 113 129 251 288 337 680 681 858 864 
220 431 659 734 789 964 396 428 495 498 568 572 594 723 815 
287 434 448 607 662 843 993 145 159 186 222 319 617 700 704 746 757 908 948 
17 36 92 240 277 282 285 339 367 376 471 507 557 601 602 629 655 690 807 979 4 3 55 57 143 152 159 210 218 266 274 294 331 350 363 449 452 485 534 683 734 760 778 825 857 861 885 900 953 993 
211 306 508 821 375 525 529 641 704 887 
27 50 435 484 526 608 51 57 85 361 648 708 841 912 960 961 962 
294 673 934 990 92 206 223 277 714 919 1000 
13 41 136 233 269 339 602 646 690 796 29 97 111 134 271 303 319 616 828 837 844 875 938 941 997 
321 523 612 900 970 334 435 451 516 551 646 723 799 864 
215 454 645 678 709 826 947 44 46 102 136 216 325 353 435 496 668 970 
537 574 638 747 500 618 650 659 758 817 920 953 
22 113 135 388 404 428 441 483 530 569 576 638 658 676 714 724 829 988 50 76 123 180 198 211 244 297 301 319 342 361 363 374 432 487 534 624 631 755 757 780 819 851 861 865 964 
21 135 517 574 634 692 723 760 776 58 102 154 215 309 326 328 420 669 719 754 817 831 852 997 
501 703 724 829 857 206 286 395 635 666 694 787 822 
411 702 844 935 301 308 386 414 605 638 686 
393 421 665 681 363 462 546 616 785 904 
165 616 717 995 8 182 318 384 405 779 871 
15 481 521 920 83 381 499 530 728 805 
32 219 229 476 106 169 409 551 561 689 
129 226 409 608 757 804 893 963 17 117 185 413 420 454 473 487 513 624 710 818 973 991 
132 182 364 387 465 556 560 761 912 915 964 991 31 102 228 277 300 389 441 520 551 564 605 614 648 656 700 728 819 971 
127 224 255 723 942 30 277 370 429 739 851 881 929 993 
28 152 201 986 210 387 552 804 847 972 
88 191 247 308 413 439 657 694 715 733 775 819 825 950 104 105 107 111 128 188 192 224 225 242 277 325 459 596 607 725 734 735 796 817 857 893 980 
61 219 318 650 129 182 399 483 538 790 819 857 
55 125 253 924 171 438 640 724 757 906 984 
13 99 136 269 386 425 498 602 646 60 77 101 130 229 378 382 553 554 561 565 657 712 868 
253 371 725 864 924 244 374 539 714 759 
501 559 600 714 760 857 159 210 285 307 451 954 994 
144 214 497 516 907 76 364 548 583 610 667 719 724 
41 151 239 240 337 586 854 88 355 422 432 535 793 811 847 923 926 970 
17 40 636 664 719 137 143 308 565 574 847 946 1000 
145 413 496 745 263 266 321 324 333 769 
139 265 398 500 585 971 124 205 371 608 714 868 872 891 999 1000 
324 449 612 836 940 19 96 371 490 647 887 
277 377 728 919 220 288 485 494 889 905 
120 124 226 251 355 357 488 608 764 804 883 892 19 130 131 245 280 388 392 556 585 663 722 725 759 786 913 936 948 958 986 
10 145 317 478 663 794 93 111 172 202 297 318 738 788 829 
154 214 426 497 818 99 194 282 377 621 634 726 819 827 
619 634 714 724 776 972 112 303 367 379 460 502 504 759 997 
15 76 195 355 435 481 538 625 21 312 487 534 547 600 638 743 750 766 783 785 902 958 
142 220 385 387 431 560 734 915 964 15 282 487 596 600 615 682 708 714 830 935 937 
225 287 342 616 737 759 59 107 276 281 625 689 736 766 868 
201 420 516 599 818 257 281 462 505 604 737 743 768 
139 232 300 735 971 243 298 324 332 635 752 
35 148 206 253 350 613 725 816 924 13 139 280 489 605 654 672 680 818 823 869 978 
75 356 504 797 321 481 554 642 691 759 806 864 
113 259 574 972 13 15 632 679 680 967 
60 172 180 418 454 462 489 536 545 553 563 645 967 976 22 89 90 163 285 321 399 530 577 579 606 617 634 711 718 777 798 802 875 882 899 971 
65 232 300 383 460 466 544 567 610 618 687 779 853 881 886 971 52 71 138 144 169 183 188 236 370 381 537 601 638 669 700 736 739 828 834 959 994 995 
58 180 261 489 645 678 763 902 36 94 113 427 476 551 681 711 873 991 
34 295 442 575 802 907 67 182 282 292 348 413 604 670 981 
412 631 718 824 935 1 113 120 121 282 428 707 793 806 
131 589 728 858 94 237 331 414 525 737 925 999 
250 453 626 665 830 856 180 285 388 588 600 632 696 837 924 
59 91 232 265 398 460 6 214 297 484 586 616 636 665 707 
394 808 935 948 79 95 243 287 640 747 827 
94 228 303 890 61 100 263 320 394 696 709 984 
101 335 845 867 75 139 419 510 858 946 992 
171 656 682 711 786 841 147 155 247 289 373 418 420 599 699 724 882 
662 759 887 996 100 240 361 367 701 810 
164 253 371 875 59 177 199 327 484 535 542 853 
564 636 654 664 139 527 553 574 749 962 
276 385 560 915 354 474 511 530 934 994 
157 401 490 516 75 249 257 414 415 530 762 
56 146 564 772 74 68 395 438 558 608 
50 124 129 223 246 382 435 455 538 608 625 757 764 892 893 931 951 963 21 39 148 181 193 240 276 279 388 421 516 548 602 604 638 641 642 664 775 776 779 790 894 932 948 958 996 
103 156 186 428 580 600 603 634 638 642 658 722 723 829 857 972 988 36 97 117 145 155 159 176 257 307 315 339 347 353 357 361 400 426 451 475 511 547 585 601 659 946 963 
114 571 688 867 366 493 611 711 736 763 764 
233 240 367 504 636 690 740 772 795 833 66 125 129 204 210 244 288 382 448 492 672 693 699 809 937 963 973 
489 536 709 976 481 520 642 662 690 714 853 962 
104 134 139 212 300 338 460 667 735 779 99 307 343 359 364 367 380 452 471 601 638 689 776 841 934 
314 638 726 930 128 170 508 596 645 804 943 986 
430 584 699 962 27 212 266 285 625 975 
434 448 565 790 984 146 420 451 826 972 994 
99 140 425 477 498 504 557 690 979 15 5 194 243 429 495 662 781 790 793 888 943 945 976 
313 901 940 997 155 434 494 594 689 690 747 758 
449 452 523 697 114 138 202 494 537 550 644 859 
33 102 315 317 319 505 594 595 640 770 927 999 4 40 121 135 160 196 229 257 277 376 389 591 675 721 726 780 857 885 921 1000 
281 475 525 551 681 58 244 516 561 738 774 
128 656 838 906 58 219 344 787 802 985 
65 179 204 212 383 398 149 184 288 545 623 775 833 845 921 
13 514 664 795 16 154 318 398 543 828 
144 420 476 840 889 914 929 47 122 149 326 330 335 382 640 645 759 984 
67 4 95 181 208 298 313 773 943 997 63 60 287 490 508 515 574 626 656 700 854 865 895 934 952 964 
4 94 107 273 396 437 449 624 639 661 970 997 66 102 134 145 152 249 379 401 438 520 590 604 680 708 724 915 981 984 989 
326 363 508 754 961 44 378 414 435 449 797 827 890 921 
171 352 604 656 17 77 103 318 446 921 940 
485 688 771 975 131 211 215 435 501 572 720 825 
36 85 136 203 514 562 602 719 81 48 142 169 199 287 325 613 662 930 931 970 996 
352 510 572 604 682 756 815 67 70 434 444 519 592 688 759 785 
68 280 394 771 800 948 36 299 321 353 676 813 883 912 970 
88 145 218 247 308 315 319 369 427 539 570 694 745 775 30 95 22 19 129 178 222 311 360 419 466 571 576 604 609 642 700 847 992 
77 380 428 543 97 570 672 682 817 927 
81 179 232 735 853 908 33 109 289 316 358 560 669 747 875 
163 379 443 485 651 706 845 867 2 33 160 312 391 439 513 574 577 732 775 843 875 
9 366 438 611 627 641 707 736 787 852 877 953 954 28 169 172 232 308 352 456 500 520 530 539 567 631 749 779 824 842 915 924 944 
95 298 396 464 492 753 52 33 193 327 362 420 744 843 853 863 865 
126 305 616 635 228 415 478 499 780 828 
656 786 841 906 104 573 608 645 748 856 
127 483 634 638 318 510 661 789 841 946 
137 213 372 415 491 689 47 17 33 179 412 559 597 680 945 993 
244 298 303 324 375 378 432 437 492 583 612 940 997 49 138 205 219 263 274 290 348 430 460 473 585 704 708 788 798 924 969 
21 57 284 304 314 348 441 444 517 522 638 642 714 857 882 939 942 980 988 10 9 60 5 62 140 154 155 171 173 238 257 272 278 319 395 455 465 562 649 687 718 836 849 860 874 892 912 924 971 
78 335 394 480 531 571 631 702 705 710 820 844 903 935 948 87 139 206 210 255 299 325 352 422 427 522 547 565 572 602 611 748 754 790 823 828 852 905 
218 317 413 570 668 684 128 288 349 502 516 587 608 792 845 970 
298 464 583 697 773 216 272 335 512 700 710 756 856 878 
194 208 221 452 457 523 624 661 890 932 933 77 29 156 252 451 477 526 530 631 733 756 804 819 860 937 942 948 
414 459 565 851 381 400 564 722 793 871 
188 731 766 962 313 536 613 673 684 875 880 
46 129 804 931 62 303 560 626 867 972 
168 188 222 257 306 320 363 430 743 758 834 938 88 1 62 178 305 374 396 418 420 438 518 539 599 600 658 712 729 736 752 782 
147 187 188 211 222 267 275 332 433 450 456 535 680 721 758 865 93 173 212 220 227 264 316 341 383 442 502 504 513 515 525 621 626 683 719 765 772 793 858 956 998 
327 335 480 688 21 260 326 328 591 817 
76 46 5 780 883 43 379 582 594 622 673 747 790 
35 359 479 686 79 202 663 693 806 852 
108 620 632 785 790 144 204 521 556 573 706 
31 110 389 587 638 724 164 211 286 336 546 560 635 852 863 
90 510 572 604 656 711 906 115 33 82 414 480 601 689 741 749 
7 120 76 29 195 246 382 435 625 727 749 764 780 862 863 883 920 951 959 992 79 34 102 10 136 186 245 336 363 380 385 399 416 434 451 460 509 641 725 770 776 830 879 894 938 940 960 999 
351 707 787 884 36 46 318 580 664 694 
63 140 245 562 564 589 98 46 194 303 475 572 594 
30 364 387 465 556 912 956 991 144 171 237 272 317 477 650 784 806 940 948 974 
144 207 288 738 169 208 434 680 769 880 933 
81 232 460 779 923 971 95 17 308 635 669 749 780 806 826 936 955 
22 21 2 186 279 292 388 486 568 600 703 714 793 857 868 88 137 205 219 239 240 313 442 555 588 590 652 661 688 705 716 779 872 929 971 991 
99 36 17 245 269 285 367 386 628 719 129 19 273 342 446 478 546 604 625 670 767 815 875 934 965 994 
111 166 263 344 353 415 511 621 626 729 848 856 135 41 7 285 288 315 388 452 466 552 584 661 693 710 738 786 913 961 
372 681 741 750 768 873 897 112 87 59 298 367 451 602 628 672 734 747 971 
81 54 43 170 179 232 300 338 349 610 735 779 899 971 68 72 114 55 165 172 234 322 323 363 522 632 649 657 680 693 757 946 999 
85 131 198 740 113 326 524 694 707 723 
236 444 483 972 260 429 709 728 774 911 
51 276 387 659 956 99 158 238 515 535 744 
211 222 306 363 384 806 865 41 13 353 476 489 518 526 641 710 716 900 967 
93 133 39 154 193 229 295 301 318 420 649 691 777 791 840 904 1000 59 4 132 126 226 262 324 328 489 577 584 588 597 602 614 680 688 689 741 775 790 825 837 966 
102 47 42 155 210 218 243 247 310 315 370 381 527 595 668 770 775 819 825 950 77 95 12 156 159 162 189 227 239 293 432 565 636 643 664 671 691 701 721 725 738 743 795 824 837 858 903 912 959 962 
75 239 339 367 84 218 531 626 702 971 
122 211 320 508 617 680 69 194 506 550 587 654 786 907 977 
55 164 253 499 579 700 875 982 76 160 177 189 284 333 472 575 680 872 883 999 
389 580 633 726 880 93 91 177 310 327 628 656 659 768 
211 267 365 938 175 351 387 435 489 596 857 873 
40 367 471 629 655 228 330 457 475 645 661 786 1000 
32 154 219 288 318 516 630 791 986 95 2 13 209 257 286 320 433 639 667 720 804 820 870 
171 463 656 682 228 258 348 431 443 535 671 922 
144 48 152 193 288 318 534 573 575 630 791 823 840 921 977 1000 113 92 22 171 237 290 328 340 341 363 373 424 458 584 631 679 695 731 813 829 841 876 884 933 945 999 
145 413 427 570 752 770 794 77 113 86 69 318 378 394 402 659 680 717 904 
77 574 587 600 776 117 145 361 446 454 457 752 805 933 
74 219 295 318 647 791 225 253 469 489 504 600 740 775 824 
210 413 640 981 142 298 462 617 699 787 880 
163 237 264 327 362 368 379 411 467 669 693 702 710 718 800 824 870 872 918 948 12 77 38 13 145 192 211 238 308 371 537 540 558 564 591 628 678 695 722 735 749 763 784 817 827 926 943 976 989 999 
349 398 460 735 88 148 105 187 378 379 452 
288 630 778 921 298 448 519 559 673 855 
572 656 781 145 2 458 584 671 729 780 823 
159 105 249 331 394 529 710 860 903 4 58 258 308 367 447 534 560 654 765 865 877 897 974 983 
71 148 206 253 278 350 359 479 579 613 725 782 816 864 875 924 127 188 220 254 257 266 272 298 344 388 390 394 450 473 490 566 622 688 693 695 762 774 830 855 931 990 
26 759 910 936 139 246 355 659 791 980 991 
137 340 344 989 4 578 673 766 884 948 
202 351 445 606 611 707 828 955 228 253 363 407 415 464 485 567 619 655 758 904 939 961 
121 433 680 806 203 235 374 436 451 475 958 
225 294 341 391 459 520 565 577 581 614 635 984 995 133 28 106 4 99 59 180 191 243 255 388 426 532 540 578 602 627 661 676 834 
139 204 271 460 466 567 585 82 288 316 378 560 616 681 703 825 874 875 980 
97 153 69 352 510 572 604 656 711 756 781 841 6 113 132 154 35 243 274 294 315 446 485 612 625 676 718 933 965 978 
58 553 615 945 947 106 139 47 385 630 722 758 772 977 
237 335 451 688 872 113 122 194 223 313 356 792 794 931 
210 539 648 663 732 794 9 272 284 358 414 555 599 776 790 851 875 
382 608 625 757 883 150 272 313 343 347 367 447 670 876 
414 419 422 783 878 993 77 187 236 375 438 475 506 718 746 907 987 
202 322 399 438 470 494 596 611 695 707 736 787 828 837 852 891 954 955 149 71 148 224 225 226 241 268 280 306 324 330 371 413 449 464 510 521 549 560 623 693 737 753 813 817 966 1000 
673 801 851 958 102 121 295 572 703 816 872 882 
139 104 91 232 265 460 881 886 111 195 198 239 519 617 626 855 870 871 
60 58 215 248 261 307 418 563 645 945 169 21 64 363 394 433 465 559 642 671 681 857 904 939 961 
94 228 296 298 303 313 76 272 331 345 494 597 710 718 951 
30 220 364 659 761 915 61 26 34 231 372 482 513 571 600 645 858 
428 469 501 692 59 445 485 499 534 608 616 
200 415 502 689 909 994 91 291 430 437 487 565 652 718 867 
351 438 828 891 29 237 650 839 880 983 
77 135 388 389 530 569 829 980 129 12 193 313 398 399 411 434 534 564 683 759 786 872 
122 395 440 731 176 160 380 538 638 746 753 
119 122 121 216 257 450 680 731 859 33 59 164 189 199 294 304 315 553 641 643 698 908 970 
298 449 464 832 932 145 188 148 285 293 440 696 915 
666 763 945 976 366 379 546 683 730 841 
10 33 570 668 898 169 287 371 378 383 408 517 556 629 
662 717 737 801 33 159 308 380 470 708 828 975 
154 144 207 420 802 977 76 107 186 221 306 406 527 734 855 995 
117 208 228 316 378 452 671 672 697 773 933 6 147 85 173 48 131 409 444 571 630 754 763 772 794 819 828 910 
129 50 226 251 357 374 660 712 727 757 780 862 963 179 210 336 356 361 405 406 427 452 480 548 557 825 845 874 889 906 924 934 971 
517 587 724 776 868 885 88 448 459 487 512 523 609 807 853 
337 514 636 728 344 508 565 853 914 984 995 
140 282 356 655 788 807 854 21 179 237 335 341 645 673 800 816 837 859 
200 325 340 415 765 812 856 941 188 99 71 290 350 474 501 710 773 801 920 962 
184 199 213 621 689 765 366 391 394 395 509 535 552 573 599 796 816 
32 53 207 288 476 490 630 818 265 319 390 659 663 699 740 816 836 845 850 985 
177 167 234 309 351 399 438 445 487 695 828 837 850 916 125 47 87 244 266 292 298 319 320 421 474 539 585 621 697 780 864 870 960 977 1000 
99 337 347 498 504 507 601 602 168 232 289 352 384 392 454 524 538 774 804 831 846 887 
170 91 899 971 126 79 261 810 920 985 
209 479 533 686 725 875 135 43 112 222 376 421 601 645 699 
55 164 613 725 114 23 16 394 574 637 769 
133 193 201 288 497 818 281 294 396 606 621 641 663 805 829 997 
194 94 117 313 375 378 605 133 346 414 460 508 565 571 592 634 714 838 
205 350 613 725 924 152 219 416 441 817 877 
174 145 158 308 310 315 390 427 527 570 595 648 898 966 999 195 114 32 13 79 38 238 322 447 460 486 516 585 619 650 656 696 714 813 816 854 975 976 985 
122 150 143 147 14 257 275 363 430 450 493 590 720 758 806 21 98 127 159 228 303 308 367 375 413 414 502 616 710 723 819 846 851 857 894 953 970 985 1000 
91 81 232 398 667 83 122 361 761 841 959 
111 200 513 551 592 216 222 238 241 445 667 680 742 754 
39 48 288 426 630 823 65 284 306 437 694 724 762 816 856 
180 19 307 373 454 489 553 563 598 645 678 902 945 967 22 98 295 371 394 428 449 451 534 579 650 655 711 749 770 773 779 783 820 974 997 
188 395 680 766 116 213 19 374 576 717 813 915 
250 286 353 475 513 741 218 266 299 544 656 710 820 914 988 
102 115 145 308 319 648 732 752 798 825 842 927 950 13 146 217 222 225 232 335 367 371 377 425 472 491 515 636 641 667 799 815 840 
28 34 152 157 302 516 791 849 914 921 90 135 209 112 247 298 326 367 376 388 393 428 487 579 734 751 830 
182 51 11 364 431 556 922 122 45 164 313 436 474 516 647 673 690 772 
117 457 464 518 932 997 193 265 351 536 626 731 738 745 787 928 972 
121 122 143 384 395 430 456 540 584 821 12 213 102 205 218 253 285 357 484 539 621 628 749 825 847 891 
76 538 727 757 173 16 275 603 685 911 
31 559 603 942 177 33 448 507 584 774 
169 52 242 294 342 414 434 673 813 878 887 984 993 177 157 33 218 257 335 363 365 370 394 399 453 603 604 634 670 722 817 829 865 
46 29 195 254 495 526 712 764 774 931 992 177 144 322 456 533 565 607 668 724 760 839 857 894 916 924 940 948 996 
296 449 672 836 122 145 308 431 637 689 707 717 
181 194 67 298 316 378 437 457 523 639 661 677 685 832 900 997 167 211 108 153 151 30 256 308 593 630 663 742 777 789 797 806 816 823 828 847 864 881 896 907 963 
144 28 442 503 578 650 904 1000 36 88 230 433 456 474 550 737 878 905 953 967 
340 415 421 453 506 622 681 830 994 229 298 311 413 438 474 479 504 611 634 678 778 796 831 854 882 888 
251 293 495 528 608 774 182 364 447 681 758 763 909 
134 179 139 65 59 54 104 212 265 349 398 460 466 618 853 881 899 923 971 218 106 203 285 286 290 334 337 352 378 424 454 458 486 496 531 550 556 583 593 645 656 730 868 911 931 970 984 988 
79 17 282 377 327 571 793 907 912 958 
202 399 696 707 891 8 139 271 435 546 623 813 926 
304 653 726 880 882 980 168 340 375 449 459 463 636 785 790 814 
141 389 676 972 59 176 305 411 601 987 
159 173 335 474 705 814 867 874 896 185 154 63 198 132 1 301 351 386 410 482 565 630 659 907 
303 313 375 378 396 452 457 464 523 624 900 159 213 210 113 142 281 380 389 398 419 481 590 681 692 829 916 982 
40 146 376 564 145 135 179 321 334 392 930 999 
13 79 40 269 285 346 367 461 628 646 654 728 833 987 76 70 135 273 479 530 545 551 563 613 619 665 668 681 731 747 776 779 806 946 971 
294 330 759 783 944 213 177 246 415 460 880 884 928 
225 552 565 910 33 468 503 551 604 729 
145 370 413 542 927 169 66 171 54 85 295 368 569 852 
112 324 452 671 900 997 21 37 79 89 202 483 631 648 829 904 
131 136 337 339 367 514 858 46 129 371 374 456 659 695 774 809 868 933 
129 76 374 382 528 608 749 757 804 959 165 2 241 323 438 533 558 570 587 613 681 790 807 949 994 997 
33 145 102 733 825 219 69 253 571 593 600 862 932 
180 666 709 967 250 376 439 732 739 747 830 954 
163 290 329 394 705 918 95 74 318 344 351 540 758 936 939 
217 64 344 513 541 994 248 364 479 483 571 595 634 717 883 
46 231 195 488 774 992 10 264 332 341 372 453 464 465 852 860 962 
6 534 630 1000 117 651 655 910 954 994 
55 148 37 35 164 71 278 359 533 579 643 686 725 816 864 875 222 157 167 247 7 261 288 300 303 339 379 401 434 447 504 529 590 595 682 786 800 812 878 999 
226 7 625 749 863 965 164 272 282 372 568 683 788 
31 348 408 972 114 169 343 479 685 771 879 
280 571 631 845 228 475 580 671 780 829 
121 188 211 320 363 365 450 584 590 766 806 859 871 938 225 88 113 77 53 152 164 74 529 533 600 628 634 642 651 753 818 879 939 994 997 
311 376 482 602 655 858 153 163 298 314 315 319 516 530 774 997 
57 380 530 543 295 373 466 481 565 644 823 
548 561 596 641 707 799 828 123 141 295 298 369 395 462 603 662 675 710 800 
60 180 645 666 204 253 504 704 766 773 
502 609 856 941 144 296 690 724 825 904 997 
137 626 848 998 67 42 112 289 330 630 813 826 
159 327 451 524 693 122 251 326 449 632 674 685 753 882 
179 232 43 65 567 971 201 221 292 330 331 548 656 715 820 958 
431 560 761 912 978 991 164 202 217 83 42 13 304 718 828 896 967 
150 122 680 865 416 513 518 525 638 673 877 995 
277 532 646 807 177 378 404 480 521 555 711 
17 36 240 136 356 310 330 350 457 499 503 791 897 932 
571 824 845 872 395 404 441 490 589 617 897 
170 436 567 923 234 17 469 548 647 860 
330 341 459 550 607 614 644 673 769 783 803 843 847 894 993 116 113 175 164 132 254 174 181 314 383 442 479 653 656 669 699 704 795 814 825 829 950 954 997 
4 95 298 303 432 933 136 240 335 508 548 733 860 861 920 
441 714 722 868 112 13 171 336 549 844 866 940 
122 211 433 540 590 680 831 4 223 380 438 460 625 668 784 856 870 935 
73 142 405 659 52 76 373 760 840 842 897 988 
13 268 45 588 31 16 88 30 33 558 565 
253 164 816 864 875 924 113 3 470 476 534 625 634 641 660 682 917 
135 558 723 747 76 306 367 641 876 964 
256 101 407 582 693 55 177 46 358 519 790 901 984 
89 513 525 681 768 856 52 207 238 53 300 412 437 670 699 828 
233 13 198 356 477 690 784 807 833 987 48 62 61 51 254 330 391 395 587 625 663 695 780 787 823 841 875 
381 496 668 794 911 999 498 533 646 707 829 955 985 
113 389 559 580 930 972 214 148 174 310 383 729 732 761 842 
13 240 136 376 477 514 532 629 716 740 58 137 222 232 64 83 38 189 413 538 699 738 765 809 976 
217 354 421 681 765 809 817 232 127 23 152 430 496 642 658 673 828 844 992 
12 52 341 392 614 790 99 191 66 94 368 728 763 874 923 
201 207 133 161 154 214 152 318 361 476 503 534 630 818 888 907 921 929 170 115 79 45 91 253 137 10 298 317 384 491 526 541 594 600 612 651 656 728 759 770 817 971 987 990 994 995 
313 321 324 378 263 69 203 104 695 758 844 
249 327 485 710 718 870 903 935 199 154 112 232 395 414 560 667 673 707 745 767 
434 662 717 984 184 343 513 640 731 967 
135 558 642 722 793 61 202 265 425 631 765 817 1000 
231 409 435 455 749 893 992 145 189 349 404 498 543 552 599 650 805 860 903 
241 16 225 169 635 759 813 188 207 13 171 309 413 483 508 513 694 941 
61 144 157 573 599 926 1000 243 215 260 259 178 452 655 740 853 924 945 
227 181 303 324 670 997 262 304 361 393 417 438 571 731 819 885 976 
430 440 493 961 962 65 21 47 729 885 892 926 927 978 
112 116 228 107 189 273 94 181 313 437 452 523 605 624 905 970 997 54 158 164 202 258 260 138 230 161 219 288 315 323 361 363 414 481 588 635 638 669 710 809 849 924 973 
367 461 514 629 217 114 101 342 452 550 747 981 
81 59 54 139 383 466 618 779 853 923 30 281 253 309 322 395 414 477 523 645 804 824 854 930 933 945 988 
144 361 599 630 818 7 24 21 237 572 634 719 806 
219 361 490 497 415 472 567 645 860 872 945 949 
67 296 181 112 238 273 321 457 464 492 509 671 890 933 211 17 120 49 131 253 331 337 415 424 462 567 570 597 659 679 694 752 781 790 828 
235 113 530 568 776 829 857 188 266 296 366 433 454 874 878 894 
108 392 565 632 737 895 910 236 121 449 578 629 757 771 818 859 880 970 
143 14 121 326 805 821 865 961 177 214 279 193 488 658 660 674 724 816 839 893 
180 215 454 536 553 645 945 947 967 976 77 38 81 385 423 470 516 634 636 699 728 729 780 803 864 924 
218 210 33 102 413 427 439 478 505 527 594 637 663 668 732 825 4 24 163 134 227 106 159 211 192 228 41 416 418 480 481 518 534 634 635 680 698 838 844 875 937 997 
202 345 438 512 683 300 294 22 686 764 896 931 933 
145 210 369 381 911 284 269 149 664 675 735 
258 588 664 784 102 230 441 596 693 883 
388 389 447 600 105 50 346 405 485 762 
181 289 94 86 4 298 238 208 324 375 378 449 457 464 555 701 943 997 186 173 220 135 175 119 335 404 419 430 504 514 520 601 648 710 711 731 758 759 845 850 856 860 884 923 942 
113 82 447 580 634 882 885 930 972 258 272 318 330 414 457 475 512 551 583 584 588 596 620 826 
88 210 10 102 145 343 381 527 542 640 648 663 732 775 866 999 137 188 258 171 77 298 344 367 371 392 463 482 525 530 658 759 797 856 872 899 926 974 976 980 994 995 
194 228 437 464 612 170 122 104 338 827 934 938 996 
88 47 115 334 370 413 819 825 288 132 362 445 446 565 569 766 780 856 896 935 
288 6 152 157 34 144 154 401 442 573 599 650 767 777 977 986 97 249 47 110 92 130 314 26 155 413 417 484 510 550 561 574 595 616 740 816 900 917 957 964 965 997 
218 102 88 343 369 439 478 594 694 770 819 842 17 202 113 21 12 201 258 377 388 424 491 494 532 721 779 846 856 868 936 989 
147 257 121 424 680 962 67 202 152 415 512 630 687 733 894 
289 303 18 661 670 943 58 56 101 239 42 411 491 551 584 613 924 
177 366 627 707 300 226 210 139 551 584 681 965 
372 768 994 998 139 298 246 335 407 528 565 865 
296 44 313 112 289 244 452 661 144 54 177 42 370 389 438 559 568 724 779 793 948 966 
199 708 792 960 19 114 99 33 338 478 934 993 
306 96 363 430 433 472 617 731 758 766 865 961 140 93 22 123 219 264 421 623 633 678 712 732 740 804 828 984 
123 290 264 159 480 669 71 233 107 149 492 700 809 988 993 
415 458 511 812 154 123 144 22 562 701 702 908 
249 331 411 473 918 8 436 505 551 671 713 790 847 987 
241 272 342 644 790 894 995 996 151 269 265 314 282 263 93 177 467 558 601 661 681 
329 163 474 872 903 303 63 265 13 181 353 790 807 
122 395 546 721 831 251 54 605 659 663 703 736 860 895 
389 404 537 580 723 724 857 930 4 148 42 363 451 464 570 841 862 894 935 958 
317 370 637 663 239 232 18 565 591 647 654 906 
237 68 114 173 123 411 417 529 571 582 651 710 867 273 218 198 323 313 93 116 225 459 466 481 487 638 656 707 778 868 873 907 909 938 
363 535 699 713 758 865 274 127 195 129 644 785 862 884 980 
203 245 197 40 564 586 664 740 987 232 303 10 534 539 593 652 713 760 828 884 891 910 998 
139 81 667 779 316 325 378 534 577 620 
146 17 13 245 367 461 601 690 728 77 253 340 374 594 608 726 752 816 851 910 915 936 1000 
230 199 166 344 626 681 750 812 235 154 339 362 538 624 662 699 706 816 865 940 991 995 
272 287 169 414 591 851 934 984 198 154 122 251 393 421 594 754 855 875 893 905 
225 330 52 520 591 614 759 843 878 894 910 944 136 5 299 21 382 440 475 483 514 543 544 621 642 661 753 778 784 856 
319 315 595 732 752 819 81 291 175 255 517 573 683 789 970 
166 340 250 137 475 502 551 622 164 90 315 249 197 520 565 567 604 650 713 962 
309 596 679 954 181 515 517 562 629 918 928 981 
240 482 532 690 312 208 483 624 800 945 
203 557 586 588 979 983 77 175 385 490 634 657 707 726 828 846 971 
255 113 603 747 112 153 61 351 624 991 
232 139 160 460 869 886 971 115 293 389 565 624 640 642 689 697 844 947 953 
209 55 164 371 479 700 725 875 199 269 13 369 426 581 587 612 614 618 637 638 791 811 
185 202 130 167 366 399 494 606 787 861 884 916 917 348 221 150 237 249 373 429 436 443 516 544 554 579 591 634 646 765 793 806 812 869 
97 100 171 572 604 656 711 781 838 106 114 203 232 401 413 444 456 498 565 641 653 816 856 
137 8 217 541 689 708 830 994 19 101 9 331 77 143 378 413 439 489 690 805 823 957 
286 372 681 741 856 73 364 365 597 699 798 872 935 961 
46 50 538 780 804 40 165 565 571 700 860 
269 282 56 198 173 195 485 581 682 773 817 970 
195 5 46 608 780 920 931 77 222 460 728 817 822 835 845 904 
418 468 678 967 280 104 174 399 493 578 
164 253 125 371 613 816 81 421 571 663 697 757 885 
470 627 641 744 102 406 414 806 865 941 
288 302 301 420 426 442 476 534 573 650 767 818 823 888 889 904 921 156 15 195 212 296 70 21 77 298 411 489 495 508 530 600 638 643 654 662 681 692 704 757 864 892 915 961 
159 394 451 669 771 844 317 340 107 404 427 548 741 749 823 
257 211 121 143 96 336 326 424 450 456 508 584 720 758 805 21 180 139 167 13 298 154 129 333 225 25 381 534 658 661 676 707 770 776 781 819 856 890 971 
30 220 132 182 556 659 915 991 354 39 81 250 231 558 681 711 788 823 847 916 989 
257 150 424 440 584 754 354 225 515 690 694 734 817 854 984 
106 351 322 548 683 827 828 850 304 200 6 78 190 582 734 742 780 844 948 980 993 
79 146 339 151 136 245 299 13 240 504 562 589 628 646 655 690 704 728 772 784 138 175 70 218 211 49 315 219 81 279 163 368 435 442 463 508 558 580 609 669 700 714 725 731 812 816 824 826 883 962 
159 379 407 480 243 367 287 641 682 728 932 962 
319 102 310 413 663 350 260 464 480 501 749 779 780 834 
334 145 243 317 623 674 950 225 59 324 31 407 423 617 656 810 847 857 972 
350 37 71 359 479 519 700 725 782 816 864 875 924 177 315 245 215 43 191 44 159 218 573 580 612 654 668 719 780 817 853 984 990 998 
323 354 138 111 475 551 681 729 792 812 817 941 254 251 182 426 450 476 585 616 623 629 646 663 690 775 793 795 831 845 907 991 
215 645 763 902 967 154 259 351 69 276 607 816 952 953 
195 246 435 455 484 488 528 538 757 774 21 216 37 121 245 168 339 403 411 433 501 585 663 710 793 
4 313 208 112 238 583 677 879 970 211 176 235 14 625 645 694 813 894 955 962 995 
285 13 239 258 504 784 919 219 248 88 205 385 421 435 566 764 806 824 
233 45 471 504 562 983 319 218 48 486 611 633 750 915 948 
208 289 112 238 194 313 228 452 457 518 555 583 753 773 832 836 879 997 232 191 170 338 36 268 155 96 160 353 381 514 536 542 570 608 622 663 664 737 761 796 800 826 827 851 895 904 907 
159 368 105 417 467 473 669 718 762 820 824 874 253 190 95 160 124 49 472 516 553 559 600 630 698 802 813 818 889 959 
259 103 404 600 747 776 793 980 275 238 192 129 81 187 498 608 806 853 890 896 
283 145 310 315 648 663 668 866 966 59 27 118 378 363 395 487 499 602 729 818 830 857 871 883 
76 246 129 175 79 93 342 36 534 814 816 
59 91 300 610 618 667 971 191 272 122 284 440 551 680 791 836 851 948 
143 222 540 806 203 26 288 513 753 868 
73 51 556 597 659 730 734 789 129 376 307 347 172 732 842 856 868 923 951 982 990 
36 136 728 854 858 24 9 237 582 645 676 686 828 830 
132 51 30 142 915 150 4 32 394 452 467 489 614 974 
21 135 312 186 469 559 619 634 638 676 723 726 776 793 857 868 980 169 76 219 164 3 46 319 64 137 432 497 561 604 607 610 614 678 721 728 758 763 766 791 816 920 966 994 
236 284 127 333 149 312 186 2 603 703 747 882 980 238 30 349 88 324 442 449 457 474 552 661 680 707 732 749 836 873 886 986 995 999 
210 623 684 819 164 201 490 676 729 780 
169 616 673 801 984 995 105 200 282 407 415 685 720 758 776 
287 305 414 419 565 759 769 969 984 996 315 239 46 203 398 417 612 689 710 799 802 821 838 923 948 
25 621 848 994 219 341 296 465 661 737 
249 114 66 101 163 362 473 485 582 669 710 845 872 387 206 200 164 155 180 215 67 225 395 516 638 665 699 714 828 858 878 957 961 
216 187 332 222 430 584 590 617 751 806 831 962 200 75 260 290 381 394 23 270 300 282 113 420 571 582 618 662 724 793 845 
107 95 238 671 940 11 121 207 604 663 689 730 744 
456 584 713 913 962 635 671 819 891 911 935 972 
91 212 232 160 43 65 618 687 899 971 92 392 238 186 420 444 475 485 504 627 702 707 804 932 947 
351 202 177 234 438 512 548 627 641 683 695 707 828 861 884 358 225 34 58 129 186 428 433 450 461 594 602 607 616 618 648 672 764 768 776 794 812 867 993 
484 538 931 965 992 77 118 452 515 833 887 
318 74 490 1000 95 253 352 527 670 859 
462 902 945 967 155 434 477 483 625 903 
707 822 828 954 374 442 452 502 593 616 
333 21 380 408 658 714 724 880 268 313 362 270 293 599 640 709 725 801 856 867 953 
276 431 556 597 659 789 922 978 195 312 8 26 482 501 614 735 738 816 819 960 961 962 
414 434 790 878 193 360 195 430 476 760 949 
280 368 480 718 820 323 391 370 167 476 645 757 976 
404 255 653 972 191 480 532 708 818 846 
29 293 481 495 660 780 4 194 28 648 711 786 832 
851 934 984 990 237 556 706 781 787 816 835 845 
159 329 24 335 515 874 948 321 361 236 186 374 551 580 737 764 859 878 1000 
62 485 631 718 111 281 618 737 745 875 
115 33 243 369 317 155 158 308 42 427 439 542 570 623 694 775 825 966 318 352 7 285 177 353 211 29 230 294 61 440 503 516 523 627 718 723 785 787 837 839 863 899 944 957 990 
225 341 3 176 392 406 118 422 459 565 614 737 785 813 878 934 936 952 990 24 360 74 174 208 300 298 290 128 63 314 96 211 420 530 566 638 642 670 728 736 766 779 807 840 883 906 913 950 957 
199 137 230 328 111 184 458 491 513 547 551 681 708 809 873 897 994 391 241 303 74 302 108 167 320 429 457 495 510 569 579 630 638 656 726 735 736 747 760 895 903 957 992 
432 452 457 661 932 129 209 267 308 473 475 604 856 865 
335 379 844 845 918 392 296 318 479 743 802 931 994 
58 180 358 615 645 949 308 121 69 655 695 714 747 962 984 
176 392 565 581 895 936 313 68 238 102 600 808 898 994 997 
93 361 193 144 53 573 649 652 840 986 121 29 84 398 107 395 22 69 414 462 480 757 793 878 972 
286 230 25 502 622 876 928 205 359 376 202 326 341 76 476 523 805 859 
414 176 801 996 114 40 597 714 784 817 829 
513 551 689 998 307 370 514 523 635 878 
365 363 320 743 154 319 303 232 556 861 886 943 
85 36 514 636 218 292 464 544 685 726 995 
214 361 48 476 573 840 372 169 77 350 502 512 609 658 673 730 984 
413 155 210 102 308 999 114 2 60 195 362 534 646 830 984 996 
77 21 183 103 219 399 215 62 11 523 735 971 
710 718 872 935 948 415 85 351 141 31 635 696 782 
121 211 395 297 326 222 83 617 754 806 112 286 184 313 406 553 618 655 661 716 759 956 960 967 982 
51 220 405 11 266 465 560 659 978 227 153 466 477 536 591 596 625 680 731 767 774 781 868 948 
416 4 112 273 846 905 933 145 40 21 388 484 663 681 813 828 875 917 993 
122 326 168 275 472 590 865 304 9 229 180 374 152 399 691 746 984 995 
12 406 291 225 84 616 790 996 86 253 186 402 100 133 129 723 735 820 875 922 
15 293 374 76 50 129 526 625 660 780 892 959 367 376 150 234 96 18 19 98 471 494 548 555 627 747 759 770 808 828 838 
271 585 735 853 886 899 329 9 168 220 351 763 832 860 991 
298 95 112 316 228 452 555 672 214 281 184 505 585 626 746 806 849 856 872 875 
177 309 106 202 185 399 512 548 561 611 641 679 683 707 787 828 916 35 246 95 75 324 121 230 275 7 176 296 490 506 534 586 613 640 659 669 673 762 791 883 993 
413 33 319 308 248 105 353 649 680 947 
365 297 187 731 754 805 938 962 383 189 413 342 458 462 579 637 669 747 776 873 883 969 
274 113 21 633 638 972 311 30 209 270 463 591 759 783 795 912 968 
229 318 61 361 490 503 534 649 738 777 778 823 1000 389 403 367 122 272 135 450 457 523 629 678 753 815 838 867 894 923 940 958 987 990 
105 480 515 948 153 2 351 779 834 984 
2 141 113 530 194 100 352 398 594 604 659 955 
167 202 596 606 787 213 317 183 453 524 564 693 718 942 
620 635 662 673 894 958 984 995 136 317 171 156 97 471 473 474 560 683 864 893 954 
314 312 530 603 829 882 210 163 175 231 253 450 500 565 584 715 948 
84 12 737 759 887 224 196 79 161 572 604 628 692 948 
313 44 227 87 189 95 464 523 672 997 215 177 389 264 305 13 235 96 623 717 906 978 986 
188 363 257 211 122 584 680 758 372 447 442 164 399 561 851 912 915 973 
264 362 173 485 515 571 860 867 168 215 84 117 38 77 18 333 129 138 735 796 
194 324 416 117 437 298 378 238 87 244 464 612 661 901 905 943 295 387 400 13 81 195 160 403 299 137 475 484 485 572 592 601 678 767 788 819 820 837 894 929 954 
230 64 475 502 765 873 251 225 445 512 534 560 585 995 999 
19 58 307 215 563 945 967 976 29 203 156 232 304 455 576 659 736 762 
374 76 293 608 113 454 509 663 708 818 
363 122 222 397 584 590 699 226 352 245 106 229 541 585 671 757 775 993 
303 378 238 416 117 221 228 313 997 314 156 415 269 442 389 151 475 581 599 630 934 972 980 996 
415 328 809 817 162 232 440 154 841 984 
3 272 414 169 118 737 759 993 33 335 196 235 566 723 731 774 842 850 904 970 971 
232 59 160 179 349 81 65 134 170 466 899 241 275 208 357 49 210 112 129 495 563 635 666 724 774 905 914 924 
339 299 240 772 399 466 722 980 993 1000 
58 402 563 615 645 666 947 949 967 25 158 53 440 420 303 260 491 529 667 781 906 932 997 
153 656 838 906 367 441 235 315 761 897 
449 107 221 4 452 303 313 238 189 116 316 670 905 970 425 177 251 333 369 167 471 581 591 630 683 759 784 790 794 795 810 812 819 843 873 978 
431 30 132 560 597 761 991 393 251 113 1 180 481 567 641 862 
59 170 300 232 460 500 544 585 899 971 102 431 259 335 461 137 553 580 600 660 662 688 718 759 830 876 
379 159 675 771 872 387 330 9 495 598 606 755 974 
358 593 678 967 242 471 636 748 856 954 
388 183 634 642 747 157 271 510 542 625 670 779 786 859 
9 360 177 627 696 707 278 307 192 570 603 656 690 769 949 
151 377 13 589 636 788 464 446 468 81 435 569 638 824 857 889 942 
326 433 806 962 218 302 148 379 626 910 
379 394 329 739 112 29 446 416 164 806 813 
237 331 485 800 814 820 860 872 896 389 202 220 446 230 229 73 199 585 615 623 656 668 744 878 
372 89 453 217 344 551 681 768 809 830 151 314 457 256 342 77 176 168 398 416 131 452 570 586 598 757 991 
93 426 288 201 361 28 534 599 647 840 946 968 406 407 60 372 143 421 278 518 613 622 626 659 673 761 787 836 875 908 949 961 
285 282 85 601 402 117 132 300 431 580 702 843 
47 10 308 319 325 136 108 608 617 994 
371 164 205 125 350 579 700 725 864 240 272 255 417 230 250 582 707 722 752 828 890 957 989 
368 407 443 123 327 114 485 651 669 867 896 369 308 268 128 195 420 408 488 542 585 608 656 698 831 878 900 966 978 
409 50 27 484 488 625 757 80 465 335 56 259 238 298 308 830 837 867 
258 346 504 987 237 405 182 315 630 961 
110 21 141 543 619 714 868 930 972 244 250 346 294 34 402 342 607 665 683 685 781 858 959 979 992 995 
400 15 481 374 538 660 432 71 452 65 222 318 650 674 747 758 947 
105 412 394 451 98 290 480 474 531 571 631 800 824 844 860 872 874 13 312 167 356 171 45 398 183 452 502 530 559 562 588 603 612 671 679 758 775 791 797 819 851 909 924 
2 135 619 714 210 377 232 618 739 742 
202 641 679 736 787 828 852 955 985 219 196 29 381 335 51 50 184 21 710 817 838 862 997 
251 46 481 374 804 480 306 731 819 888 997 
60 58 215 80 536 545 598 645 678 826 945 967 143 150 353 55 361 157 144 387 514 516 542 590 600 731 768 795 803 845 899 
74 401 302 201 442 554 968 270 44 438 94 390 164 347 518 656 771 893 
111 415 513 689 810 876 288 218 321 462 319 504 563 719 735 798 972 
112 107 303 671 997 79 327 570 629 650 740 819 856 
297 211 751 806 78 358 649 697 918 955 
177 351 641 827 828 852 884 45 86 435 87 319 181 673 728 766 805 940 
226 231 7 409 528 764 467 415 85 9 460 11 361 555 592 714 943 
42 283 640 663 694 286 232 19 502 603 616 792 997 
48 39 207 302 534 849 388 514 533 654 698 844 864 
85 36 203 504 636 654 784 797 858 983 380 352 11 293 283 550 561 583 731 738 753 819 901 917 943 
148 725 755 782 816 925 269 27 183 108 381 532 674 758 764 
43 466 567 585 779 881 106 20 447 711 771 774 798 946 972 
23 183 38 558 829 835 868 369 98 199 374 405 504 618 648 725 789 900 
421 453 184 344 262 551 681 809 856 426 403 496 49 122 211 485 115 528 649 715 762 800 845 875 
442 288 229 516 778 840 242 269 413 607 669 711 758 875 903 936 
367 203 482 79 85 498 376 377 56 601 602 719 49 398 313 2 157 230 261 253 491 122 501 604 638 725 927 998 
88 308 539 775 966 329 437 4 53 525 563 695 940 
230 551 592 681 689 147 438 176 516 553 727 963 996 
13 203 586 664 858 224 508 556 560 614 624 650 725 898 
96 363 147 14 590 731 758 766 805 821 834 962 273 294 507 197 82 4 208 94 367 361 537 595 599 669 737 747 750 852 947 994 
303 523 661 940 200 455 129 707 899 986 
128 171 100 572 604 786 841 318 415 68 177 469 110 3 551 792 809 865 992 
137 328 622 830 856 77 73 9 624 879 881 
438 309 399 683 744 811 884 955 426 314 453 116 196 320 656 812 816 847 930 972 
250 423 213 217 415 491 281 729 746 810 830 876 182 294 291 267 29 105 384 122 557 572 632 645 688 735 807 851 853 857 971 1000 
99 285 245 197 299 425 92 589 858 497 313 423 378 489 342 578 687 811 908 950 962 
451 411 443 524 706 808 365 142 122 345 218 400 94 621 636 646 681 
39 74 152 219 53 503 599 649 650 652 802 840 888 904 379 307 76 210 394 351 258 506 89 115 489 413 220 18 531 537 572 618 725 740 746 759 995 
22 196 113 722 345 191 343 693 750 971 
4 221 378 890 476 267 121 143 308 490 527 570 708 740 
371 700 816 875 179 280 100 161 651 944 
169 342 635 737 759 790 851 944 95 106 313 344 80 30 564 598 645 820 
27 749 774 893 177 268 126 587 766 793 
113 600 638 676 139 114 534 551 748 945 
509 18 449 117 87 298 238 228 624 753 940 970 300 421 196 442 413 423 428 553 570 587 595 653 659 680 747 785 835 857 920 974 
264 515 844 845 203 140 445 615 735 796 895 
281 89 541 551 809 817 960 989 267 122 63 505 14 315 554 630 636 638 721 726 801 811 
15 435 226 608 757 804 892 893 288 117 143 573 686 689 714 795 860 867 991 997 
210 145 315 308 637 819 72 401 193 518 564 622 713 738 887 
246 495 374 231 502 323 532 635 729 906 
335 163 688 710 762 14 253 257 462 612 616 624 638 958 
21 444 259 186 447 304 619 633 653 658 726 835 930 74 58 73 361 106 27 414 485 258 117 315 240 540 565 575 694 918 934 950 952 
485 114 675 800 232 516 146 641 699 819 
268 346 285 796 408 169 499 528 319 686 950 
253 205 700 725 875 246 283 257 497 226 636 804 826 968 
361 252 154 442 497 476 288 573 599 649 778 791 818 849 926 1000 382 183 338 337 215 278 186 522 163 427 453 438 50 308 21 13 363 598 613 761 806 916 930 980 987 
336 122 584 766 805 142 40 71 153 200 691 
307 80 58 489 431 119 378 221 638 672 727 835 
333 20 569 576 634 642 760 957 516 508 159 87 59 584 602 697 715 719 766 929 945 
50 223 76 484 374 400 355 780 340 203 187 6 285 34 541 560 677 781 782 932 
505 102 174 570 623 752 999 222 106 37 202 121 337 617 639 700 918 964 
275 222 384 751 758 913 961 249 530 169 159 645 659 671 837 987 
250 353 525 592 830 456 538 288 624 730 851 
243 413 315 842 71 489 480 8 378 469 
103 259 483 793 342 92 293 759 865 895 982 
59 466 735 779 853 869 351 342 217 425 568 584 671 673 725 887 897 
489 58 563 967 91 240 583 596 701 733 764 
332 699 805 859 25 127 190 234 136 572 632 861 
415 689 817 909 77 50 114 549 603 642 851 917 
438 399 9 260 366 561 596 822 39 265 362 76 435 271 273 195 612 651 729 808 889 927 
613 816 875 925 547 177 274 587 699 911 980 
272 565 607 635 673 759 813 990 232 299 87 318 147 498 229 560 640 659 804 865 
344 502 89 475 415 372 213 423 525 506 622 626 665 729 746 792 810 830 989 994 321 242 510 522 322 28 314 30 18 240 383 411 329 60 576 637 639 640 642 683 714 726 800 824 852 893 916 964 
3 242 616 620 995 293 389 200 32 137 690 784 905 940 
307 215 58 172 593 645 902 945 466 188 36 72 523 430 506 379 558 695 747 901 
490 652 802 907 525 36 351 56 658 735 
313 378 437 670 879 268 135 435 495 174 723 736 748 961 
132 220 30 385 405 364 560 659 912 126 507 410 424 191 46 232 697 710 728 904 911 
85 13 347 629 513 195 579 604 735 767 887 947 
279 501 292 587 776 880 957 364 277 553 246 159 330 367 75 667 779 782 
284 38 224 388 600 692 180 485 324 379 161 111 655 875 915 
266 30 431 465 556 51 73 597 659 734 956 991 290 127 446 104 120 507 538 170 550 453 177 163 565 617 618 938 951 966 984 
260 438 548 596 683 837 954 498 450 36 388 318 89 28 600 737 876 997 
99 131 367 377 328 485 2 345 113 896 909 993 
462 545 58 180 454 215 949 460 505 491 240 623 721 779 972 982 
337 239 75 131 72 636 186 118 520 445 159 527 30 705 945 
414 169 419 305 392 84 550 118 242 673 748 790 851 878 934 937 984 993 36 355 560 352 344 197 145 317 184 41 259 114 237 530 447 277 334 349 323 208 226 663 745 751 888 897 930 951 
568 634 658 988 414 164 376 459 635 804 845 
265 59 500 170 271 585 302 106 465 344 303 167 661 864 885 
566 304 135 829 544 254 324 11 884 898 922 999 
186 21 537 653 726 243 317 415 471 594 710 753 782 934 
102 539 155 413 210 191 115 668 752 819 999 246 303 103 475 518 333 523 470 492 378 632 727 800 804 824 899 909 942 
270 485 78 335 114 451 256 710 762 800 808 845 395 359 247 233 102 250 182 208 296 355 194 596 626 673 687 689 829 851 906 985 
128 510 162 100 352 171 604 656 781 839 841 906 98 448 178 546 452 114 513 301 516 131 11 595 597 601 624 765 789 870 924 
318 426 420 534 295 361 154 371 109 343 200 126 526 594 806 812 
156 22 20 57 105 41 318 206 94 72 
154 61 649 986 530 148 608 625 668 924 935 966 
537 21 658 747 868 551 454 216 102 646 779 
169 581 785 790 58 105 144 338 779 905 961 
6 229 823 840 169 166 358 514 305 656 809 974 
164 148 479 253 613 643 864 925 58 557 219 440 351 415 215 669 681 692 799 883 970 996 
284 314 149 333 77 477 367 371 411 130 466 256 636 825 
419 169 577 894 457 350 356 464 766 972 
335 280 394 675 872 479 395 124 366 386 680 737 747 832 
112 378 375 116 612 685 753 900 933 314 232 498 39 545 610 630 635 653 686 725 805 830 841 
535 395 365 83 363 397 450 222 257 456 699 743 162 144 224 322 321 544 447 537 154 314 137 682 683 722 726 729 732 784 845 
567 436 43 466 500 170 610 779 853 881 908 923 971 112 474 453 202 5 480 210 77 437 374 46 372 456 653 702 705 844 879 975 991 
40 347 507 337 475 438 65 743 776 793 
558 156 127 196 600 282 523 246 147 521 115 549 350 729 
347 277 311 629 646 728 64 135 144 485 298 314 747 
131 471 367 63 514 270 592 726 817 828 853 
456 257 275 508 395 211 433 806 253 489 238 95 8 135 659 726 797 906 933 942 
342 341 673 737 878 934 123 351 464 88 431 159 441 334 805 949 989 
506 213 541 681 817 100 589 452 495 208 758 760 774 
553 468 709 945 403 247 232 228 337 653 
319 308 88 640 663 798 819 842 866 966 86 573 341 131 444 339 399 569 288 124 11 693 702 726 782 823 930 
88 210 145 343 732 819 825 911 318 523 250 253 572 508 676 914 945 991 
260 177 9 445 561 345 548 861 884 955 51 431 82 571 545 311 150 33 314 661 732 737 758 766 781 956 984 
560 405 385 465 915 978 572 303 144 181 111 354 422 674 933 
215 489 645 976 534 520 475 467 710 900 
295 534 318 53 301 516 476 630 652 929 1000 200 404 69 174 121 508 457 293 617 632 671 789 814 892 937 975 993 
312 380 522 587 135 38 559 77 156 638 658 714 723 793 835 857 930 988 247 361 466 182 257 419 379 288 561 157 50 51 64 489 121 606 665 669 787 827 838 845 859 864 925 962 971 
477 339 13 504 203 629 704 987 572 313 128 452 330 205 236 81 59 77 604 810 
258 203 17 13 36 504 99 628 654 728 784 8 76 169 381 537 399 114 138 144 610 665 695 699 723 856 883 968 
77 389 447 224 348 638 653 793 972 225 223 260 485 470 547 496 623 651 693 697 772 826 962 
97 572 128 100 510 171 352 656 682 756 781 786 815 841 906 102 344 53 136 557 448 388 225 504 61 396 601 242 95 444 76 416 645 688 736 737 750 844 873 
208 4 298 943 332 24 30 55 718 862 
445 167 351 877 600 58 207 467 612 830 
12 272 550 635 662 958 990 373 399 388 226 483 33 503 710 809 856 881 882 
46 357 7 246 455 526 175 29 231 15 76 774 804 862 920 378 478 480 75 115 575 183 380 109 43 339 615 629 632 645 673 687 836 841 878 882 913 942 
262 689 746 817 909 994 367 196 102 426 649 658 664 686 815 
59 139 585 383 602 583 39 388 757 759 
438 177 106 167 787 837 953 230 78 377 114 691 711 789 797 800 839 859 962 
44 112 452 583 18 316 697 933 997 548 485 350 606 288 529 371 392 171 637 645 647 683 725 983 
206 579 55 164 209 549 359 686 816 99 321 534 240 476 438 246 119 638 758 762 771 777 863 
342 272 414 169 287 974 984 387 405 507 388 350 144 30 724 840 
172 462 418 945 51 608 524 474 878 956 
26 108 434 52 391 552 635 644 673 748 813 843 847 496 403 372 211 170 25 183 65 17 399 529 318 7 686 725 751 752 775 784 948 972 
326 395 430 147 680 699 961 560 158 539 12 370 478 599 270 179 58 943 969 
300 383 398 232 59 779 853 908 516 501 560 399 412 395 20 350 486 430 751 829 940 
49 530 486 483 388 980 210 167 240 620 664 729 731 815 817 899 
552 126 446 813 887 969 314 619 338 707 806 829 972 
8 393 200 137 622 689 998 122 515 7 48 202 222 342 207 650 758 797 840 
344 511 551 621 421 230 378 124 476 164 527 673 796 847 868 952 
390 370 413 539 663 674 715 819 927 177 91 372 563 234 603 326 449 474 633 893 961 
298 523 4 117 238 95 670 836 933 940 541 507 348 349 29 511 572 21 340 529 346 630 720 841 897 
254 481 76 129 435 50 175 764 780 855 862 883 893 920 278 375 575 171 136 431 469 52 3 83 282 402 275 724 848 858 874 905 910 923 933 943 977 
551 137 263 64 340 689 741 989 994 221 476 179 94 571 472 120 437 122 146 852 866 935 943 971 
360 399 106 322 470 435 413 169 398 682 720 766 776 825 
602 367 136 240 979 448 222 138 159 149 257 
601 285 13 588 151 557 299 704 795 345 442 305 608 372 492 191 680 681 802 811 818 841 844 948 
161 301 201 152 252 214 288 599 154 647 650 691 904 946 968 583 320 464 624 415 482 457 194 263 525 379 237 228 172 632 658 659 761 822 856 864 882 944 989 
114 62 412 485 256 935 106 154 244 292 21 117 678 869 932 
305 126 644 673 847 851 887 995 546 4 570 608 264 64 139 513 630 57 599 787 810 982 
441 149 530 724 377 326 623 860 908 992 
469 22 537 566 49 2 388 77 110 314 722 793 882 972 351 278 347 225 307 301 230 58 257 48 308 250 208 697 717 730 779 791 845 858 891 948 
520 294 169 108 607 550 616 446 785 803 813 878 969 984 566 429 583 528 423 127 23 308 397 134 298 460 54 689 716 757 764 845 902 904 978 
72 197 498 425 471 564 41 79 235 218 145 468 580 525 65 533 515 307 688 781 787 856 
334 308 527 648 694 866 350 227 612 440 551 206 714 816 856 885 933 
20 600 388 113 21 82 441 522 127 110 77 603 642 676 703 726 776 829 885 957 24 50 536 298 613 81 187 525 76 529 267 335 504 471 350 394 415 361 59 414 668 674 847 872 884 914 927 928 945 951 
95 228 661 697 551 152 539 658 725 756 
315 594 496 88 158 663 715 950 66 291 550 438 35 349 551 404 93 737 761 772 841 882 
494 487 438 399 260 360 106 683 707 787 850 465 76 218 368 278 207 129 14 143 188 352 531 279 676 755 
77 292 469 113 638 537 857 868 885 942 56 551 547 342 76 80 102 286 349 257 414 180 687 856 878 971 
253 579 725 864 145 361 188 775 884 983 
272 330 616 632 336 259 87 809 826 841 922 
598 180 58 418 261 307 215 60 19 553 462 373 489 666 678 947 967 976 375 513 232 151 93 608 82 612 302 386 205 604 182 407 520 540 198 109 8 300 652 676 725 729 756 794 886 940 
240 17 367 588 268 36 788 351 283 427 372 576 515 18 688 984 
6 476 157 630 650 271 334 44 220 612 709 786 917 
381 174 210 637 218 315 30 15 399 244 501 409 313 707 779 
442 534 575 144 420 516 738 767 946 502 439 493 139 113 609 699 708 817 824 862 866 894 948 
630 229 647 34 318 361 516 738 840 888 907 926 293 621 484 185 210 132 215 344 492 20 507 661 664 669 689 832 843 925 934 972 
335 105 480 872 548 603 252 519 257 288 830 
420 554 599 516 914 645 337 184 135 830 954 
235 569 408 530 603 585 593 352 523 272 583 664 725 
602 72 240 498 795 797 983 987 147 497 371 334 163 361 55 780 787 832 961 963 
198 151 258 13 367 690 728 858 215 167 559 418 430 295 252 656 678 757 813 851 865 972 
604 572 171 162 352 128 463 90 109 69 97 153 711 756 781 815 838 839 841 906 272 265 490 232 474 210 655 94 335 217 480 30 288 512 470 578 149 370 415 663 697 708 714 736 737 765 900 901 923 938 
33 732 825 842 347 139 36 824 829 994 
21 566 2 77 576 600 404 530 676 857 315 639 609 363 121 286 554 630 426 306 693 736 787 921 984 
364 405 431 182 276 556 11 142 560 385 730 761 789 912 922 964 978 991 77 540 454 550 237 149 630 332 590 523 165 438 155 303 20 476 201 444 245 717 731 772 794 811 830 833 840 872 971 
195 484 435 409 466 278 306 842 867 884 
321 117 639 228 416 509 452 95 324 753 832 932 933 943 342 169 151 650 393 135 363 137 389 567 330 596 110 430 710 721 728 790 791 834 878 906 954 
607 12 70 291 192 446 759 952 466 260 85 80 340 395 361 99 728 738 758 900 930 972 
47 334 174 315 640 496 623 308 369 594 381 684 798 966 981 999 455 378 432 282 374 565 359 656 125 372 201 228 46 207 332 396 683 697 707 764 821 841 919 967 990 994 
337 507 92 311 41 72 919 145 653 130 650 609 310 76 378 619 696 733 986 
25 551 64 817 394 602 240 600 483 65 721 804 
261 645 462 248 190 947 460 23 742 748 792 859 861 
338 383 81 212 779 213 218 290 39 558 152 462 691 768 
115 191 145 570 308 381 283 819 999 275 240 638 371 226 474 19 575 683 686 723 750 771 873 
327 362 394 159 379 480 688 771 824 867 874 948 650 367 440 22 503 59 600 104 134 438 272 579 508 298 720 986 
296 464 4 624 555 321 671 61 225 136 469 414 281 401 175 710 757 777 809 
396 244 303 670 492 194 685 697 879 943 153 162 180 456 540 485 329 599 397 145 544 256 779 858 878 902 922 
437 449 194 227 846 138 399 55 79 103 536 754 792 806 
225 565 16 616 391 446 550 272 178 632 591 737 785 878 894 995 119 198 438 544 166 494 267 622 571 124 476 290 220 426 608 161 286 683 714 823 858 868 963 971 
623 370 794 825 638 306 484 597 499 264 
531 467 582 718 844 948 88 260 310 8 716 787 859 885 933 934 980 
21 388 658 638 236 522 703 169 595 363 386 101 171 645 390 641 771 843 987 
228 4 375 997 538 681 695 861 945 969 
358 468 19 645 60 215 489 763 826 945 976 452 159 655 388 442 1 230 326 631 699 841 857 916 935 1000 
487 438 345 736 485 154 57 303 706 919 
450 216 267 188 122 147 617 168 320 275 713 721 731 766 806 871 95 308 439 389 57 213 139 523 629 55 10 582 111 155 133 148 144 383 431 710 737 816 849 945 948 978 
354 89 506 502 475 592 372 281 230 415 138 340 25 286 708 746 817 856 629 246 231 180 579 330 60 432 515 240 677 170 10 361 364 322 238 690 693 711 759 763 780 804 816 828 906 930 940 
100 153 604 69 786 838 356 253 584 368 103 627 278 51 741 
512 561 399 309 366 9 438 641 707 736 827 954 985 668 673 483 464 122 446 190 584 663 254 551 13 612 186 343 818 874 906 933 944 
390 115 663 798 119 687 807 844 899 1000 
583 228 671 697 753 970 264 391 425 483 255 223 703 955 976 979 
205 125 253 613 700 864 616 668 526 386 609 583 24 309 532 976 
398 59 869 971 642 113 571 608 684 320 514 
669 98 529 173 123 78 739 771 800 100 135 164 604 513 646 466 636 144 736 961 993 
423 353 491 621 506 626 547 111 184 200 609 698 729 768 960 994 998 128 7 349 571 635 526 392 144 650 86 81 52 28 227 396 700 752 757 783 814 821 866 900 912 934 942 
655 85 367 79 282 17 339 346 13 858 220 365 552 262 80 353 681 86 372 470 756 793 824 878 968 
144 630 802 818 889 1000 145 433 611 667 56 535 890 949 994 
22 559 183 939 238 448 579 361 831 983 
280 264 159 710 771 814 844 975 445 177 164 137 125 139 594 681 311 603 79 658 517 791 
102 413 33 637 319 496 775 966 303 23 375 130 294 140 214 530 365 793 937 948 
399 177 202 9 827 828 861 602 164 159 245 282 154 418 289 677 505 553 
470 234 822 828 891 955 64 189 210 67 429 664 709 753 931 
671 612 685 194 116 87 639 753 773 905 932 970 349 556 634 493 663 656 359 603 537 202 808 830 840 894 897 957 962 975 1000 
689 792 856 928 994 379 188 480 497 308 742 831 840 930 
83 336 617 546 456 584 720 758 766 821 865 961 962 307 340 394 201 602 69 549 354 281 678 531 158 205 79 285 272 649 707 777 783 
479 519 533 148 350 371 686 816 864 875 689 367 94 116 355 539 12 30 59 327 102 761 832 844 885 
313 836 933 940 145 328 70 545 831 882 
114 24 159 706 948 146 594 398 585 328 477 830 851 921 
638 135 389 676 23 714 980 988 332 685 178 170 729 849 888 907 921 924 925 971 
601 629 367 716 858 272 12 14 361 261 112 759 845 
249 114 237 948 585 135 7 564 796 848 
702 105 515 860 340 679 126 410 725 837 967 993 
106 641 403 167 234 177 399 438 260 322 683 470 130 828 837 852 916 663 62 620 65 283 347 479 140 389 7 398 509 335 699 363 227 290 648 723 730 759 790 794 813 945 960 967 
415 325 353 681 873 989 994 455 112 649 192 656 95 408 518 15 51 787 898 
593 80 248 19 141 67 696 404 647 806 961 
163 429 114 693 159 290 571 335 529 394 739 762 808 845 860 896 487 29 680 217 374 116 598 137 661 569 313 143 211 181 607 260 392 298 199 556 670 751 791 834 877 
656 352 128 69 171 756 781 786 815 841 906 313 60 409 215 58 503 268 78 500 681 364 611 779 859 878 933 945 1000 
226 195 5 780 862 931 951 121 326 36 725 729 784 830 867 871 956 966 982 
680 336 397 758 329 527 344 337 798 878 
483 21 404 600 486 274 135 703 38 113 49 835 868 942 422 80 637 16 210 37 526 208 43 656 51 394 551 367 418 673 495 772 955 977 981 
10 33 623 640 950 537 502 265 447 880 912 
285 704 784 796 135 143 635 675 430 824 
192 26 291 801 851 155 216 659 250 634 449 227 925 929 
159 407 62 290 675 412 429 379 800 870 266 466 181 58 605 184 445 413 113 171 176 750 807 838 895 943 
136 99 504 41 22 371 537 39 301 491 122 776 
211 363 699 731 834 859 98 627 391 669 624 152 937 940 987 989 
332 680 122 913 661 388 88 525 319 665 145 563 
292 77 517 634 274 724 776 172 461 118 46 584 159 225 479 729 801 945 
31 77 333 600 279 388 22 793 930 459 555 11 668 18 413 211 140 434 602 707 922 
49 23 127 404 21 633 333 196 722 747 760 868 930 395 35 614 95 460 625 306 324 214 262 69 39 226 748 824 852 873 1000 
499 479 350 371 205 206 164 37 253 533 55 209 643 755 864 924 925 33 653 501 583 612 516 367 504 46 544 616 712 706 645 129 145 507 404 639 742 785 819 845 888 920 950 
82 530 388 638 149 569 235 760 885 980 525 551 584 425 88 339 48 347 594 590 415 589 813 814 818 821 877 
195 223 129 764 536 570 506 882 887 897 
45 655 240 588 602 197 63 367 386 339 983 662 388 494 414 307 288 27 357 368 30 141 661 556 287 766 980 988 995 
137 513 689 372 8 551 750 810 817 830 856 909 584 587 242 645 528 712 121 390 722 381 619 703 162 297 548 307 284 948 950 1000 
659 385 761 789 978 634 232 426 396 190 707 541 813 815 
188 440 720 119 680 326 187 508 859 871 962 488 431 291 221 498 154 367 240 296 489 619 459 313 659 770 773 884 
174 308 343 218 595 315 657 752 770 819 950 248 284 105 326 584 389 596 385 740 910 945 971 993 994 
247 33 825 898 320 273 545 664 117 972 
385 560 11 51 964 978 13 33 193 366 219 138 365 743 825 
81 544 436 54 139 104 160 853 899 971 451 310 554 491 405 415 428 557 513 33 434 524 159 844 989 998 
679 487 106 177 683 799 828 837 852 884 973 415 656 78 658 555 688 59 121 414 52 332 454 604 778 780 859 892 
448 52 305 192 414 673 591 459 520 759 783 790 990 995 656 508 412 604 582 561 680 640 63 177 393 53 411 596 229 378 739 780 815 830 977 
649 650 133 442 904 907 929 527 221 285 405 47 137 145 498 662 89 757 938 947 
710 473 688 845 896 486 59 31 737 248 816 829 864 968 
285 337 140 79 807 833 732 492 318 326 518 157 516 295 201 967 994 
626 354 217 138 897 144 362 128 682 946 978 
813 847 993 996 228 213 698 486 666 366 725 911 
584 424 121 859 734 53 50 145 586 417 893 
512 360 884 953 142 474 396 107 847 878 
102 42 819 981 290 412 565 221 785 943 
551 513 681 609 897 994 12 176 433 516 437 187 753 815 847 948 984 
348 1 469 279 724 389 576 20 380 857 868 882 972 435 553 484 66 508 240 124 248 582 415 138 523 418 440 86 104 588 299 761 893 
565 616 847 952 993 114 666 522 724 468 109 555 945 967 
293 129 254 521 246 920 215 222 369 106 72 362 128 159 134 389 
729 138 340 817 830 876 718 377 508 604 50 517 668 872 962 
540 493 395 865 618 616 710 565 219 765 941 944 
539 732 570 155 343 218 981 121 479 303 339 689 54 156 616 808 837 852 
685 107 523 583 378 697 661 940 498 177 384 696 746 342 442 257 569 264 187 884 996 
440 96 365 430 672 22 341 213 114 194 
499 725 782 816 467 21 641 759 781 867 926 932 
100 711 171 656 604 690 639 117 645 116 823 
223 526 76 195 481 29 175 7 374 246 780 804 893 965 305 635 407 689 35 359 475 610 139 420 21 456 361 655 12 670 738 759 806 812 973 989 
508 211 699 121 713 122 540 450 336 363 326 766 806 831 865 871 962 621 20 388 231 662 313 596 167 172 499 592 503 249 484 86 485 289 391 613 812 840 845 866 874 903 967 999 
550 294 662 737 520 392 241 448 52 342 70 459 165 801 847 851 887 937 516 49 56 435 37 755 707 610 186 430 464 681 315 46 93 757 466 313 543 9 441 704 288 100 863 868 967 994 1000 
724 726 38 22 537 337 592 276 13 226 415 406 843 894 
30 182 465 659 730 266 922 956 978 991 630 212 747 463 284 378 700 534 476 640 781 790 832 837 862 951 996 
529 571 710 379 845 948 502 214 613 312 438 454 164 74 879 976 995 
190 678 60 373 681 159 231 388 287 194 436 78 
727 129 625 226 495 46 76 663 376 309 545 499 411 635 78 399 821 856 
200 286 453 199 856 122 163 751 285 656 572 292 351 
508 758 326 119 535 257 216 680 699 821 865 962 728 52 627 317 521 494 50 414 261 388 166 537 581 596 774 775 787 972 
649 361 318 791 452 557 431 136 290 780 
138 475 281 689 323 149 399 53 667 489 940 
272 392 847 984 470 206 133 42 810 935 971 
145 88 319 732 155 819 731 215 288 129 363 435 928 
101 669 362 467 693 98 688 800 668 676 255 305 500 613 490 849 993 997 
75 79 367 461 788 603 659 122 640 714 172 194 220 
194 94 378 697 116 940 199 215 356 261 731 964 981 
521 374 608 226 251 231 780 863 951 89 258 500 203 459 460 431 592 224 766 245 164 9 141 887 
145 33 413 505 315 102 694 616 485 456 76 105 643 157 91 766 372 144 857 
558 156 722 380 49 388 638 22 196 304 793 627 719 399 129 391 363 81 240 440 76 586 174 891 923 940 
318 442 144 818 613 699 670 58 228 899 981 
503 442 534 161 230 13 335 736 342 819 
544 81 585 338 667 59 134 139 500 300 618 853 886 899 908 923 971 215 240 576 319 106 76 135 324 443 558 634 469 648 414 577 563 369 671 711 26 786 820 935 959 
625 538 712 757 195 774 355 435 409 124 357 129 855 893 920 256 371 317 162 681 369 737 108 366 390 134 736 654 282 307 21 88 202 767 800 815 885 886 
604 352 162 711 656 572 171 815 841 363 755 85 462 431 538 761 303 596 410 636 483 920 921 939 
164 499 755 371 816 121 594 558 538 569 429 968 994 
272 176 241 737 790 441 699 689 215 50 915 945 954 
311 282 367 716 498 376 602 797 584 712 132 342 552 616 422 159 464 275 888 972 
577 126 635 673 414 851 974 993 725 336 50 745 25 235 100 413 523 948 
69 682 711 109 604 510 838 46 647 151 409 137 253 186 779 469 147 853 901 
438 106 641 611 487 130 351 445 177 877 917 973 636 23 282 708 675 632 221 158 90 654 600 766 410 658 413 476 821 893 931 995 
646 198 772 471 796 919 47 452 112 254 364 867 920 
405 11 385 730 659 611 343 599 572 501 228 110 851 870 
577 434 565 126 406 287 520 84 783 737 330 851 936 995 34 246 85 174 303 464 707 235 144 329 124 761 76 114 331 280 661 795 836 930 954 989 
157 767 144 219 534 152 154 823 438 388 634 383 693 710 165 269 485 661 350 853 
551 372 325 698 812 928 666 510 672 173 115 496 815 
292 135 380 543 600 388 603 776 634 723 857 972 690 694 324 372 351 85 395 586 233 118 374 420 122 521 62 40 841 929 962 
674 174 47 283 155 707 659 645 194 173 399 464 884 
629 654 79 92 464 441 790 372 272 489 145 526 
788 17 716 532 979 705 230 200 33 524 451 378 622 848 
654 498 56 784 96 621 485 228 611 315 590 988 
663 684 594 218 58 354 500 713 112 491 
260 736 9 861 579 218 392 18 823 991 
101 159 571 718 474 688 485 771 531 570 346 378 260 502 198 551 9 780 253 611 810 812 967 968 
178 422 391 717 759 192 878 199 722 525 404 842 848 881 973 978 
691 61 554 516 193 889 58 379 629 90 417 392 825 844 875 947 978 
635 272 847 984 307 489 817 825 882 978 
757 488 526 608 246 355 120 46 29 855 920 963 398 665 570 300 681 566 82 550 203 533 117 32 326 152 872 905 910 962 
535 508 440 546 306 363 156 494 27 293 583 421 591 207 353 970 976 
590 143 211 168 384 257 493 758 430 395 680 472 859 962 62 473 132 7 125 620 757 534 351 228 672 437 240 376 301 380 573 360 134 709 56 858 930 
282 740 268 13 198 684 331 513 196 246 414 718 841 870 
710 515 571 66 419 697 752 435 548 919 
525 475 502 286 415 458 830 327 670 644 607 245 79 510 298 578 285 872 874 
551 729 513 491 464 632 800 769 370 601 204 70 
512 9 828 837 917 659 514 40 525 629 350 944 948 971 
372 199 340 792 328 856 464 399 800 351 758 512 253 757 367 573 819 
742 620 550 635 294 414 225 3 616 952 730 375 263 473 379 216 154 726 707 655 432 101 177 234 210 
474 237 693 824 844 948 975 689 726 599 382 272 1 235 853 876 
656 100 781 604 711 841 906 11 442 780 619 737 609 218 136 746 792 730 
253 55 519 359 164 782 499 549 613 755 278 371 700 875 924 925 982 382 352 373 388 637 198 228 200 512 318 739 410 306 367 339 201 210 405 214 340 681 178 680 819 837 967 994 
665 681 8 372 592 750 458 609 286 525 547 729 830 848 928 994 998 589 487 225 292 159 356 123 209 371 357 20 33 177 103 803 365 619 649 288 22 422 828 850 999 
201 48 534 691 777 361 301 207 53 288 726 629 55 29 257 305 381 408 455 379 683 825 857 908 995 
343 317 527 10 570 745 145 770 668 319 732 390 594 623 595 33 898 911 999 778 194 492 296 464 117 397 211 21 531 816 488 452 485 34 30 405 812 498 725 363 48 830 851 899 996 1000 
114 379 407 474 215 452 520 434 779 265 152 217 
306 699 222 766 508 14 913 726 392 663 764 689 787 906 917 943 
403 548 696 884 357 23 630 833 919 995 
361 154 442 791 214 578 889 946 362 673 114 799 228 55 259 162 594 756 353 364 282 880 
62 270 159 669 814 379 485 844 845 948 367 376 724 551 570 106 716 690 145 657 471 300 157 649 857 
657 33 733 308 218 674 317 145 247 413 595 981 627 222 818 195 803 272 98 13 580 734 262 170 802 144 864 960 991 997 
19 489 678 945 949 263 367 378 533 644 314 603 84 134 
695 366 683 494 66 316 48 96 159 600 378 928 
185 366 707 403 736 167 202 438 399 487 811 494 696 695 177 260 917 954 955 985 817 394 114 435 479 386 286 17 347 59 589 92 432 266 192 303 108 194 228 281 337 681 326 830 840 864 895 947 979 987 
447 501 186 21 638 77 23 568 304 882 154 657 225 238 256 283 272 620 47 739 571 422 618 207 244 831 888 
541 513 729 750 353 809 511 817 64 230 551 475 848 737 164 606 702 819 659 712 652 697 427 386 828 381 129 481 51 248 651 219 583 466 
758 395 275 332 962 203 692 698 372 701 22 480 829 230 
378 189 228 661 943 650 700 409 654 436 761 582 857 918 
740 282 240 79 659 91 400 1 822 840 
121 508 720 961 59 710 443 369 169 661 860 
501 530 714 600 536 523 410 357 890 918 
4 701 227 44 624 378 790 608 389 201 113 383 476 893 979 
202 177 811 611 736 561 707 861 877 953 954 481 144 816 452 752 17 198 413 706 64 145 540 761 858 864 
352 90 682 463 656 786 839 841 487 208 392 308 600 435 2 718 442 877 949 998 
838 656 572 841 611 226 413 185 306 972 
503 516 578 426 420 93 650 476 154 144 888 907 828 5 414 621 614 218 698 758 659 833 276 697 858 915 917 945 952 954 998 
656 604 572 838 69 839 781 510 109 711 815 171 906 190 282 663 629 678 110 644 624 333 458 212 15 154 807 583 81 640 608 793 855 926 
319 657 218 594 542 276 660 801 284 459 106 385 854 965 
616 12 272 342 878 464 676 760 477 105 107 650 862 
675 824 24 814 417 362 485 693 114 524 860 948 975 308 629 700 366 585 349 802 4 274 286 735 17 604 289 497 684 846 876 929 996 
762 417 710 824 394 571 270 256 739 524 105 68 860 872 935 948 725 91 395 584 704 489 758 635 201 566 634 502 357 195 115 410 372 313 600 901 902 919 976 983 
672 432 933 970 997 319 408 211 203 347 844 
742 759 803 748 632 769 616 272 937 958 40 512 638 102 364 744 41 746 329 622 370 222 228 32 893 924 
830 263 393 137 817 796 625 801 705 868 883 904 922 
534 219 497 1000 680 113 703 437 771 298 869 972 
366 641 202 917 313 459 817 201 934 994 
632 520 565 785 341 717 790 178 410 759 118 878 894 958 541 513 819 378 655 571 547 450 211 31 789 485 174 21 339 702 383 930 955 
707 177 736 494 487 106 973 243 22 114 626 752 508 125 724 551 127 251 898 
436 232 735 300 104 544 779 59 618 585 971 814 80 380 197 786 589 791 71 371 196 295 513 107 875 879 933 956 972 
386 40 198 987 842 300 94 230 365 210 962 
625 780 804 959 341 841 161 179 164 193 873 899 
681 199 765 354 812 729 64 511 698 137 502 262 281 897 989 994 363 319 342 404 317 642 630 416 492 602 116 275 468 315 607 109 313 352 637 437 214 385 636 764 878 889 
642 23 747 793 1 333 388 658 77 2 135 600 113 38 304 939 226 13 180 33 211 678 370 381 34 818 150 513 824 88 4 523 775 832 471 858 859 952 
507 258 386 498 514 63 655 245 690 704 673 857 837 68 122 634 625 182 4 483 145 10 806 840 394 671 961 
257 720 546 731 806 743 188 961 962 857 87 469 675 198 736 666 411 611 401 305 600 711 421 
163 710 845 706 474 844 451 485 935 948 332 251 834 436 293 273 633 355 271 113 526 302 117 313 879 992 999 
351 837 695 596 399 799 877 273 546 677 424 21 666 13 923 929 980 
608 129 625 195 712 883 843 336 333 761 605 649 465 247 487 
129 254 774 883 127 107 413 759 613 939 
371 686 37 579 278 643 700 479 164 725 253 875 925 739 630 567 828 18 228 10 837 497 446 202 600 825 56 307 361 868 932 940 984 
336 758 267 699 122 306 766 143 751 433 326 961 550 655 225 510 21 323 107 543 340 360 94 163 416 895 952 980 994 997 
637 381 594 315 274 649 626 689 758 875 876 931 
480 335 669 68 78 237 451 105 948 442 120 481 404 526 660 399 184 788 712 755 925 974 990 995 
642 724 135 388 483 747 714 274 196 576 501 957 245 673 384 319 431 52 385 232 622 864 36 335 848 43 759 899 933 955 
349 687 544 971 351 849 631 55 872 986 990 
290 718 159 874 789 202 572 152 807 275 179 
758 257 731 680 179 381 26 712 118 994 
173 394 467 429 159 474 651 582 270 485 845 331 638 135 659 315 804 869 43 750 354 178 148 809 437 186 4 302 905 922 932 985 
138 708 8 453 415 960 604 464 150 60 724 389 855 335 440 668 969 
237 379 411 669 485 870 304 170 809 625 195 113 758 683 287 958 993 
549 350 864 253 71 205 816 148 519 700 533 371 164 278 925 982 308 58 853 476 432 136 802 341 434 502 866 412 17 170 282 119 105 437 104 503 174 559 958 991 
421 491 750 513 279 154 466 561 175 844 814 866 
837 787 106 861 606 838 726 163 267 209 710 944 987 
342 843 176 225 565 591 673 851 414 406 635 801 894 974 411 229 480 671 661 394 423 474 253 615 420 642 856 744 116 713 304 711 608 690 929 948 
4 378 671 375 555 762 585 129 257 860 511 255 853 971 
404 558 149 235 305 823 133 241 119 185 715 158 
232 59 179 585 500 908 228 801 607 31 511 933 993 
314 634 829 447 747 113 389 235 972 727 230 630 178 69 608 58 607 264 803 640 701 941 945 986 
124 129 46 625 7 862 175 863 367 250 438 148 579 381 848 440 101 414 602 311 
744 494 822 512 9 130 351 596 399 736 568 753 794 731 241 638 643 154 660 313 336 166 337 947 979 
196 642 314 726 638 972 567 297 296 88 13 637 359 700 780 675 
179 779 59 349 436 780 424 389 645 903 948 
448 225 620 70 632 759 895 944 969 993 203 527 727 544 14 6 774 557 400 44 912 915 967 989 994 
650 288 361 840 516 1000 565 784 488 85 725 230 829 703 962 
361 823 691 802 93 548 856 471 379 195 45 
117 67 518 303 940 363 380 479 96 691 835 
234 696 177 185 953 222 43 634 776 397 337 
46 76 435 526 736 113 361 599 297 894 955 
757 625 29 7 293 521 526 780 76 836 623 341 847 787 743 446 551 33 490 747 306 897 962 972 
581 342 330 851 446 272 878 673 958 993 892 76 649 129 211 333 760 375 226 442 320 452 304 697 940 
887 419 305 974 995 865 828 718 524 378 543 415 332 94 
739 474 237 710 480 309 317 266 228 380 562 
746 856 138 741 415 960 994 893 727 565 4 270 163 624 463 269 697 276 544 
191 210 733 819 507 568 852 708 419 984 986 
779 398 735 460 232 436 204 466 139 868 684 570 619 819 855 509 777 315 58 489 413 918 997 
244 238 583 228 18 143 13 501 656 598 480 689 318 662 
452 86 4 905 933 997 3 553 498 786 656 280 845 981 999 
60 553 373 215 402 967 635 845 50 4 671 931 981 989 995 
114 290 163 331 402 758 415 145 886 293 503 
516 144 738 361 630 229 926 986 1000 155 262 635 25 244 378 459 556 357 848 180 167 950 997 
464 901 298 452 697 432 341 625 577 460 872 114 552 229 45 804 968 
109 711 815 604 572 128 90 656 463 841 35 414 661 449 528 681 195 462 683 334 821 571 590 936 1000 
61 288 650 554 738 39 840 233 228 703 176 335 378 237 372 147 932 933 
585 779 104 881 618 971 514 188 12 818 476 328 633 927 934 946 980 
547 609 184 729 994 570 231 335 485 562 995 
342 242 165 305 936 974 339 625 252 194 804 732 337 472 971 
310 283 595 819 549 397 232 141 223 742 556 920 
556 132 30 266 659 978 689 887 15 233 113 145 450 441 715 101 988 
540 397 721 821 414 137 46 608 920 933 
652 219 93 921 638 460 197 595 217 937 
387 182 597 364 73 51 30 991 887 377 339 361 95 216 106 840 450 559 189 783 984 
202 707 438 351 551 364 238 678 534 226 
787 828 811 850 351 498 840 647 318 432 547 278 821 
159 249 329 417 345 832 539 493 835 530 899 
664 788 45 376 679 663 822 845 16 808 
129 749 357 804 27 608 780 625 911 199 788 913 725 273 388 204 523 781 20 997 
361 219 161 914 154 288 781 97 91 96 658 703 702 88 989 
405 761 659 220 848 723 671 872 434 153 568 644 
300 232 134 585 271 779 971 392 385 313 442 625 656 776 287 861 40 935 950 
371 816 55 164 725 209 35 37 278 982 575 195 485 703 106 226 64 307 112 295 298 847 321 460 572 113 996 
816 549 864 499 579 725 875 600 4 703 63 717 867 650 940 991 
650 904 534 295 297 315 40 755 234 159 841 
88 218 243 623 548 638 103 297 908 504 954 
698 792 817 421 827 638 345 241 770 221 
599 738 288 93 977 878 31 793 844 452 537 861 717 135 
333 723 284 600 530 724 314 483 82 939 790 594 662 300 512 565 99 698 851 239 681 4 534 806 934 
226 120 357 712 76 400 5 902 173 309 417 866 696 99 787 232 164 943 
221 697 117 189 661 416 940 970 872 368 631 864 76 398 269 247 538 755 462 907 
432 612 846 303 583 661 901 273 194 701 624 117 997 853 913 683 300 597 625 637 868 156 133 590 711 245 675 881 171 154 309 907 939 991 
414 591 565 341 16 410 984 993 995 996 73 316 136 675 195 530 850 908 689 650 94 930 325 569 81 457 945 
631 62 845 429 114 290 24 860 66 317 626 333 354 575 678 51 275 779 397 923 769 978 994 
790 910 414 165 419 996 319 46 339 6 503 906 134 249 967 
565 759 847 995 599 79 720 914 694 117 51 308 
440 150 257 121 961 129 738 17 316 560 656 335 978 
692 113 930 857 863 167 933 180 249 257 781 
112 932 44 701 753 86 890 523 509 624 773 396 970 720 925 776 864 226 132 494 505 645 618 340 894 97 552 442 129 681 274 768 967 
8 372 262 199 751 360 294 17 882 984 
1 113 714 642 224 31 445 117 313 590 471 570 689 608 962 997 998 
452 671 661 313 605 832 321 94 424 617 626 495 498 821 718 745 85 82 625 159 931 994 
520 241 887 342 683 519 751 413 630 811 106 877 
215 615 307 454 678 826 172 190 489 553 180 593 402 967 976 564 85 537 722 677 346 638 522 300 934 111 154 295 302 595 882 840 711 680 748 707 783 732 993 
823 630 649 476 1000 240 908 77 110 741 41 139 500 68 
307 172 666 645 462 19 508 738 557 484 349 398 439 828 884 802 955 
675 66 824 705 860 443 669 814 114 844 762 429 159 702 845 411 867 101 729 634 811 448 392 694 431 447 886 785 226 366 12 46 132 166 629 383 616 680 649 878 76 324 117 377 746 967 
563 462 826 418 976 591 476 838 470 406 302 691 246 
218 370 145 640 732 33 715 729 514 923 904 414 272 725 532 530 
76 129 774 712 181 560 385 638 761 565 
748 662 414 813 530 840 865 622 373 857 94 
744 611 837 106 891 985 404 373 13 20 229 349 211 984 990 
561 106 837 177 683 828 403 345 661 652 452 248 783 446 38 927 468 790 252 840 272 
487 828 167 177 512 596 696 973 685 493 947 892 283 714 134 375 868 444 851 965 
132 142 761 560 122 430 853 615 596 712 
868 638 537 558 479 414 697 353 318 413 394 415 
607 851 847 446 178 894 984 529 233 265 875 168 76 333 46 442 874 50 
855 435 246 129 379 483 779 59 212 145 980 
873 689 525 897 325 989 825 405 129 707 15 430 202 
306 699 859 326 865 540 938 617 834 297 96 962 167 394 137 577 180 709 354 555 654 482 15 405 858 361 688 623 476 980 
859 440 961 831 297 397 806 320 119 83 766 758 472 731 699 508 395 15 514 199 793 603 854 251 942 145 367 888 600 405 697 72 344 368 80 418 375 611 893 804 750 
29 195 76 804 506 228 79 673 77 654 
11 30 734 51 659 991 279 94 551 539 318 21 773 
400 254 7 757 842 171 136 955 322 318 
594 505 210 694 381 663 413 480 144 324 712 388 560 177 575 967 976 983 997 
454 489 545 402 645 358 307 945 215 468 462 248 58 373 902 706 936 966 758 748 291 800 229 663 759 940 816 57 740 266 948 707 143 887 4 430 
630 490 476 986 1000 602 905 800 533 690 782 441 739 
620 392 635 887 873 440 677 112 617 983 
846 375 95 685 697 523 940 464 298 18 932 188 343 2 356 459 19 232 40 579 115 305 211 101 805 99 
134 59 779 869 585 923 908 383 54 398 687 349 466 232 204 853 735 139 265 43 673 626 459 428 113 138 288 347 195 703 659 513 517 58 30 910 146 879 642 240 363 811 135 769 600 732 975 986 988 998 
57 634 77 49 885 284 747 314 793 603 255 483 882 141 441 408 236 980 370 893 420 500 491 397 655 120 650 581 766 616 733 32 6 853 512 784 662 620 221 839 849 563 84 457 976 
955 736 787 852 757 450 79 801 29 298 
910 614 785 878 895 523 578 467 867 163 387 315 132 215 
693 98 814 844 192 697 83 971 210 585 599 
645 190 58 945 949 454 307 678 598 80 407 966 315 285 296 845 686 972 159 685 762 210 805 85 997 
929 193 318 154 202 737 625 714 172 147 
266 405 761 734 597 431 912 659 730 297 741 464 935 635 55 480 449 803 938 171 801 802 680 
628 85 13 796 347 828 884 836 685 483 988 
388 389 113 380 726 235 972 1 703 619 186 961 33 315 728 165 675 461 549 959 366 170 457 534 336 908 861 865 
663 752 745 825 158 95 773 902 901 777 61 345 299 714 
924 148 875 816 238 712 430 632 543 563 385 990 
347 654 377 728 498 966 643 612 845 185 969 692 163 2 
769 635 958 410 614 84 392 803 934 225 565 341 291 391 169 446 995 35 232 427 93 658 197 864 953 596 95 280 443 326 646 418 426 365 746 433 67 458 915 5 898 941 371 560 
683 953 828 487 211 872 283 90 204 201 571 210 
318 904 420 968 152 575 32 869 669 971 82 509 664 882 389 46 449 898 999 
654 482 601 854 240 337 282 877 176 540 236 442 676 534 288 828 329 720 
566 77 113 21 600 703 300 971 797 232 728 276 327 979 217 912 
856 166 525 708 960 626 551 994 735 790 902 159 319 757 887 95 630 921 364 591 720 479 
550 414 16 737 410 607 663 385 869 413 371 288 953 867 982 442 164 
465 659 266 132 30 364 964 560 915 761 825 372 925 29 799 60 436 340 933 135 585 475 348 595 875 165 526 
293 251 129 400 226 483 860 68 633 286 510 415 102 
748 459 565 785 176 272 225 934 894 12 742 887 945 399 562 438 771 432 688 327 599 31 881 874 706 111 732 325 461 456 366 13 
817 909 393 989 353 746 698 415 708 230 250 897 184 689 626 323 856 551 609 417 663 691 419 257 136 84 73 871 816 288 508 850 59 935 315 887 246 740 252 478 865 732 657 38 759 782 388 943 
552 673 937 984 446 330 895 632 169 26 790 391 934 737 483 315 787 822 867 375 197 909 818 425 389 433 59 193 267 340 288 516 728 762 902 453 
392 434 422 934 330 70 742 936 457 819 844 427 579 316 226 99 924 753 76 761 506 
492 298 457 933 244 846 313 228 612 378 296 221 677 86 901 94 449 95 112 976 207 488 246 561 258 419 966 496 942 865 904 899 308 49 22 462 257 771 17 487 272 825 215 262 318 526 920 1000 
689 323 817 423 621 263 735 504 122 371 942 337 971 840 838 
210 819 427 663 315 539 570 88 668 283 154 758 43 148 453 63 860 159 239 253 129 986 139 901 389 568 817 
599 252 534 295 849 144 904 401 154 888 691 229 946 442 968 906 724 339 43 292 684 819 997 88 711 729 211 759 202 411 513 678 461 697 16 41 177 151 
