1000 9704 0
517 568 600 776 215 363 365 371 468 663 884 
113 333 348 389 559 880 988 75 94 112 139 145 272 360 376 710 739 856 
392 414 550 565 76 145 154 250 590 929 
95 194 238 298 303 378 437 449 452 492 753 890 933 940 997 60 84 123 246 263 269 417 429 530 570 630 660 663 725 743 757 787 807 844 857 860 955 991 996 
246 608 757 764 104 288 570 731 800 868 
476 649 818 1000 148 220 371 455 508 626 751 846 
15 129 175 293 481 484 774 862 156 257 335 343 452 537 620 739 823 837 927 973 
138 372 415 502 621 626 115 267 269 403 521 534 693 736 950 
360 683 828 837 852 891 953 954 985 29 77 95 200 294 375 435 578 722 728 883 981 
47 102 413 595 637 775 121 151 162 195 360 367 380 438 618 
30 132 364 659 730 956 80 174 286 487 750 781 812 946 971 
169 565 635 737 878 894 995 43 64 69 214 216 278 358 485 610 612 794 905 
17 75 79 85 99 136 151 240 258 337 346 356 377 477 504 772 784 833 979 987 15 39 70 95 105 107 116 155 221 264 279 288 296 318 418 453 493 508 584 590 668 723 759 812 835 872 882 932 966 994 
257 450 493 751 371 438 479 485 513 560 
7 29 76 195 435 608 13 245 318 379 436 706 710 730 775 858 887 
178 305 520 990 40 102 310 426 442 462 891 
13 240 339 367 376 532 646 784 795 854 103 129 173 184 313 324 380 494 546 551 700 845 931 947 950 
67 273 298 303 416 113 115 177 360 366 714 748 781 833 
172 215 454 462 553 645 678 82 104 209 388 571 616 680 701 738 817 993 
113 135 444 776 133 271 479 498 635 689 780 990 
77 186 235 314 348 404 408 469 530 558 566 658 714 724 760 776 793 980 92 100 128 144 154 177 202 240 338 370 414 419 431 451 475 502 577 591 611 737 761 765 843 855 860 961 979 
49 77 135 259 304 724 868 882 942 73 138 194 203 219 223 232 280 285 368 384 409 426 689 774 
49 186 304 653 723 107 126 275 324 341 442 774 997 
417 814 844 845 139 351 367 435 452 664 680 
230 513 592 873 115 288 303 306 337 604 
165 242 448 937 124 145 361 634 653 779 807 
29 357 481 764 164 216 232 540 661 745 
144 401 630 802 176 181 204 370 746 945 
15 27 50 76 129 409 883 959 9 37 99 113 136 152 222 248 278 365 383 414 585 777 
11 220 385 405 465 556 659 761 912 915 964 991 81 145 146 180 181 283 302 331 415 456 474 477 565 608 678 711 725 987 
77 380 408 483 638 226 345 406 430 452 512 831 840 948 
74 490 791 926 98 303 312 600 842 953 
42 115 145 218 243 308 315 527 595 648 745 950 966 981 41 150 195 213 264 304 307 316 318 489 516 549 592 703 710 747 768 793 841 865 874 895 974 
144 318 630 1000 206 240 436 474 556 622 734 775 
253 579 700 925 257 302 405 567 785 803 856 
40 285 376 507 557 601 629 664 858 88 91 234 235 351 394 459 534 565 621 689 856 908 939 
253 371 579 875 982 29 252 411 442 1000 
113 389 566 653 703 972 302 395 433 514 563 594 758 
93 133 777 823 889 13 235 253 257 366 445 737 947 
36 203 245 386 646 858 983 16 133 211 250 326 364 381 434 659 753 999 
203 339 346 796 919 33 116 539 635 677 756 976 980 
33 243 842 999 52 129 154 372 459 971 
81 170 232 265 544 881 12 121 237 252 280 324 513 539 643 994 
228 296 298 661 697 111 401 456 621 766 877 
79 471 504 514 80 137 319 685 732 906 
76 175 195 293 374 435 455 528 749 855 863 931 122 131 161 164 216 288 307 405 444 525 559 614 669 809 849 868 885 976 995 
10 145 594 663 798 999 66 112 263 313 356 522 567 647 828 
318 599 650 738 904 284 371 424 464 484 528 548 774 997 
22 23 82 235 255 776 59 202 398 415 621 626 867 987 997 
29 355 357 435 484 625 764 780 376 418 436 475 498 504 597 614 640 642 650 760 802 847 
142 266 364 385 431 556 734 912 991 57 77 169 306 398 568 661 681 689 779 828 831 
126 446 742 759 790 993 42 372 390 533 611 627 818 828 965 
144 229 318 823 840 58 129 332 448 638 706 801 839 
59 212 300 398 869 95 479 634 638 733 989 
164 253 278 371 643 700 816 864 925 379 404 468 510 681 728 841 879 884 904 921 948 
131 146 728 919 73 219 519 806 867 888 967 999 
77 388 558 930 51 244 423 585 612 624 
60 172 180 215 261 358 373 489 615 645 678 945 949 967 53 131 201 207 257 269 335 376 381 420 479 486 502 537 581 636 637 673 757 759 855 899 
54 65 104 134 170 232 398 460 466 500 567 667 735 881 899 971 49 85 121 155 195 199 211 240 253 272 428 576 641 691 707 729 738 781 814 829 938 962 
58 180 215 248 307 373 763 976 4 198 383 478 776 779 845 857 971 974 
157 288 318 361 516 650 319 324 388 452 724 725 726 739 931 
571 688 844 845 918 140 330 385 553 557 621 818 837 899 
79 240 346 564 247 387 537 572 600 676 735 915 
281 525 551 626 681 960 12 391 412 420 542 583 829 933 1000 
59 232 338 567 585 971 154 282 501 604 633 813 825 968 998 
331 379 820 948 47 152 194 232 583 880 944 
18 94 697 943 297 435 483 683 777 831 853 876 
467 485 675 710 184 260 586 856 861 890 933 
128 171 656 682 839 906 12 85 137 253 364 457 775 779 875 904 988 
272 616 790 995 13 136 222 274 328 358 
371 479 700 725 225 379 415 422 737 742 817 905 
285 339 482 654 76 95 455 801 922 991 
182 266 556 734 22 56 410 579 760 901 
32 154 193 823 369 415 514 605 715 859 961 
13 99 198 203 2 115 364 424 648 989 
15 46 29 124 129 223 246 251 254 355 481 608 660 780 804 855 959 965 72 3 105 182 250 308 329 362 373 395 412 469 482 566 589 658 691 706 794 828 868 894 912 929 948 954 972 
57 22 21 31 149 183 196 235 284 486 543 566 600 603 747 776 857 9 51 95 136 155 207 211 231 249 254 262 275 305 349 367 405 472 542 637 710 744 765 779 790 809 994 
379 771 874 918 214 315 357 414 513 707 811 
63 13 45 85 282 376 386 602 629 664 113 142 163 287 439 464 513 516 580 617 669 754 804 856 860 976 980 
373 489 645 678 45 11 136 485 498 583 632 699 
43 91 139 271 349 383 466 735 908 971 30 144 200 292 432 608 716 722 726 755 825 826 865 978 997 
49 113 447 980 19 228 294 365 405 487 822 996 
320 363 508 584 205 244 253 265 520 757 
294 635 673 969 995 4 281 298 665 729 932 
79 13 277 367 386 628 655 664 797 59 69 159 171 181 202 221 236 359 567 812 895 927 956 
208 612 697 900 200 264 516 540 549 621 623 634 
112 509 518 900 114 418 485 525 565 638 751 774 
102 158 218 310 319 334 343 370 413 648 694 794 36 137 171 257 302 361 378 406 442 462 506 534 625 645 656 728 765 864 902 970 
421 551 689 848 856 128 206 489 852 907 986 
171 604 656 781 372 447 560 701 793 962 
81 466 618 735 779 881 36 188 426 570 616 892 905 948 1000 
269 367 504 636 21 215 301 442 668 790 
39 144 152 161 420 888 907 143 253 385 535 591 662 683 760 772 804 940 
67 189 238 313 437 449 452 753 905 970 2 97 121 139 141 219 314 388 625 669 688 711 802 813 867 971 
4 112 117 296 298 303 313 378 670 685 753 970 9 13 77 72 54 135 173 206 305 367 466 638 736 802 804 918 944 972 984 
122 222 456 535 962 135 159 386 532 571 638 791 853 984 
171 510 572 841 94 190 215 464 473 718 984 
706 710 718 739 32 441 552 584 630 785 882 945 
75 13 197 347 367 377 504 987 29 149 281 315 355 371 451 576 731 733 757 828 957 
109 352 510 656 756 838 841 21 121 179 285 476 561 638 661 714 
105 412 467 710 771 844 129 303 395 584 585 759 764 804 841 
88 10 115 174 308 570 594 623 674 733 752 866 911 999 16 139 189 225 305 372 455 465 518 543 547 656 724 817 877 897 937 968 970 
483 638 776 972 17 202 290 341 864 919 
59 500 544 618 853 971 5 19 138 422 572 574 672 782 841 
101 290 329 474 480 824 845 872 13 76 307 453 513 547 550 575 653 711 763 864 965 
130 167 185 345 351 399 438 445 611 695 707 799 837 122 163 319 327 338 391 434 450 508 568 634 645 655 667 698 711 712 758 885 962 
117 303 464 697 940 997 23 13 135 196 239 251 339 415 657 856 936 
342 759 785 995 164 490 551 747 815 908 
100 604 656 841 115 282 343 457 489 763 
224 568 638 726 131 265 328 525 641 680 
137 199 511 812 848 909 44 144 237 253 288 296 465 470 487 605 
87 95 116 194 313 452 457 464 523 605 661 697 905 2 47 148 214 237 334 339 427 522 690 721 733 782 783 859 862 875 942 
20 2 82 38 135 333 447 486 517 537 576 634 638 726 747 793 868 885 957 18 79 29 177 215 228 299 313 324 378 394 419 430 446 453 565 613 615 656 681 697 781 800 813 817 873 912 974 992 999 
159 249 329 362 407 443 474 669 710 808 845 872 918 935 948 87 178 202 218 321 375 386 448 464 469 537 573 650 683 737 747 753 796 811 830 929 962 968 
102 33 218 381 542 950 8 25 109 18 75 194 232 613 848 864 
112 227 313 518 639 41 13 145 217 520 527 705 728 774 
95 107 313 316 324 396 416 432 583 685 832 136 193 204 338 344 382 450 536 620 637 638 649 650 668 772 812 815 
272 614 759 984 162 388 624 672 761 850 
143 222 680 871 212 319 354 420 451 534 887 
231 382 757 780 420 560 593 622 690 828 
122 143 147 275 306 395 508 584 680 758 806 938 43 10 94 59 100 152 253 286 313 378 536 613 648 792 818 856 926 935 943 948 
96 121 143 216 275 395 397 584 720 731 758 766 805 806 871 962 106 46 156 210 218 303 308 309 313 353 366 369 434 449 505 566 618 795 826 840 853 866 942 976 1000 
159 331 335 739 4 556 566 816 882 984 
76 226 251 435 521 26 485 550 642 689 797 849 888 
205 253 816 864 145 300 382 681 844 993 
52 192 241 414 803 23 258 569 636 669 824 
279 638 726 747 793 857 148 180 342 440 504 602 681 702 738 
69 171 463 604 656 711 841 21 89 187 273 382 504 556 858 890 
76 7 29 175 195 226 246 254 409 435 481 521 528 660 712 749 804 893 920 931 53 42 101 17 132 140 159 198 225 253 269 310 318 383 389 395 438 541 618 621 656 699 824 868 922 971 977 995 
106 736 953 954 275 308 483 490 632 889 
56 245 339 588 629 858 110 58 46 279 756 800 972 
11 276 431 556 597 734 761 978 129 174 241 644 672 689 766 841 971 993 997 1000 
39 575 767 1000 40 20 192 245 335 351 477 
59 232 271 398 923 971 276 375 377 404 504 597 668 712 758 891 961 
113 20 22 224 235 333 388 543 559 574 634 676 703 747 930 107 96 95 199 211 228 281 307 313 353 427 432 485 538 666 736 840 863 937 948 969 
13 146 203 245 311 337 602 784 833 979 70 77 117 29 80 144 167 463 503 560 658 681 758 830 912 990 
111 200 217 281 325 353 372 393 592 856 897 994 45 69 88 203 283 363 414 430 483 518 589 711 753 766 824 891 923 961 
8 415 621 812 817 830 994 104 22 351 436 459 480 594 601 703 749 827 851 
81 232 338 349 398 436 460 567 585 610 779 853 899 971 94 2 102 24 177 267 280 305 367 399 420 449 640 676 683 784 793 911 983 
655 664 788 807 129 62 417 813 824 922 
404 600 714 972 94 144 169 611 707 887 
51 387 560 597 912 79 496 510 655 717 864 
119 122 121 216 326 680 961 93 236 240 247 479 525 544 581 632 642 649 776 
28 93 34 53 152 154 193 201 207 301 420 476 516 647 802 888 986 111 141 81 21 136 208 293 311 368 407 495 511 523 548 561 634 662 670 682 690 737 864 880 923 
33 47 174 191 218 283 369 370 427 539 594 595 637 668 694 732 770 775 798 981 125 116 3 26 2 30 250 340 367 389 395 429 431 502 512 516 530 608 670 697 702 729 739 743 744 800 818 837 924 939 
56 136 285 514 30 159 516 663 697 823 
121 257 363 440 535 546 202 209 344 352 358 652 676 700 790 
164 253 479 686 725 782 924 982 112 6 127 218 230 265 475 540 672 857 986 996 
77 236 676 714 880 99 260 272 331 385 514 534 551 552 
320 430 617 680 33 159 237 335 592 612 894 909 
13 285 562 655 858 10 222 415 441 470 577 827 864 
144 93 219 361 442 490 503 649 904 29 121 66 282 313 341 373 500 539 681 719 816 824 858 
171 352 656 841 159 200 523 549 659 692 705 830 
74 144 201 361 401 420 442 497 599 650 777 802 840 888 907 1000 21 42 65 3 286 290 299 367 381 417 433 445 452 548 617 648 718 722 726 816 826 844 870 931 945 962 
413 478 595 623 819 898 950 13 77 59 240 336 459 492 521 526 667 731 793 
441 501 703 726 793 7 122 352 489 516 915 958 989 998 
61 573 578 647 691 818 166 294 309 413 546 551 684 754 876 
88 218 663 770 197 202 238 474 713 868 874 
114 123 163 249 264 329 335 362 368 412 417 451 480 524 651 710 718 762 814 948 96 129 153 146 150 85 171 183 195 374 378 405 409 414 436 447 452 498 599 681 687 734 758 759 806 878 911 972 973 1000 
265 881 923 971 353 391 422 481 737 756 830 
93 442 630 921 46 169 438 510 761 851 
604 656 906 118 10 215 398 437 447 619 966 
159 327 675 706 710 718 844 845 860 79 106 169 190 361 396 461 514 617 655 699 713 749 759 773 
148 55 206 209 253 278 350 359 479 499 549 579 700 725 816 924 27 108 46 194 226 297 363 410 475 476 484 505 572 601 612 692 712 721 769 780 824 838 859 935 962 995 
26 414 614 644 208 297 641 645 652 731 999 
199 681 729 830 157 232 256 363 410 496 
106 403 487 799 837 850 852 877 136 233 304 330 359 506 516 563 733 759 894 896 910 930 
326 584 766 859 288 379 513 515 631 824 921 
12 241 342 392 406 414 520 717 748 759 785 801 894 51 163 141 161 232 340 389 445 455 460 523 749 816 818 850 885 892 926 945 962 
59 43 179 349 667 886 971 238 306 382 410 570 656 686 703 747 821 823 845 
69 97 90 128 153 572 604 656 711 786 841 906 88 159 85 177 194 256 385 413 442 521 616 619 644 687 710 735 812 910 
19 58 307 536 645 222 308 349 583 650 690 828 857 891 
237 335 379 571 710 95 17 246 464 548 787 817 930 945 
145 102 243 308 319 819 11 132 253 472 603 669 697 860 917 923 973 
46 7 129 226 757 305 335 415 505 666 707 729 784 923 
225 294 392 419 851 910 28 223 367 371 372 381 525 573 580 714 994 
260 309 399 438 445 470 487 512 596 627 695 736 811 852 861 916 954 973 21 171 113 18 139 211 259 288 296 298 336 340 363 379 414 457 474 593 608 638 714 745 791 795 842 905 924 942 
16 342 934 995 114 326 346 415 540 600 606 988 
170 232 567 618 779 853 881 971 100 246 313 595 699 751 817 819 988 997 
60 58 402 418 454 709 826 902 947 967 30 127 302 392 498 526 601 625 628 730 736 806 890 912 941 
303 375 449 523 836 933 30 28 85 245 398 442 551 675 757 
73 276 405 465 560 761 76 292 376 410 459 516 670 853 865 868 994 
77 388 483 569 159 794 847 884 901 993 997 
323 325 415 423 513 750 17 68 381 428 435 779 800 821 997 
106 596 850 877 288 296 300 413 584 629 
21 23 196 333 793 885 939 972 228 245 365 369 393 439 445 476 632 728 761 783 904 983 
540 699 758 806 128 268 271 633 693 746 793 
326 456 584 590 680 751 758 806 831 91 198 260 278 288 400 415 419 612 672 681 688 740 811 
94 324 449 555 661 102 297 330 370 454 596 799 980 
454 598 945 976 97 163 534 575 830 1000 
145 315 381 733 825 201 331 511 728 763 840 841 857 994 
126 813 958 974 133 227 350 585 630 756 891 935 
144 74 219 420 791 926 117 286 435 465 653 676 720 779 856 943 
4 112 228 296 313 375 432 452 464 661 970 115 22 171 66 164 220 295 299 367 371 451 490 491 678 828 833 1000 
15 129 46 223 246 374 481 488 538 625 757 780 883 10 33 159 59 232 258 264 406 413 562 566 599 609 659 671 725 771 815 971 999 
77 186 259 279 486 747 107 210 307 439 466 504 730 830 924 
99 282 704 797 158 335 388 510 695 737 962 
75 258 337 514 664 788 833 129 188 60 251 288 290 405 480 734 790 857 
166 111 286 344 354 475 856 994 135 59 215 311 318 355 380 565 590 600 635 657 
137 353 354 372 856 989 9 86 81 153 245 265 391 555 687 826 847 
144 154 219 302 361 497 914 921 191 58 208 270 474 596 614 680 699 732 773 900 
260 345 403 470 548 611 679 683 707 811 827 828 850 953 21 49 103 114 85 158 147 252 308 321 370 381 429 579 581 613 629 643 653 659 725 
136 40 41 75 514 602 636 796 22 137 257 350 390 656 678 697 724 748 816 848 875 944 
232 899 908 923 117 28 315 529 658 671 
125 725 864 875 924 925 83 584 633 671 716 749 766 841 990 
164 371 725 875 95 89 34 512 629 672 779 
144 288 497 649 791 946 58 77 222 307 335 523 571 692 908 954 
86 244 289 298 457 671 905 201 165 144 232 317 388 431 533 550 678 794 
164 253 499 816 925 19 147 268 562 608 770 
315 317 343 370 390 427 623 640 668 684 732 819 825 866 927 122 196 219 232 291 318 333 364 447 476 526 552 584 585 604 617 651 764 806 813 816 832 924 953 
363 440 472 540 584 590 721 731 758 766 821 859 865 961 962 135 177 40 77 59 263 298 305 330 366 399 484 523 539 556 599 601 642 670 673 737 757 765 816 
54 585 735 853 908 119 225 240 366 491 728 
421 458 547 551 897 33 300 309 363 640 646 663 908 939 
288 361 420 476 647 1000 78 12 112 480 681 684 749 819 995 
19 60 58 462 489 553 593 645 678 709 826 902 945 976 97 199 162 1 113 92 305 430 494 530 560 659 688 752 758 810 819 860 877 893 915 
143 122 326 713 27 12 46 379 457 553 636 847 
137 353 453 551 592 621 116 299 357 361 480 569 570 718 883 
158 88 145 115 33 308 317 334 539 542 595 663 825 148 122 114 257 282 287 341 385 513 673 683 723 779 783 856 858 887 891 940 948 
152 193 201 534 630 791 818 889 904 929 210 22 56 94 225 272 489 547 564 567 639 658 670 686 803 880 935 
30 405 431 560 597 659 789 6 194 232 325 508 550 630 772 800 833 961 
324 670 671 753 900 940 85 13 414 435 510 731 780 808 819 954 958 
96 119 395 508 617 699 720 743 831 913 29 207 172 151 70 272 351 452 491 534 588 603 630 829 911 983 
195 76 608 931 22 176 342 645 656 847 
110 135 587 724 398 414 426 489 706 848 
176 446 565 635 783 785 790 813 843 851 934 974 984 71 212 219 129 102 240 304 326 366 371 437 441 567 681 714 735 822 844 886 962 
124 175 129 246 251 521 528 883 892 951 963 31 164 248 288 307 309 326 415 441 583 682 711 766 823 824 834 843 972 
116 273 396 773 192 245 385 451 516 610 710 904 
194 44 313 375 378 437 457 492 518 523 624 639 661 701 932 997 113 186 82 135 251 261 268 280 308 322 508 510 516 546 553 578 585 633 682 768 776 810 829 928 966 
53 252 516 534 630 652 778 889 232 282 333 389 436 457 687 707 779 842 931 940 
25 263 353 525 621 626 681 689 941 148 246 274 307 308 370 379 394 448 459 533 557 806 832 872 964 975 
120 488 495 538 608 764 77 330 419 438 496 505 665 
179 204 134 65 43 59 139 271 300 398 460 500 610 735 853 881 899 923 971 208 229 27 169 166 220 195 66 210 22 115 295 308 344 414 464 502 516 635 646 669 681 683 707 830 852 874 974 981 
245 367 788 796 167 509 703 758 836 972 
399 679 683 837 955 36 250 274 386 642 703 786 897 
77 21 49 135 274 857 39 36 363 372 547 565 604 719 781 894 
149 600 703 957 143 85 534 618 887 945 
173 473 474 480 631 702 896 935 948 111 112 43 150 275 276 307 343 415 516 551 634 847 986 993 
94 4 289 296 378 464 583 685 753 832 940 158 170 251 300 356 359 494 634 696 805 819 880 919 931 954 977 992 
285 347 601 655 107 266 506 517 520 571 731 771 
17 63 13 258 337 347 356 376 589 629 646 664 690 716 59 212 225 34 155 143 21 272 309 313 398 444 505 625 626 720 857 873 892 981 992 
169 126 272 550 984 132 339 480 533 568 588 608 738 
26 552 673 759 777 780 796 834 877 997 
42 33 174 732 819 389 402 451 483 600 624 772 778 823 
208 313 449 624 697 773 83 57 294 318 394 460 481 873 966 972 
131 233 136 40 285 716 728 15 227 186 181 133 200 351 608 786 787 894 
195 76 226 129 5 254 435 538 780 893 4 230 179 173 284 314 329 489 504 599 646 654 839 842 910 947 
308 343 381 527 798 63 143 335 479 483 656 664 967 
60 645 945 967 29 226 253 306 893 972 978 981 
114 159 407 705 739 845 77 306 452 538 841 847 936 937 994 
262 453 502 689 708 817 3 234 76 145 40 367 612 711 801 
76 226 124 455 862 893 107 198 228 238 279 694 726 742 923 930 943 
229 921 926 946 43 37 202 290 546 697 
35 148 55 125 37 209 164 371 479 499 533 613 700 725 875 924 69 59 248 83 129 39 121 174 93 111 257 340 363 378 392 518 537 595 632 640 778 805 945 994 
246 129 76 435 608 780 77 346 370 593 879 898 937 
49 314 600 714 293 295 327 435 454 745 862 
335 379 529 867 166 171 341 437 508 984 
147 14 297 306 440 450 456 535 540 766 805 859 913 961 88 58 218 39 7 253 35 203 307 426 538 566 568 599 625 759 840 860 862 872 984 
13 198 240 498 807 979 195 126 326 431 599 791 819 845 877 933 
22 196 882 930 177 295 392 725 761 971 990 
202 177 309 351 641 683 884 149 188 68 367 451 473 564 645 746 817 925 971 
58 307 645 967 228 430 555 596 746 878 
250 286 817 830 77 298 347 367 487 857 962 
230 325 475 729 4 47 211 303 486 588 615 788 
159 702 800 874 903 33 195 13 86 326 508 690 797 940 
160 43 585 667 923 971 83 148 200 110 390 894 896 912 931 955 
73 51 387 659 730 915 239 441 480 483 682 689 739 853 908 941 968 
336 758 859 962 8 139 273 300 558 747 790 971 
367 602 740 858 187 228 209 374 512 749 954 
92 299 589 690 987 58 8 4 129 329 603 708 774 809 
480 582 867 874 201 350 623 635 724 760 813 
81 134 232 779 187 20 513 627 870 966 
241 118 70 287 294 434 565 591 662 673 742 801 934 984 993 240 149 59 219 222 2 321 329 438 469 594 617 634 650 680 718 735 770 836 837 881 884 938 982 
18 227 303 324 375 464 267 128 444 458 539 562 752 831 945 
235 314 447 676 70 234 230 277 291 361 581 766 
121 122 332 395 440 699 805 77 23 237 130 389 462 774 777 940 972 997 
132 182 761 978 134 237 301 318 348 419 514 714 
85 461 588 601 274 319 572 645 699 707 885 
164 55 350 816 864 924 12 188 29 344 378 414 626 734 801 988 1000 
127 196 522 638 251 131 13 415 661 833 
485 710 845 870 975 43 22 139 228 399 551 683 914 
64 137 458 681 768 909 99 84 135 337 433 611 650 673 828 934 
79 197 299 339 367 461 532 602 728 854 65 229 218 109 152 373 444 456 518 571 645 688 752 856 867 878 990 
145 370 439 657 668 794 137 30 368 699 883 986 991 
77 428 530 638 724 726 48 246 327 516 635 674 678 887 917 
151 239 36 72 146 245 629 655 719 807 100 22 293 318 338 567 591 660 780 821 857 866 881 962 984 
199 262 506 511 551 681 689 193 121 154 11 308 318 441 608 719 747 923 924 
272 550 662 742 813 936 79 218 502 600 630 838 868 930 994 
61 214 207 476 516 534 554 573 647 650 767 791 840 849 888 904 929 968 5 185 46 168 25 188 198 111 226 177 13 415 459 624 638 645 693 729 760 820 829 832 851 877 893 961 966 978 
238 208 449 509 342 715 771 785 829 844 955 
105 394 412 480 529 844 845 935 103 198 252 154 315 363 621 758 829 885 898 972 
391 550 717 783 210 274 745 793 845 951 
569 638 723 857 972 182 81 585 656 665 771 781 853 
46 7 488 526 625 804 959 255 285 144 317 319 529 551 592 623 676 724 994 
176 84 272 341 459 785 937 82 244 157 9 363 489 698 740 836 872 930 
361 503 534 599 630 650 977 194 255 232 259 312 398 474 526 626 668 912 
44 95 194 238 464 997 185 111 13 177 327 442 637 776 804 808 936 
257 336 363 395 834 189 164 67 165 400 485 752 819 943 
4 208 95 44 18 378 452 464 555 583 612 624 677 879 932 940 997 262 84 211 177 302 319 333 337 374 421 481 520 535 565 616 630 656 736 739 823 865 916 930 945 954 971 
282 269 504 636 194 113 217 154 437 481 543 859 
232 54 349 436 567 667 687 735 779 971 185 267 213 125 238 389 411 499 528 617 623 693 700 771 776 787 844 
144 318 420 476 986 92 276 333 645 689 724 743 974 
201 516 630 778 180 38 30 88 298 35 320 535 
107 181 95 273 18 4 313 416 612 677 697 901 932 933 122 263 25 32 101 379 440 482 483 529 541 597 633 673 674 699 707 710 838 845 899 
23 22 569 692 714 829 835 33 225 167 378 473 503 616 673 867 
16 769 790 801 843 969 990 211 95 175 139 215 102 77 411 804 830 986 
257 121 508 680 699 713 721 766 51 248 25 249 170 466 471 602 641 645 747 985 
261 60 172 373 418 462 678 826 945 976 230 46 207 105 33 237 226 135 196 257 411 497 712 782 789 922 
174 102 247 33 218 310 478 570 663 668 745 770 825 842 898 950 286 202 172 76 122 228 232 130 230 316 348 387 414 543 557 580 630 639 711 757 758 806 815 845 856 919 
177 260 322 438 627 122 157 226 213 240 337 649 701 
88 308 542 825 950 129 16 447 525 537 656 
136 346 564 772 144 199 350 418 509 843 
388 747 882 988 32 295 396 467 598 680 
244 117 194 95 303 228 94 112 116 432 523 661 697 701 773 933 940 970 152 179 240 121 135 47 17 113 122 319 417 489 495 556 607 731 776 796 857 860 868 895 934 936 947 992 996 
21 274 255 388 638 726 829 857 972 246 94 320 354 372 376 493 612 741 779 802 807 852 934 967 
210 33 191 317 319 413 505 570 623 657 663 732 819 825 950 966 290 204 78 99 328 363 411 414 435 556 561 572 587 613 673 695 731 758 855 883 893 907 920 970 973 985 
117 324 378 639 846 308 33 367 490 590 656 811 887 
218 315 210 413 637 657 732 825 293 208 383 385 414 445 500 534 589 608 638 858 
61 301 48 53 34 361 442 476 490 534 573 630 652 823 840 1000 285 286 244 15 13 33 210 276 129 199 410 416 437 483 529 548 628 636 662 683 817 841 901 902 915 948 
174 315 88 369 370 413 570 623 663 684 842 999 106 277 313 298 45 119 61 293 376 452 486 525 647 677 681 710 757 780 803 962 
150 83 363 365 540 731 314 302 399 528 682 816 837 887 929 
375 378 452 464 661 890 202 114 272 357 407 462 584 817 903 916 989 
309 707 736 884 228 479 557 602 632 642 711 983 
184 698 746 960 351 571 645 693 710 725 775 895 
316 117 189 221 273 773 901 997 113 61 17 23 43 400 451 470 558 602 681 769 793 872 
137 263 184 415 220 349 480 599 632 675 709 843 
216 168 188 143 332 363 680 713 721 806 961 962 178 226 258 225 40 264 414 420 438 519 629 673 725 782 874 894 
163 394 480 739 860 872 255 106 284 296 607 624 729 807 825 
421 622 817 994 70 110 315 429 501 524 829 906 
105 114 159 451 718 272 269 76 246 530 575 619 679 717 
342 414 577 635 801 887 995 996 211 189 167 231 62 438 523 530 630 817 822 870 991 
66 123 582 874 948 149 30 191 586 600 616 663 960 
275 326 363 758 859 53 335 376 512 642 689 735 790 888 
135 186 2 113 543 580 835 988 210 229 301 298 452 508 598 699 759 801 814 875 
88 218 369 819 112 600 638 799 841 940 965 978 
256 123 159 173 451 467 515 571 688 693 771 844 948 332 175 247 207 197 7 58 150 133 461 495 522 589 634 654 796 809 901 970 986 1000 
267 297 363 430 806 865 177 155 438 616 659 673 693 759 967 
136 240 198 13 367 471 654 728 784 281 309 25 298 393 398 413 417 616 640 649 757 886 939 
65 139 383 460 106 21 285 117 673 991 
72 131 41 17 282 564 654 690 719 241 107 112 373 427 430 555 700 708 761 830 844 884 900 
353 453 475 513 681 817 856 998 253 145 177 169 375 445 447 600 624 637 703 805 813 952 
294 410 419 851 878 887 944 984 218 256 103 152 23 545 596 663 678 840 867 997 
169 178 330 108 414 434 446 577 635 790 878 887 289 127 223 431 465 468 492 505 594 638 641 736 754 816 830 844 904 943 
247 88 210 381 413 663 7 109 237 432 499 659 818 897 903 
199 393 502 741 810 817 848 994 117 147 232 278 347 407 471 504 569 713 780 884 
106 202 494 884 31 476 504 534 538 553 849 854 
13 63 311 41 178 254 489 759 838 908 
240 239 99 367 504 690 344 262 483 487 506 530 673 689 721 774 935 
2 21 558 714 276 308 425 719 820 997 
300 170 139 81 466 779 886 325 77 172 442 469 654 690 713 764 791 798 913 
164 278 359 371 579 725 875 924 311 203 192 270 432 480 710 734 738 787 817 853 856 984 
260 106 366 548 561 641 696 707 736 828 837 884 891 133 36 138 323 24 222 245 374 389 442 520 536 610 628 629 810 834 910 932 934 975 
100 153 572 604 656 682 711 781 839 156 147 366 503 636 654 680 753 807 809 811 862 955 957 
137 340 217 230 200 415 689 994 135 160 122 364 449 479 601 642 686 702 717 767 825 878 
200 199 513 830 928 119 314 507 685 699 707 764 948 975 
76 50 625 757 992 99 199 600 781 811 864 
13 240 557 740 47 238 579 741 776 875 907 982 
27 50 538 749 764 804 892 321 217 78 600 603 637 645 668 915 
58 462 468 967 70 12 147 379 403 998 
350 164 725 782 816 875 85 167 238 637 717 726 966 
9 470 828 837 10 2 18 503 578 622 
61 152 318 214 154 201 295 426 476 503 534 554 599 630 791 818 1000 26 274 88 217 163 395 413 414 448 460 487 495 526 529 570 594 605 624 659 675 698 766 796 848 882 957 962 
159 114 411 429 706 860 76 381 416 438 753 759 813 825 924 
326 320 147 83 336 297 211 332 395 433 456 699 865 871 938 290 166 294 137 177 235 315 253 213 1 164 377 387 418 429 523 586 604 611 632 659 824 854 971 
51 11 385 556 659 915 956 991 40 69 210 353 75 420 424 505 513 656 791 934 952 
320 508 731 758 806 962 29 1 82 186 543 551 552 958 984 
351 561 695 707 828 877 891 954 122 39 212 211 18 225 352 395 413 550 653 697 947 
347 337 268 282 17 233 85 99 92 461 498 562 602 636 646 654 704 740 797 858 250 176 262 139 10 154 145 316 194 77 24 95 260 373 394 437 457 489 499 550 570 627 696 805 825 840 850 864 921 935 
159 845 867 948 283 144 22 414 619 784 793 850 
145 334 319 381 674 122 186 74 452 537 708 782 831 844 
283 88 319 210 145 640 794 21 254 202 230 28 189 448 561 671 685 742 924 
350 37 253 55 71 206 519 579 725 782 816 864 875 176 99 225 1 48 14 6 194 440 495 502 530 630 635 653 714 745 787 824 860 962 
137 8 200 393 415 453 491 551 609 741 746 998 90 314 42 235 176 52 102 378 474 476 490 492 507 564 620 635 686 736 819 966 
60 307 80 58 902 76 339 367 282 152 374 473 851 885 
46 195 409 484 526 608 774 804 920 931 373 159 351 268 298 378 463 485 536 585 656 667 805 895 983 
228 194 273 321 181 457 583 661 933 340 114 9 134 534 584 681 689 732 752 795 930 
79 17 240 36 601 602 690 58 50 2 332 314 319 182 406 667 720 725 
99 13 562 588 602 664 363 134 432 538 570 726 757 780 845 
228 321 95 316 4 238 298 396 437 452 523 624 836 846 932 940 970 997 253 372 88 159 304 121 278 113 374 385 462 498 585 590 595 598 604 609 616 618 623 728 730 756 793 825 930 948 996 
173 78 66 256 571 710 718 844 845 867 872 948 15 303 71 230 177 216 358 55 168 572 609 613 699 805 817 869 900 917 
31 576 600 634 653 658 722 829 10 17 199 520 550 660 702 738 768 867 876 985 
343 247 191 369 115 390 427 663 794 154 58 362 176 40 184 202 425 507 671 695 758 787 806 845 
120 526 625 757 125 117 170 128 457 487 520 
81 338 460 544 618 735 779 29 129 317 60 392 483 494 617 814 918 999 
430 546 865 961 22 408 596 638 808 957 
364 51 30 659 730 789 915 991 378 317 171 227 62 93 218 149 394 425 632 679 840 
40 85 79 425 482 96 234 114 397 447 551 614 631 872 
266 142 915 956 964 63 308 363 406 672 690 780 827 865 
57 314 312 183 135 441 469 522 568 600 619 714 747 793 829 857 957 197 118 61 208 94 19 407 511 512 532 551 577 602 620 661 677 699 762 764 787 811 825 844 850 877 928 962 
38 2 483 530 558 600 633 642 692 726 776 857 988 169 351 275 300 229 145 243 129 391 405 449 536 614 661 699 725 752 787 874 908 994 
381 210 694 752 52 265 203 545 560 679 
291 422 620 742 783 813 64 200 106 160 389 663 794 976 988 
169 3 176 591 635 662 673 843 934 944 259 253 383 180 409 420 491 501 513 604 608 703 880 902 935 
344 137 372 810 337 186 599 643 779 847 
290 327 429 451 485 688 710 771 824 860 867 872 948 385 367 230 113 36 244 449 523 559 585 608 683 728 789 812 830 843 855 907 965 
363 122 121 222 275 297 430 440 731 754 758 821 129 101 38 361 145 366 76 457 477 515 659 670 700 812 851 852 940 945 980 
378 117 227 612 943 163 312 517 572 587 631 747 774 
122 433 540 590 766 386 405 428 875 894 969 989 
139 59 134 232 54 436 466 567 618 971 162 49 181 224 337 240 51 295 477 490 600 753 759 892 977 
106 177 234 494 548 641 683 695 696 707 787 852 861 884 973 211 320 139 280 413 452 453 457 485 498 504 571 630 632 673 761 763 817 830 844 864 869 962 996 
495 608 774 804 883 297 324 188 444 781 885 
28 154 426 534 44 439 587 596 646 896 
180 462 763 967 243 475 656 866 876 920 
167 202 512 955 8 358 572 584 786 879 
21 141 569 580 603 723 868 980 55 134 433 525 694 709 781 810 825 836 906 908 926 
30 220 182 465 560 659 922 978 77 82 397 159 389 35 198 46 460 548 565 868 884 941 
169 565 759 783 387 376 31 88 195 630 864 
114 249 474 631 948 388 321 344 144 527 530 625 663 
31 21 574 658 384 457 694 759 764 897 
129 29 374 757 774 883 22 392 159 590 828 921 939 
341 616 673 790 73 170 318 164 182 166 604 649 
362 531 669 675 867 874 903 315 37 307 305 300 434 663 725 816 841 890 947 
101 290 159 814 76 64 668 713 781 994 
317 315 10 155 319 88 343 427 539 570 674 732 775 819 842 950 966 981 171 366 195 157 337 185 399 361 431 443 458 468 502 558 577 600 638 714 716 723 725 746 758 769 791 817 906 
3 169 165 330 342 126 419 446 459 614 616 620 635 673 737 790 878 984 995 326 361 224 315 308 159 137 278 21 177 29 221 317 78 368 232 435 445 476 480 488 527 562 647 680 720 724 779 784 858 
8 325 138 372 353 184 513 626 665 689 729 741 750 812 928 960 989 71 226 107 74 237 49 188 175 30 178 151 288 279 479 516 563 571 631 758 780 842 844 882 978 980 991 
18 117 303 671 753 318 362 483 512 571 593 650 730 834 
24 159 651 824 844 337 140 4 313 154 733 906 972 
307 180 563 593 949 967 311 13 50 363 87 751 790 876 933 
176 341 414 434 616 759 21 113 188 276 231 485 556 676 747 
193 144 93 154 301 214 442 630 691 968 64 58 139 392 120 326 364 119 462 621 656 663 856 885 895 
213 328 89 698 708 817 994 298 440 588 649 651 702 725 839 865 887 978 
391 459 581 984 104 71 160 472 530 929 987 
184 681 792 873 57 523 669 829 857 915 
456 590 758 962 75 48 364 466 476 759 807 997 
386 477 504 854 381 385 348 717 791 915 925 
401 361 599 738 777 778 16 22 257 224 91 485 563 635 688 759 975 
210 145 413 381 663 819 112 339 135 454 491 661 691 855 856 874 
284 723 724 776 397 184 59 446 550 623 788 875 
394 362 485 771 872 202 145 4 363 328 624 806 858 
395 336 150 384 508 584 680 699 758 831 261 215 339 113 31 137 607 614 655 723 724 747 759 828 856 
220 51 132 659 761 915 922 956 978 258 208 145 21 342 413 435 579 680 696 751 817 828 958 974 
117 313 194 452 523 905 932 81 343 377 135 350 450 513 634 688 792 843 934 
363 397 584 590 617 754 865 154 38 404 281 551 646 780 815 818 830 946 
342 272 419 632 847 887 993 995 122 411 106 40 456 522 534 613 641 680 753 961 
46 50 254 124 129 246 15 481 538 727 862 920 315 193 9 184 255 221 431 67 24 414 482 581 686 700 721 785 872 875 976 
139 398 300 585 899 908 34 50 138 159 229 15 601 680 984 
378 228 94 4 452 879 905 997 256 225 367 318 162 299 446 503 531 579 651 953 
309 177 106 494 561 606 611 641 683 736 744 787 827 828 884 917 953 129 336 10 161 362 330 272 14 326 231 486 516 583 608 685 718 750 778 793 802 807 810 831 876 
283 496 775 898 186 79 401 196 548 995 
395 275 257 147 211 720 751 961 127 371 303 421 441 565 608 668 726 909 910 948 972 974 
388 156 638 692 703 939 98 225 226 151 266 440 286 732 796 818 886 
152 318 154 161 420 534 599 649 650 823 840 849 1000 171 296 37 88 351 92 16 23 349 181 472 514 572 607 634 708 913 917 940 965 966 
114 800 814 948 413 457 594 653 655 773 
20 537 747 980 282 240 273 400 46 583 678 987 
177 106 596 787 861 186 414 340 39 169 317 154 525 818 
52 414 225 342 759 790 910 996 428 437 113 449 476 503 513 544 608 689 786 876 884 
82 113 274 530 868 942 159 210 310 162 340 386 90 480 737 830 1000 
26 673 759 790 851 53 361 114 370 230 573 613 854 933 
4 189 289 94 244 181 492 670 901 970 394 446 389 122 139 353 459 651 703 708 864 888 918 
257 14 540 699 758 834 961 962 117 432 106 511 650 664 694 775 809 948 
159 335 329 394 669 688 710 762 194 227 260 243 99 324 21 119 523 539 556 995 
298 321 94 194 4 432 378 437 112 605 612 832 846 901 943 970 154 31 333 222 369 61 399 249 7 24 159 319 488 516 528 550 600 790 798 835 841 878 895 984 995 
250 217 340 372 475 989 113 399 105 13 545 600 685 701 948 
19 190 180 536 563 645 678 947 427 189 255 515 584 616 642 706 726 961 
46 251 526 780 102 72 6 169 828 936 
424 257 96 188 363 806 831 282 30 44 434 503 523 600 643 767 853 874 
375 208 112 228 492 832 933 970 997 109 216 443 395 367 177 408 399 382 229 69 496 500 656 804 
213 281 809 848 413 273 664 680 697 867 
422 294 414 769 790 813 847 934 449 230 155 36 182 288 42 138 476 608 817 844 882 
139 383 338 232 59 544 610 779 853 886 899 244 169 361 405 474 634 673 680 683 709 718 725 737 740 837 851 932 
282 367 277 740 335 163 463 681 738 790 
402 215 19 358 307 615 645 709 945 321 378 88 420 275 16 464 587 664 778 825 882 954 994 
128 572 711 815 461 136 374 495 530 634 
112 107 238 321 296 298 194 273 624 639 671 900 933 940 173 462 79 97 114 232 48 514 563 572 645 648 650 688 707 719 768 780 874 876 931 998 
182 30 405 560 597 659 964 102 111 193 342 580 600 634 680 720 
81 91 59 398 349 585 618 735 853 899 306 95 424 196 538 556 560 617 625 645 740 857 904 961 992 1000 
101 335 68 844 860 312 525 617 700 724 878 897 994 
358 489 593 615 1 342 55 413 668 933 
21 388 501 576 638 76 349 114 272 482 602 787 824 969 
177 202 360 606 828 884 111 151 324 495 537 635 643 655 899 
45 337 557 646 772 983 306 344 565 603 670 722 815 873 948 967 994 
211 680 699 758 174 77 442 422 559 634 
237 669 693 896 97 304 373 260 573 787 890 
105 237 407 114 485 669 820 844 870 201 460 295 34 177 158 372 30 497 568 692 741 797 805 928 
453 199 263 340 511 551 681 729 768 830 21 148 402 50 164 476 498 597 634 646 780 862 894 944 963 980 1000 
318 214 144 301 361 6 288 630 767 818 904 914 345 100 210 164 475 372 424 459 414 446 186 520 524 638 653 749 819 833 865 894 
425 13 588 795 398 395 30 133 573 585 814 905 
155 308 684 770 60 481 504 829 889 993 
164 148 71 253 700 725 816 864 875 20 143 58 353 322 54 415 247 14 551 627 640 642 933 
327 105 237 270 159 290 524 669 710 820 824 214 241 414 350 138 325 198 217 447 266 520 659 737 747 748 787 858 949 
435 195 7 27 76 129 863 478 160 298 244 299 604 721 851 882 901 934 
72 386 589 919 435 469 303 76 616 851 
103 389 183 31 537 638 722 942 980 347 67 303 247 266 130 137 383 318 243 416 510 560 629 702 755 775 
7 50 374 712 804 965 211 164 48 533 599 759 803 806 873 924 976 
474 68 394 429 280 524 529 582 631 669 702 710 718 762 800 867 872 80 124 297 14 135 426 87 12 374 399 419 508 565 597 607 661 670 747 758 853 863 884 905 927 971 981 
77 113 196 634 319 263 58 438 943 967 
167 177 683 707 822 828 837 884 955 11 262 347 361 111 382 82 527 577 582 643 842 846 935 
231 195 293 893 965 452 414 587 663 724 942 
215 80 58 468 563 666 763 902 945 947 949 967 246 224 219 346 367 294 109 89 33 313 156 515 571 602 605 712 893 971 999 
318 32 152 516 534 904 907 108 372 194 130 316 398 524 597 636 654 806 
372 513 622 665 810 994 212 392 194 222 427 523 531 662 714 758 767 
4 449 457 228 940 372 155 342 584 654 729 856 931 
14 535 731 766 314 13 648 694 935 978 
438 345 399 627 707 877 985 383 238 17 215 500 571 645 769 889 948 949 
400 231 625 749 855 963 335 144 361 470 313 371 463 570 721 928 995 
439 527 694 819 825 231 457 142 166 576 744 772 940 
201 207 154 516 599 914 474 307 673 779 806 809 923 
367 258 504 532 564 629 784 833 858 987 20 50 180 159 378 80 475 399 587 748 758 830 887 947 968 
253 209 164 519 725 982 367 343 300 534 676 714 748 861 931 
232 104 59 585 779 869 317 457 494 152 553 575 732 736 969 
469 156 658 747 760 793 885 65 328 392 531 562 689 727 825 872 917 940 
8 250 344 506 525 609 729 830 876 371 413 145 21 287 58 232 564 583 710 744 767 843 908 952 
152 295 361 599 986 1000 352 456 446 437 136 360 304 570 909 998 
425 498 299 92 347 99 13 45 589 601 628 796 127 246 50 128 196 344 134 478 345 399 548 550 626 691 700 708 
315 640 752 775 819 122 164 231 240 364 342 175 817 
286 502 741 856 994 88 167 239 347 576 699 819 821 
36 636 716 795 987 354 372 381 609 689 804 825 976 978 
430 121 306 83 365 222 540 546 680 699 713 865 264 13 228 485 106 220 256 6 333 534 594 667 705 714 723 748 882 904 937 951 
289 87 773 943 311 233 560 663 689 795 
100 97 604 656 781 838 906 221 161 55 483 228 197 142 539 871 875 938 1000 
286 111 475 551 768 388 191 450 144 802 944 
177 403 548 606 683 828 861 954 206 416 388 145 332 268 31 523 635 829 893 900 
184 354 340 25 491 415 689 792 817 856 873 994 43 432 446 168 218 271 14 392 105 364 78 79 517 639 666 772 787 819 946 953 
146 203 45 198 564 654 655 690 728 38 149 464 163 276 74 442 618 668 686 849 912 
335 571 669 705 710 896 489 395 454 168 559 570 618 695 715 862 878 
497 229 288 302 61 490 144 575 578 650 738 791 802 946 452 232 156 438 33 284 227 182 86 415 79 237 167 228 145 146 596 750 758 819 875 934 991 
1 113 530 868 513 239 396 640 666 872 
228 116 87 583 137 253 282 102 645 689 718 724 727 790 
499 371 755 864 56 326 552 786 840 967 
169 16 616 673 737 759 851 995 239 298 116 480 351 380 382 83 476 530 
226 129 124 992 171 8 155 537 840 864 
388 279 857 930 47 112 335 434 562 884 
228 432 112 181 378 313 605 661 697 836 943 997 451 169 456 363 423 512 394 153 330 491 144 207 211 619 663 785 818 845 857 893 
480 485 159 688 476 328 490 577 583 588 971 
230 502 64 626 729 765 856 960 319 467 87 46 176 310 143 445 110 404 712 747 840 973 
455 382 293 374 749 757 804 920 155 180 361 210 295 530 736 783 847 859 902 978 
496 33 247 648 663 752 407 487 116 414 697 738 787 892 930 
46 226 129 757 48 452 320 300 740 848 
290 256 485 771 814 204 303 293 318 361 548 622 645 757 
21 389 284 447 517 603 633 760 776 857 868 882 972 422 526 371 463 4 330 215 407 520 145 347 329 589 764 778 801 815 819 875 971 
411 571 824 844 491 437 501 625 812 904 
17 498 282 690 388 96 535 578 678 915 974 
253 686 755 816 864 241 208 484 52 230 683 698 959 967 
401 318 219 295 361 490 229 288 442 599 630 650 818 840 921 968 317 499 508 434 8 190 375 149 236 345 119 36 222 88 661 666 681 696 734 825 829 906 942 971 981 
96 257 147 493 859 532 298 302 93 625 951 
454 172 553 945 351 389 121 374 117 611 750 922 
444 113 483 603 634 723 972 980 310 369 7 253 470 521 58 114 63 565 622 825 830 
246 357 435 231 195 625 660 780 377 345 135 257 249 466 630 645 663 707 790 915 
218 413 145 594 623 663 798 41 451 152 510 211 273 43 544 572 878 907 
211 320 450 257 508 397 187 86 148 178 27 638 651 817 883 999 
622 626 810 817 848 303 129 815 829 861 923 
115 310 218 637 77 64 624 649 701 762 
77 333 135 939 102 308 299 365 585 664 905 
460 383 104 43 585 779 143 446 539 565 593 731 750 870 982 987 997 
563 645 945 967 453 390 341 698 934 948 958 
384 147 508 751 228 157 252 17 572 625 857 896 
213 551 592 729 235 105 102 219 838 914 915 963 
202 512 399 351 641 707 916 917 504 405 144 529 154 48 318 439 173 587 603 634 819 865 
164 700 875 925 86 33 153 604 689 769 930 
241 287 3 291 790 894 990 993 220 452 428 504 124 105 380 208 366 367 553 784 
64 475 372 213 89 511 217 286 547 609 621 622 665 689 698 708 765 830 909 998 237 365 149 386 17 280 108 157 181 479 293 388 433 555 560 591 710 724 737 766 790 840 851 894 924 956 957 991 
242 565 607 632 769 365 519 149 210 98 714 758 867 980 
19 536 215 563 598 645 967 976 216 550 345 228 62 500 591 606 699 712 942 964 
361 288 573 818 671 728 749 804 807 856 
298 189 661 685 932 339 551 200 261 559 571 704 841 971 
364 73 132 30 51 597 730 761 978 123 451 419 34 128 315 466 313 211 815 896 899 
356 471 36 646 308 230 62 322 623 771 857 957 
57 21 348 389 676 724 972 413 324 267 635 649 710 758 881 883 961 967 
135 2 600 642 942 972 472 46 394 555 515 575 686 821 828 
182 142 405 465 220 659 730 761 789 912 964 991 14 120 215 390 483 136 551 509 466 90 645 663 714 770 806 854 897 968 983 
438 366 351 641 861 973 985 370 144 315 100 639 655 722 724 760 764 952 
377 151 367 628 273 209 414 195 501 522 669 769 
489 545 553 418 454 666 967 38 426 464 415 167 599 626 735 790 
339 514 311 498 63 690 502 372 260 219 650 661 675 860 924 
272 12 406 225 552 3 717 737 843 847 887 894 895 958 974 984 995 996 537 199 405 440 471 36 298 30 235 544 87 485 113 600 611 655 689 712 805 823 826 845 904 942 950 976 979 987 
21 38 77 642 257 122 123 76 195 671 862 
59 179 139 398 65 300 219 47 285 85 225 35 693 747 930 
110 1 388 724 474 51 106 241 257 680 736 899 
183 304 404 292 642 344 126 217 640 675 710 757 759 998 
315 319 102 308 413 594 595 623 663 674 999 361 503 367 4 495 170 91 217 377 515 5 584 601 603 727 881 960 990 
335 62 531 515 173 379 710 800 824 867 870 975 323 96 282 494 555 239 19 416 489 415 207 399 624 660 677 720 798 847 855 925 
352 97 463 171 604 656 711 781 786 815 841 906 164 396 379 403 464 442 63 277 546 539 315 104 580 602 625 662 692 819 930 
157 288 318 554 818 849 907 176 473 477 114 448 828 916 985 988 
135 408 714 988 104 606 695 910 929 945 
133 516 649 986 559 500 329 105 190 864 865 933 
469 113 380 658 829 496 506 99 59 591 685 
342 330 878 895 388 524 21 413 487 151 771 
157 516 738 823 9 360 532 228 710 758 784 825 
350 371 35 164 37 725 816 864 356 437 431 202 73 607 678 691 699 758 825 854 882 913 
404 333 692 703 857 176 79 572 465 308 685 762 814 861 
422 591 607 984 274 58 143 202 435 816 
331 270 485 824 935 487 590 615 776 821 833 863 911 994 
238 518 375 298 117 612 671 933 970 226 66 172 444 64 438 80 502 524 617 690 717 791 816 
211 433 122 121 188 168 83 430 720 766 834 962 321 570 492 185 13 403 375 210 454 98 101 205 599 650 702 755 777 793 856 
500 466 436 65 212 265 544 139 667 735 779 853 971 477 57 29 543 192 378 394 210 228 292 374 101 616 710 747 848 852 861 932 964 
601 654 795 858 331 68 363 678 813 993 
224 638 642 760 857 462 488 401 315 548 498 396 960 1000 
131 277 477 377 704 797 222 524 241 421 263 656 739 
240 504 269 482 788 76 137 335 530 317 683 
211 397 433 424 188 720 758 859 3 316 13 582 409 199 378 644 729 789 799 990 
392 272 581 803 894 993 551 553 576 21 285 93 641 671 707 860 872 
25 137 217 547 768 33 150 293 645 789 832 846 975 
468 215 418 678 177 254 544 416 120 735 
539 570 145 47 102 663 732 770 825 927 443 361 138 508 342 38 272 638 649 680 719 755 820 860 884 901 985 
218 155 145 33 570 10 648 663 179 253 378 667 696 754 837 852 893 919 
445 185 177 696 707 744 884 891 917 955 201 341 189 516 261 384 401 600 621 663 689 725 728 729 796 818 970 
132 142 465 556 220 659 490 475 50 485 134 303 623 806 810 
553 190 666 967 378 312 333 693 710 797 
361 426 48 534 442 154 295 503 497 691 904 484 195 563 325 159 211 258 246 393 584 257 658 875 878 902 959 995 
77 389 559 388 141 1 236 255 380 633 658 676 714 723 726 857 939 942 596 340 565 355 357 456 413 398 287 63 178 32 452 199 334 465 243 331 453 697 737 815 879 887 960 971 999 
504 239 586 376 277 36 690 740 353 436 164 180 138 211 570 734 737 779 999 1000 
268 79 282 377 136 203 376 367 704 728 983 127 322 388 306 469 572 489 324 609 616 819 875 920 980 984 993 994 
404 537 530 77 747 829 857 930 980 548 570 174 471 357 269 222 625 663 740 817 843 933 963 
162 109 510 352 128 171 90 572 656 711 756 781 815 838 906 25 235 210 410 363 481 65 378 392 549 607 683 689 744 766 772 784 816 899 935 951 963 984 990 
452 112 523 997 111 489 74 361 989 995 
470 512 438 787 178 553 574 631 813 845 
552 581 673 801 847 851 952 579 485 442 430 327 604 313 623 645 658 718 953 
254 400 5 76 231 223 15 374 625 712 780 804 883 920 992 459 241 209 394 30 446 177 440 392 81 245 438 286 317 145 666 675 753 789 816 957 985 988 
502 372 551 817 830 876 378 507 602 195 379 714 718 800 933 
460 232 139 779 12 351 227 635 736 810 
106 438 202 641 695 736 828 363 565 281 52 536 21 141 652 818 864 867 979 
452 303 298 396 86 583 677 773 943 314 150 164 188 250 12 57 675 707 741 776 849 850 866 930 
253 643 686 700 782 816 864 875 924 315 379 113 448 115 121 202 434 690 695 723 810 873 961 
414 165 118 673 748 759 847 50 201 430 386 389 46 757 906 986 
58 468 462 945 113 263 582 725 856 980 
410 520 414 70 419 748 759 813 847 878 952 990 993 19 91 171 336 482 298 378 337 585 602 454 331 304 695 709 774 798 864 925 961 982 
150 222 433 731 758 806 962 467 79 154 466 300 583 210 383 163 272 773 994 
104 179 383 466 91 398 908 971 378 236 129 515 514 122 10 619 640 670 707 732 750 
388 642 658 722 724 930 329 171 618 162 368 523 814 840 858 943 
391 414 785 813 878 995 7 372 388 117 650 845 920 
551 230 138 8 217 689 817 420 86 596 62 290 49 44 36 129 654 868 966 
328 541 491 551 856 994 120 537 360 34 529 661 688 717 884 933 
210 315 539 155 319 570 102 715 752 293 428 86 557 607 597 270 378 300 729 787 935 
464 228 244 378 298 672 846 879 901 905 361 542 429 243 57 571 327 118 340 288 676 827 828 902 948 
195 355 382 495 608 50 293 538 757 774 883 920 931 992 466 94 546 572 531 603 88 240 180 257 535 407 680 737 761 828 861 879 902 914 978 984 1000 
415 64 8 230 541 525 708 792 928 278 295 563 6 504 240 49 632 674 726 776 825 867 900 955 
177 494 309 695 852 271 479 367 52 658 770 818 898 945 
504 562 85 788 807 318 351 180 678 790 847 
79 36 240 131 498 285 655 690 807 483 206 185 351 326 202 657 780 792 816 819 884 937 945 997 
28 361 229 302 161 534 219 420 318 476 295 34 649 823 914 98 538 4 298 371 308 399 287 330 220 192 222 406 645 663 681 690 725 728 761 851 898 980 991 
485 237 407 688 718 824 168 386 415 396 606 827 866 909 962 
552 434 644 673 748 878 934 995 143 399 186 80 130 325 626 363 253 385 322 735 924 941 
600 530 389 829 205 187 303 65 228 635 
113 486 380 537 135 714 776 793 829 868 882 885 972 980 432 237 475 442 465 472 238 335 106 86 272 54 144 460 463 26 548 694 697 869 914 948 
84 225 414 330 12 392 342 759 801 887 894 934 936 937 633 558 372 270 426 512 232 371 41 284 199 20 470 610 642 658 726 807 900 924 946 
203 507 299 367 92 716 728 983 318 58 490 126 216 352 638 725 806 819 838 940 946 972 
10 145 317 542 770 966 340 58 359 77 296 357 117 826 837 859 862 
587 103 314 113 31 483 441 110 127 279 292 284 469 653 703 714 726 930 972 980 317 594 54 95 384 177 413 96 334 53 100 87 342 540 117 636 288 476 650 661 704 732 737 746 765 774 856 918 940 994 
116 228 464 316 513 219 561 308 783 898 
370 210 505 668 694 733 775 819 337 139 618 213 517 50 253 479 569 724 741 795 897 995 
561 611 548 399 351 260 438 744 828 884 954 342 591 59 110 165 306 434 729 782 784 844 859 875 980 993 
389 587 619 559 566 569 658 676 723 868 143 353 332 50 454 211 124 635 234 479 322 656 744 778 901 955 
613 55 816 875 43 202 487 393 470 456 
165 632 878 984 590 132 171 729 739 898 924 
553 19 545 454 462 80 172 215 248 261 58 666 678 709 945 949 967 976 357 323 260 607 592 466 301 282 106 223 288 306 464 560 529 538 494 630 518 277 88 165 659 677 731 762 821 996 
40 557 240 471 367 17 655 433 232 401 246 475 213 662 761 872 
144 214 288 157 907 414 319 47 718 759 788 856 932 
595 527 88 33 911 966 154 493 464 75 121 726 729 872 997 
575 152 6 442 630 207 650 818 977 410 143 421 594 309 337 117 558 542 841 859 865 896 970 
61 295 154 516 649 48 534 442 288 691 840 1000 50 584 620 416 450 114 281 564 464 117 638 272 172 699 714 723 724 906 919 956 
417 159 669 710 437 540 421 210 449 704 751 
229 318 777 889 907 611 147 165 723 820 972 
638 23 380 38 857 443 371 476 105 193 202 366 26 
514 72 586 337 367 339 719 987 621 352 490 335 349 492 246 725 819 841 874 956 
140 85 285 239 646 629 514 151 443 561 163 106 430 565 470 142 674 808 832 871 889 940 
572 171 604 153 69 100 352 109 510 128 162 90 682 711 756 781 838 839 841 906 420 88 588 402 203 298 457 292 223 247 102 642 113 374 170 129 310 364 316 726 754 779 878 888 934 938 944 945 997 999 
317 283 315 745 629 107 199 720 947 958 
619 642 501 408 380 600 576 21 747 776 599 219 204 627 635 76 136 607 670 828 845 847 888 904 987 
597 405 560 266 30 431 11 220 465 385 364 734 789 912 915 964 978 991 40 361 645 153 343 395 202 336 195 215 480 363 662 696 722 735 738 757 759 823 836 853 885 893 932 934 970 971 998 
538 76 129 757 4 380 285 571 670 971 
313 228 555 44 189 375 194 523 321 112 685 753 890 997 388 534 389 622 27 485 638 100 564 279 427 51 663 690 694 695 752 796 848 910 942 961 998 
287 392 272 737 944 952 958 995 93 318 659 572 144 646 491 718 729 747 757 840 859 971 
570 539 218 527 594 315 158 427 595 47 343 319 381 308 668 694 420 661 509 4 391 603 213 331 523 407 560 488 341 1 596 630 538 146 411 721 731 742 862 939 968 984 
36 85 198 240 140 79 377 247 450 543 24 462 458 673 678 711 735 874 948 
491 551 415 994 231 84 292 675 725 752 790 993 
645 489 598 563 826 947 175 513 135 608 517 534 917 
300 585 170 59 265 374 106 376 595 155 508 680 740 906 
640 210 145 283 308 663 732 794 999 412 13 357 117 468 92 134 295 440 514 792 849 883 907 
515 485 480 411 451 651 473 114 474 705 845 903 46 94 232 562 79 126 174 423 691 828 831 838 856 868 961 967 
95 221 449 671 672 890 933 660 471 485 211 145 395 658 144 182 618 219 776 
670 464 221 416 208 583 697 836 901 933 195 370 554 205 204 591 566 381 777 779 793 799 805 811 829 886 948 
670 624 932 933 997 104 188 132 387 206 148 118 694 872 
392 614 607 448 242 520 410 272 84 414 632 737 813 847 851 878 460 326 218 211 664 347 304 303 281 497 58 338 336 399 315 707 780 871 907 913 923 975 976 999 
570 102 369 413 303 655 284 626 753 942 
163 411 68 693 800 948 608 612 181 569 665 325 361 564 738 822 970 
274 149 135 600 642 558 760 139 499 193 419 147 624 293 63 733 750 820 836 
303 612 298 933 645 388 571 41 319 845 
454 593 19 307 215 58 80 645 902 945 976 444 208 579 203 532 194 284 341 664 30 628 586 737 878 978 
202 234 811 822 385 329 390 867 909 995 
472 121 430 508 188 143 150 326 119 306 699 720 743 805 938 961 24 460 110 19 201 625 667 272 352 431 312 434 414 568 436 465 458 594 735 746 776 857 897 920 988 997 
475 166 64 230 286 423 340 281 689 708 746 809 817 856 876 897 960 994 375 319 125 232 630 51 127 113 152 461 225 188 214 136 324 159 55 534 696 758 806 851 868 889 905 912 915 954 996 
656 352 69 711 756 841 226 320 228 266 144 709 795 868 983 
487 438 202 512 234 9 260 399 707 822 861 891 985 318 218 533 93 114 232 460 67 139 604 589 394 280 684 728 800 820 826 865 870 
478 319 210 819 683 214 157 910 955 993 
95 661 555 117 238 997 45 576 370 438 580 453 354 688 788 974 
613 148 533 725 875 924 372 353 435 170 514 559 219 693 951 972 
300 779 886 971 229 200 159 171 804 946 982 
451 335 394 631 524 62 693 814 860 94 464 188 426 215 622 685 282 432 907 987 1000 
230 513 286 621 681 415 353 250 551 89 698 765 817 830 873 897 989 518 36 301 549 565 501 124 446 375 347 509 132 266 20 332 507 604 51 596 22 703 786 858 901 967 990 
269 629 240 564 339 376 347 532 601 514 583 630 172 144 613 387 349 112 264 120 661 698 757 902 918 
157 420 599 650 767 946 579 504 76 427 669 59 710 752 779 
441 389 580 304 164 572 207 153 474 732 
675 335 688 473 771 867 872 948 300 686 288 8 336 187 323 598 567 714 776 789 859 997 
640 496 390 88 145 663 898 927 404 634 672 251 450 493 408 661 718 772 791 796 
627 611 177 106 399 366 955 315 381 574 661 197 616 515 613 836 857 950 
399 596 351 787 828 852 534 431 659 681 238 367 595 732 762 
671 313 303 67 107 44 86 523 112 244 846 940 366 203 458 174 527 252 145 146 113 600 634 710 730 784 787 842 931 958 1000 
421 323 689 551 928 361 545 533 106 294 690 707 732 930 
363 508 680 187 430 275 306 222 450 472 766 806 865 506 333 201 389 80 388 283 579 277 379 129 179 303 163 553 650 354 726 897 972 
35 479 253 549 164 613 71 55 725 816 147 435 395 339 17 504 300 467 757 834 861 892 946 987 990 
313 228 753 997 453 19 542 90 309 837 
264 237 485 705 845 145 127 353 483 584 380 421 801 924 
638 236 156 441 38 580 135 714 234 170 340 233 449 33 138 392 689 742 839 860 
602 588 367 197 784 651 555 638 762 816 948 993 999 
249 669 515 702 508 153 116 724 737 863 
362 163 98 824 15 53 76 454 224 711 766 828 
399 683 548 322 596 351 487 366 106 494 202 822 828 877 953 954 955 59 229 538 464 698 78 141 277 618 673 591 232 303 612 354 175 709 711 722 728 740 752 757 813 819 945 997 
626 551 421 681 250 741 998 442 369 504 339 449 269 759 804 806 828 858 991 
645 215 180 462 325 707 682 404 616 460 800 
68 515 394 159 451 101 98 379 280 485 163 480 173 571 651 114 350 303 585 551 323 77 558 171 578 227 15 697 33 598 691 569 2 319 502 754 766 769 813 889 934 
128 463 604 656 572 682 352 171 815 838 841 706 250 707 30 322 308 664 137 105 226 94 106 775 793 835 871 927 995 
608 484 129 727 780 951 963 134 106 164 489 565 525 553 307 735 765 775 967 
326 508 216 306 163 158 344 412 349 933 
634 703 149 21 600 574 304 388 348 638 141 255 930 972 560 552 491 18 100 508 499 413 693 177 650 609 276 371 225 176 718 737 750 755 859 
623 819 866 981 999 515 74 289 837 924 943 
636 507 240 245 81 413 205 859 865 918 
565 291 169 785 993 329 622 583 353 142 425 359 736 877 
159 485 163 379 329 98 631 860 874 903 217 272 609 438 647 694 518 97 662 607 154 714 460 781 925 962 
339 285 654 979 464 348 235 286 594 152 866 971 
122 584 590 680 222 440 571 193 465 414 240 657 376 787 840 964 
306 211 326 743 663 495 481 164 112 347 435 819 
483 380 619 793 829 880 885 81 707 9 659 561 471 154 822 878 916 991 
428 292 23 537 404 600 642 726 868 413 430 508 652 650 13 218 613 731 903 933 938 
558 22 284 224 21 428 619 568 868 880 882 972 988 293 650 203 640 488 414 301 61 561 705 551 518 270 102 430 467 799 994 
253 350 359 499 71 579 686 371 148 164 206 700 479 205 755 875 924 389 413 636 4 630 376 61 259 323 596 665 202 460 615 654 326 421 195 30 411 749 775 785 839 906 959 
723 127 113 314 110 389 156 600 284 638 699 377 648 656 359 626 81 154 61 440 454 635 251 784 883 898 913 
712 435 862 892 570 501 518 763 852 946 
245 602 636 514 337 282 56 772 854 983 987 191 212 707 116 9 55 378 88 596 394 630 683 554 186 766 936 948 976 
475 547 166 415 525 263 502 765 809 830 873 994 623 590 648 641 59 175 596 145 84 662 327 288 644 492 802 832 838 857 906 996 
556 266 560 11 385 378 196 697 180 416 15 814 913 977 
617 365 493 122 395 320 211 766 806 865 938 165 723 155 315 313 221 239 544 5 99 663 645 883 906 921 924 992 
594 315 668 243 413 145 317 210 819 842 999 201 375 441 618 500 638 692 45 698 696 743 783 820 958 
191 640 102 819 54 167 417 99 676 112 
73 132 659 51 915 922 350 534 278 159 198 601 34 773 926 
585 91 59 383 466 81 232 300 212 853 712 632 593 659 664 680 563 272 63 225 171 332 835 836 904 921 
130 322 351 177 438 611 787 799 827 953 954 568 180 342 500 8 717 135 372 298 610 526 95 856 858 899 911 972 
414 520 565 12 662 673 813 847 851 878 895 910 934 984 714 211 480 114 71 551 638 625 21 197 705 39 678 601 600 144 447 460 160 893 927 
578 48 426 516 840 849 968 659 350 241 19 461 59 127 527 380 675 798 857 936 
249 327 98 123 845 2 7 145 298 644 588 61 266 969 
461 367 601 356 268 784 294 188 460 528 466 667 603 707 826 947 950 
708 372 415 506 344 474 612 314 640 356 827 
287 52 272 391 663 71 703 370 251 746 863 900 
721 680 222 962 301 4 732 145 790 873 984 
438 641 596 787 496 77 502 642 604 145 
308 657 33 825 291 177 27 371 255 816 
372 323 681 817 856 897 413 260 261 187 742 638 680 28 787 853 961 
127 196 444 388 312 113 603 658 135 77 501 882 972 662 114 480 33 585 286 108 567 485 525 396 170 430 419 267 306 766 856 888 954 
632 614 169 616 936 499 18 498 480 203 508 817 920 945 
526 46 357 129 495 780 169 268 205 138 554 725 214 163 476 847 
184 415 812 817 941 998 714 618 516 676 11 438 544 536 869 
546 14 188 440 179 418 87 651 431 6 943 954 
390 623 505 102 527 819 999 273 215 691 282 375 661 707 665 389 297 869 
416 661 4 95 221 94 701 238 137 114 608 362 434 352 40 674 398 815 838 910 972 
433 395 766 859 342 656 79 157 710 595 
533 725 519 816 483 714 584 81 594 813 934 994 
604 682 656 100 786 131 192 41 378 160 965 
526 355 195 528 120 5 382 409 175 625 660 774 804 893 4 569 211 308 614 319 83 99 377 337 58 181 700 707 659 662 529 690 771 803 955 967 
332 472 187 211 267 450 424 590 121 395 430 188 617 365 122 821 962 552 578 491 38 681 159 315 516 290 215 134 233 498 106 415 381 579 558 136 308 485 413 902 944 950 963 985 
614 419 118 616 406 448 520 635 169 242 108 52 446 887 894 910 958 984 362 647 333 569 13 426 101 708 408 430 257 159 58 336 484 167 659 346 163 398 424 780 792 826 926 953 986 994 1000 
587 21 676 501 530 73 50 561 288 93 270 920 940 971 
132 560 556 30 276 431 182 922 978 991 259 399 630 21 118 339 186 646 625 161 819 824 837 853 855 878 906 
451 485 159 814 872 918 704 645 580 696 388 542 806 816 929 939 972 
402 60 489 945 109 727 399 191 105 832 844 879 
5 357 50 231 27 774 951 101 408 530 354 349 388 561 210 844 909 997 
689 729 525 551 941 88 638 77 21 712 211 785 882 
168 493 699 122 584 731 211 754 397 306 257 938 205 551 44 226 137 361 710 604 728 274 706 132 747 794 830 835 837 995 
288 476 133 691 456 502 491 353 964 987 
475 592 511 281 809 228 33 464 380 911 996 
459 552 305 984 413 549 324 494 164 562 710 
145 308 594 478 637 158 627 272 209 560 808 941 984 
78 394 529 335 101 429 693 975 289 757 557 300 577 239 195 292 809 932 
728 311 13 471 858 93 496 220 243 694 604 117 513 
612 227 244 324 313 509 443 734 201 617 163 822 960 
7 400 409 374 764 757 625 893 931 396 116 87 616 638 22 347 48 23 269 275 794 828 844 933 
439 10 640 505 145 413 825 711 725 323 450 712 483 34 69 15 823 938 967 
530 428 658 634 1 21 77 20 49 103 389 670 612 693 582 228 300 626 356 680 60 143 313 296 932 971 
652 39 426 154 275 29 67 584 242 671 999 
426 302 229 802 253 642 243 462 530 438 
300 610 500 585 544 91 460 271 383 139 687 179 349 899 908 923 971 77 218 69 60 51 314 229 656 206 671 184 26 393 193 691 414 601 497 804 845 875 920 976 984 
608 246 538 749 50 254 455 76 120 195 712 804 931 951 963 344 377 20 242 433 285 319 759 221 629 415 673 164 387 475 464 849 875 927 947 955 967 989 
90 352 510 572 656 604 815 838 841 412 18 113 355 404 400 11 718 235 59 292 812 851 888 940 
613 359 371 148 864 104 369 112 326 641 307 930 937 
406 291 391 225 995 112 732 526 218 186 639 920 962 
17 13 740 337 704 136 498 979 604 697 414 550 175 641 139 726 368 578 860 895 
620 169 225 108 294 717 851 974 98 35 725 765 289 435 523 923 933 962 
756 572 171 815 838 839 841 689 245 403 519 234 446 863 883 893 914 948 995 
399 736 606 445 696 744 438 828 837 861 916 973 245 4 388 469 720 527 350 173 473 300 746 513 389 480 381 623 697 371 981 989 
233 140 589 628 198 919 428 685 647 263 845 952 981 
659 385 560 220 978 590 394 608 592 307 693 840 976 1000 
305 550 446 225 448 459 414 342 52 70 410 878 984 993 332 452 538 563 665 418 92 518 198 551 267 147 628 743 461 77 831 858 941 949 950 971 
361 516 207 288 193 32 219 977 413 583 258 96 425 694 364 349 177 806 858 892 
513 423 626 830 856 989 121 629 759 668 432 933 936 
388 186 634 21 113 156 127 501 722 835 857 957 378 324 438 671 155 711 291 584 139 187 33 368 90 797 809 866 875 946 989 
668 370 283 88 381 774 12 76 208 183 766 391 869 
507 586 477 17 122 375 640 177 682 509 823 868 
233 41 203 504 858 441 361 661 242 114 335 596 313 694 
588 367 85 197 124 264 474 598 793 819 928 970 
539 145 247 47 571 349 616 452 738 956 
736 106 167 828 189 590 724 334 671 809 
675 485 264 571 443 844 845 860 948 131 709 5 113 184 220 145 609 683 806 865 893 940 945 977 
635 305 272 330 607 169 851 53 333 530 278 702 72 250 853 881 
516 28 144 154 778 888 314 511 729 94 438 50 95 887 955 964 989 
126 591 894 984 484 35 219 319 757 901 
76 526 608 780 293 484 400 129 374 357 757 893 779 296 507 708 305 79 457 93 554 687 95 101 814 817 945 960 988 1000 
275 257 680 122 859 962 367 340 565 238 374 671 253 474 379 878 905 
336 188 699 121 456 187 617 731 326 122 365 865 913 961 381 681 762 597 497 708 308 429 159 636 210 180 484 791 800 230 560 490 56 816 845 883 903 
629 628 285 140 258 554 635 327 438 26 314 352 4 424 
114 872 896 948 770 384 296 655 221 970 
458 729 768 681 856 876 994 46 335 352 269 799 450 771 77 497 793 934 984 
541 491 344 393 438 215 351 613 228 597 610 404 
679 177 202 837 917 114 671 188 355 78 388 316 352 970 
750 111 415 138 817 897 531 117 781 171 11 13 394 395 85 904 943 
620 616 391 459 673 192 737 225 287 996 113 710 755 210 140 707 94 65 586 270 362 606 340 903 971 
529 443 688 412 24 762 159 477 730 59 619 333 580 383 804 893 
781 786 711 463 604 572 906 308 471 195 433 600 530 556 108 541 753 117 
209 371 164 700 278 613 643 479 125 55 755 533 359 579 864 875 925 123 169 604 762 806 608 745 211 581 583 629 704 320 203 210 154 411 342 152 847 878 899 916 922 937 958 995 
609 812 344 750 621 746 250 689 262 138 681 541 513 340 421 328 909 379 540 459 173 330 804 350 71 102 399 413 321 505 19 113 603 431 318 748 179 260 834 841 905 
476 573 157 6 361 649 554 219 534 840 523 121 596 145 627 343 433 169 611 62 441 52 445 853 903 
732 684 505 413 427 210 496 243 715 640 315 155 752 174 334 733 825 911 966 548 297 215 602 721 214 238 761 258 221 179 572 797 506 707 654 476 530 516 636 372 513 629 915 948 986 995 
474 66 480 935 683 288 348 676 652 732 594 999 
211 395 758 871 913 961 962 506 559 645 170 582 285 184 970 991 
679 707 683 487 773 82 722 225 330 675 
318 74 39 442 630 53 578 986 243 775 659 298 170 565 795 226 146 7 846 943 951 997 
631 417 480 105 571 706 394 531 582 948 129 126 168 164 152 137 371 761 226 363 469 140 828 953 997 
775 191 819 594 745 496 218 317 210 308 315 310 626 353 501 534 507 537 362 378 367 404 65 579 578 81 327 462 388 984 
666 307 215 180 976 637 81 565 740 154 200 122 683 759 
438 736 202 955 741 624 631 151 387 138 858 993 
9 366 641 438 512 470 787 611 351 707 202 696 360 799 487 837 850 852 917 955 625 52 99 455 559 430 706 573 120 194 47 76 669 51 172 708 824 281 658 431 774 409 624 845 865 873 878 922 940 986 
722 634 576 304 633 314 603 388 380 930 289 288 290 478 541 64 423 328 512 671 222 534 59 228 842 897 954 
166 689 551 475 792 262 138 729 354 502 609 856 873 399 305 190 160 342 196 394 498 153 114 433 537 766 339 447 232 136 875 961 972 988 
222 430 456 188 865 51 369 273 790 67 438 669 31 993 
238 452 457 117 943 210 288 763 230 729 655 592 881 1000 
13 198 136 498 476 220 582 194 279 18 
297 584 450 962 416 351 242 226 700 817 972 
793 333 304 930 13 735 766 452 711 854 
523 671 181 378 940 997 735 404 294 695 676 233 272 659 994 
106 167 234 360 9 487 828 351 811 787 916 761 637 320 766 62 715 701 460 595 7 145 272 882 944 945 
711 786 604 781 510 656 100 906 669 303 729 636 346 547 287 164 753 873 959 963 
352 69 786 656 421 703 725 246 53 966 
154 738 288 650 534 53 318 442 818 929 986 1000 789 122 257 31 519 619 525 521 191 662 385 720 551 367 341 135 879 980 981 
682 786 171 109 781 97 711 128 572 100 656 153 906 55 555 33 191 205 249 649 654 104 101 411 334 817 318 132 452 966 967 969 970 993 
42 319 308 413 732 229 487 829 177 32 697 246 415 934 
225 392 305 565 993 311 502 325 226 432 603 21 394 
163 62 101 531 335 379 467 474 290 417 24 800 935 342 4 774 459 415 289 125 369 763 300 399 225 154 388 641 764 339 851 856 899 
739 163 290 800 249 368 669 105 702 24 114 62 280 379 872 935 381 788 303 258 779 523 658 377 60 620 308 565 806 677 606 291 17 170 828 894 912 928 933 980 
697 316 378 452 624 487 6 823 592 921 947 
607 459 565 737 434 673 614 616 851 990 571 628 223 200 237 526 749 658 216 816 393 249 183 50 861 932 
111 541 458 89 344 528 224 115 585 661 361 203 995 
573 288 442 738 514 46 345 780 124 668 612 924 
185 167 828 202 368 118 367 612 388 169 
785 448 673 225 737 801 176 341 520 607 847 894 993 996 373 460 551 288 630 161 781 681 481 482 844 138 395 868 872 875 912 933 935 
177 399 9 696 167 627 828 314 395 232 727 595 89 585 853 860 888 994 996 
139 179 466 585 232 104 212 460 735 869 971 485 67 818 659 350 761 746 122 801 96 852 292 182 266 456 907 970 999 
728 282 425 17 363 579 345 560 448 835 884 
46 495 76 920 58 761 21 394 427 571 315 921 
681 89 830 792 506 199 525 809 622 200 513 340 746 137 909 989 107 747 638 282 36 844 35 193 554 350 427 492 669 79 736 121 308 584 647 68 420 615 218 430 2 867 
793 314 389 77 580 127 388 600 235 530 603 522 653 292 587 882 262 695 729 738 172 557 466 423 240 313 546 680 191 523 60 4 285 148 198 956 962 967 
36 586 772 151 131 796 367 268 40 498 128 708 15 414 152 791 619 736 480 317 790 689 429 827 218 873 989 
805 754 535 590 211 267 332 168 257 714 112 662 637 649 641 164 299 74 526 716 693 879 887 
394 467 688 718 163 800 362 327 935 948 4 703 371 79 852 564 174 594 784 591 313 257 21 215 899 923 926 
399 177 683 445 512 561 787 585 700 580 499 625 847 541 68 971 984 
435 727 251 7 893 965 255 566 475 352 112 663 637 515 257 
46 481 883 959 786 705 485 582 135 742 
479 125 579 519 55 782 278 205 613 816 533 371 875 103 616 367 144 142 575 399 115 406 355 611 521 88 449 151 105 923 934 979 987 
433 731 831 363 508 336 699 384 211 806 961 962 298 81 33 548 716 182 387 800 476 683 575 828 649 421 878 940 945 984 
102 210 715 966 612 285 719 122 402 631 793 997 
394 485 270 411 571 693 379 256 368 380 626 611 94 282 552 56 458 304 49 679 341 856 907 945 
113 530 723 642 634 724 517 22 447 404 885 980 182 158 405 669 621 5 313 682 681 287 795 46 129 851 76 871 908 984 
54 853 500 886 750 634 399 379 752 794 962 
571 474 280 948 330 683 154 544 271 875 967 
363 122 119 821 510 711 655 673 868 948 
762 429 105 693 327 114 379 485 845 394 808 975 294 646 851 435 324 501 591 386 230 672 13 257 517 648 916 938 943 959 967 989 
423 689 729 830 25 513 838 613 743 471 858 113 240 484 828 244 938 
264 331 411 78 270 718 456 427 158 232 464 654 326 389 664 33 993 
613 253 725 686 206 359 371 479 205 643 350 816 37 864 549 925 428 333 203 112 780 356 602 435 641 851 397 830 69 599 516 870 530 779 793 510 919 932 991 993 
681 502 609 809 157 446 438 67 380 464 418 402 
167 707 366 185 494 388 717 288 44 242 258 215 102 
737 620 577 790 616 644 12 673 342 632 414 341 910 934 678 722 515 261 539 828 656 467 599 159 805 816 865 761 452 282 353 979 982 985 989 991 
624 298 437 890 997 254 403 763 625 600 840 859 55 920 
724 2 149 722 144 219 392 66 238 925 992 996 
232 179 160 59 43 91 570 272 832 285 558 801 994 
747 634 259 857 22 530 724 312 972 765 459 481 579 462 123 837 13 508 98 361 415 894 906 933 
863 195 409 29 226 400 625 608 806 540 9 731 726 217 786 283 558 668 315 899 
345 260 438 487 351 322 470 596 399 641 522 339 1 485 344 405 854 629 446 183 622 272 594 55 995 
722 501 113 186 634 868 106 290 277 659 420 400 46 169 373 899 
687 460 170 349 869 225 441 337 671 943 952 
759 341 330 342 434 565 635 936 984 996 284 316 600 236 498 119 141 218 802 320 421 859 15 914 964 
93 154 802 144 288 929 56 449 781 124 747 332 656 658 852 
229 39 219 652 904 494 710 478 130 681 655 
670 321 879 4 661 473 411 68 128 180 927 
9 366 683 351 596 218 16 192 137 172 134 
357 727 226 893 91 240 169 398 527 791 700 
757 862 488 129 774 246 804 892 251 595 786 512 523 248 215 800 659 737 288 489 315 814 955 957 
759 851 635 169 803 12 565 591 550 934 882 265 475 167 326 397 845 150 551 76 235 476 245 905 954 
565 577 737 969 996 85 374 784 452 323 420 33 313 907 
808 237 473 515 935 556 265 401 546 167 649 
681 746 137 213 689 812 994 234 102 560 467 640 829 680 343 408 699 949 972 
308 439 694 155 639 630 726 290 644 627 254 
204 139 779 466 436 232 59 460 971 860 568 736 883 303 816 470 58 885 62 604 844 556 950 
86 464 87 221 940 339 742 512 379 626 201 635 904 911 
671 449 303 452 324 624 481 335 594 803 642 73 183 689 318 
678 489 215 373 180 945 690 392 599 758 624 318 625 88 526 
718 264 411 669 321 813 723 818 806 343 961 
48 219 599 476 288 152 490 889 1000 531 735 508 900 658 186 466 69 565 55 227 342 812 935 
208 437 432 624 112 94 894 477 681 805 91 817 12 71 485 177 543 
510 815 656 604 838 162 69 572 841 171 534 729 45 725 614 413 667 417 882 404 731 650 328 761 993 
573 647 93 490 154 652 926 867 853 89 539 895 688 315 394 356 673 668 
618 81 212 436 779 204 108 404 207 389 266 346 868 213 502 36 912 
551 281 817 856 111 150 503 440 679 764 631 
759 446 878 176 737 974 753 351 440 684 171 246 661 167 574 
102 648 819 999 900 159 582 768 222 139 736 997 
560 659 51 142 30 991 845 908 265 851 514 136 180 76 295 681 113 
257 821 806 222 673 349 579 730 442 726 
497 201 476 630 786 547 887 634 280 625 
30 431 734 385 659 364 266 387 819 156 215 423 538 63 318 547 681 357 532 425 979 
787 837 177 548 573 872 722 321 298 816 
548 828 811 438 596 442 501 174 379 284 666 970 980 
114 62 78 762 383 449 638 716 95 690 997 
41 788 482 56 238 875 103 650 595 308 
435 526 374 129 855 608 625 992 620 779 315 748 402 760 602 783 680 879 949 984 
534 201 161 252 929 946 55 735 409 855 846 367 731 168 989 
431 761 734 405 307 828 72 129 816 140 536 972 
779 134 232 265 204 160 971 860 864 497 144 251 785 673 174 137 541 286 175 
350 725 613 205 148 686 278 164 253 982 644 731 177 145 849 564 210 715 702 632 370 196 286 551 484 635 362 
816 35 55 875 209 549 205 880 425 616 571 260 718 929 978 984 
252 32 193 907 860 759 404 734 169 121 984 
210 594 694 981 737 890 485 7 85 780 711 
415 626 354 698 495 228 474 845 388 797 
840 219 921 288 888 762 320 574 3 76 925 422 114 997 
638 603 522 835 714 829 259 619 57 135 375 298 527 294 378 567 287 612 173 167 251 782 549 698 572 
774 625 223 129 374 780 46 17 499 61 265 229 697 464 492 238 154 972 
555 298 432 378 303 672 228 933 13 875 647 585 771 776 84 351 847 460 659 971 
672 457 313 677 181 464 670 303 932 375 671 583 4 609 603 258 792 723 785 851 622 713 479 882 64 845 468 68 418 448 575 774 936 986 
635 737 225 632 392 878 894 272 459 178 809 545 710 659 842 481 281 364 351 755 313 432 864 656 516 314 992 
896 860 582 290 845 114 820 844 237 367 904 493 121 851 392 487 623 164 192 604 347 219 945 
287 887 635 748 958 984 313 107 296 728 249 792 933 738 455 
294 26 635 969 782 816 249 508 135 102 629 254 
121 363 680 766 731 59 872 775 723 656 510 272 873 
600 186 543 441 145 409 762 213 36 663 337 
221 107 492 4 697 378 900 238 464 313 836 298 997 275 636 395 655 264 229 781 334 638 442 218 828 93 865 760 800 501 496 952 994 
230 765 750 994 180 266 405 770 790 632 
22 447 600 483 559 972 112 553 674 661 565 488 534 122 177 962 997 
612 67 832 396 523 509 452 970 193 886 751 715 823 297 342 872 486 619 251 812 121 971 
662 341 392 952 95 66 475 656 758 511 203 837 
536 215 545 615 248 678 190 902 645 489 763 58 462 307 949 154 273 169 574 837 28 865 748 173 236 656 629 253 298 804 627 800 935 395 867 98 707 982 995 
252 207 516 921 691 11 700 687 513 433 793 636 635 727 
666 489 180 454 967 976 366 657 498 411 39 740 17 780 846 313 246 
159 114 860 693 379 66 800 675 237 808 870 335 824 368 443 394 331 407 545 440 664 494 31 728 354 378 135 471 76 453 704 624 318 871 121 218 786 55 91 634 819 450 671 962 972 994 
58 645 945 489 418 494 790 897 920 480 975 983 993 
310 115 308 413 33 155 315 790 740 565 758 8 899 17 695 967 
780 712 226 764 823 604 535 686 291 508 
662 607 616 944 940 502 788 886 340 561 364 
438 202 9 736 130 707 824 210 607 437 513 759 32 960 967 
130 512 707 736 177 641 9 366 894 298 238 76 747 829 207 681 221 268 751 462 996 
695 828 403 234 827 707 596 487 265 684 757 626 802 642 780 289 893 4 352 990 
11 387 364 431 857 654 798 85 551 650 
793 236 388 113 352 608 557 893 384 361 99 551 
192 936 662 759 565 990 993 365 221 816 545 156 697 732 657 431 978 983 
293 863 76 29 725 533 599 872 838 972 976 
415 323 525 64 681 989 600 587 570 773 953 331 804 
384 680 326 865 440 450 211 257 143 806 821 962 746 137 220 134 669 434 558 466 613 288 74 616 454 903 21 830 661 998 
805 365 821 758 961 122 834 96 450 211 424 267 584 865 617 743 326 785 388 164 948 169 197 114 361 225 106 631 371 718 399 262 942 869 59 857 285 783 154 90 319 
495 780 226 712 758 604 475 838 603 547 
560 465 387 30 659 991 767 553 720 230 802 585 887 
76 488 862 484 442 334 52 756 394 105 
648 866 819 33 413 315 637 839 244 621 271 841 372 228 442 359 162 288 13 
402 545 180 358 418 261 553 58 563 645 489 248 947 598 976 247 314 533 757 669 857 486 841 775 471 712 870 558 953 519 56 689 872 336 780 950 
420 738 288 534 1000 65 102 266 498 114 663 560 997 
84 895 305 937 469 500 739 841 135 397 
943 449 95 583 452 378 313 194 457 94 997 335 675 88 315 811 659 596 649 917 821 853 797 808 841 102 
398 265 779 104 139 65 81 160 300 618 179 853 923 134 585 687 170 899 232 59 760 524 719 660 485 943 195 659 861 813 267 600 94 298 932 11 555 42 534 132 662 129 363 60 259 489 260 530 790 776 
530 638 558 882 747 942 314 634 724 537 103 559 292 38 141 714 186 980 275 244 95 753 948 233 226 959 652 159 699 131 417 248 440 736 830 834 897 686 636 922 762 290 931 76 977 
561 787 399 177 525 159 7 315 174 991 
225 192 565 910 785 301 431 685 60 532 440 113 232 33 
771 280 872 571 351 230 354 592 949 426 673 
553 190 307 645 215 947 967 678 826 60 779 959 673 507 122 789 41 565 484 728 46 391 435 79 999 
295 649 791 1000 238 398 972 800 730 129 
789 276 556 761 431 659 132 405 991 526 625 415 958 925 248 81 493 421 288 507 678 334 986 
258 719 784 136 13 611 21 878 915 565 864 
82 21 404 634 868 972 444 603 638 537 483 79 395 840 602 615 41 641 189 917 475 552 415 845 630 982 984 995 
927 33 413 145 715 232 534 485 240 9 840 787 248 788 
499 37 148 924 687 945 544 878 616 980 272 356 
602 471 728 636 40 322 374 958 139 186 949 222 682 560 
422 769 565 759 936 414 272 803 581 118 225 887 341 241 790 644 737 256 809 663 779 980 96 365 285 743 602 770 604 452 868 861 925 825 257 920 123 865 436 350 926 625 95 97 
683 494 9 561 608 573 758 878 315 306 594 380 
823 840 503 301 144 575 1000 933 978 148 89 759 819 237 283 335 828 305 614 
728 498 269 507 13 654 99 444 688 544 864 49 565 422 30 658 767 700 
333 574 724 2 389 312 830 391 178 804 69 608 573 278 680 179 
856 689 415 960 453 200 792 994 780 605 802 75 156 54 793 878 321 787 921 397 858 872 
16 616 847 305 550 958 604 205 689 20 590 955 570 282 136 700 259 
385 978 560 912 51 761 30 659 364 964 973 72 630 338 708 4 283 722 821 878 875 516 551 415 330 994 995 
608 920 625 355 521 313 238 466 240 934 731 113 880 
717 790 958 52 434 616 843 550 591 272 851 996 586 949 125 684 19 874 132 478 704 906 827 237 831 665 602 841 641 183 875 994 
199 897 622 506 809 353 729 513 681 344 421 138 989 491 328 137 941 665 998 991 759 993 638 881 43 412 462 253 467 940 755 471 176 182 852 389 249 836 582 77 602 948 191 724 287 617 293 13 
414 108 178 434 565 632 620 12 70 84 783 662 520 330 991 129 848 980 640 766 164 945 46 214 452 439 495 816 786 605 711 884 599 679 451 819 
895 993 565 330 851 887 446 813 681 954 645 729 4 378 313 399 880 82 148 852 768 
970 378 523 107 298 296 457 701 685 672 228 940 4 879 437 661 324 605 836 348 48 680 81 242 629 918 424 132 866 693 49 764 183 911 341 544 824 942 929 648 275 23 184 179 707 823 968 656 
372 750 994 708 340 551 503 569 464 961 661 659 358 156 65 
42 570 319 102 752 668 911 715 47 732 820 489 673 600 777 383 704 56 976 40 113 601 165 656 195 853 540 
977 968 214 154 318 840 34 442 986 361 904 650 133 6 503 447 475 159 278 832 335 466 625 759 697 91 132 64 37 510 601 122 190 804 587 194 789 688 
