1000 9704 0
23 103 558 722 30 58 144 193 539 623 945 
110 388 530 722 747 880 939 159 266 399 571 601 604 652 763 906 954 997 
165 635 673 748 66 96 191 440 522 530 
18 244 313 316 324 378 432 449 452 464 583 612 624 970 997 19 53 62 71 82 159 176 234 237 326 392 405 571 629 647 664 726 752 844 852 853 894 945 969 
15 50 409 963 95 125 228 523 800 930 
154 420 647 791 139 226 274 539 624 638 674 697 
15 29 46 50 129 435 608 712 122 241 255 309 339 359 457 621 650 724 823 961 
250 415 626 681 873 960 46 545 590 638 652 659 714 816 860 
106 177 399 561 596 787 827 884 985 76 142 241 298 304 357 636 650 693 823 995 1000 
33 145 623 668 694 842 17 363 415 601 612 740 765 891 938 
30 364 659 734 915 991 113 159 171 361 603 647 703 828 929 
673 843 895 910 944 984 990 47 139 189 224 430 476 498 584 700 776 939 991 
17 36 79 131 146 245 337 367 477 557 588 602 655 716 728 784 788 796 858 979 37 134 199 228 255 322 323 413 430 435 494 516 592 611 625 633 662 663 699 711 766 767 774 781 837 842 857 865 903 946 
211 456 584 617 608 662 813 907 935 981 
5 7 46 195 660 749 18 36 164 255 369 573 675 732 753 977 994 
410 414 550 620 101 131 337 468 697 854 857 
13 40 203 269 299 337 376 498 588 788 10 101 113 278 450 494 505 812 882 887 933 935 957 981 991 
4 313 773 846 890 15 218 241 350 392 483 632 855 955 
58 80 190 418 645 826 976 4 94 171 263 296 380 587 659 679 882 943 
110 113 714 882 129 176 340 449 458 491 661 900 
22 31 49 113 183 292 380 388 603 634 638 714 724 793 829 857 957 972 26 150 164 212 248 288 298 315 318 331 378 395 398 399 442 457 548 643 645 655 744 758 777 803 887 953 998 
21 537 543 600 658 703 723 776 882 94 151 160 202 310 324 362 375 379 480 605 637 659 742 967 
1 235 292 530 634 180 221 228 256 435 527 579 680 
474 814 824 867 36 43 200 527 608 831 925 
111 551 621 698 141 211 489 570 601 630 
552 737 759 952 21 452 683 710 806 829 906 
488 495 528 883 186 498 689 845 853 938 
426 490 650 907 415 433 583 712 734 919 
7 46 76 355 374 608 625 920 111 118 135 163 240 312 315 363 498 506 680 858 910 997 
11 51 73 142 364 387 730 761 915 964 978 991 1 32 62 76 81 140 203 253 380 552 592 635 699 729 799 829 844 853 
21 447 676 857 957 349 416 615 650 656 738 911 923 943 
152 497 926 929 30 33 656 734 971 993 
10 88 115 145 319 381 413 505 570 668 694 732 819 911 32 46 84 113 164 206 226 235 239 300 313 323 351 477 499 571 625 660 670 689 830 834 858 
48 302 650 818 62 292 373 486 766 809 847 858 
205 359 700 782 240 318 353 368 389 806 972 
13 40 198 203 285 367 498 504 740 24 15 137 228 296 353 459 573 618 645 673 806 860 872 
148 209 579 700 725 13 162 210 342 524 
135 380 530 600 642 882 215 257 414 465 466 645 825 
154 157 442 818 968 147 202 238 474 493 543 758 975 
17 36 498 504 588 602 807 119 145 308 433 438 456 626 710 847 898 920 
79 337 367 589 690 95 219 252 307 433 620 630 904 
88 210 775 999 212 263 441 476 580 587 
65 232 300 338 886 971 24 194 201 399 507 560 769 935 940 947 
432 452 773 933 997 183 506 656 720 934 988 
245 557 564 664 119 145 180 275 464 811 
29 15 7 76 124 293 435 481 608 893 959 992 8 33 52 145 238 273 356 415 540 568 634 663 699 703 731 787 825 865 944 
191 308 317 496 794 819 12 87 344 544 585 716 818 833 880 
34 219 599 791 921 239 366 403 446 496 637 669 735 876 
21 135 156 638 653 857 134 420 472 485 593 614 621 639 824 
7 5 129 175 435 764 780 804 287 289 352 438 461 508 548 658 675 787 814 838 884 909 
30 182 385 387 465 556 730 734 922 68 93 219 313 452 600 607 635 746 837 957 967 
341 391 448 790 801 944 46 106 109 117 254 560 707 794 819 
152 302 534 575 929 4 172 175 179 228 363 480 636 
265 466 585 735 971 552 603 607 642 823 958 
148 205 253 549 579 613 725 864 982 64 145 152 155 334 339 538 649 671 845 849 948 
240 504 588 919 326 414 483 571 645 816 848 891 
113 312 483 600 76 246 480 485 641 711 
19 180 190 215 373 468 536 553 593 615 645 678 967 976 1 113 116 154 182 200 207 303 333 341 367 408 427 446 510 612 683 735 740 769 895 980 
65 81 91 134 232 349 383 398 460 466 500 567 735 779 923 971 138 154 215 217 282 402 438 441 456 473 479 568 599 617 628 681 695 816 822 850 859 989 
248 307 373 645 678 763 945 976 163 396 552 657 658 751 764 798 903 991 
93 144 442 490 578 647 114 123 222 231 365 404 747 806 871 
163 249 474 860 935 34 30 4 153 222 375 464 792 817 
72 282 628 728 65 77 89 114 148 428 666 781 
137 328 353 729 809 817 55 220 348 484 579 615 630 819 867 
59 43 204 300 398 466 63 133 506 635 721 733 782 840 994 
290 407 651 867 3 112 188 605 640 742 906 
523 672 697 997 534 645 699 737 883 980 994 996 
114 368 872 874 51 86 444 539 819 821 982 
128 171 604 656 838 841 172 327 337 367 375 412 600 807 837 861 967 
662 785 995 996 271 551 573 761 817 841 
164 359 725 816 4 173 250 263 265 279 298 540 
63 85 367 987 349 540 685 847 950 988 
30 220 465 991 145 308 442 463 814 890 
133 201 575 818 170 178 462 639 697 768 884 
240 690 796 797 148 221 607 671 823 879 
29 46 120 175 226 251 254 357 374 400 625 660 749 764 774 780 951 992 57 30 9 126 127 160 164 205 261 270 273 305 330 385 413 414 575 642 725 755 815 901 910 935 944 988 1000 
135 141 156 333 388 404 408 441 483 537 543 619 638 760 868 972 988 63 95 145 228 257 318 330 331 443 495 497 585 596 630 647 649 763 778 832 851 877 899 911 915 933 984 
485 631 710 800 155 293 308 523 578 695 774 
13 41 258 376 425 498 504 602 655 983 108 117 335 357 360 413 418 500 520 617 753 764 774 827 840 921 960 
19 418 709 945 397 430 492 628 727 818 972 984 
59 134 139 160 170 466 618 869 886 971 30 216 405 451 454 524 596 641 660 662 781 804 924 935 1000 
558 642 714 972 4 578 598 606 626 680 851 954 
147 326 590 938 347 442 734 819 937 964 
176 272 392 783 944 33 206 542 574 608 681 
72 140 233 240 339 346 347 514 646 177 210 225 253 351 370 413 435 549 668 678 842 845 940 
208 298 378 970 68 225 415 530 553 569 571 664 
107 452 612 932 47 170 209 299 483 502 800 825 
33 42 158 308 315 317 413 505 570 595 775 819 89 178 186 194 202 271 292 297 318 376 386 419 477 529 530 612 872 890 974 988 
323 423 551 689 830 88 63 264 298 557 732 
128 656 711 906 180 451 589 688 844 982 
59 232 398 460 881 923 253 341 379 443 565 583 595 761 790 
498 514 589 858 388 416 464 536 604 669 
61 133 214 295 318 649 946 51 246 548 600 604 634 854 895 925 951 957 
95 116 228 464 555 583 670 900 905 943 22 19 201 225 361 395 411 490 494 596 638 847 855 875 894 978 
94 112 116 303 313 449 624 639 753 879 905 997 41 5 77 102 121 130 164 257 333 405 409 411 485 591 645 853 967 972 978 
297 758 766 831 913 3 186 220 308 414 534 661 696 728 
572 786 838 839 428 541 576 681 834 881 913 
159 571 820 867 398 483 492 527 620 659 720 787 
136 197 198 285 425 507 586 919 116 124 129 147 217 338 437 510 604 662 806 953 974 
352 572 656 711 781 786 839 115 208 227 269 335 380 710 736 813 
159 163 571 845 860 896 17 16 128 448 484 548 591 656 841 
115 145 191 218 315 317 542 637 715 775 794 819 981 999 95 232 292 353 454 460 474 703 725 726 731 747 761 811 827 841 878 961 989 
1 186 348 603 298 315 351 457 475 759 
179 338 610 853 923 971 156 192 219 243 248 579 723 862 1000 
123 237 362 394 571 675 872 935 192 234 246 422 475 551 567 574 594 663 767 816 992 
9 202 399 470 487 561 683 695 707 828 837 953 954 52 111 113 151 164 226 240 298 349 495 506 526 697 719 774 804 914 947 948 1000 
87 316 378 452 661 901 108 159 340 602 655 663 793 815 828 899 935 
225 737 887 984 79 107 415 468 516 994 
510 572 815 906 52 312 339 680 775 875 
2 20 469 559 300 430 594 782 866 884 
25 502 525 621 809 812 29 106 189 249 283 600 632 659 858 953 
95 117 298 313 378 432 555 583 661 685 753 933 943 66 196 285 292 326 341 343 433 445 632 696 732 735 782 790 815 830 915 
21 20 57 135 235 255 380 428 447 486 587 638 714 723 868 882 930 980 988 58 106 17 33 11 119 136 152 164 173 187 204 271 276 286 319 342 344 382 484 485 611 675 695 699 730 736 738 759 954 
68 163 335 474 485 524 571 702 718 771 808 824 844 870 975 61 63 172 198 206 208 318 321 343 356 387 491 565 566 612 752 790 838 848 851 875 883 995 
102 33 390 478 570 640 100 125 202 211 295 415 516 713 779 907 
95 94 324 605 661 99 58 133 202 394 428 539 747 951 
112 189 244 298 313 416 612 672 677 943 970 79 52 195 230 269 282 352 367 369 379 388 439 483 722 723 762 922 
392 565 737 990 29 479 516 553 567 839 
211 326 508 865 45 40 113 311 335 611 940 
76 251 481 538 171 313 648 899 901 904 
168 222 257 297 306 680 721 751 806 821 871 962 95 163 233 263 299 330 331 387 494 523 635 676 790 845 878 893 901 902 969 986 
143 187 188 211 320 424 430 440 450 535 617 680 758 766 806 831 7 131 137 156 239 260 300 327 360 388 457 510 513 514 520 600 642 646 671 686 690 694 747 983 986 
105 264 718 844 61 297 380 616 701 984 
46 538 625 780 804 99 206 225 523 533 706 767 847 
613 725 816 875 5 115 471 731 823 1000 
330 717 748 958 984 76 155 537 567 636 947 
135 236 408 501 530 880 76 273 329 339 461 497 571 608 997 
90 69 352 604 656 682 841 101 248 645 787 805 826 840 862 901 
7 50 226 246 254 293 374 435 455 481 484 488 526 538 608 660 780 804 883 920 20 99 145 153 181 225 270 299 315 334 343 434 474 525 543 618 624 640 644 791 810 817 872 885 943 946 964 997 
177 322 627 884 95 196 204 298 580 746 
13 367 507 655 704 983 16 122 308 415 689 864 990 
220 387 405 431 465 560 659 964 230 307 329 378 485 733 840 852 958 971 976 997 
93 74 193 650 65 116 388 415 570 724 741 
81 59 232 383 585 971 13 49 163 290 306 485 659 856 875 882 921 
77 38 49 113 127 441 530 569 634 692 714 857 885 972 988 29 144 240 301 319 342 375 594 607 608 630 662 671 696 705 735 763 792 805 856 924 
99 258 514 628 655 690 716 728 784 987 113 234 272 392 464 526 576 599 616 675 785 886 930 949 958 990 
64 199 250 325 353 354 491 698 746 817 856 989 36 122 180 296 338 442 452 485 493 533 581 608 646 688 788 915 931 997 
200 230 415 421 541 665 809 59 144 231 289 302 341 459 658 829 840 949 976 
81 160 265 271 300 349 398 466 544 687 735 853 886 971 6 12 228 252 261 421 478 505 559 697 700 773 819 844 873 887 890 979 984 
85 245 532 602 30 187 190 693 724 923 
77 568 642 724 25 319 616 625 739 990 
30 560 659 912 964 9 237 444 593 819 1000 
122 211 363 584 699 731 758 439 555 568 572 620 661 682 738 920 942 976 980 
61 201 229 318 420 476 516 534 599 649 652 691 738 840 921 929 1000 138 1 135 197 228 260 307 341 346 441 502 594 616 638 661 667 699 710 765 826 868 922 993 999 
33 102 10 174 191 243 308 310 315 334 413 439 594 623 640 657 663 694 745 950 46 45 40 77 129 55 73 148 159 165 226 235 240 250 277 309 399 430 436 492 508 583 779 878 893 908 918 976 990 995 
13 636 772 807 343 363 393 817 824 829 
83 222 257 267 433 758 39 99 378 396 399 563 840 916 967 
37 55 164 253 371 816 864 875 75 63 145 299 329 342 421 821 867 878 976 993 
284 388 600 885 972 303 371 372 449 464 618 759 808 892 
365 699 743 758 21 164 184 234 470 556 625 937 
233 285 376 586 740 106 22 351 490 495 559 904 966 
53 32 154 252 503 516 767 777 1000 55 113 225 259 339 363 557 558 592 608 812 947 962 988 
171 572 656 841 62 129 202 318 468 507 833 999 
6 152 39 252 288 476 497 516 554 630 649 777 791 802 823 914 58 59 191 244 245 257 276 281 289 335 353 354 392 466 484 491 556 560 616 661 756 813 845 869 872 909 
427 594 668 732 819 911 966 126 78 55 340 358 407 461 600 645 654 690 939 
49 77 501 587 658 122 104 509 656 688 869 936 974 986 
39 426 442 778 946 1000 298 510 612 759 824 961 970 978 994 
88 218 308 319 206 241 281 342 584 624 917 
98 101 335 379 417 443 451 474 480 485 631 669 693 702 800 820 824 844 872 935 2 11 145 4 107 216 232 235 241 258 288 313 315 363 380 388 441 494 575 578 579 612 682 732 828 841 856 894 978 1000 
81 139 212 460 76 22 169 409 450 584 616 
219 573 904 1000 164 303 469 600 938 978 
604 656 906 37 178 297 337 436 845 864 980 
101 62 114 474 480 631 771 844 948 29 121 60 134 171 226 284 321 395 510 640 785 815 933 943 
71 148 205 253 359 371 479 549 579 613 725 755 782 816 864 875 21 76 95 150 113 106 161 33 15 210 295 302 366 464 476 503 606 660 687 719 723 752 794 862 901 950 
3 225 287 565 145 394 411 564 650 699 869 
325 354 750 817 203 361 717 884 968 979 
366 512 596 611 736 744 837 917 253 314 321 585 602 629 658 832 856 897 943 945 968 970 
121 395 433 617 180 449 706 804 905 907 945 
225 422 520 565 616 759 790 803 847 851 969 984 995 160 186 217 257 282 298 319 349 367 431 483 511 568 587 749 852 884 948 967 997 
81 179 232 544 735 779 853 87 74 245 291 418 496 498 503 680 729 747 928 
153 69 352 604 656 682 756 781 786 815 838 906 163 120 11 19 208 245 283 287 334 339 395 410 502 825 837 861 899 948 
307 418 489 666 967 114 69 53 250 315 448 504 561 747 
394 480 688 860 918 113 71 423 518 556 590 618 619 678 
145 210 319 715 898 950 238 382 603 642 675 693 700 762 780 956 997 
50 76 195 226 231 53 376 432 440 518 547 656 880 984 
84 330 607 620 843 993 4 20 231 329 396 570 594 802 904 954 970 
130 9 260 309 351 399 438 596 627 683 695 707 787 822 852 877 955 973 85 224 286 299 315 372 414 437 457 464 479 491 638 651 653 656 680 790 810 854 860 866 921 962 967 977 996 997 
414 459 813 996 74 162 88 248 313 351 377 645 
104 170 300 500 585 881 899 971 53 241 272 446 548 644 650 672 743 759 
58 307 402 489 645 709 945 947 949 967 137 23 45 168 90 260 339 354 395 575 695 699 725 786 989 
189 313 324 396 509 932 129 226 280 307 419 793 856 915 948 
51 556 560 597 761 978 58 363 500 564 583 585 691 705 724 984 999 
21 469 580 724 44 290 620 682 787 816 905 
230 286 551 830 856 897 150 260 313 379 635 699 759 845 980 
366 438 470 954 588 650 840 841 932 971 
103 314 388 389 559 634 653 835 96 169 27 88 239 293 349 476 565 710 845 907 936 982 
122 211 257 395 113 140 327 816 858 934 967 
122 326 395 493 584 731 766 805 961 66 281 337 348 389 398 469 577 692 714 717 771 776 841 
181 117 289 612 905 12 111 471 673 761 852 893 973 
58 19 615 976 140 311 444 474 476 872 
102 47 145 308 825 154 3 345 474 618 683 762 875 991 
242 287 448 737 105 104 306 371 378 514 515 999 
133 207 219 516 534 840 1 248 382 418 547 551 629 724 780 984 
228 238 289 296 321 375 378 452 492 879 970 88 43 281 315 349 367 371 408 422 562 674 732 819 825 828 971 975 
175 15 226 246 355 400 481 712 862 883 893 931 959 117 268 300 310 316 317 351 373 480 529 597 683 735 750 851 853 861 878 890 996 
292 333 530 638 714 723 112 130 308 546 656 712 769 779 810 
99 601 629 664 144 288 308 363 725 882 954 
36 99 356 425 471 601 690 114 312 351 432 434 486 516 831 846 933 934 
137 415 506 551 626 729 897 994 13 254 257 370 377 435 440 630 634 703 879 945 
138 230 286 592 622 998 58 24 218 288 307 532 534 683 758 819 828 
74 144 476 516 534 630 650 840 43 94 402 452 480 591 616 626 671 798 844 934 
106 260 351 366 438 470 512 548 641 696 707 736 828 850 22 116 153 39 115 88 296 306 378 552 564 616 644 649 785 790 802 920 943 964 965 
36 17 240 282 602 664 858 979 166 30 226 325 372 515 594 650 737 826 840 906 967 984 
65 300 610 853 113 130 683 757 776 938 
55 164 35 350 700 875 76 364 405 435 449 577 620 685 728 
371 643 816 925 124 114 33 84 158 788 921 
193 442 503 534 573 1000 58 308 355 367 403 641 725 800 875 952 
86 273 313 583 671 697 753 171 114 100 382 387 433 525 668 707 784 855 
37 479 499 579 816 87 322 551 662 730 775 
42 174 218 283 370 439 527 623 694 733 794 819 842 950 999 85 37 164 211 214 238 312 318 409 509 512 514 617 652 661 692 707 729 747 758 772 835 872 874 
119 122 143 187 14 222 275 326 395 680 743 758 805 913 938 25 115 210 269 290 298 351 372 388 445 477 564 573 585 608 667 707 723 784 872 877 883 904 967 
160 232 500 899 971 21 42 221 257 404 693 
621 729 876 928 998 218 282 329 332 335 567 591 680 983 
93 318 361 503 516 977 210 217 409 471 688 693 860 992 997 
58 307 418 454 489 553 593 645 678 763 902 945 967 976 38 59 259 317 335 364 460 480 507 508 523 567 629 659 731 736 751 819 883 914 931 
222 440 617 961 159 81 514 544 603 673 723 819 
344 415 511 897 994 998 169 214 59 99 582 753 770 816 927 
158 210 102 308 319 413 496 570 623 663 674 732 819 213 18 200 363 488 512 534 590 631 650 697 717 725 737 800 822 838 845 971 995 
48 193 161 361 426 649 650 738 818 888 104 41 51 222 228 260 319 332 376 381 528 572 617 680 785 819 828 
132 73 385 405 597 978 991 64 96 415 542 600 619 766 799 834 902 917 
227 464 624 670 846 997 212 75 23 271 292 356 371 394 669 714 980 
121 211 216 147 297 363 384 766 834 865 61 62 219 251 271 371 379 426 432 466 790 817 839 884 932 994 
246 400 435 625 485 558 859 877 897 926 
522 600 857 972 12 177 303 319 595 774 
165 108 169 242 272 305 614 616 673 759 851 952 996 129 152 85 86 124 94 320 370 545 590 608 668 716 760 784 825 830 844 976 986 
195 129 76 175 246 608 625 727 757 774 920 145 106 203 6 181 163 33 281 385 465 578 662 689 737 811 852 994 996 
221 313 901 943 100 491 505 596 634 659 806 954 
194 94 238 296 298 316 324 457 464 492 523 661 753 832 932 940 23 77 144 5 139 36 13 219 53 233 247 249 302 342 354 397 421 472 485 506 516 657 953 988 996 
144 288 401 442 516 652 738 840 257 351 419 526 615 663 729 737 875 937 958 980 
184 138 200 372 415 750 830 960 994 117 132 305 308 313 330 368 375 385 460 464 627 866 891 947 959 987 
175 374 484 608 757 774 138 61 176 277 339 643 974 
43 212 134 59 91 170 349 398 460 466 544 618 687 735 779 869 899 908 923 159 102 286 381 388 391 452 459 488 516 560 584 615 630 709 711 721 764 818 831 858 874 880 882 887 895 958 989 994 
85 151 664 833 228 121 546 662 673 969 
438 470 606 811 954 4 136 105 150 369 694 758 934 
113 23 236 388 568 600 159 33 145 256 398 431 886 908 931 933 
235 127 638 930 319 320 341 433 482 711 
105 379 480 571 582 710 739 845 872 142 4 367 378 435 437 557 635 637 663 757 768 933 971 992 
194 228 273 303 324 416 437 449 452 518 836 46 174 210 39 262 310 330 350 361 386 505 515 561 690 844 851 938 
258 367 557 716 122 48 186 33 318 523 597 843 
56 85 75 203 277 285 347 514 628 636 690 719 728 983 29 35 135 106 145 242 316 353 389 535 638 663 737 759 776 824 845 968 972 978 985 
520 620 759 790 813 159 179 7 18 9 158 416 868 
225 192 446 813 240 243 558 626 731 819 
145 542 570 648 663 242 104 327 489 624 737 875 948 972 
4 117 303 449 639 773 154 250 291 414 553 562 746 908 958 993 
13 45 140 337 498 602 858 154 170 171 272 560 757 780 865 899 976 995 
129 195 223 226 357 374 780 920 931 951 93 57 105 372 406 446 534 638 691 769 784 816 922 927 973 976 
317 369 427 595 819 228 300 344 442 584 604 641 827 
60 418 489 563 21 178 104 128 193 422 501 516 
62 379 443 529 800 948 228 111 307 447 707 790 899 931 985 
8 137 513 541 609 681 172 244 145 71 635 730 887 901 980 
76 120 488 749 855 893 222 303 317 513 622 624 707 801 866 872 985 
152 154 301 599 41 139 419 829 984 985 
148 55 164 278 350 359 371 533 549 579 613 700 725 864 875 924 91 167 85 30 351 425 434 452 534 573 632 672 683 697 708 761 850 855 880 890 935 970 985 994 
129 76 625 804 892 893 199 52 403 595 600 739 913 
113 388 722 980 7 13 15 467 697 924 966 
379 524 531 800 23 235 305 791 828 856 
187 147 121 275 363 430 440 508 546 713 754 758 766 859 154 77 169 199 229 38 212 95 286 364 367 461 618 636 669 671 817 883 894 920 968 
136 79 239 311 367 629 159 308 333 335 577 625 641 811 868 932 
333 389 444 793 152 215 353 735 780 841 981 
202 177 403 445 611 828 861 184 180 122 144 219 288 414 415 498 746 903 1000 
454 553 678 902 76 139 502 667 747 884 
415 506 513 681 238 355 413 454 586 599 942 
286 502 817 856 42 19 71 121 437 558 780 894 
123 688 739 845 918 89 378 532 561 612 646 699 936 971 
54 139 735 779 853 971 71 297 337 402 487 551 608 624 701 888 
364 387 556 560 659 761 2 316 335 357 365 384 531 673 676 754 841 
147 433 456 806 485 503 714 761 804 904 918 978 
367 504 514 589 195 302 305 534 640 932 998 
17 356 367 471 564 211 100 117 406 518 713 763 847 882 
335 529 571 693 76 129 544 781 825 967 986 
139 300 349 853 88 70 113 221 222 983 
225 84 342 520 550 552 565 591 635 662 878 887 936 974 996 245 136 179 288 293 358 368 388 427 438 465 560 562 645 653 682 686 702 703 774 777 780 820 856 
238 208 378 452 457 464 127 76 46 292 293 294 728 828 886 
314 428 580 857 6 335 414 429 597 759 781 813 
257 211 430 456 720 758 961 45 452 471 479 534 579 603 659 848 882 986 
385 405 556 915 113 154 338 700 724 738 757 831 
240 386 655 728 231 145 281 296 329 419 663 
253 479 643 686 782 864 17 308 370 449 469 498 645 756 840 879 998 
314 638 676 980 71 497 617 764 842 858 
669 705 845 896 948 181 351 405 513 560 568 781 888 
415 750 812 856 909 994 194 154 158 188 226 277 467 670 944 972 
203 63 482 514 628 636 807 833 854 858 169 117 213 59 298 364 390 414 479 538 645 681 812 897 912 984 999 
210 381 413 595 898 981 111 171 401 451 493 807 862 
149 692 703 723 726 868 163 315 449 712 721 740 790 804 854 
240 99 36 151 347 477 586 629 664 690 112 288 350 375 487 502 551 555 620 710 774 837 881 966 967 
184 263 200 325 458 708 830 232 113 257 177 303 437 456 658 710 802 845 966 
192 165 391 419 520 910 171 50 288 293 463 509 715 782 829 
229 154 295 301 318 442 534 630 649 778 802 818 823 907 914 921 977 1000 200 285 287 272 197 260 159 21 298 362 367 380 381 440 559 583 658 706 723 753 789 819 832 853 865 910 948 990 
189 194 378 452 138 50 154 485 665 785 986 
66 473 651 669 675 844 935 948 134 183 211 351 371 399 553 644 657 709 835 930 
785 887 894 984 244 170 361 641 681 766 
196 23 21 638 658 88 34 273 221 112 102 920 960 
46 129 374 435 660 920 951 186 287 273 272 78 335 445 515 536 685 692 724 
414 591 662 737 887 993 995 273 314 353 444 523 682 705 738 793 931 973 
93 288 649 650 818 888 977 115 164 344 429 538 579 655 697 711 728 855 
228 194 303 321 378 452 202 277 36 19 137 485 544 667 689 725 963 
121 222 96 306 731 88 265 162 123 379 443 476 688 924 
228 112 117 86 396 437 464 523 661 670 697 701 753 900 933 940 997 169 282 288 211 71 21 103 130 157 89 106 9 307 315 320 328 342 348 407 409 435 478 601 641 841 844 
17 339 477 646 87 177 129 148 121 626 670 865 
43 179 65 139 204 271 618 667 908 971 110 33 195 122 247 400 481 534 571 584 681 743 819 845 866 878 887 
288 252 361 649 652 135 337 446 577 654 816 945 971 
53 34 401 889 228 268 138 164 477 533 687 891 
95 238 296 244 316 321 449 523 555 612 677 890 901 933 224 286 251 58 149 161 337 361 374 429 490 614 648 673 687 776 851 897 909 913 983 
404 501 600 603 714 857 988 9 375 413 474 686 707 819 822 949 
225 446 565 591 614 878 934 268 230 76 256 348 394 424 454 517 534 893 
297 121 430 508 584 680 721 766 202 192 134 316 413 523 557 635 677 851 867 940 
215 60 172 180 373 454 462 545 678 945 249 41 132 298 181 144 200 313 458 512 611 704 732 759 948 952 
158 191 88 145 47 218 315 319 343 369 370 668 770 775 825 842 96 258 230 207 40 131 78 196 197 278 73 324 345 347 378 392 432 457 486 636 725 847 885 928 929 989 
177 641 707 787 884 145 7 457 560 649 685 961 984 
145 319 648 657 866 22 195 238 355 583 602 
258 367 740 772 190 119 653 710 714 828 
57 530 760 857 109 198 29 210 637 818 
227 181 112 95 117 4 208 18 375 437 452 518 697 846 879 932 940 997 178 120 33 159 307 51 230 184 335 339 351 363 413 479 513 541 604 656 680 681 767 786 794 838 853 985 996 
274 279 186 483 724 776 857 957 988 294 167 345 377 399 564 596 631 683 704 751 806 936 946 998 
88 145 308 102 319 369 381 390 427 505 648 684 694 775 794 819 159 177 298 129 194 29 103 172 284 21 392 466 572 588 638 661 680 683 692 757 765 779 807 858 873 970 
107 303 4 228 905 195 266 306 240 407 515 556 604 
88 247 102 47 527 594 657 898 251 215 195 366 466 557 562 650 718 875 965 982 
144 288 93 214 361 401 420 442 554 573 575 647 777 907 968 986 77 153 210 21 239 88 114 35 404 437 498 530 563 565 596 632 634 651 727 746 784 821 828 850 987 999 
218 310 158 33 174 308 315 413 427 694 798 999 113 236 219 169 135 141 224 385 392 411 503 536 588 678 736 740 797 828 897 995 
122 336 430 535 805 806 236 298 225 443 704 735 872 960 997 
303 194 296 416 432 970 167 163 114 325 337 621 635 725 830 851 926 
130 351 707 884 209 13 342 405 521 612 722 956 
89 689 768 856 33 13 386 645 655 773 786 797 
4 228 181 116 238 457 670 697 308 22 363 367 372 384 423 428 525 751 864 963 971 980 
166 286 137 741 203 321 389 419 512 538 580 813 
83 119 188 211 363 440 472 493 508 758 806 871 112 4 56 335 383 426 624 668 729 740 741 750 778 886 898 912 
335 485 771 808 824 870 69 187 243 122 364 415 654 682 980 
64 393 458 994 298 426 462 507 528 618 950 951 
362 631 718 762 948 277 127 176 213 132 148 378 630 806 
176 126 410 565 644 759 847 851 121 238 76 77 230 372 464 530 661 702 715 786 986 
412 710 718 845 872 121 77 21 359 723 816 878 970 
363 493 540 680 806 213 219 392 447 642 716 728 787 929 
196 259 77 428 522 537 638 724 258 58 95 584 635 758 795 819 884 909 964 996 
145 623 775 794 171 55 129 344 538 620 711 980 
159 114 327 270 368 411 515 571 582 688 710 814 844 274 215 213 119 293 266 313 154 79 258 100 326 477 522 550 595 642 655 859 972 993 
320 535 540 680 806 962 373 378 408 476 495 551 585 706 999 
13 245 41 17 339 347 367 704 728 69 321 303 265 188 301 16 162 388 434 561 738 766 810 
104 43 853 971 99 276 137 462 625 726 
85 337 299 367 377 654 740 788 987 171 180 152 127 313 231 109 7 55 626 702 717 878 946 
354 506 511 547 689 876 989 994 20 155 107 414 476 548 600 614 618 654 667 742 806 987 
52 392 577 635 742 769 851 995 58 144 138 112 236 91 367 623 728 933 986 992 
272 446 448 577 616 632 742 748 887 894 984 993 113 135 228 298 322 37 158 148 388 420 525 626 646 659 669 745 832 856 
308 369 381 496 570 927 114 146 112 129 517 560 790 829 935 
217 372 415 423 502 626 681 817 247 295 334 47 113 539 550 559 658 940 950 999 
366 399 494 850 191 314 308 632 745 758 785 933 
85 562 601 772 144 424 474 641 949 997 
240 337 285 85 532 629 308 83 359 585 600 625 730 887 931 971 1000 
103 408 829 980 188 64 305 298 805 881 
232 271 139 59 567 779 971 186 31 194 72 106 169 454 565 587 611 791 961 
205 253 686 725 816 875 924 925 285 238 18 498 511 514 553 758 789 878 906 961 962 994 
177 322 202 360 366 403 445 470 487 494 561 811 828 178 229 290 151 103 313 253 198 195 211 85 33 280 446 764 790 812 830 899 922 987 
128 171 100 510 604 786 815 841 906 117 50 434 495 537 573 646 664 710 758 807 856 870 894 
137 64 453 547 681 708 729 830 294 240 102 35 154 36 259 452 471 565 591 629 804 878 
340 166 137 729 741 228 180 154 464 579 607 759 983 995 
195 29 780 855 883 310 262 207 425 819 993 
198 269 477 854 221 114 46 361 485 511 673 902 
76 246 382 435 608 625 862 79 266 9 438 551 795 818 939 953 
598 645 666 945 155 272 600 852 878 962 
71 164 35 253 371 875 331 347 7 388 455 915 945 
351 399 695 787 79 122 496 648 857 949 
214 318 219 301 420 442 490 516 534 578 650 691 818 840 849 968 1000 356 166 238 94 11 303 291 367 369 381 453 464 501 584 610 611 616 714 731 782 804 807 836 853 880 923 994 
105 329 407 411 473 845 288 22 387 399 491 566 659 884 930 
332 257 326 143 222 365 450 540 546 584 699 758 865 961 962 146 182 218 313 10 29 197 324 152 159 53 373 454 503 672 675 695 780 816 828 832 841 866 965 
11 266 30 431 659 956 978 991 282 215 257 205 327 471 551 625 655 780 823 961 972 
150 363 395 472 766 961 266 61 541 625 686 729 795 829 867 
345 167 202 351 185 811 828 955 164 48 317 460 508 572 602 650 751 813 885 898 915 
72 339 239 258 311 41 337 131 13 269 268 36 386 498 564 601 629 690 784 833 341 237 207 117 58 194 324 361 169 69 257 288 445 462 466 523 563 621 689 698 737 816 859 867 872 889 908 911 922 945 
68 335 473 571 230 35 272 382 460 462 755 993 
343 308 315 247 413 117 361 234 15 655 828 832 843 873 
308 210 413 623 640 752 842 278 225 85 199 401 414 448 601 695 776 799 829 
206 164 253 359 148 479 499 533 700 725 782 816 925 221 222 149 192 290 194 461 477 494 508 555 557 618 623 693 783 804 838 840 857 997 
344 230 453 475 506 551 592 689 817 830 989 998 211 330 324 203 246 149 177 383 394 448 456 504 566 571 613 715 720 772 825 975 
58 307 60 826 945 34 336 195 363 414 669 815 840 972 
76 129 231 29 246 293 435 528 931 963 303 417 436 452 549 650 656 772 787 800 861 930 941 945 961 
194 313 449 457 612 697 773 832 836 22 135 304 69 62 285 230 386 399 856 984 994 
17 79 151 377 507 654 704 175 88 219 430 467 496 642 789 800 864 933 
376 339 461 589 704 772 314 178 199 440 516 632 735 816 990 
273 296 289 194 86 112 107 4 437 492 523 672 697 933 940 943 970 997 202 264 336 329 308 192 21 147 132 237 435 463 513 585 600 621 636 655 680 683 776 781 795 817 878 884 942 947 957 
159 237 249 256 411 429 485 531 688 718 762 800 222 91 184 297 117 22 432 502 517 519 584 804 817 837 869 892 933 941 
38 21 113 389 404 633 653 723 100 19 159 288 30 123 470 507 630 677 851 984 
343 283 33 315 570 594 637 663 732 288 361 219 232 438 492 600 613 635 743 763 791 822 867 912 
357 400 883 965 368 113 174 193 208 859 928 
134 59 544 585 618 667 908 372 326 404 412 520 537 553 661 680 694 841 
222 472 721 961 266 324 527 814 868 990 
220 276 51 659 761 789 912 964 226 230 319 76 414 420 426 466 514 542 551 651 995 
367 277 461 655 740 88 375 238 323 414 437 608 693 817 
132 30 266 51 431 121 114 208 362 483 526 701 904 927 
2 77 149 21 186 255 235 404 469 600 634 722 747 760 776 793 972 272 232 159 359 342 122 92 133 117 337 211 413 446 450 459 585 661 664 678 704 800 806 905 920 976 984 993 
186 259 380 558 568 580 638 793 829 857 885 930 980 188 35 240 325 427 504 546 567 673 729 740 759 790 844 860 888 906 915 921 945 977 
115 315 648 663 282 631 843 874 935 967 
52 287 410 414 565 803 232 471 500 753 794 859 868 945 961 
341 84 118 406 414 737 759 790 801 974 319 308 154 315 136 332 18 4 394 681 712 746 819 820 873 
328 551 626 856 146 424 504 670 786 948 
105 173 515 688 693 710 824 844 867 874 918 935 948 116 221 305 372 392 165 476 486 498 537 555 633 640 681 689 770 787 875 893 950 
188 365 187 168 211 430 440 535 546 713 758 962 171 94 21 180 163 447 448 452 483 505 545 700 728 796 807 815 898 908 945 
298 181 905 940 997 60 176 147 538 613 673 805 893 
450 617 699 859 865 80 228 413 418 645 755 781 
91 59 232 65 139 544 585 618 735 899 188 235 21 98 480 518 539 599 634 659 660 710 721 902 987 
106 177 9 360 345 487 494 696 707 828 837 852 891 955 973 290 43 147 145 2 362 21 314 375 495 530 590 607 688 725 730 749 780 816 817 824 829 868 896 
195 382 223 76 488 300 413 473 489 688 915 
302 318 229 650 283 370 432 452 713 909 
180 462 489 645 265 201 59 471 860 937 
351 260 799 850 207 48 254 491 812 966 
304 380 388 77 703 868 880 885 318 383 61 212 474 484 551 581 621 628 707 789 790 
132 276 220 465 597 659 730 761 322 280 81 205 4 95 452 487 647 728 779 788 814 955 
392 635 759 937 246 269 473 570 634 704 707 
362 66 411 710 903 298 155 316 420 470 857 883 884 
348 77 127 600 194 58 336 623 824 840 
5 495 608 749 757 863 160 210 214 298 95 551 600 
330 391 16 785 171 413 460 512 582 638 690 856 
379 407 362 335 480 710 872 94 165 95 319 499 581 590 619 640 897 901 916 
331 820 896 948 69 383 431 452 632 792 
218 283 33 145 88 370 319 369 594 640 674 684 715 752 825 966 981 999 410 306 313 262 388 13 79 85 304 400 397 76 438 443 466 487 507 700 738 747 774 776 815 833 845 889 920 
16 178 391 294 392 459 520 581 616 635 662 673 717 737 783 958 990 995 996 76 370 373 274 38 386 282 260 56 340 177 385 244 96 481 505 522 613 665 711 725 753 797 831 858 872 903 941 972 1000 
230 281 217 262 344 138 199 8 681 708 741 750 768 792 848 909 941 260 131 115 108 46 10 327 86 28 133 220 482 500 521 530 596 688 726 793 863 865 893 902 904 981 992 
117 238 321 437 661 241 31 92 426 613 683 703 748 965 
159 582 800 845 874 374 426 543 637 641 659 839 856 
172 19 215 80 248 645 170 193 79 397 446 520 609 618 993 
287 632 790 803 851 934 277 88 252 229 181 325 453 608 718 
361 144 318 6 490 516 630 823 904 1000 342 385 407 49 438 569 584 624 636 641 698 699 796 844 940 
138 513 768 830 848 960 989 148 228 139 459 558 595 602 654 868 972 984 
169 632 737 993 248 194 105 428 738 804 825 
89 344 491 817 324 173 572 894 949 958 
122 590 720 821 305 393 346 447 489 523 581 891 
99 198 79 471 253 355 450 476 570 843 853 
28 219 157 573 630 647 416 222 417 385 326 328 659 809 836 875 995 
247 155 319 315 694 966 272 389 58 512 556 624 656 729 730 759 
113 274 333 747 324 116 97 63 422 496 565 826 
379 473 702 710 808 274 303 295 501 510 603 712 759 
395 122 320 275 306 257 456 699 806 834 13 110 145 12 80 376 431 504 599 600 645 676 677 733 752 
132 364 387 556 560 730 761 922 978 235 169 430 412 438 483 501 565 583 639 650 819 845 942 984 
321 112 44 4 464 671 970 379 222 175 198 401 308 495 599 690 765 863 988 
168 147 267 721 754 766 961 112 236 41 28 208 40 458 565 585 655 984 
459 552 644 790 851 936 984 995 129 253 337 198 352 462 600 642 679 689 850 917 
129 7 50 357 374 223 46 293 526 757 862 963 205 298 23 237 378 199 85 13 523 552 563 565 618 635 656 671 708 736 793 
460 466 567 610 779 908 374 145 162 693 828 915 921 962 984 
416 238 378 313 298 523 940 997 286 263 386 237 99 318 177 708 860 875 971 979 
177 185 202 234 487 494 641 683 736 744 822 828 837 877 953 954 973 381 59 40 420 413 357 431 272 50 464 484 516 519 526 540 551 584 623 643 661 779 818 875 994 
145 210 539 981 117 143 596 638 943 948 
395 216 122 257 326 731 806 865 199 3 377 175 288 624 640 641 707 858 879 899 929 997 
77 135 566 603 723 868 42 59 159 144 470 632 662 664 671 707 911 
318 361 229 39 61 288 207 157 573 652 888 889 904 247 137 73 21 83 444 448 520 570 591 697 720 732 757 779 837 867 893 975 983 987 
159 249 467 485 413 77 297 91 320 885 
259 558 868 972 442 68 142 190 294 565 582 665 
260 351 679 707 811 112 293 211 367 600 673 748 843 880 
305 342 242 581 759 790 851 894 418 388 301 179 351 58 48 246 522 611 678 793 819 
31 113 569 658 723 726 249 395 424 332 466 585 591 622 824 907 931 
342 192 52 847 984 172 395 442 370 101 372 718 845 940 
375 95 238 303 244 4 464 624 661 940 20 168 205 278 284 149 559 600 602 617 625 694 893 
363 122 397 472 508 584 731 962 388 160 17 425 495 504 603 676 696 800 
159 474 480 485 515 710 874 975 90 81 283 587 659 737 751 792 811 954 963 997 
289 44 194 87 273 313 4 107 238 296 612 639 661 671 677 753 405 51 137 232 253 374 395 26 275 201 412 353 401 460 499 584 608 626 636 649 729 730 803 817 946 
372 353 513 817 856 897 419 361 550 593 699 791 813 857 977 
215 261 307 489 563 678 945 967 81 305 349 262 102 363 508 594 719 982 
129 757 780 959 359 501 508 878 934 956 
430 275 267 14 680 766 962 372 286 59 40 459 497 662 856 868 948 995 
273 375 228 324 523 670 685 832 940 21 308 7 103 177 122 309 561 678 707 776 837 872 948 999 
286 328 812 989 20 433 307 644 707 992 
434 178 414 550 673 737 847 995 456 232 36 138 388 421 544 570 630 710 852 856 871 
436 59 160 91 232 567 585 687 899 908 971 102 410 215 368 452 230 366 475 565 606 663 668 672 840 897 927 932 
386 377 471 564 371 257 155 50 127 715 
307 402 468 489 553 645 826 947 976 367 328 74 434 338 368 487 534 547 654 676 786 801 1000 
604 711 841 906 73 287 378 595 634 929 
298 432 4 228 94 273 221 449 523 583 697 836 933 997 354 149 45 438 92 164 177 136 330 62 361 230 474 475 600 604 698 703 798 909 911 987 
73 405 132 51 761 912 922 38 226 272 574 605 686 699 749 824 
54 232 65 81 436 59 139 618 853 971 154 222 317 447 315 385 38 367 413 542 637 753 782 865 956 991 
443 515 571 820 860 255 376 281 540 717 724 758 847 
462 58 536 678 108 153 16 732 752 781 
388 183 110 726 972 161 188 278 525 599 681 683 705 843 
351 106 185 234 202 828 407 380 441 150 484 609 731 920 981 
461 269 198 425 482 588 125 189 391 364 275 353 214 402 550 725 736 
365 384 450 326 228 49 489 571 670 767 
290 429 362 368 400 59 406 714 737 755 962 
163 159 114 24 62 451 529 718 948 191 464 346 404 102 190 39 304 129 590 641 707 731 809 905 
372 502 525 609 689 765 768 792 909 994 105 460 464 103 523 591 599 613 638 669 723 737 835 864 893 970 982 
154 144 201 497 649 650 691 738 888 921 946 1000 164 425 394 340 297 12 42 186 190 336 509 513 615 656 714 774 841 918 976 998 
285 299 13 356 302 33 88 371 211 335 718 780 
115 637 668 745 298 139 487 544 723 815 
371 278 164 209 519 725 755 816 875 118 282 275 177 313 59 494 580 637 711 758 765 859 923 
237 173 163 159 411 451 669 718 739 918 948 195 398 53 57 201 215 22 484 533 539 568 637 640 736 786 793 825 859 
120 46 195 129 526 625 893 300 414 553 616 656 658 702 737 766 858 932 
282 471 636 654 236 415 608 648 933 993 
77 57 314 576 600 714 726 868 882 98 387 431 169 395 18 117 56 87 541 589 742 749 757 777 856 904 
231 129 538 757 780 931 113 154 64 101 470 480 404 438 690 806 828 
327 159 379 443 78 451 114 669 675 710 771 844 845 867 874 896 975 223 267 228 57 49 132 134 289 113 296 95 356 137 532 546 587 604 660 680 681 728 801 805 806 828 877 
113 603 638 722 308 34 198 394 629 670 
106 438 399 351 548 695 736 799 953 413 265 405 478 285 462 689 699 779 835 864 939 959 981 
251 400 129 27 495 232 218 513 676 825 989 
248 402 172 454 462 180 215 645 678 945 949 967 472 243 400 25 424 490 502 560 584 661 748 766 787 802 814 873 887 960 968 
61 361 28 420 840 904 914 489 151 303 94 538 585 707 882 912 948 995 
423 137 525 609 689 989 20 154 227 177 114 403 362 630 772 788 790 
194 228 378 624 672 80 145 98 381 544 692 863 936 
188 332 326 540 39 283 137 515 813 972 
351 345 399 438 736 827 828 159 121 479 94 371 17 13 529 572 663 872 
409 488 27 608 727 883 450 106 77 399 151 352 432 336 635 867 947 
218 343 47 752 798 360 376 48 428 170 708 779 787 
154 476 32 516 630 1000 77 127 456 279 627 676 758 
79 367 17 245 36 92 40 601 646 690 260 394 12 27 170 350 29 278 318 674 717 747 892 933 945 
209 371 816 864 924 982 452 33 411 501 520 548 718 810 962 
59 179 212 544 779 971 182 391 415 79 550 622 802 870 962 
156 304 127 517 576 703 747 361 429 248 455 499 431 663 685 745 866 992 
475 263 111 344 689 809 856 873 994 171 87 379 261 285 489 144 526 610 629 709 710 734 791 828 
152 214 207 630 649 946 319 164 363 170 267 508 714 728 813 825 
268 40 79 36 56 564 628 629 654 655 728 788 450 430 172 372 389 393 537 626 669 708 720 768 805 806 862 910 
33 88 315 927 999 227 139 17 414 238 395 766 993 
340 262 372 199 681 44 29 65 106 228 554 631 697 
376 131 99 514 858 380 153 328 215 43 413 776 808 970 
326 306 119 450 257 535 540 584 731 831 859 962 366 454 371 145 50 215 455 503 537 612 661 707 723 755 800 825 827 907 984 993 
181 612 685 773 210 156 287 476 626 906 
352 109 656 711 756 786 841 163 122 58 99 429 157 546 599 697 719 766 930 
217 340 513 729 856 169 356 350 584 758 1000 
202 167 548 641 683 837 861 985 410 325 307 218 210 427 752 790 812 849 921 934 
262 453 511 250 421 525 551 622 689 729 810 830 122 488 313 251 280 378 476 516 556 589 664 691 706 752 787 813 833 845 888 944 
268 240 92 136 282 507 85 797 807 210 122 350 216 192 385 623 759 801 823 860 905 
394 467 335 451 860 948 192 316 293 493 203 238 560 574 605 922 966 
201 361 154 497 420 229 193 144 152 214 818 907 921 1000 377 108 228 513 115 13 248 438 232 198 118 551 602 629 684 742 779 847 855 900 948 950 995 
501 829 882 942 343 305 379 849 874 965 
238 313 523 901 173 398 175 269 681 686 732 785 811 967 
479 613 864 924 438 379 711 757 776 831 
414 272 287 169 241 759 851 984 383 79 499 122 418 442 735 754 784 963 
538 883 951 992 322 415 604 634 741 919 
224 333 559 658 446 3 414 335 846 878 
457 298 437 228 67 378 464 518 303 832 846 940 121 78 239 294 424 367 435 5 306 475 124 215 655 694 710 736 739 829 857 885 
114 256 762 814 37 81 605 654 802 969 988 
491 513 111 475 681 909 928 994 324 208 342 469 129 617 661 711 722 737 779 883 895 959 
435 481 129 608 764 774 883 893 229 387 106 136 438 502 653 809 853 921 984 1000 
210 317 542 594 663 999 23 24 98 384 655 784 803 830 978 
374 27 608 757 328 219 602 682 807 860 
270 249 474 872 948 494 88 195 572 681 737 759 774 783 
38 127 196 2 135 23 312 603 653 676 692 724 972 86 415 3 318 330 399 88 531 581 661 696 736 759 819 837 843 945 953 976 995 
379 256 814 872 266 530 648 655 812 862 
140 347 602 784 485 264 200 647 686 824 882 
371 253 700 725 864 124 137 302 480 707 736 771 908 912 
288 144 361 53 193 201 207 630 738 777 791 840 888 904 914 986 300 253 268 246 96 218 462 305 200 275 67 535 544 571 608 613 661 688 757 775 795 803 867 875 916 
336 395 508 320 122 240 534 552 690 738 759 
58 468 678 967 293 92 319 565 638 764 787 838 
333 22 77 543 600 714 723 724 394 352 126 508 383 504 573 673 769 784 865 961 999 
120 124 484 521 129 625 757 804 490 334 55 282 295 325 396 663 691 776 864 970 
439 623 674 732 745 819 911 116 344 68 6 1 398 480 584 717 725 970 
508 363 336 493 332 720 806 438 46 72 71 467 722 729 740 902 
138 250 809 856 994 365 483 97 313 706 710 
527 102 243 640 466 385 220 84 735 743 
22 537 77 603 129 417 39 549 575 861 895 
383 170 500 232 398 139 459 534 216 47 478 270 492 296 656 884 991 
307 553 563 666 395 225 8 560 574 867 986 
257 395 363 865 233 510 389 485 196 555 711 993 
353 340 551 856 193 462 175 565 594 649 676 747 
487 202 512 683 707 787 837 985 50 340 499 179 93 21 101 685 726 748 762 867 925 945 
164 55 253 816 374 85 543 674 771 775 993 
459 16 272 616 759 878 990 993 344 335 500 471 453 580 659 691 825 854 924 954 
89 513 372 199 393 184 547 25 622 665 698 729 746 792 810 812 873 941 960 994 209 409 193 70 438 364 404 285 385 105 516 357 336 265 607 669 679 694 714 715 725 804 828 834 915 923 991 997 
434 26 272 635 790 202 535 30 60 435 54 650 766 778 
462 58 215 261 545 645 902 967 350 118 383 244 481 290 86 692 855 930 937 972 
318 154 738 823 506 587 758 814 894 900 
303 112 94 583 890 394 143 546 285 371 728 737 930 935 
51 266 431 182 276 560 597 659 991 427 150 513 316 154 173 562 575 585 622 656 785 
239 45 13 654 317 89 371 152 306 237 679 809 
444 389 1 82 559 619 793 152 242 263 223 421 595 738 772 773 922 940 
110 522 558 186 722 793 449 344 151 288 139 674 803 809 938 
142 132 556 266 182 431 659 734 761 956 964 978 280 245 52 489 272 515 232 154 545 343 309 43 609 733 738 856 872 894 895 
106 9 351 627 683 828 955 238 172 264 337 457 844 849 879 887 913 918 
346 601 636 784 194 556 272 317 244 859 878 897 
545 454 248 615 949 967 976 367 435 147 318 744 800 809 828 999 
504 367 269 45 461 728 165 202 182 211 314 681 725 860 952 
118 272 330 305 165 169 391 607 614 673 717 801 843 934 936 993 995 996 433 460 444 349 428 547 353 536 435 431 91 186 114 318 627 654 656 695 804 830 883 896 899 951 973 989 991 998 
441 638 726 829 362 114 372 628 851 923 925 
436 349 59 460 585 971 215 126 389 105 118 213 614 756 955 
141 389 235 653 169 59 480 280 46 143 601 991 
447 135 724 747 939 420 86 604 628 669 700 806 844 932 
33 243 115 218 343 88 381 637 674 770 819 25 133 406 442 425 176 459 635 697 721 758 780 787 793 839 900 929 962 
105 101 335 368 98 237 467 114 270 896 903 948 127 2 33 86 372 4 300 534 56 472 596 663 665 680 687 690 694 761 924 952 
109 100 153 97 604 656 711 781 815 839 841 906 494 219 366 143 315 423 529 587 667 671 725 768 791 806 864 878 903 945 972 
318 426 207 161 442 767 823 253 537 15 352 211 36 70 747 996 
638 747 857 942 465 545 84 105 515 796 
74 53 318 802 159 180 543 556 76 596 625 989 
483 501 676 776 829 97 136 632 673 746 842 
342 341 616 996 258 188 205 301 698 700 724 
361 61 840 904 82 78 159 226 749 759 792 793 
37 209 253 164 55 613 725 875 275 104 159 354 64 295 23 702 766 768 808 831 833 967 
183 389 274 638 714 479 130 42 325 550 739 756 764 997 
446 414 635 995 411 424 137 404 530 738 
335 237 417 651 870 410 444 217 635 638 658 753 989 997 
112 464 4 94 208 555 624 639 661 145 288 28 182 91 431 310 591 681 696 766 787 841 924 
450 363 14 188 508 143 306 617 680 699 865 962 379 489 247 361 333 539 452 158 420 300 12 511 232 438 160 681 800 894 997 
134 179 398 383 460 54 567 618 667 881 899 908 923 211 378 490 556 433 167 336 347 388 47 447 77 182 745 748 749 781 900 943 946 
99 151 285 796 262 617 638 710 966 980 
156 113 658 747 776 19 572 554 42 451 349 169 485 708 
471 56 40 17 13 983 315 185 319 622 637 946 972 
377 268 92 41 602 483 513 90 735 739 747 
424 83 680 720 743 766 805 859 411 218 399 8 173 474 225 649 655 775 818 822 
294 272 305 737 887 894 95 213 353 442 447 583 101 201 475 729 791 
200 372 621 817 897 13 30 152 710 731 760 940 974 
215 58 645 967 49 453 142 608 642 725 
413 381 317 145 527 155 595 657 825 966 176 203 135 110 454 105 144 547 634 707 809 813 837 864 879 940 980 
283 247 88 594 663 668 819 927 224 421 254 558 463 335 91 651 791 796 
167 9 177 611 683 707 787 822 884 955 415 94 81 227 575 318 571 314 77 439 623 701 726 760 823 971 995 
220 405 182 556 659 789 195 239 274 673 690 737 746 758 919 
358 645 709 947 82 612 750 781 783 944 
48 252 144 791 802 818 840 888 946 968 1000 262 430 136 469 432 59 475 510 398 601 646 671 759 845 857 958 994 
483 304 235 224 408 38 22 57 537 388 149 633 634 726 747 829 942 972 464 51 445 111 155 161 340 220 449 409 358 93 69 381 347 122 254 430 378 434 604 659 847 853 883 905 984 
346 367 498 198 197 562 654 784 25 599 370 2 568 10 298 711 770 845 939 971 
245 13 532 40 203 140 79 589 784 788 987 366 449 528 310 167 516 421 107 718 720 735 775 823 872 876 924 931 
543 530 441 486 21 103 304 633 722 450 11 216 54 429 174 275 616 631 666 743 786 797 864 
171 572 128 352 69 162 463 656 682 711 781 815 838 841 906 485 600 99 247 92 2 569 316 464 313 521 93 616 627 676 718 758 771 784 858 917 923 940 990 
116 661 836 932 524 66 22 465 515 610 
234 679 861 954 164 460 82 718 904 907 
176 565 662 785 790 847 910 135 75 54 399 51 551 354 638 675 729 811 922 
528 526 226 46 409 231 7 495 29 129 357 625 862 892 992 84 24 14 225 211 593 419 137 482 135 534 265 127 152 452 386 659 666 716 766 790 851 996 
475 491 250 626 689 994 470 418 560 677 711 760 857 867 951 
204 104 436 779 605 361 502 733 734 758 
260 596 167 641 736 852 891 349 113 446 361 307 119 13 663 725 737 755 830 
303 375 509 189 4 452 117 87 661 157 88 264 159 58 114 10 598 322 508 705 853 882 934 967 
164 55 253 579 519 125 686 755 816 416 396 414 475 534 381 372 631 640 714 849 873 970 994 
305 565 225 673 878 934 958 303 340 49 567 758 829 911 928 942 
58 190 563 666 229 476 64 31 232 988 
342 577 414 225 169 550 635 759 813 847 937 969 996 154 160 604 144 141 202 123 361 603 481 136 201 625 661 680 689 700 725 751 816 862 
168 397 14 584 216 122 961 279 59 79 586 219 210 449 525 714 718 774 919 
398 585 466 383 300 81 232 779 257 371 36 418 328 191 340 435 129 173 149 724 928 
558 77 676 747 835 868 173 411 220 664 698 721 847 889 970 974 
16 241 176 635 813 878 183 41 334 285 143 98 205 
25 592 111 213 626 698 817 49 7 404 321 367 378 690 757 776 821 881 910 
200 551 513 681 792 856 500 447 588 556 251 630 645 658 862 877 
210 145 370 218 334 539 10 663 668 341 408 596 438 514 371 1 689 718 769 786 996 
583 449 492 221 4 95 671 697 773 970 326 251 158 129 6 420 243 265 427 440 629 695 734 849 882 
76 608 29 223 357 124 538 481 254 226 712 780 862 931 258 365 364 347 338 449 575 141 33 150 13 616 650 659 671 681 684 687 817 852 859 912 961 
199 393 609 621 8 344 681 708 856 452 509 82 40 242 342 299 504 201 339 766 787 794 840 971 
130 561 177 707 884 230 604 565 497 654 673 779 826 830 
63 282 136 504 240 80 59 569 404 566 634 
367 197 285 347 504 258 646 807 919 516 167 502 486 4 624 193 215 353 663 717 724 786 817 871 
534 420 426 201 503 288 154 497 650 791 823 849 907 926 1000 622 491 64 135 459 77 329 199 25 232 41 380 681 683 689 725 736 793 830 843 869 911 972 973 
78 163 159 329 688 706 390 506 613 603 314 218 761 832 884 
342 422 419 644 737 769 813 887 441 576 112 253 345 412 18 111 377 318 718 757 825 954 
603 380 600 868 13 394 700 718 811 948 
600 23 21 186 135 388 638 703 714 776 868 930 942 972 227 46 521 93 398 463 199 594 406 318 628 636 644 761 780 809 810 824 833 864 875 924 
272 341 552 414 620 616 3 406 581 673 851 936 944 984 121 582 435 237 333 184 250 570 65 30 381 495 306 51 321 764 775 812 816 845 901 
562 282 146 482 240 646 719 728 257 378 420 126 9 452 53 308 634 773 855 880 885 943 
478 102 570 381 663 966 479 237 480 417 588 312 466 48 22 670 836 
333 389 634 113 566 580 49 292 77 574 196 21 486 236 279 642 658 747 776 957 6 536 94 586 410 240 177 315 475 144 246 607 439 582 8 648 694 708 731 750 782 797 813 838 851 878 932 935 971 990 
244 583 452 95 431 49 74 673 729 984 
115 542 370 413 145 684 825 999 394 163 268 480 129 411 613 440 66 646 753 761 786 912 
611 309 512 202 438 683 828 837 861 884 891 57 81 440 298 474 420 247 291 258 417 346 207 838 863 919 
82 141 638 38 658 703 726 760 857 980 376 593 335 76 54 174 434 332 122 669 670 689 791 883 975 999 
278 206 816 875 231 21 438 669 683 774 
632 330 434 878 179 129 290 458 202 634 645 
489 462 598 180 358 19 553 593 418 402 215 58 60 678 826 902 949 967 128 278 38 56 155 67 644 430 95 21 397 323 178 282 36 622 272 689 724 732 742 797 798 816 864 895 940 991 
636 498 299 85 629 704 987 352 122 137 640 264 599 342 694 773 
61 318 6 426 691 4 77 405 11 532 746 817 930 
315 243 310 390 663 981 360 303 120 531 638 482 756 805 887 
288 154 219 503 301 295 144 93 476 547 55 590 77 309 202 452 689 704 728 775 790 893 948 
28 401 133 295 361 219 630 476 201 34 889 986 366 431 552 9 31 185 317 203 625 7 374 165 179 218 663 690 722 769 813 987 
582 66 290 844 177 318 595 385 780 865 1000 
301 229 442 144 691 8 210 2 851 945 962 
186 49 568 530 380 272 177 526 311 752 787 798 986 
482 557 339 504 601 376 690 983 327 301 421 155 627 340 565 462 524 729 806 947 
131 386 79 504 277 136 13 797 378 295 364 335 531 21 107 369 527 590 523 323 433 847 
604 69 171 128 100 162 510 572 90 153 682 711 756 781 786 815 838 839 841 906 374 156 565 44 31 196 177 435 427 101 544 175 32 313 476 556 481 673 675 697 770 778 805 846 856 889 931 934 962 970 
310 145 594 317 228 290 60 884 948 970 
156 642 587 522 638 22 292 447 868 980 60 582 481 50 288 167 344 622 138 286 672 761 870 991 996 
11 560 266 385 556 364 132 405 142 597 734 761 912 915 922 964 978 991 398 19 550 426 98 417 227 600 215 22 111 134 625 8 362 608 342 275 451 671 781 845 860 890 944 951 966 972 976 
76 15 129 293 33 485 81 398 164 908 
583 452 605 416 298 112 228 612 449 107 116 836 940 943 154 525 530 315 96 438 489 330 388 383 616 143 508 20 144 534 210 722 752 761 784 811 885 
294 414 607 272 70 813 934 974 233 13 14 209 135 456 441 81 99 226 733 758 828 902 
381 218 390 527 243 637 145 595 623 648 732 798 825 866 966 999 277 611 650 460 240 105 13 229 46 501 237 629 538 494 571 107 736 743 761 774 808 831 837 868 921 936 
233 203 45 285 197 795 858 513 352 4 86 388 441 619 714 809 835 880 997 
138 551 681 960 414 289 571 444 764 787 842 962 
545 615 358 172 945 947 63 608 603 668 707 720 819 
585 300 383 779 899 296 144 211 261 340 572 754 959 976 
10 623 308 478 155 33 595 733 950 460 85 208 225 326 666 673 700 796 848 857 871 952 972 
290 480 159 280 485 693 706 739 771 814 844 948 342 92 569 221 643 48 551 257 642 475 373 504 787 804 873 934 
457 298 94 221 324 933 997 486 299 472 642 393 33 637 281 688 693 734 760 
432 208 624 452 879 900 932 933 940 997 257 599 441 55 572 135 122 625 201 435 659 75 841 856 894 908 915 
117 378 67 492 905 253 658 460 363 179 708 710 796 999 
12 414 614 565 3 225 459 635 790 801 813 843 934 936 984 990 266 627 597 396 303 189 639 668 537 36 389 576 445 656 356 233 216 680 684 706 745 760 861 906 
413 539 570 218 559 549 498 6 194 729 
485 105 290 693 762 824 113 136 656 15 363 174 50 607 926 933 997 
31 530 279 576 619 793 972 450 497 604 488 266 462 121 547 430 732 817 861 
117 452 303 997 609 430 306 380 816 955 
468 645 60 454 215 489 536 307 261 58 967 388 173 457 319 446 85 771 813 825 878 882 935 939 971 980 
445 606 696 852 551 557 19 434 686 740 
584 121 332 306 456 122 336 590 211 713 754 758 806 859 961 962 313 673 23 213 82 315 219 177 29 383 170 109 378 485 571 616 703 760 771 824 829 844 852 896 948 992 
353 250 344 8 506 626 415 665 262 525 622 689 746 812 830 873 994 998 59 392 84 583 97 564 485 282 584 630 469 529 291 394 625 518 300 313 711 737 758 759 761 808 814 902 942 948 961 
656 171 128 604 711 838 528 294 183 272 159 327 143 696 844 
641 512 177 596 106 548 438 561 696 707 799 891 916 469 315 253 314 195 630 416 200 643 26 191 58 378 204 693 726 764 796 848 991 
413 640 315 732 673 516 625 847 912 978 
509 112 457 697 836 933 501 205 548 72 293 309 695 726 854 907 
613 350 278 700 875 982 532 365 272 518 304 122 465 679 763 885 
232 139 460 779 302 303 164 625 571 946 955 
379 173 631 264 335 394 800 844 860 415 297 214 670 399 137 156 90 400 534 690 695 
609 323 89 502 513 681 340 491 475 372 708 809 817 856 876 941 994 487 296 616 367 645 33 649 394 623 27 642 226 131 434 630 691 728 859 863 865 874 899 901 910 930 971 
75 654 498 198 367 240 285 136 41 728 535 432 122 484 597 155 650 688 410 571 621 238 845 865 989 
647 652 144 476 361 904 550 538 513 689 182 246 790 793 821 
530 135 284 882 492 553 293 315 188 210 
270 159 394 675 669 808 860 948 670 436 371 9 140 683 174 212 386 214 819 853 868 869 
210 145 319 427 315 10 33 950 551 122 523 638 449 571 646 234 383 759 955 962 
360 177 487 106 744 787 954 78 688 624 363 59 113 685 370 565 180 874 
202 683 399 679 828 953 583 530 96 450 682 112 135 868 971 
208 313 685 324 378 375 624 298 464 67 890 901 139 255 106 218 16 295 6 510 570 253 506 74 442 656 790 844 849 877 910 
621 137 551 25 817 420 577 619 367 464 737 748 868 1000 
143 363 397 584 430 150 720 766 821 859 871 938 962 465 13 30 46 453 487 165 180 184 67 144 420 264 113 749 787 817 929 972 993 
37 35 253 533 371 205 686 725 875 924 174 413 668 577 139 569 633 616 395 276 12 765 853 964 997 
298 846 901 997 123 387 265 596 865 878 
114 429 159 718 867 481 339 330 579 272 817 847 942 997 
642 284 501 634 22 404 724 793 680 199 416 464 11 272 102 46 773 887 955 960 
131 376 377 337 646 314 320 307 649 406 388 731 810 
280 710 771 872 294 182 469 612 135 817 
631 669 710 935 541 513 336 288 168 124 673 726 
202 177 596 322 106 445 309 627 399 683 548 736 787 799 828 837 852 304 458 508 52 404 440 249 208 210 211 251 441 666 594 474 457 533 406 490 726 759 806 935 952 961 972 994 
353 689 286 415 626 817 994 253 638 672 437 504 587 496 435 709 747 844 868 
598 80 180 947 502 290 232 708 777 830 984 
394 485 706 335 237 411 451 429 78 407 705 331 739 845 860 935 672 398 100 40 186 586 459 592 144 541 311 352 285 286 26 502 523 747 754 806 816 881 883 930 1000 
656 90 604 572 510 463 100 682 781 815 841 334 479 57 414 525 601 546 519 681 609 295 232 236 13 736 818 994 995 
195 7 625 774 780 804 963 196 28 392 284 429 737 762 765 799 802 847 871 
395 257 680 831 115 269 401 757 762 791 
21 135 196 113 634 537 580 20 82 304 483 724 776 972 221 361 8 267 476 311 617 551 664 473 613 503 188 748 801 804 828 872 906 974 981 
413 102 174 732 999 330 287 372 551 461 731 
239 13 136 858 608 332 225 47 830 846 
414 565 126 759 878 539 629 166 498 339 188 467 218 980 
329 474 480 331 114 123 379 702 824 844 499 448 623 602 317 604 477 606 617 632 633 419 778 826 920 1000 
636 240 772 979 164 106 510 454 790 808 849 897 
275 424 540 590 699 731 504 666 442 602 44 372 98 828 864 948 
306 433 121 384 232 65 570 398 619 284 845 898 
486 559 2 388 603 255 1 117 322 661 650 525 540 757 789 836 858 991 
113 441 196 284 380 537 22 447 980 288 331 478 475 104 508 216 211 117 164 790 873 
537 183 141 21 314 714 703 333 530 569 930 942 980 193 293 276 645 467 133 7 629 182 618 140 577 780 818 925 961 966 975 
37 253 533 371 125 71 164 350 55 700 579 479 816 864 875 924 925 197 308 102 564 296 76 593 414 539 180 218 551 399 572 207 471 630 616 611 321 728 744 877 963 971 1000 
600 483 447 469 642 284 566 747 793 885 338 706 685 102 548 4 596 415 707 683 746 802 814 824 954 962 967 
495 226 855 893 80 318 779 817 923 948 
63 13 240 277 636 690 337 564 504 136 796 205 273 395 341 332 649 96 555 503 405 295 725 485 689 750 865 876 994 
354 199 213 353 64 551 513 511 746 848 873 876 654 639 326 674 210 540 229 365 591 452 170 427 389 607 30 785 818 842 896 953 
431 30 51 405 734 452 250 427 209 113 347 399 892 893 
508 143 450 440 297 188 720 758 806 859 962 242 46 470 704 102 474 638 215 125 361 592 715 759 870 959 964 972 
684 663 381 715 155 218 33 539 733 819 950 15 676 112 194 89 645 307 442 468 518 159 761 906 923 
732 210 668 770 662 65 610 560 430 132 
560 730 659 51 11 915 610 670 624 32 28 502 83 837 904 
170 232 398 265 139 54 59 779 853 899 112 195 602 589 542 48 320 377 58 135 520 259 755 823 874 989 
167 202 707 494 611 438 487 787 827 828 884 480 113 319 471 530 435 100 523 533 630 215 711 663 753 821 902 940 
422 459 26 294 192 591 414 392 108 632 118 813 887 910 473 712 229 611 475 67 698 451 681 203 226 481 218 597 525 243 367 529 555 240 772 
534 476 229 219 144 554 840 31 413 337 535 558 560 143 113 276 294 422 581 887 
669 264 710 237 480 254 523 580 141 589 780 829 887 898 
151 386 311 36 339 788 58 284 679 319 10 540 389 326 844 857 962 
415 354 325 817 994 521 133 326 763 820 861 
342 341 851 936 645 483 340 66 22 516 828 949 
211 150 590 962 381 179 663 300 603 542 851 
438 695 167 828 563 21 725 770 816 994 
145 539 478 819 501 345 585 342 673 853 
551 137 729 681 830 994 318 597 260 576 244 647 726 51 392 130 845 
501 638 619 587 726 600 428 574 2 569 388 829 972 261 61 172 547 573 122 413 589 116 498 710 170 210 102 708 759 771 945 967 994 
342 3 126 895 910 416 585 489 548 445 714 698 820 997 
409 251 76 15 780 855 483 585 699 399 465 578 169 857 907 978 
415 230 281 166 941 989 195 728 326 598 638 758 789 804 893 
121 805 834 962 616 451 60 324 215 366 314 778 
370 496 413 775 819 825 927 661 653 164 4 114 513 468 512 430 777 893 
95 112 452 208 298 228 933 997 391 466 217 736 414 288 15 79 582 640 788 934 955 
680 433 257 831 266 520 667 710 896 925 
164 479 613 924 508 76 735 473 611 368 397 781 
656 171 510 781 841 567 580 278 154 648 953 
538 231 226 528 435 409 484 455 764 804 863 892 920 965 245 632 442 204 237 722 315 713 534 483 621 276 519 779 841 851 895 900 949 978 994 995 
147 211 122 363 257 143 326 150 395 275 680 731 96 821 871 961 962 352 614 554 21 210 200 570 610 681 350 604 662 497 597 345 234 467 333 750 39 479 511 804 883 933 948 976 
225 241 616 550 406 330 26 520 717 169 446 392 769 843 894 958 984 993 429 113 578 240 747 389 535 179 694 599 731 274 681 354 529 427 157 149 707 103 530 184 514 307 771 876 959 971 973 
388 312 77 642 857 592 609 673 225 596 670 680 766 828 
182 659 266 30 560 405 385 465 431 789 732 640 634 661 681 631 70 91 571 253 102 663 189 267 658 786 819 
379 329 675 524 845 948 712 713 117 548 174 191 851 913 940 968 972 
60 215 945 976 269 741 686 135 77 2 381 875 
757 76 50 526 774 863 965 665 580 232 60 279 683 351 536 79 635 926 
475 812 817 909 994 432 144 712 700 479 10 315 940 
365 222 257 699 306 188 433 122 96 456 590 962 579 583 481 626 291 34 510 608 760 220 505 552 489 13 337 827 914 953 
573 152 926 986 472 105 13 124 313 930 
475 421 415 323 897 504 572 579 237 74 974 
632 759 341 937 650 246 537 623 43 58 196 
308 570 733 819 825 950 656 601 744 394 217 779 991 
114 163 669 485 705 327 867 872 533 759 747 188 604 678 680 549 851 856 
146 377 311 346 719 491 374 372 210 558 737 877 926 
244 375 509 624 44 18 558 636 703 323 139 646 948 
76 764 226 712 231 526 780 893 920 224 643 79 413 106 285 272 663 617 476 529 13 78 860 905 
88 315 752 308 42 334 102 590 109 635 209 649 602 534 549 802 831 945 957 
638 388 714 634 576 587 314 22 930 972 988 12 188 519 303 538 621 507 413 457 240 378 370 204 779 859 
154 318 534 152 483 709 752 272 21 885 945 
157 288 986 1000 656 718 77 326 751 552 
667 59 349 610 500 618 265 687 232 735 170 436 869 881 886 899 971 627 442 496 487 315 196 145 525 516 405 757 115 438 727 770 776 795 800 820 857 865 932 933 990 
484 712 774 625 355 455 749 129 76 124 246 50 804 863 931 651 263 245 724 363 570 477 399 193 174 272 259 739 634 364 812 816 818 826 857 914 952 983 
756 604 711 100 171 656 572 838 841 598 81 270 274 378 468 63 280 13 755 585 659 397 820 846 
35 278 164 371 924 361 65 110 112 466 287 638 888 
414 84 785 984 995 371 529 598 857 917 930 942 947 
13 602 136 601 532 562 367 858 225 318 604 661 527 246 537 520 211 208 868 927 
70 607 291 783 410 934 984 993 163 202 345 289 556 729 219 136 518 979 
510 100 352 171 656 97 838 761 623 480 462 640 393 323 330 313 629 603 180 
695 736 548 177 596 360 707 309 9 827 828 877 583 98 496 46 374 669 626 653 513 489 183 536 665 128 332 50 570 699 394 908 
504 339 740 602 17 13 491 405 753 137 206 900 913 
597 385 761 956 991 376 750 288 404 350 722 812 950 967 
419 434 241 552 52 392 673 446 169 607 878 895 993 995 249 404 202 121 222 608 389 343 91 284 177 697 649 723 512 691 351 491 112 114 719 864 
6 48 630 534 599 154 802 929 349 595 572 713 642 453 129 256 591 502 381 934 
622 551 415 475 928 960 412 62 135 451 578 837 933 
21 559 388 676 389 703 726 558 259 829 930 972 107 446 480 181 415 578 630 294 570 435 691 796 830 851 881 897 910 936 962 
334 47 210 315 102 626 52 164 313 391 940 944 955 
664 854 858 987 378 357 365 779 534 333 926 962 
728 13 75 586 979 395 420 793 683 668 574 672 595 905 
514 75 655 919 323 638 645 603 414 319 971 994 
496 663 319 825 201 60 645 464 653 960 
683 403 707 487 220 30 370 712 823 963 
78 159 417 249 688 379 256 824 845 374 388 5 87 450 207 584 779 376 218 563 508 876 971 1000 
565 52 392 673 878 895 974 251 714 514 485 462 859 904 980 983 
791 575 288 154 599 968 775 500 524 286 202 726 712 176 489 837 874 
419 391 169 995 559 21 527 534 452 835 
129 538 50 124 712 780 757 254 862 920 965 992 758 284 551 714 106 669 168 371 565 379 422 361 353 81 750 267 934 943 
590 320 211 751 188 859 135 648 348 504 656 128 396 485 810 874 946 
320 336 680 267 121 326 540 332 731 430 440 122 821 865 572 99 710 227 388 504 484 569 340 61 314 654 36 485 707 35 329 26 836 858 899 907 985 
629 40 146 282 514 352 283 528 395 69 361 315 816 971 
429 114 327 693 579 719 663 681 507 149 
64 111 689 541 502 138 856 559 664 34 557 634 426 526 474 594 563 903 939 
513 551 830 873 805 634 196 177 129 499 337 704 
351 366 445 234 828 102 607 661 451 226 258 45 633 518 
281 458 551 765 681 111 282 635 780 512 351 531 17 152 789 403 894 
241 673 662 178 620 632 616 737 242 894 453 100 650 503 678 325 493 154 638 366 274 594 14 513 989 
669 335 524 531 24 867 870 73 405 384 726 489 50 681 554 964 
109 171 572 711 604 656 352 107 478 163 112 413 395 373 76 886 888 926 
479 371 164 725 643 549 499 613 206 71 209 125 350 148 864 925 982 59 677 246 187 710 744 780 807 367 301 8 616 56 377 399 645 183 217 635 363 331 105 820 827 837 971 989 
423 689 698 708 453 621 64 137 372 166 344 592 263 765 741 830 848 647 452 129 699 705 146 625 257 727 379 399 222 378 70 676 702 62 629 386 838 842 867 875 944 
219 516 361 74 34 599 288 39 295 823 724 357 780 590 729 312 711 80 438 47 232 838 848 864 957 
752 210 539 247 33 745 315 218 47 595 570 102 770 155 88 732 825 866 898 83 693 300 304 761 392 242 68 216 431 52 666 215 288 200 194 446 530 142 333 355 64 219 139 943 991 993 
159 412 98 467 741 272 781 816 748 392 779 995 
758 121 424 806 699 859 913 736 148 691 621 68 318 857 900 955 
177 596 438 955 381 218 590 59 304 995 
288 818 420 630 154 573 554 907 125 735 54 596 514 75 602 799 7 364 9 827 830 983 
675 114 327 24 718 800 394 159 860 948 726 465 680 49 146 408 447 634 532 399 157 240 916 933 978 
663 308 594 413 770 752 191 819 798 640 842 966 171 488 508 550 480 503 678 46 194 225 38 87 372 632 270 422 841 967 
462 645 19 373 945 627 203 144 780 128 428 718 860 932 
787 9 736 494 102 508 823 816 247 79 766 998 
202 787 399 561 736 707 106 696 641 744 811 366 494 438 260 470 351 861 877 953 760 219 363 273 662 742 502 485 11 159 318 200 319 311 720 194 369 551 256 714 436 563 484 107 841 874 875 897 972 999 
21 517 793 566 747 389 600 348 576 868 739 365 399 138 26 680 343 614 146 252 287 30 523 370 875 917 947 
746 810 681 372 513 230 421 353 89 817 286 184 856 627 527 716 33 225 823 565 709 630 112 793 321 351 611 887 927 933 945 956 968 979 
713 754 508 122 96 775 519 663 579 232 414 24 198 276 
523 228 375 457 932 77 342 288 167 363 369 631 834 994 
233 367 282 979 153 579 47 513 634 413 
222 430 751 865 832 97 220 33 551 836 840 
186 619 857 930 803 210 290 487 475 664 
375 238 661 605 685 464 834 806 426 361 637 722 847 906 994 
512 641 548 106 438 707 167 399 891 917 955 816 457 663 171 792 13 69 594 51 802 442 530 285 734 379 
786 604 682 171 781 656 97 69 536 641 371 114 218 50 313 638 818 817 853 962 
656 572 97 100 118 222 417 570 940 982 
578 201 144 490 599 361 193 229 534 738 849 889 408 834 203 185 138 626 132 65 128 79 278 460 371 147 373 875 897 940 971 
781 711 756 510 352 572 463 128 604 153 656 69 906 363 101 825 476 266 70 383 185 159 828 757 583 102 671 188 259 298 845 853 861 971 
825 370 308 210 10 817 279 13 665 729 576 85 864 924 
176 565 12 673 759 445 630 369 239 530 390 469 425 
718 123 114 290 394 159 688 669 651 485 335 163 872 139 561 708 225 238 30 90 4 201 569 389 680 697 682 298 420 740 888 941 984 
762 362 710 485 101 280 331 264 800 417 237 867 874 935 948 975 413 513 162 240 431 154 27 721 690 186 184 218 746 121 635 300 286 659 448 841 85 601 599 55 
523 701 18 313 221 522 656 716 781 198 875 
330 169 448 459 607 616 851 878 894 969 836 600 269 308 34 516 712 619 467 655 684 40 124 702 94 72 
421 817 415 729 897 668 114 818 275 683 56 888 942 
361 630 840 1000 624 512 561 719 613 55 697 517 
345 202 403 884 434 59 318 253 908 914 
742 635 419 434 330 520 341 847 446 225 169 894 895 993 114 306 303 321 757 638 82 77 771 762 793 743 608 195 652 380 566 238 945 
177 679 611 707 399 916 917 680 226 169 625 132 189 4 459 358 867 930 968 
139 104 735 170 466 204 265 338 271 886 971 27 700 30 95 195 288 425 838 313 693 745 600 526 612 841 361 4 976 
795 282 356 987 93 16 284 177 550 685 871 
727 251 749 355 94 295 553 208 18 636 516 253 
323 263 622 502 626 809 830 184 689 393 541 137 281 453 511 547 159 181 656 671 410 342 483 272 456 560 375 167 459 134 256 352 417 135 771 857 872 900 905 947 979 988 
21 314 760 31 835 312 49 304 274 389 642 135 224 574 942 980 668 371 749 780 783 779 13 16 407 599 523 740 856 821 609 360 453 860 929 936 948 961 
92 795 203 245 664 13 716 282 507 784 232 440 33 29 279 315 111 806 414 34 187 722 481 604 862 863 972 
397 805 590 508 821 680 731 699 257 480 562 479 382 335 801 223 689 625 391 367 59 776 993 
173 467 693 515 688 101 710 824 62 903 214 659 774 857 826 402 528 36 8 177 514 389 437 564 906 914 916 
260 606 828 512 641 953 954 543 171 676 374 195 841 69 741 673 937 
625 357 435 195 608 804 283 128 504 622 531 616 104 858 164 
757 764 409 780 641 689 492 858 432 415 
278 253 55 148 725 533 499 816 164 519 875 924 925 634 475 538 376 572 162 131 818 594 324 645 842 720 790 487 603 962 981 994 997 
440 584 546 834 397 222 363 806 119 938 961 962 299 689 537 46 245 651 690 288 13 728 415 779 466 701 876 931 972 996 
819 310 663 911 300 251 177 363 230 501 110 868 
702 485 24 845 814 394 66 98 771 534 442 306 381 367 64 548 852 545 148 495 817 365 609 875 
483 634 829 77 619 658 404 444 633 113 441 284 399 698 663 456 258 784 866 391 693 144 696 421 384 708 241 915 917 958 
232 779 81 881 154 379 165 630 156 693 924 
814 582 114 327 352 658 500 731 885 934 940 
758 121 699 326 629 61 854 459 668 712 
237 411 105 529 844 159 331 771 531 68 705 903 251 210 88 320 602 414 494 714 36 129 190 856 211 457 154 560 367 879 924 958 
502 810 551 8 681 729 489 723 139 392 315 669 369 613 904 950 962 
845 485 451 417 394 68 232 689 828 210 517 805 802 695 390 735 894 
479 164 686 359 350 148 579 864 205 643 725 253 125 700 924 925 134 828 437 191 426 867 829 243 394 438 94 840 229 817 317 763 114 207 109 846 534 634 906 996 
729 213 689 340 602 759 865 728 48 800 948 962 
828 438 177 787 954 697 223 725 77 622 485 772 211 
790 272 614 644 550 620 801 717 847 305 887 934 952 990 562 339 358 350 331 195 102 678 572 300 455 701 148 638 145 353 378 522 121 940 942 960 
194 95 313 671 997 440 561 594 199 278 75 872 888 937 
2 127 404 882 445 232 175 47 253 361 636 664 
779 585 91 869 179 923 793 348 97 621 285 710 912 
517 20 483 113 22 880 692 38 930 612 490 17 197 134 275 532 624 269 19 232 678 943 965 971 
129 495 526 521 382 195 27 355 642 525 600 710 565 758 215 211 407 257 114 67 
130 596 736 641 850 9 627 309 322 985 169 378 544 50 222 631 261 657 407 166 74 110 333 362 925 
726 404 389 135 149 930 308 686 777 366 661 129 523 636 870 443 
43 779 853 81 139 273 326 815 136 235 938 
294 272 342 632 291 591 108 878 737 995 648 232 250 347 300 703 21 17 739 830 738 561 139 489 932 
295 599 219 442 534 476 513 815 848 782 280 389 879 265 844 
302 650 442 840 904 619 413 367 656 919 993 
697 555 303 18 943 253 659 195 88 139 73 
611 837 399 641 683 302 230 10 424 56 971 
608 254 757 893 379 730 498 149 903 997 998 
195 774 254 892 481 251 526 46 727 121 145 394 415 396 305 442 449 475 730 649 189 750 752 957 
759 342 813 446 591 291 851 847 910 993 94 423 560 352 812 584 263 874 554 671 257 159 4 911 970 
801 12 851 748 790 757 232 543 560 58 525 93 645 906 
280 485 571 101 412 565 754 680 399 729 928 
592 217 199 184 848 768 453 411 562 719 303 840 793 282 319 223 828 167 460 
283 174 317 819 326 739 40 721 366 395 924 
232 460 735 779 398 585 179 667 212 565 249 351 440 689 806 245 77 120 107 171 929 990 991 
298 94 671 932 933 554 570 20 516 788 757 856 585 821 
107 303 701 518 697 227 411 76 120 635 164 689 128 121 250 
261 645 553 215 945 967 540 398 356 662 121 681 415 736 220 
872 571 860 407 260 809 414 892 572 13 60 
889 691 534 578 420 490 442 161 977 41 801 267 120 151 734 387 606 483 211 873 176 415 915 
189 396 316 672 95 94 600 183 168 388 774 856 796 514 474 918 934 
656 162 604 841 463 90 109 572 352 171 203 66 895 350 836 714 732 673 2 875 26 389 860 509 999 
823 630 288 318 28 516 986 14 115 508 749 447 806 168 685 606 186 932 
300 436 383 232 460 585 671 533 787 235 145 850 367 660 244 395 986 
525 415 281 475 765 154 401 50 333 464 303 
894 607 737 748 12 287 697 288 689 29 621 76 504 793 972 
33 539 155 866 614 77 441 464 630 894 367 31 
659 465 385 142 915 956 381 282 326 881 625 490 533 684 640 984 1000 
211 821 96 961 788 561 762 303 254 97 
534 490 288 154 780 766 106 215 860 850 
659 30 734 276 11 912 978 991 671 868 181 904 436 366 359 389 77 137 400 112 551 
683 852 917 955 411 534 824 860 147 971 
167 837 852 916 973 158 868 434 829 604 220 783 956 
394 264 480 173 145 476 267 561 905 943 981 
56 99 797 629 617 597 28 889 521 641 
129 774 226 29 757 246 804 293 40 388 292 143 718 470 257 413 202 966 969 994 
144 288 48 476 516 986 526 79 512 177 389 436 206 134 663 
51 465 431 659 246 367 558 117 351 144 515 607 
585 104 232 881 91 59 971 31 140 604 566 551 479 361 732 727 954 994 995 
519 499 725 755 350 782 864 253 875 700 872 571 81 869 602 550 842 135 297 634 898 583 255 927 954 961 966 
725 350 875 371 864 816 206 566 24 754 884 724 93 548 958 972 
32 767 630 929 764 321 795 772 815 675 223 
343 595 505 752 784 830 460 246 217 387 924 
525 213 792 994 308 382 614 896 618 170 
53 791 144 32 926 440 857 699 570 11 899 308 463 332 
236 885 389 113 634 882 793 835 776 724 689 647 710 374 136 362 767 553 290 5 555 852 783 510 994 
246 484 625 195 780 374 959 602 249 447 865 656 294 215 137 347 235 991 
313 605 181 671 832 900 228 87 258 638 779 185 907 569 222 460 481 268 826 887 
112 900 685 378 670 671 44 298 303 753 464 940 970 824 237 198 792 830 345 675 77 341 376 163 758 379 17 498 779 235 482 962 989 999 
565 662 419 673 305 785 878 614 958 984 656 201 669 187 905 455 198 791 612 44 804 870 753 234 512 945 999 
62 394 290 105 845 710 159 706 948 14 76 81 43 707 555 390 678 17 107 638 253 343 974 
635 673 565 272 434 742 793 857 156 314 186 264 492 663 1000 
406 616 769 974 879 229 553 861 150 402 83 997 
83 865 211 699 962 10 161 559 886 27 238 204 997 
2 569 972 980 809 357 155 12 601 678 487 
298 933 437 313 671 228 661 396 523 378 449 457 970 878 765 762 594 604 306 645 794 420 840 558 592 736 839 119 870 43 344 85 448 
689 551 415 750 844 414 374 379 950 997 
857 724 634 517 600 574 262 783 702 431 848 878 614 143 378 681 995 
112 117 661 890 94 227 378 997 439 163 19 31 129 585 918 804 167 882 202 636 819 961 
84 12 635 52 817 513 794 281 659 598 76 46 
454 80 358 215 307 489 666 180 826 763 373 902 60 949 976 374 4 747 168 530 395 199 851 830 934 498 777 548 389 652 391 1 572 301 167 367 775 359 984 
503 599 476 157 93 339 588 452 13 314 687 129 805 585 
598 180 666 462 709 967 106 126 829 783 230 495 654 378 152 43 856 
669 571 515 935 163 290 845 329 480 280 529 474 762 412 824 394 693 249 857 181 490 457 681 55 169 171 106 288 876 439 243 649 516 727 773 657 633 680 456 307 720 758 393 955 961 985 
563 489 645 180 945 346 742 757 304 136 423 138 360 
694 145 770 210 732 668 174 164 873 789 344 516 394 328 72 941 
76 293 521 246 565 609 659 328 93 116 
878 225 26 958 571 780 707 564 207 307 668 
487 861 828 438 106 696 21 530 228 111 99 729 756 766 357 
438 185 861 106 877 234 606 695 923 2 550 82 197 726 632 227 924 451 113 176 975 
177 399 596 822 837 561 366 916 753 18 567 694 405 687 948 821 677 794 703 962 
560 789 912 364 830 322 455 917 174 466 
31 638 314 21 893 51 818 17 378 775 93 984 
614 952 759 414 126 934 993 423 136 244 132 599 872 54 868 229 925 232 
195 46 455 931 731 525 759 230 667 487 978 
551 421 230 665 8 792 878 798 320 703 489 292 79 
365 216 865 617 433 188 363 758 913 275 384 680 391 309 349 364 724 924 948 943 102 625 7 857 374 681 350 537 157 707 
865 363 395 456 336 938 751 731 766 699 743 758 450 680 508 584 121 177 436 838 933 499 864 358 652 350 570 740 665 726 152 793 473 876 795 955 500 873 656 694 987 
712 435 5 374 799 520 725 296 451 324 
659 385 132 30 560 142 814 83 129 202 700 731 333 
382 804 757 764 882 416 202 317 517 363 
427 663 594 825 637 413 155 920 586 286 924 255 724 659 515 285 151 403 982 
553 947 489 215 536 172 454 563 180 902 678 593 645 58 976 169 95 270 51 22 789 211 390 612 187 825 203 747 726 147 177 518 69 285 579 969 
802 318 39 599 361 166 762 852 167 240 830 489 257 
169 847 616 984 233 121 4 967 920 524 
432 933 4 321 194 940 378 624 117 86 997 507 539 331 167 894 253 538 613 657 656 475 176 315 619 157 
779 179 134 81 43 265 338 567 923 500 54 59 349 104 460 853 466 139 300 212 324 237 185 626 596 891 916 347 759 132 218 301 816 807 689 601 841 437 882 32 725 194 840 696 800 678 264 638 797 993 
77 600 469 793 676 149 135 82 939 634 776 388 747 530 714 224 21 444 572 668 335 493 421 553 925 240 80 762 910 414 373 731 95 707 865 243 659 364 588 858 630 828 35 281 699 
399 917 438 177 630 759 246 565 294 189 
801 272 937 392 662 592 88 714 231 768 935 156 619 99 
114 451 485 845 724 442 642 39 954 372 194 
967 60 563 945 215 19 462 763 58 190 138 245 143 148 667 388 659 853 225 145 132 758 246 476 530 
295 214 288 904 177 453 389 15 994 995 
560 915 30 431 659 182 364 220 991 527 161 95 824 749 757 157 684 94 159 267 240 959 995 
203 13 833 719 796 437 785 856 139 830 166 
642 113 724 279 939 389 857 723 255 348 658 678 58 229 801 221 250 184 717 327 67 162 586 334 594 324 143 1000 
439 648 283 413 102 259 487 14 470 918 17 714 415 864 
55 686 499 816 68 454 966 317 839 475 186 90 
240 654 588 131 79 213 823 122 801 780 442 303 354 271 
291 434 169 785 934 520 108 12 448 969 342 673 783 126 759 635 995 77 182 388 709 431 175 203 421 508 844 433 252 957 600 309 945 80 282 639 193 436 123 375 912 526 380 139 
884 9 548 512 313 252 806 249 251 253 948 240 
907 921 650 534 318 767 778 156 225 270 275 122 341 545 330 289 121 908 653 
136 854 602 339 72 646 795 230 962 398 318 351 650 442 340 464 993 998 
304 314 113 776 135 77 76 88 44 228 432 524 152 856 615 72 
372 421 750 491 458 340 137 998 690 933 735 102 582 816 575 232 180 565 59 488 813 308 
550 673 414 12 118 878 899 141 131 638 145 779 288 377 136 604 384 
364 789 30 220 11 73 915 556 978 659 770 12 931 17 544 683 658 466 568 565 60 722 645 191 899 819 551 
608 76 521 46 804 501 214 458 341 105 680 415 237 
894 851 294 759 958 785 176 790 565 342 422 550 546 819 987 508 859 144 355 505 368 32 699 971 388 148 889 482 418 244 335 549 
746 230 551 765 340 609 328 199 928 525 502 475 708 541 217 281 681 689 741 923 757 930 67 711 977 361 226 832 253 728 920 157 108 613 15 744 836 65 375 222 747 864 350 438 599 232 707 797 
414 459 434 783 887 294 803 341 169 70 565 581 984 790 923 977 354 711 530 9 245 942 319 596 114 456 218 822 490 757 145 385 820 426 978 516 
225 70 565 414 178 616 272 577 623 226 313 573 865 608 177 658 875 195 333 67 228 
298 970 943 44 378 396 95 4 671 670 221 464 313 753 677 701 67 879 437 129 700 551 582 214 702 864 174 675 451 320 941 132 937 440 346 892 580 169 2 664 177 371 137 938 584 127 748 29 
217 372 989 213 681 200 565 987 827 268 892 314 278 476 21 
663 210 102 413 527 640 42 715 505 319 144 192 457 182 537 153 318 642 282 672 906 344 934 933 828 336 563 
361 207 161 516 420 599 288 476 157 630 849 144 778 497 152 651 76 718 980 710 526 698 81 125 260 347 104 936 511 106 9 912 142 462 159 414 800 725 
